,time_epoch,0,1,2,3,4,5,6,7,8,9,10,11,12,13,14,15,16,17,18,19,20,21,22,23,24,25,26,27,28,29,30,31,32,33,34,35,36,37,38,39,40,41,42,43,44,45,46,47,48,49,50,51,52,53,54,55,56,57,58,59,60,61,62,63,64,65,66,67,68,69,70,71,72,73,74,75,76,77,78,79,80,81,82,83,84,85,86,87,88,89,90,91,92,93,94,95,96,97,98,99,100,101,102,103,104,105,106,107,108,109,110,111,112,113,114,115,116,117,118,119,120,121,122,123,124,125,126,127,128,129,130,131,132,133,134,135,136,137,138,139,140,141,142,143,144,145,146,147,148,149,150,151,152,153,154,155,156,157,158,159,160,161,162,163,164,165,166,167,168,169,170,171,172,173,174,175,176,177,178,179,180,181,182,183,184,185,186,187,188,189,190,191,192,193,194,195,196,197,198,199,200,201,202,203,204,205,206,207,208,209,210,211,212,213,214,215,216,217,218,219,220,221,222,223,224,225,226,227,228,229,230,231,232,233,234,235,236,237,238,239,240,241,242,243,244,245,246,247,248,249,250,251,252,253,254,255,256,257,258,259,260,261,262,263,264,265,266,267,268,269,270,271,272,273,274,275,276,277,278,279,280,281,282,283,284,285,286,287,288,289,290,291,292,293,294,295,296,297,298,299,300,301,302,303,304,305,306,307,308,309,310,311,312,313,314,315,316,317,318,319,320,321,322,323,324,325,326,327,328,329,330,331,332,333,334,335,336,337,338,339,340,341,342,343,344,345,346,347,348,349,350,351,352,353,354,355,356,357,358,359,360,361,362,363,364,365,366,367,368,369,370,371,372,373,374,375,376,377,378,379,380,381,382,383,384,385,386,387,388,389,390,391,392,393,394,395,396,397,398,399,400,401,402,403,404,405,406,407,408,409,410,411,412,413,414,415,416,417,418,419,420,421,422,423,424,425,426,427,428,429,430,431,432,433,434,435,436,437,438,439,440,441,442,443,444,445,446,447,448,449,450,451,452,453,454,455,456,457,458,459,460,461,462,463,464,465,466,467,468,469,470,471,472,473,474,475,476,477,478,479,480,481,482,483,484,485,486,487,488,489,490,491,492,493,494,495,496,497,498,499,500,501,502,503,504,505,506,507,508,509,510,511,512,513,514,515,516,517,518,519,520,521,522,523,524,525,526,527,528,529,530,531,532,533,534,535,536,537,538,539,540,541,542,543,544,545,546,547,548,549,550,551,552,553,554,555,556,557,558,559,560,561,562,563,564,565,566,567,568,569,570,571,572,573,574,575,576,577,578,579,580,581,582,583,584,585,586,587,588,589,590,591,592,593,594,595,596,597,598,599,600,601,602,603,604,605,606,607,608,609,610,611,612,613,614,615,616,617,618,619,620,621,622,623,624,625,626,627,628,629,630,631,632,633,634,635,636,637,638,639,640,641,642,643,644,645,646,647,648,649,650,651,652,653,654,655,656,657,658,659,660,661,662,663,664,665,666,667,668,669,670,671,672,673,674,675,676,677,678,679,680,681,682,683,684,685,686,687,688,689,690,691,692,693,694,695,696,697,698,699,700,701,702,703,704,705,706,707,708,709,710,711,712,713,714,715,716,717,718,719,720,721,722,723,724,725,726,727,728,729,730,731,732,733,734,735,736,737,738,739,740,741,742,743,744,745,746,747,748,749,750,751,752,753,754,755,756,757,758,759,760,761,762,763,764,765,766,767,768,769,770,771,772,773,774,775,776,777,778,779,780,781,782,783,784,785,786,787,788,789,790,791,792,793,794,795,796,797,798,799,800,801,802,803,804,805,806,807,808,809,810,811,812,813,814,815,816,817,818,819,820,821,822,823,824,825,826,827,828,829,830,831,832,833,834,835,836,837,838,839,840,841,842,843,844,845,846,847,848,849,850,851,852,853,854,855,856,857,858,859,860,861,862,863,864,865,866,867,868,869,870,871,872,873,874,875,876,877,878,879,880,881,882,883,884,885,886,887,888,889,890,891,892,893,894,895,896,897,898,899,900,901,902,903,904,905,906,907,908,909,910,911,912,913,914,915,916,917,918,919,920,921,922,923,924,925,926,927,928,929,930,931,932,933,934,935,936,937,938,939,940,941,942,943,944,945,946,947,948,949,950,951,952,953,954,955,956,957,958,959,960,961,962,963,964,965,966,967,968,969,970,971,972,973,974,975,976,977,978,979,980,981,982,983,984,985,986,987,988,989,990,991,992,993,994,995,996,997,998,999,1000,1001,1002,1003,1004,1005,1006,1007,1008,1009,1010,1011,1012,1013,1014,1015,1016,1017,1018,1019,1020,1021,1022,1023,1024,1025,1026,1027,1028,1029,1030,1031,1032,1033,1034,1035,1036,1037,1038,1039,1040,1041,1042,1043,1044,1045,1046,1047,1048,1049,1050,1051,1052,1053,1054,1055,1056,1057,1058,1059,1060,1061,1062,1063,1064,1065,1066,1067,1068,1069,1070,1071,1072,1073,1074,1075,1076,1077,1078,1079,1080,1081,1082,1083,1084,1085,1086,1087,1088,1089,1090,1091,1092,1093,1094,1095,1096,1097,1098,1099,1100,1101,1102,1103,1104,1105,1106,1107,1108,1109,1110,1111,1112,1113,1114,1115,1116,1117,1118,1119,1120,1121,1122,1123,1124,1125,1126,1127,1128,1129,1130,1131,1132,1133,1134,1135,1136,1137,1138,1139,1140,1141,1142,1143,1144,1145,1146,1147,1148,1149,1150,1151,1152,1153,1154,1155,1156,1157,1158,1159,1160,1161,1162,1163,1164,1165,1166,1167,1168,1169,1170,1171,1172,1173,1174,1175,1176,1177,1178,1179,1180,1181,1182,1183,1184,1185,1186,1187,1188,1189,1190,1191,1192,1193,1194,1195,1196,1197,1198,1199,1200,1201,1202,1203,1204,1205,1206,1207,1208,1209,1210,1211,1212,1213,1214,1215,1216,1217,1218,1219,1220,1221,1222,1223,1224,1225,1226,1227,1228,1229,1230,1231,1232,1233,1234,1235,1236,1237,1238,1239,1240,1241,1242,1243,1244,1245,1246,1247,1248,1249,1250,1251,1252,1253,1254,1255,1256,1257,1258,1259,1260,1261,1262,1263,1264,1265,1266,1267,1268,1269,1270,1271,1272,1273,1274,1275,1276,1277,1278,1279,1280,1281,1282,1283,1284,1285,1286,1287,1288,1289,1290,1291,1292,1293,1294,1295,1296,1297,1298,1299,1300,1301,1302,1303,1304,1305,1306,1307,1308,1309,1310,1311,1312,1313,1314,1315,1316,1317,1318,1319,1320,1321,1322,1323,1324,1325,1326,1327,1328,1329,1330,1331,1332,1333,1334,1335,1336,1337,1338,1339,1340,1341,1342,1343,1344,1345,1346,1347,1348,1349,1350,1351,1352,1353,1354,1355,1356,1357,1358,1359,1360,1361,1362,1363,1364,1365,1366,1367,1368,1369,1370,1371,1372,1373,1374,1375,1376,1377,1378,1379,1380,1381,1382,1383,1384,1385,1386,1387,1388,1389,1390,1391,1392,1393,1394,1395,1396,1397,1398,1399,1400,1401,1402,1403,1404,1405,1406,1407,1408,1409,1410,1411,1412,1413,1414,1415,1416,1417,1418,1419,1420,1421,1422,1423,1424,1425,1426,1427,1428,1429,1430,1431,1432,1433,1434,1435,1436,1437,1438,1439,1440,1441,1442,1443,1444,1445,1446,1447,1448,1449,1450,1451,1452,1453,1454,1455,1456,1457,1458,1459,1460,1461,1462,1463,1464,1465,1466,1467,1468,1469,1470,1471,1472,1473,1474,1475,1476,1477,1478,1479,1480,1481,1482,1483,1484,1485,1486,1487,1488,1489,1490,1491,1492,1493,1494,1495,1496,1497,1498,1499,1500,1501,1502,1503,1504,1505,1506,1507,1508,1509,1510,1511,1512,1513,1514,1515,1516,1517,1518,1519,1520,1521,1522,1523,1524,1525,1526,1527,1528,1529,1530,1531,1532,1533,1534,1535,1536,1537,1538,1539,1540,1541,1542,1543,1544,1545,1546,1547,1548,1549,1550,1551,1552,1553,1554,1555,1556,1557,1558,1559,1560,1561,1562,1563,1564,1565,1566,1567,1568,1569,1570,1571,1572,1573,1574,1575,1576,1577,1578,1579,1580,1581,1582,1583,1584,1585,1586,1587,1588,1589,1590,1591,1592,1593,1594,1595,1596,1597,1598,1599,1600,1601,1602,1603,1604,1605,1606,1607,1608,1609,1610,1611,1612,1613,1614,1615,1616,1617,1618,1619,1620,1621,1622,1623,1624,1625,1626,1627,1628,1629,1630,1631,1632,1633,1634,1635,1636,1637,1638,1639,1640,1641,1642,1643,1644,1645,1646,1647,1648,1649,1650,1651,1652,1653,1654,1655,1656,1657,1658,1659,1660,1661,1662,1663,1664,1665,1666,1667,1668,1669,1670,1671,1672,1673,1674,1675,1676,1677,1678,1679,1680,1681,1682,1683,1684,1685,1686,1687,1688,1689,1690,1691,1692,1693,1694,1695,1696,1697,1698,1699,1700,1701,1702,1703,1704,1705,1706,1707,1708,1709,1710,1711,1712,1713,1714,1715,1716,1717,1718,1719,1720,1721,1722,1723,1724,1725,1726,1727,1728,1729,1730,1731,1732,1733,1734,1735,1736,1737,1738,1739,1740,1741,1742,1743,1744,1745,1746,1747,1748,1749,1750,1751,1752,1753,1754,1755,1756,1757,1758,1759,1760,1761,1762,1763,1764,1765,1766,1767,1768,1769,1770,1771,1772,1773,1774,1775,1776,1777,1778,1779,1780,1781,1782,1783,1784,1785,1786,1787,1788,1789,1790,1791,1792,1793,1794,1795,1796,1797,1798,1799,1800,1801,1802,1803,1804,1805,1806,1807,1808,1809,1810,1811,1812,1813,1814,1815,1816,1817,1818,1819,1820,1821,1822,1823,1824,1825,1826,1827,1828,1829,1830,1831,1832,1833,1834,1835,1836,1837,1838,1839,1840,1841,1842,1843,1844,1845,1846,1847,1848,1849,1850,1851,1852,1853,1854,1855,1856,1857,1858,1859,1860,1861,1862,1863,1864,1865,1866,1867,1868,1869,1870,1871,1872,1873,1874,1875,1876,1877,1878,1879,1880,1881,1882,1883,1884,1885,1886,1887,1888,1889,1890,1891,1892,1893,1894,1895,1896,1897,1898,1899,1900,1901,1902,1903,1904,1905,1906,1907,1908,1909,1910,1911,1912,1913,1914,1915,1916,1917,1918,1919,1920,1921,1922,1923,1924,1925,1926,1927,1928,1929,1930,1931,1932,1933,1934,1935,1936,1937,1938,1939,1940,1941,1942,1943,1944,1945,1946,1947,1948,1949,1950,1951,1952,1953,1954,1955,1956,1957,1958,1959,1960,1961,1962,1963,1964,1965,1966,1967,1968,1969,1970,1971,1972,1973,1974,1975,1976,1977,1978,1979,1980,1981,1982,1983,1984,1985,1986,1987,1988,1989,1990,1991,1992,1993,1994,1995,1996,1997,1998,1999,2000,2001,2002,2003,2004,2005,2006,2007,2008,2009,2010,2011,2012,2013,2014,2015,2016,2017,2018,2019,2020,2021,2022,2023,2024,2025,2026,2027,2028,2029,2030,2031,2032,2033,2034,2035,2036,2037,2038,2039,2040,2041,2042,2043,2044,2045,2046,2047,2048,2049,2050,2051,2052,2053,2054,2055,2056,2057,2058,2059,2060,2061,2062,2063,2064,2065,2066,2067,2068,2069,2070,2071,2072,2073,2074,2075,2076,2077,2078,2079,2080,2081,2082,2083,2084,2085,2086,2087,2088,2089,2090,2091,2092,2093,2094,2095,2096,2097,2098,2099,2100,2101,2102,2103,2104,2105,2106,2107,2108,2109,2110,2111,2112,2113,2114,2115,2116,2117,2118,2119,2120,2121,2122,2123,2124,2125,2126,2127,2128,2129,2130,2131,2132,2133,2134,2135,2136,2137,2138,2139,2140,2141,2142,2143,2144,2145,2146,2147,2148,2149,2150,2151,2152,2153,2154,2155,2156,2157,2158,2159,2160,2161,2162,2163,2164,2165,2166,2167,2168,2169,2170,2171,2172,2173,2174,2175,2176,2177,2178,2179,2180,2181,2182,2183,2184,2185,2186,2187,2188,2189,2190,2191,2192,2193,2194,2195,2196,2197,2198,2199,2200,2201,2202,2203,2204,2205,2206,2207,2208,2209,2210,2211,2212,2213,2214,2215,2216,2217,2218,2219,2220,2221,2222,2223,2224,2225,2226,2227,2228,2229,2230,2231,2232,2233,2234,2235,2236,2237,2238,2239,2240,2241,2242,2243,2244,2245,2246,2247,2248,2249,2250,2251,2252,2253,2254,2255,2256,2257,2258,2259,2260,2261,2262,2263,2264,2265,2266,2267,2268,2269,2270,2271,2272,2273,2274,2275,2276,2277,2278,2279,2280,2281,2282,2283,2284,2285,2286,2287,2288,2289,2290,2291,2292,2293,2294,2295,2296,2297,2298,2299,2300,2301,2302,2303,2304,2305,2306,2307,2308,2309,2310,2311,2312,2313,2314,2315,2316,2317,2318,2319,2320,2321,2322,2323,2324,2325,2326,2327,2328,2329,2330,2331,2332,2333,2334,2335,2336,2337,2338,2339,2340,2341,2342,2343,2344,2345,2346,2347,2348,2349,2350,2351,2352,2353,2354,2355,2356,2357,2358,2359,2360,2361,2362,2363,2364,2365,2366,2367,2368,2369,2370,2371,2372,2373,2374,2375,2376,2377,2378,2379,2380,2381,2382,2383,2384,2385,2386,2387,2388,2389,2390,2391,2392,2393,2394,2395,2396,2397,2398,2399,2400,2401,2402,2403,2404,2405,2406,2407,2408,2409,2410,2411,2412,2413,2414,2415,2416,2417,2418,2419,2420,2421,2422,2423,2424,2425,2426,2427,2428,2429,2430,2431,2432,2433,2434,2435,2436,2437,2438,2439,2440,2441,2442,2443,2444,2445,2446,2447,2448,2449,2450,2451,2452,2453,2454,2455,2456,2457,2458,2459,2460,2461,2462,2463,2464,2465,2466,2467,2468,2469,2470,2471,2472,2473,2474,2475,2476,2477,2478,2479,2480,2481,2482,2483,2484,2485,2486,2487,2488,2489,2490,2491,2492,2493,2494,2495,2496,2497,2498,2499
event_0,1625266689.2608593,-0.8,-0.8,0.0,-0.8,1.6,0.0,0.0,0.0,0.8,0.0,0.8,-0.8,0.0,0.8,0.0,-2.4000000000000004,0.8,0.0,0.0,0.0,1.6,0.8,0.8,1.6,1.6,0.0,0.0,-0.8,0.8,-0.8,-0.8,0.8,0.0,0.8,0.0,0.8,0.0,0.0,0.8,0.0,0.0,0.8,0.0,0.8,0.8,0.8,-0.8,1.6,0.0,-1.6,0.0,0.8,0.8,1.6,0.0,2.4000000000000004,0.8,0.8,0.8,-1.6,0.8,-0.8,-0.8,0.8,0.0,0.8,0.0,-0.8,1.6,0.0,0.0,0.0,1.6,0.0,0.0,0.8,0.0,0.8,0.0,0.0,1.6,-0.8,1.6,0.8,0.0,1.6,-1.6,1.6,0.0,0.8,1.6,-0.8,1.6,0.8,-0.8,0.8,0.0,2.4000000000000004,0.0,0.0,1.6,0.8,0.0,-20.0,-58.4,-52.8,-26.4,-12.0,-8.8,-1.6,-0.8,-4.0,-4.0,-1.6,-1.6,-0.8,0.8,1.6,-0.8,0.0,0.0,-0.8,0.0,0.0,1.6,0.0,1.6,1.6,-0.8,-0.8,0.8,0.0,0.0,0.0,0.8,-0.8,0.8,0.8,0.8,0.0,0.8,2.4000000000000004,0.0,0.8,0.0,0.0,0.8,0.0,0.8,0.8,1.6,0.0,-0.8,0.0,0.0,0.8,1.6,-0.8,0.0,1.6,0.8,0.0,0.8,1.6,-0.8,0.8,0.8,0.8,-0.8,0.0,0.8,-1.6,-0.8,0.0,0.0,0.8,-1.6,0.8,0.8,0.8,0.0,-0.8,1.6,0.8,-0.8,0.0,0.8,1.6,1.6,0.8,0.8,0.8,1.6,-0.8,1.6,0.8,0.0,0.8,-1.6,0.0,0.0,0.0,0.8,0.0,0.8,-0.8,0.8,0.0,-0.8,0.8,0.8,0.0,1.6,-0.8,0.8,0.8,0.0,1.6,0.8,0.8,1.6,1.6,0.8,0.0,0.0,0.8,0.8,0.0,-1.6,0.8,0.0,0.0,0.8,-0.8,-0.8,0.0,0.0,-0.8,0.0,0.8,0.8,0.0,0.8,1.6,0.0,0.0,0.0,0.0,0.8,1.6,0.8,0.8,0.8,0.8,1.6,0.0,0.0,0.0,0.8,1.6,0.0,0.8,0.8,0.0,0.8,0.8,0.8,0.8,0.0,0.8,1.6,0.0,0.0,0.0,1.6,0.8,0.8,1.6,0.0,1.6,0.8,2.4000000000000004,1.6,0.0,-0.8,0.0,-0.8,1.6,0.0,0.8,1.6,0.8,0.0,0.0,0.0,0.0,0.8,0.8,-0.8,0.0,-0.8,2.4000000000000004,1.6,0.8,0.8,0.0,0.0,0.8,-0.8,0.8,-0.8,0.8,0.0,-0.8,1.6,0.0,0.8,0.8,0.8,0.8,0.8,1.6,-0.8,0.8,1.6,-0.8,0.0,0.8,0.8,2.4000000000000004,-0.8,0.8,0.0,-0.8,0.0,-0.8,1.6,0.0,0.8,0.8,0.0,1.6,-0.8,0.0,1.6,-0.8,0.0,0.0,1.6,0.0,0.8,0.8,0.0,1.6,-0.8,0.8,-0.8,0.8,0.0,0.0,0.8,1.6,0.8,0.8,0.0,2.4000000000000004,0.8,0.0,0.8,0.0,0.0,0.0,0.8,0.8,0.8,0.8,0.8,0.8,0.0,0.8,1.6,0.0,1.6,-1.6,0.8,0.8,1.6,1.6,0.0,1.6,1.6,0.0,2.4000000000000004,-0.8,1.6,-0.8,0.0,0.8,0.0,0.8,0.0,0.0,2.4000000000000004,-0.8,1.6,-0.8,0.0,0.8,-1.6,1.6,0.8,-2.4000000000000004,-1.6,3.2,0.8,-0.8,1.6,0.0,-1.6,1.6,0.0,0.8,0.8,0.0,0.8,0.0,0.0,0.0,0.8,0.0,0.0,0.8,0.0,1.6,0.8,0.0,0.8,0.8,0.8,-0.8,0.8,0.8,-0.8,0.8,0.8,-0.8,0.8,0.8,1.6,0.0,-0.8,1.6,-0.8,1.6,0.0,-0.8,0.8,0.8,0.0,-1.6,0.8,0.8,-0.8,0.8,0.8,0.8,-0.8,0.0,0.8,-0.8,0.0,0.0,0.0,0.8,0.0,0.8,1.6,0.0,0.0,0.8,0.8,0.0,-0.8,0.8,-0.8,0.8,0.0,0.8,1.6,0.8,0.8,0.8,0.0,0.8,0.0,-0.8,0.8,-0.8,0.0,2.4000000000000004,-0.8,1.6,0.8,-0.8,0.0,0.0,0.8,0.8,0.0,2.4000000000000004,-0.8,-0.8,0.0,-0.8,0.8,0.0,0.8,-0.8,0.8,0.8,-0.8,0.8,0.0,0.0,0.0,-0.8,0.8,1.6,-0.8,0.0,0.0,0.0,-0.8,0.8,0.0,0.0,1.6,0.0,0.0,1.6,0.0,0.8,-0.8,-0.8,-0.8,-0.8,2.4000000000000004,0.0,0.8,0.0,0.0,2.4000000000000004,0.8,0.0,0.0,0.8,0.8,-1.6,0.8,0.8,0.8,0.0,0.0,1.6,-0.8,0.0,0.8,0.0,-0.8,-0.8,-0.8,0.8,0.0,1.6,0.0,0.8,0.0,0.8,0.0,0.8,0.8,0.0,0.8,0.0,1.6,0.8,0.8,1.6,0.8,0.0,1.6,0.8,0.0,0.0,0.0,0.0,0.0,0.0,1.6,-0.8,0.0,-0.8,0.0,0.8,0.8,0.0,0.8,0.0,1.6,0.8,0.0,0.8,0.0,0.8,0.8,0.0,-1.6,1.6,0.8,-0.8,0.8,0.8,0.8,-0.8,0.0,0.8,0.8,-0.8,0.8,-0.8,-1.6,0.8,0.8,0.0,0.0,0.0,0.8,0.0,0.8,0.0,0.8,0.8,-0.8,0.0,-1.6,0.8,0.8,0.0,1.6,0.0,0.8,0.8,0.0,0.0,-0.8,0.8,0.0,-0.8,1.6,0.0,0.0,0.8,0.8,0.8,-0.8,0.0,0.8,0.0,0.0,-0.8,0.8,1.6,0.0,1.6,1.6,0.0,0.8,0.8,0.8,0.0,0.0,0.0,1.6,0.8,0.0,0.8,1.6,0.8,-0.8,0.0,0.0,0.0,0.0,0.0,0.8,-0.8,-0.8,1.6,0.0,0.8,0.0,0.0,0.0,1.6,-0.8,0.8,0.0,0.0,0.8,0.0,0.8,0.0,0.8,0.8,-0.8,0.0,0.8,0.0,0.0,0.0,0.0,0.0,-1.6,0.8,0.0,0.0,0.0,0.8,0.0,0.0,0.8,0.8,0.0,0.8,0.8,0.0,0.0,0.8,0.8,-0.8,0.0,0.0,-0.8,0.8,0.8,0.8,0.0,0.0,0.8,-0.8,1.6,0.0,-0.8,0.8,-0.8,-0.8,0.0,0.0,1.6,-0.8,0.8,0.0,0.0,0.8,-0.8,1.6,-1.6,0.0,0.0,0.0,0.8,-1.6,0.0,1.6,-0.8,0.8,0.0,1.6,1.6,-1.6,0.8,0.0,2.4000000000000004,0.0,0.0,1.6,0.0,0.0,0.8,0.0,1.6,-0.8,0.0,0.0,0.8,-0.8,0.0,0.8,0.0,0.0,0.0,-0.8,0.8,-1.6,1.6,0.8,0.8,0.8,0.0,1.6,0.8,0.8,0.0,0.0,0.8,1.6,0.8,0.0,0.8,0.8,0.8,0.8,0.0,0.8,0.8,-0.8,0.0,0.0,-0.8,0.8,0.0,0.8,0.0,0.8,0.0,-1.6,0.8,0.0,0.8,0.8,-0.8,0.0,-1.6,0.8,-0.8,-0.8,1.6,1.6,0.8,0.0,0.0,0.0,-0.8,-0.8,0.0,0.8,0.8,1.6,0.8,0.0,1.6,0.0,1.6,0.0,0.0,1.6,-0.8,0.0,0.0,-0.8,1.6,0.0,0.0,0.0,-1.6,0.8,0.0,0.0,0.0,0.0,0.0,0.8,-0.8,0.0,0.0,0.8,0.0,1.6,0.8,0.8,0.8,-0.8,1.6,0.8,0.0,0.8,0.0,0.8,-0.8,0.0,0.0,0.8,0.8,0.8,0.0,2.4000000000000004,-0.8,0.0,1.6,0.0,0.0,0.8,0.8,0.0,1.6,0.8,0.0,0.8,-0.8,0.0,0.0,-0.8,0.8,0.8,0.0,0.0,0.8,0.0,0.0,0.8,0.0,0.0,0.8,0.8,0.0,1.6,0.0,0.8,0.8,0.0,-0.8,0.0,0.8,0.8,0.0,0.0,0.8,0.8,0.8,0.8,-0.8,0.8,0.8,-0.8,0.0,0.8,1.6,0.0,0.8,1.6,0.0,0.0,0.8,0.8,-0.8,0.8,-0.8,0.0,0.0,-0.8,0.8,0.0,-0.8,0.8,0.0,0.8,0.0,-0.8,0.8,-0.8,2.4000000000000004,0.0,2.4000000000000004,1.6,1.6,0.0,0.0,0.0,0.0,0.8,0.0,0.0,1.6,-0.8,0.0,1.6,0.8,0.0,0.0,0.8,0.8,0.0,1.6,0.8,0.8,0.8,0.0,0.8,0.0,0.8,0.0,0.0,-0.8,0.8,1.6,0.8,0.0,0.8,-0.8,0.0,0.0,0.8,1.6,-0.8,0.8,-0.8,-0.8,0.8,0.0,0.8,0.0,0.8,0.0,0.0,1.6,0.0,0.8,1.6,0.0,-0.8,0.8,1.6,0.8,1.6,0.0,0.8,0.0,0.8,0.0,-0.8,0.0,-0.8,0.0,0.0,0.8,0.8,0.0,0.8,0.8,1.6,0.0,-0.8,1.6,0.8,0.0,0.8,0.8,0.8,0.0,0.0,1.6,0.8,1.6,0.8,1.6,0.8,-0.8,1.6,0.0,1.6,0.0,0.8,1.6,0.0,1.6,0.8,0.0,2.4000000000000004,-0.8,0.0,0.0,0.0,0.8,0.0,0.8,0.8,-0.8,1.6,0.0,1.6,0.0,0.8,0.8,0.0,1.6,0.0,0.8,1.6,-0.8,0.8,0.0,0.8,0.8,0.8,0.0,-1.6,0.0,0.0,0.0,0.8,0.8,1.6,0.0,0.8,-0.8,-0.8,0.0,0.0,0.8,1.6,0.8,0.8,0.0,0.8,0.8,0.0,0.0,-0.8,-0.8,0.8,1.6,0.8,0.8,0.8,1.6,-0.8,1.6,0.0,-1.6,0.8,0.0,-0.8,-1.6,0.8,0.8,0.0,1.6,0.8,1.6,0.8,0.8,0.0,0.8,0.0,0.8,0.0,0.0,1.6,0.0,0.0,0.0,0.8,0.8,0.8,0.0,0.0,0.0,0.8,0.8,1.6,0.0,1.6,1.6,-0.8,0.8,1.6,0.8,0.8,0.0,0.0,0.8,0.0,2.4000000000000004,-0.8,1.6,-0.8,0.0,1.6,0.0,-0.8,0.8,0.0,1.6,-1.6,1.6,0.0,0.0,1.6,0.0,1.6,0.0,1.6,0.8,0.0,1.6,-0.8,0.8,0.8,0.0,1.6,-0.8,0.0,0.0,-0.8,-0.8,0.0,1.6,1.6,0.0,0.8,0.8,0.8,-0.8,1.6,0.0,0.0,2.4000000000000004,-1.6,0.8,2.4000000000000004,0.8,1.6,-0.8,1.6,0.8,0.8,1.6,-0.8,1.6,1.6,0.8,1.6,0.0,0.8,0.8,0.8,1.6,0.8,0.8,0.0,2.4000000000000004,1.6,-0.8,0.8,0.8,1.6,0.8,-0.8,1.6,0.0,0.0,0.8,0.0,0.0,-0.8,1.6,0.8,1.6,0.0,0.8,1.6,1.6,0.0,0.8,0.0,1.6,0.8,0.8,0.8,0.0,0.0,1.6,1.6,0.0,0.0,0.8,0.8,0.0,-1.6,0.8,0.0,0.0,0.0,0.0,1.6,0.0,0.8,1.6,0.0,0.0,1.6,1.6,-0.8,-0.8,2.4000000000000004,0.0,0.8,0.0,0.8,0.8,-0.8,0.8,0.0,0.0,0.8,0.0,0.0,-0.8,0.8,1.6,0.8,2.4000000000000004,0.0,0.8,1.6,-1.6,-0.8,0.0,2.4000000000000004,0.8,-0.8,0.8,0.8,1.6,1.6,0.0,0.8,1.6,0.8,0.0,0.8,1.6,0.0,0.8,0.0,0.0,1.6,-0.8,1.6,0.8,-0.8,0.0,-1.6,1.6,-0.8,-1.6,0.8,0.0,1.6,0.0,1.6,1.6,-0.8,0.0,0.0,0.8,2.4000000000000004,0.0,0.8,0.8,2.4000000000000004,0.8,1.6,0.8,0.0,0.8,-0.8,0.0,1.6,-0.8,2.4000000000000004,0.8,0.8,0.0,0.0,-0.8,0.0,-0.8,0.8,0.0,0.0,0.8,0.8,0.8,0.8,0.8,0.0,1.6,-0.8,0.8,0.0,-0.8,-0.8,0.0,0.8,0.0,0.0,0.0,0.8,0.0,0.8,0.8,0.0,0.0,0.8,0.0,0.0,0.0,0.8,0.0,0.8,0.0,1.6,0.8,-0.8,0.0,0.8,0.0,0.8,0.8,0.0,0.0,0.0,1.6,0.0,-0.8,0.8,0.0,0.0,-0.8,0.8,0.8,-0.8,0.8,0.8,0.0,0.8,-0.8,1.6,-0.8,0.0,0.8,0.8,0.8,-1.6,0.8,1.6,-0.8,0.8,0.0,0.0,0.0,0.0,0.8,0.8,2.4000000000000004,0.0,0.8,2.4000000000000004,-0.8,0.0,0.0,0.0,0.8,0.0,-0.8,0.0,-0.8,0.0,1.6,0.0,0.0,0.8,1.6,0.8,0.8,-0.8,1.6,0.8,0.8,0.0,0.0,0.0,0.8,0.0,1.6,0.8,0.0,3.2,0.8,0.0,0.8,0.8,0.0,0.0,-0.8,0.8,0.0,0.8,0.8,0.0,0.0,0.0,1.6,0.0,0.0,1.6,0.8,-0.8,0.8,0.8,-0.8,0.0,1.6,-1.6,0.8,0.0,0.8,0.0,0.0,0.8,0.8,0.8,0.8,-0.8,0.8,-0.8,-0.8,1.6,0.0,0.8,0.0,0.0,0.8,0.8,0.0,0.0,0.8,-0.8,0.8,2.4000000000000004,-0.8,0.8,0.8,-0.8,2.4000000000000004,0.0,0.0,1.6,-0.8,1.6,-0.8,0.0,1.6,0.0,1.6,0.8,0.0,-0.8,0.0,1.6,-0.8,2.4000000000000004,0.8,-0.8,1.6,-0.8,0.8,0.8,0.0,2.4000000000000004,-0.8,0.8,0.0,0.0,1.6,0.0,0.8,0.0,-0.8,0.8,0.0,0.8,0.8,0.8,0.8,-0.8,1.6,-0.8,-0.8,0.0,0.0,0.0,0.0,0.0,0.8,0.8,0.8,-0.8,-0.8,-0.8,0.8,0.8,-0.8,0.8,0.8,0.0,0.0,0.0,0.0,0.0,1.6,-0.8,-0.8,1.6,1.6,0.0,0.0,0.8,0.0,0.8,0.8,0.0,-0.8,0.8,0.8,0.0,0.0,0.8,-0.8,0.8,0.0,0.8,1.6,0.0,0.0,0.0,-0.8,0.8,0.0,1.6,0.0,0.8,0.0,-0.8,0.0,0.8,-0.8,0.8,-0.8,0.0,0.0,0.8,0.8,0.0,1.6,0.0,1.6,-0.8,0.8,0.8,-0.8,0.8,0.0,-1.6,0.8,-0.8,1.6,0.8,0.8,0.8,-0.8,-0.8,0.0,0.0,1.6,0.0,1.6,0.0,0.0,0.0,-0.8,0.8,0.0,0.8,0.8,0.0,0.8,-0.8,0.0,0.8,-0.8,0.8,0.8,1.6,1.6,-0.8,0.8,0.0,-0.8,0.8,0.8,1.6,0.0,1.6,0.8,-0.8,1.6,0.0,0.0,1.6,-0.8,0.0,0.0,1.6,0.8,0.8,0.8,0.0,2.4000000000000004,0.8,-0.8,0.8,1.6,0.8,0.0,0.0,0.8,0.0,0.8,0.0,0.8,0.0,0.0,1.6,0.8,-0.8,0.0,0.8,1.6,0.8,0.8,1.6,0.8,1.6,0.8,0.0,2.4000000000000004,1.6,-0.8,1.6,0.8,1.6,0.8,-0.8,0.0,0.8,0.8,1.6,0.0,0.8,0.0,0.0,0.8,1.6,0.8,0.0,0.8,0.8,-0.8,0.8,-0.8,1.6,-0.8,0.8,0.0,-0.8,0.8,-0.8,0.8,1.6,0.0,1.6,0.0,-0.8,2.4000000000000004,-0.8,1.6,-0.8,0.8,0.0,-0.8,0.8,0.8,0.8,0.0,-1.6,0.0,-0.8,0.8,0.8,0.0,0.0,-0.8,0.0,0.0,0.8,0.8,-1.6,0.8,-1.6,-0.8,0.8,0.8,0.0,-1.6,-0.8,1.6,-0.8,1.6,-0.8,-0.8,0.0,0.8,0.8,0.0,0.8,0.0,-0.8,0.8,0.8,0.8,0.0,0.0,1.6,-0.8,0.8,0.0,0.0,0.0,-0.8,0.8,1.6,0.8,0.8,0.8,0.0,0.0,0.0,0.0,0.0,1.6,0.8,0.8,1.6,1.6,0.8,1.6,-0.8,1.6,0.8,-0.8,0.8,0.0,0.8,1.6,0.8,0.8,-1.6,0.8,0.0,0.8,-1.6,0.0,0.8,0.8,-0.8,0.8,-0.8,0.8,0.0,0.8,0.8,-0.8,1.6,0.8,0.0,-0.8,0.0,1.6,-0.8,0.0,0.8,1.6,0.8,0.0,0.0,0.0,-0.8,0.8,0.0,0.8,0.8,0.0,0.0,0.0,0.8,0.0,0.8,-0.8,-2.4000000000000004,0.8,0.0,0.0,0.8,0.0,1.6,0.0,0.8,0.0,-0.8,0.8,0.0,-0.8,0.0,0.0,0.0,0.0,-0.8,-0.8,-0.8,0.0,0.0,0.0,-1.6,-1.6,0.0,-0.8,0.8,0.0,0.0,0.0,0.0,0.8,1.6,-0.8,0.0,-1.6,0.8,0.8,0.8,0.0,0.8,1.6,0.8,-1.6,1.6,0.8,0.8,-0.8,-0.8,0.8,0.0,1.6,0.8,0.0,0.8,0.0,0.0,0.8,0.0,0.8,0.8,-0.8,0.0,-0.8,-0.8,0.8,0.0,0.0,0.0,0.8,0.0,0.8,1.6,0.0,0.0,0.8,0.0,0.8,-0.8,0.8,1.6,-0.8,1.6,0.0,-0.8,0.0,0.0,0.8,-0.8,0.8,0.8,-0.8,0.8,0.0,0.8,0.8,-0.8,0.0,-0.8,1.6,0.0,0.0,0.8,0.0,0.8,0.8,0.8,0.0,-0.8,0.0,0.0,0.8,0.8,0.0,1.6,-0.8,0.8,0.8,-0.8,0.8,-0.8,0.0,0.8,-1.6,0.0,0.0,0.0,0.0,0.8,0.8,-0.8,1.6,-0.8,-0.8,0.0,0.0,0.8,1.6,0.0,0.0,0.8,1.6,-0.8,0.0,-0.8,-0.8,0.0,-0.8,0.8,0.8,0.0,2.4000000000000004,0.0,0.0,-1.6,0.8,-0.8,0.8,-0.8,0.0,0.8,0.0,-0.8,0.0,0.8,-0.8,0.0,0.0,0.0,0.0,0.8,0.8,-0.8,0.8,0.8,0.0,-0.8,-1.6,0.8,0.8,0.0,0.8,0.0,0.0,0.8,0.0,0.0,0.0,-0.8,1.6,0.0,0.0,0.8,-1.6,1.6,-0.8,-0.8,0.8,1.6,1.6,0.8,-0.8,1.6,0.0,1.6,-0.8,0.0,0.8,0.0,0.0,-0.8,0.8,0.0,0.0,0.0,0.0,1.6,0.0,-0.8,1.6,-1.6,0.0,-0.8,-0.8,1.6,-0.8,0.8,0.8,0.0,1.6,0.8,0.8,0.0,0.0,0.0,-0.8,1.6,0.0,0.0,1.6,0.0,0.0,0.8,0.8,0.8,-1.6,0.0,-0.8,0.8,1.6,0.8,1.6,0.8,0.0,0.0,-0.8,0.8,-0.8,0.8,0.0,0.8,-0.8,-1.6,0.8,0.8,0.0,2.4000000000000004,-1.6,1.6,1.6,-1.6,0.0,2.4000000000000004,0.8,-2.4000000000000004,1.6,0.8,-1.6,0.0,0.8,1.6,-1.6,-1.6,1.6,0.8,-0.8,-0.8,1.6,0.8,0.0,0.0,0.8,0.0,0.8,-0.8,0.0,-0.8,0.0,0.0,0.0,0.0,0.8,0.8,1.6,-0.8,-0.8,0.8,0.8,-0.8,0.0,0.0,0.8,1.6,0.0,1.6,0.0,0.0,0.0,0.0,0.0,-0.8,0.8,-0.8,-0.8,1.6,0.0,0.8,-0.8,0.8,0.8,-0.8,1.6,-1.6,1.6,0.0,0.8,1.6,-0.8,0.8,0.8,0.0,0.0,0.0,0.8,0.0,-1.6,0.0,-0.8,0.8,0.8,0.8,0.8,-1.6,0.0,0.0,0.8,-0.8,-0.8,1.6,0.8,-0.8,0.0,-1.6,0.0,0.0,0.0,-0.8,0.0,1.6,0.8,0.0,0.0,0.0,0.0,-0.8,0.0,1.6,0.0,0.0,0.8,0.0,-1.6,0.8,1.6,0.0,0.0,0.8,0.8,-0.8,0.8,0.0,0.0,0.0,0.0,0.0,0.0,1.6,0.0,0.8,0.0,0.8,0.8,0.0,1.6,-0.8,1.6,0.0,-0.8,0.8,0.0,0.8,0.8,-0.8,1.6,0.0,0.0,0.0,0.0,-0.8,0.0,0.0,0.0,0.0,0.8,0.0,1.6,0.8,0.0,0.8,0.0,0.0,0.8,0.0,1.6,1.6,0.0,2.4000000000000004,0.8,0.8,-1.6,0.8,0.8,-0.8,0.8,-0.8,0.0,0.0,-0.8,0.8,0.0,0.8,-0.8,-0.8,0.0,0.0,0.0,0.8,0.0,1.6,0.0,0.8,0.8,-0.8,1.6,0.8,1.6,0.8,1.6,1.6,0.0,1.6,0.0,0.8,0.8,-0.8,1.6,0.8,0.0,1.6,-1.6,-0.8,0.0,0.8,0.0,-0.8,1.6,0.0,-0.8,0.8,0.8,0.0,0.0,0.0,-0.8,0.0,1.6,0.8,0.0,0.0,0.8,0.0,1.6,0.8,0.0,1.6,0.0,0.0,0.0,0.8,0.8,0.8,0.0,1.6,0.0,0.0,0.8,0.8,0.0,-0.8,0.8,0.0,0.0,0.0,0.0,1.6,0.0,0.8,0.8,0.0,0.0,-0.8,0.8,0.0,1.6,0.8,0.8,1.6,0.8,0.0,0.8,1.6,1.6,0.0,0.8,-0.8,0.8,0.0,0.8,1.6,0.0,0.0,0.8,0.0,1.6,0.0,2.4000000000000004,0.8,0.8,0.8,0.0,0.0,0.8,0.8,0.8,-1.6,0.0,0.0,0.8
event_1,1625266691.4169824,0.8,0.8,0.0,0.8,-0.8,0.8,0.8,-0.8,0.8,0.8,0.8,0.0,-0.8,0.0,0.0,-0.8,0.0,0.8,1.6,-0.8,0.8,1.6,1.6,0.0,0.8,0.8,0.0,0.8,-0.8,-0.8,1.6,-0.8,1.6,1.6,-0.8,0.0,0.0,0.0,0.8,-0.8,1.6,-0.8,2.4000000000000004,0.8,-0.8,0.8,0.0,0.0,0.8,-1.6,0.8,0.8,1.6,0.0,0.8,0.0,0.0,0.8,0.0,0.0,1.6,-0.8,0.8,0.8,0.0,1.6,-0.8,0.8,0.0,0.0,1.6,0.8,0.8,0.8,0.8,1.6,0.0,0.0,0.8,1.6,0.8,0.8,1.6,2.4000000000000004,0.0,1.6,0.0,0.0,0.8,-0.8,0.0,0.8,1.6,0.8,0.8,0.8,0.8,1.6,0.0,0.0,1.6,0.0,-0.8,-23.200000000000003,-92.0,-102.4,-59.2,-21.6,-9.600000000000001,-3.2,0.0,-5.6,-8.0,-4.0,-4.0,-1.6,1.6,1.6,-0.8,0.8,0.0,-0.8,-0.8,0.8,0.0,-0.8,-0.8,0.8,-1.6,-0.8,1.6,1.6,0.0,0.0,-0.8,1.6,-0.8,0.0,0.0,0.8,1.6,-0.8,0.0,0.8,0.8,0.8,0.8,0.8,0.8,-0.8,1.6,0.8,1.6,-0.8,0.0,0.0,0.8,0.0,0.0,0.8,0.0,0.8,0.8,-1.6,0.0,0.8,0.0,0.8,0.0,0.8,0.0,0.8,0.0,0.8,0.8,0.8,-0.8,0.0,0.8,0.8,1.6,0.0,0.0,0.0,0.8,-0.8,0.0,0.0,-0.8,0.0,0.0,0.0,0.0,-0.8,0.0,0.8,0.0,-0.8,0.8,0.0,0.8,0.0,0.8,-1.6,0.8,0.8,0.0,0.8,0.8,0.0,0.0,0.8,0.8,-0.8,0.0,0.8,0.8,0.8,0.0,1.6,0.0,-2.4000000000000004,1.6,0.8,0.0,1.6,-0.8,0.8,0.0,0.0,1.6,0.0,1.6,-1.6,0.0,1.6,0.0,0.8,0.0,0.0,2.4000000000000004,-0.8,1.6,0.0,0.8,0.0,-0.8,1.6,-0.8,2.4000000000000004,0.8,0.0,0.8,-0.8,0.8,0.8,-0.8,0.8,-0.8,0.0,-0.8,-0.8,0.0,-0.8,0.0,0.0,-1.6,0.8,0.0,0.8,0.8,0.8,0.0,-0.8,0.0,-1.6,0.8,0.8,-0.8,0.0,0.0,1.6,0.8,0.8,0.8,-0.8,0.8,0.0,-0.8,0.8,0.0,0.0,0.0,0.8,0.8,0.0,-0.8,0.0,0.8,0.8,-0.8,0.8,0.0,0.0,0.8,0.0,1.6,0.0,0.8,0.0,0.0,0.8,-0.8,0.8,-0.8,0.8,-1.6,0.0,0.8,0.0,-0.8,0.8,-0.8,0.0,0.0,0.8,-0.8,-0.8,-0.8,0.8,1.6,0.8,0.0,0.0,0.0,0.8,-1.6,-0.8,-1.6,3.2,0.8,-3.2,4.0,0.8,-1.6,1.6,0.8,0.0,0.0,0.8,0.8,0.0,0.8,-0.8,0.8,-0.8,-0.8,1.6,0.0,0.0,0.0,-1.6,1.6,0.0,0.0,-0.8,0.0,1.6,0.0,0.8,0.0,-0.8,1.6,-0.8,0.0,-0.8,1.6,0.8,-0.8,1.6,0.0,0.8,1.6,-0.8,0.8,0.8,0.0,0.8,0.8,1.6,0.0,1.6,0.0,0.8,0.8,-1.6,0.8,0.0,-0.8,0.0,-0.8,0.8,0.0,0.0,1.6,0.0,0.8,-0.8,0.8,0.8,-0.8,0.0,0.0,0.8,0.8,-0.8,0.0,0.8,2.4000000000000004,0.0,0.8,0.0,-1.6,-0.8,-0.8,-0.8,0.0,-0.8,1.6,0.0,0.8,0.8,-0.8,-0.8,1.6,-0.8,0.0,0.0,0.8,0.0,-0.8,0.0,1.6,0.8,0.8,0.8,-0.8,1.6,0.0,0.0,0.0,0.0,0.8,-0.8,0.0,0.0,0.0,0.0,0.0,0.8,0.0,0.8,0.0,-0.8,-0.8,0.0,0.8,0.0,0.0,0.8,0.0,0.8,-0.8,0.0,0.0,0.0,0.8,0.8,0.0,0.0,0.0,1.6,0.0,0.0,0.8,0.0,0.0,0.0,0.8,0.8,-0.8,0.0,0.0,-0.8,0.8,0.0,1.6,0.0,0.0,0.8,0.0,0.8,-0.8,0.0,2.4000000000000004,0.8,0.0,0.8,0.0,1.6,0.0,0.8,0.0,1.6,0.0,-0.8,1.6,0.0,0.0,0.8,0.0,0.8,0.0,-0.8,0.0,-0.8,0.8,0.8,-0.8,0.0,0.0,0.0,0.0,0.0,-0.8,0.8,0.8,0.0,0.8,0.0,0.0,0.8,-0.8,0.8,0.0,-0.8,1.6,0.8,0.0,0.0,0.0,0.0,-0.8,-0.8,0.0,0.8,0.0,0.8,0.0,-0.8,-0.8,0.0,0.8,0.0,0.8,0.0,0.8,0.8,0.0,0.8,0.8,-0.8,-0.8,1.6,0.8,0.0,0.8,0.8,1.6,0.8,0.0,0.8,-0.8,0.8,-0.8,-0.8,0.8,0.0,1.6,0.0,0.0,0.8,-0.8,0.0,0.0,0.8,0.8,-0.8,0.8,0.0,0.0,0.8,-1.6,0.0,0.0,0.0,1.6,0.0,0.8,-1.6,-0.8,0.8,0.0,0.8,-0.8,0.0,0.8,-0.8,0.8,-0.8,0.8,-0.8,-0.8,0.0,-1.6,0.8,1.6,0.0,0.0,0.0,0.0,-0.8,0.8,-0.8,-1.6,0.0,0.0,0.0,0.8,0.0,1.6,0.8,0.8,-0.8,0.0,0.0,0.0,0.0,-0.8,0.8,0.0,0.0,0.0,0.0,0.8,0.0,0.8,-0.8,-0.8,0.0,0.0,0.0,-0.8,-0.8,0.8,-0.8,0.8,0.8,0.8,0.8,-1.6,0.0,0.8,1.6,0.8,0.0,1.6,0.0,0.0,1.6,-0.8,0.0,0.8,0.8,0.0,0.8,0.0,-0.8,0.8,0.0,0.8,1.6,0.0,0.0,0.8,-0.8,0.8,-0.8,0.8,0.0,-0.8,0.0,0.8,0.8,0.8,0.0,0.8,-0.8,-0.8,0.0,0.0,1.6,-0.8,1.6,0.0,0.8,0.0,0.0,0.0,0.0,-0.8,0.8,-0.8,1.6,0.8,0.8,1.6,-0.8,0.0,0.8,-2.4000000000000004,0.0,0.0,1.6,0.0,1.6,0.0,0.0,0.8,-0.8,0.0,0.8,0.0,0.8,0.0,1.6,-0.8,0.0,0.8,-2.4000000000000004,0.0,0.8,1.6,1.6,-0.8,0.0,-0.8,-1.6,0.0,2.4000000000000004,0.0,-0.8,2.4000000000000004,0.0,-0.8,0.8,-0.8,0.0,0.8,-1.6,-0.8,0.0,0.8,0.0,0.0,0.0,0.8,0.0,0.0,-0.8,0.0,0.0,0.0,-0.8,-0.8,-0.8,0.0,0.0,0.0,1.6,0.0,0.8,0.0,1.6,0.0,-0.8,0.8,0.0,0.8,0.0,-0.8,1.6,0.0,0.8,0.8,0.8,1.6,-0.8,1.6,0.0,1.6,0.8,-2.4000000000000004,0.8,0.8,0.0,1.6,-0.8,2.4000000000000004,-1.6,-1.6,0.8,-0.8,0.0,0.8,0.8,0.0,-1.6,1.6,-1.6,0.8,0.0,-0.8,0.0,0.0,0.0,-0.8,0.8,1.6,-2.4000000000000004,1.6,0.8,-1.6,0.0,0.8,-0.8,0.0,0.8,0.0,-2.4000000000000004,0.8,0.0,0.8,0.0,0.0,-0.8,0.0,-0.8,0.0,0.0,0.0,0.0,0.0,-0.8,1.6,1.6,0.0,0.8,0.0,-0.8,1.6,-0.8,1.6,0.0,0.8,1.6,-0.8,0.0,1.6,-0.8,-0.8,0.0,-0.8,0.0,0.0,0.0,-0.8,0.8,1.6,0.0,0.0,0.0,0.0,0.0,-0.8,0.0,-0.8,0.0,0.0,0.0,1.6,0.8,0.8,0.8,-0.8,-0.8,-1.6,0.8,0.0,1.6,0.0,0.0,0.0,0.8,0.0,1.6,0.0,0.0,0.0,-0.8,0.0,0.0,-0.8,2.4000000000000004,0.0,1.6,-0.8,-0.8,0.8,0.0,0.0,0.8,0.0,0.8,-0.8,0.0,0.8,0.0,0.8,0.0,0.8,-0.8,0.8,0.8,0.0,0.8,0.8,0.8,0.0,0.8,1.6,1.6,0.0,0.0,0.0,0.0,-0.8,0.8,-0.8,-0.8,0.8,-0.8,0.0,1.6,0.0,0.8,-0.8,0.8,-1.6,-0.8,0.8,0.0,0.0,0.0,0.8,-0.8,0.8,0.0,-0.8,-0.8,0.0,-1.6,0.0,0.0,0.8,0.0,-1.6,0.8,0.0,-0.8,0.0,0.0,-0.8,-0.8,0.0,0.0,0.0,0.8,0.0,0.0,0.0,0.8,1.6,0.0,0.0,0.8,0.8,1.6,2.4000000000000004,0.0,0.8,0.8,0.8,-0.8,0.8,0.8,0.0,0.8,0.8,-0.8,0.0,0.8,1.6,0.0,-1.6,0.8,0.8,-0.8,0.0,0.0,1.6,-1.6,1.6,0.8,-0.8,0.8,0.8,-0.8,-0.8,0.0,0.8,0.0,1.6,1.6,-0.8,1.6,0.0,0.0,-1.6,0.8,1.6,-0.8,1.6,0.0,0.0,0.8,-0.8,-0.8,0.0,0.0,0.8,-0.8,1.6,0.8,0.0,1.6,-1.6,0.0,-0.8,1.6,0.8,0.0,1.6,0.8,-0.8,0.0,1.6,-0.8,0.0,0.0,0.0,0.0,0.0,0.8,0.8,0.8,0.0,0.0,0.8,0.0,0.0,-0.8,0.0,0.0,0.8,0.0,0.0,0.8,1.6,0.8,0.0,0.8,0.0,0.0,0.0,0.0,0.0,1.6,0.8,0.0,0.8,0.8,0.8,0.8,-0.8,0.8,0.0,0.8,0.8,0.0,0.0,0.8,0.0,0.0,-0.8,0.8,0.0,0.8,0.0,0.0,0.8,0.0,0.0,-1.6,-0.8,0.8,-0.8,0.0,-0.8,-0.8,1.6,-0.8,0.0,-0.8,0.0,0.8,-0.8,0.0,0.0,0.8,1.6,0.8,0.0,-0.8,-0.8,0.8,-0.8,0.8,0.0,0.0,0.8,-2.4000000000000004,0.8,-0.8,0.0,0.0,0.0,1.6,0.0,0.8,0.0,-1.6,2.4000000000000004,-0.8,1.6,0.0,-0.8,1.6,0.0,0.0,0.0,0.8,1.6,0.0,0.8,0.0,0.0,0.8,-0.8,0.8,-0.8,0.0,0.0,-0.8,1.6,-0.8,0.0,1.6,-0.8,0.8,0.0,0.8,0.0,0.0,1.6,0.0,1.6,-0.8,0.0,1.6,0.0,0.0,0.8,1.6,0.8,0.0,-0.8,-1.6,0.8,0.0,0.8,1.6,0.8,0.0,0.8,0.8,0.0,-0.8,0.8,0.8,1.6,-1.6,-0.8,1.6,0.0,0.8,-0.8,0.8,0.0,1.6,0.8,0.0,0.0,0.8,0.8,-0.8,-0.8,0.0,0.0,0.0,0.8,-1.6,0.0,0.0,0.8,1.6,-0.8,0.8,0.0,0.8,0.0,0.8,0.8,0.8,0.0,-0.8,-0.8,0.0,-0.8,0.0,0.0,1.6,0.0,0.8,0.0,-1.6,1.6,-0.8,-0.8,0.8,0.0,0.0,2.4000000000000004,0.0,2.4000000000000004,0.0,0.0,1.6,0.0,0.0,0.0,-0.8,0.8,-1.6,0.8,0.8,1.6,0.0,0.0,1.6,0.0,1.6,-0.8,0.8,2.4000000000000004,1.6,0.0,-0.8,0.8,1.6,-0.8,0.0,0.8,-0.8,1.6,0.0,0.0,0.8,-0.8,1.6,0.8,0.0,-0.8,0.0,1.6,0.0,-0.8,-0.8,-0.8,1.6,-0.8,0.0,0.0,0.8,0.8,-0.8,1.6,0.0,1.6,0.8,0.0,0.8,0.8,0.8,0.0,0.0,0.8,-0.8,-0.8,0.8,-0.8,0.0,0.8,1.6,0.0,-1.6,0.8,0.0,0.0,1.6,0.0,0.8,1.6,-0.8,-0.8,0.8,0.8,0.8,0.8,0.8,0.8,0.8,0.8,0.8,2.4000000000000004,0.0,0.0,0.8,-0.8,0.8,0.0,0.8,0.0,0.0,0.8,-0.8,-0.8,0.0,-1.6,0.8,-0.8,0.0,0.8,0.0,0.0,2.4000000000000004,0.0,0.8,0.8,0.8,-0.8,0.0,0.8,0.8,2.4000000000000004,-2.4000000000000004,1.6,2.4000000000000004,0.8,-0.8,0.8,0.8,-0.8,0.8,-0.8,-0.8,0.8,0.0,1.6,1.6,0.0,0.0,-0.8,0.0,1.6,-0.8,0.0,0.8,0.0,0.0,0.0,0.8,0.0,-0.8,0.0,0.0,0.0,1.6,0.0,0.0,0.0,0.8,1.6,0.0,0.0,0.8,0.8,-0.8,0.8,-0.8,-1.6,-0.8,0.0,0.0,-0.8,0.0,0.0,0.0,0.8,1.6,-0.8,0.8,0.0,-0.8,-0.8,0.8,0.8,0.0,-0.8,1.6,0.0,1.6,0.0,0.0,1.6,-0.8,1.6,0.8,0.8,1.6,-0.8,0.8,0.0,0.0,0.0,-0.8,0.8,-1.6,-0.8,0.8,0.0,0.8,-0.8,0.0,0.0,0.0,0.0,0.8,0.0,0.0,-1.6,0.8,0.0,0.8,0.8,0.8,2.4000000000000004,0.8,0.8,0.8,0.0,0.0,-0.8,0.0,-0.8,-0.8,1.6,0.8,0.8,0.8,-0.8,1.6,0.0,0.8,0.0,1.6,0.0,0.8,0.0,0.0,0.0,1.6,-2.4000000000000004,0.8,0.0,-0.8,1.6,0.8,0.8,0.0,0.0,1.6,-1.6,0.0,0.0,0.8,-0.8,0.8,1.6,-0.8,0.8,0.0,0.0,0.0,0.8,0.8,0.0,0.0,0.0,0.0,0.0,0.0,-0.8,0.0,2.4000000000000004,0.8,-0.8,0.8,0.0,0.8,0.0,0.0,0.0,0.0,-0.8,-0.8,0.8,0.8,0.0,0.0,0.0,1.6,0.8,0.8,0.8,0.0,0.0,-0.8,0.0,0.8,-0.8,0.8,0.0,0.0,0.0,-0.8,1.6,0.0,0.0,0.0,0.0,1.6,0.8,0.8,0.8,0.0,2.4000000000000004,-0.8,0.8,1.6,-0.8,0.8,-1.6,-0.8,-0.8,-0.8,1.6,-0.8,0.8,0.0,0.8,0.0,0.0,0.0,0.0,-0.8,1.6,0.0,0.8,1.6,0.0,0.8,0.0,0.8,0.0,1.6,0.8,-0.8,0.0,-1.6,0.0,-0.8,-0.8,1.6,0.0,0.8,0.0,-0.8,-0.8,-0.8,0.0,0.8,0.0,0.8,0.0,0.8,0.8,0.8,0.8,1.6,0.8,-0.8,0.8,1.6,0.0,-0.8,0.0,1.6,0.0,0.0,0.0,0.0,0.8,0.0,-0.8,0.0,0.0,0.8,0.0,0.0,0.8,0.0,-0.8,0.8,0.8,0.0,0.0,0.8,0.8,-1.6,0.8,0.8,0.0,0.0,1.6,0.0,0.8,0.0,-0.8,0.8,0.0,1.6,0.8,0.8,0.0,0.8,0.0,0.0,0.8,0.0,-1.6,0.8,-1.6,0.8,0.0,0.0,0.8,0.8,0.0,0.0,0.8,0.8,-0.8,0.8,0.8,0.0,1.6,-0.8,0.8,0.8,-0.8,0.8,0.0,0.0,0.8,0.8,0.0,0.0,0.8,-0.8,0.8,0.8,0.0,0.8,-1.6,0.0,-0.8,-1.6,0.8,-0.8,0.0,0.8,0.0,0.8,0.0,1.6,0.8,0.0,1.6,-0.8,-0.8,1.6,0.8,0.8,-1.6,0.8,0.8,0.8,0.8,0.0,0.8,0.0,-0.8,-0.8,0.0,0.8,0.8,0.8,0.8,0.8,0.0,0.8,0.0,0.0,-1.6,0.0,0.0,0.0,0.8,0.0,0.0,0.8,0.0,0.8,0.0,0.0,0.0,-1.6,0.8,0.0,1.6,0.8,-0.8,0.8,-0.8,0.0,1.6,-1.6,1.6,0.0,0.0,0.8,0.0,0.8,0.0,0.8,0.8,-1.6,0.8,-0.8,0.8,0.0,0.0,0.8,-1.6,0.0,0.0,-0.8,0.8,-0.8,1.6,0.0,0.0,1.6,0.8,0.0,0.8,0.0,0.8,-0.8,-0.8,0.0,-0.8,0.0,0.0,0.0,0.0,0.8,0.0,-0.8,0.0,0.0,0.0,-0.8,0.8,0.8,-1.6,0.8,-0.8,-0.8,-0.8,0.8,1.6,0.0,0.0,0.0,0.0,0.0,0.0,-1.6,0.8,-0.8,0.8,0.8,0.0,0.0,0.0,0.0,0.8,0.0,-1.6,-0.8,0.8,-0.8,0.8,0.0,0.8,0.8,-0.8,0.0,1.6,0.0,0.0,0.0,0.0,0.8,0.8,0.8,0.0,0.8,0.8,0.0,0.8,0.8,0.0,0.0,-0.8,0.0,0.0,0.0,0.0,0.0,0.8,1.6,0.8,0.8,0.0,0.0,0.8,0.8,1.6,0.8,-0.8,1.6,-0.8,0.0,0.0,0.8,0.8,0.0,1.6,0.0,0.8,0.8,-0.8,0.8,0.0,0.0,0.0,-0.8,2.4000000000000004,-0.8,-0.8,1.6,-0.8,0.0,0.0,0.8,0.8,-1.6,1.6,0.0,0.8,1.6,-0.8,0.8,0.0,0.0,0.0,0.8,1.6,-1.6,0.8,0.8,0.8,2.4000000000000004,0.0,0.0,-0.8,0.8,0.8,-0.8,0.8,0.0,-0.8,1.6,0.0,0.8,0.8,0.0,0.8,-0.8,0.0,-0.8,0.0,0.8,-0.8,0.8,-0.8,0.8,0.0,0.0,1.6,0.0,0.8,-0.8,0.0,0.8,0.8,0.8,0.0,0.8,0.0,-0.8,1.6,0.0,0.8,0.0,-1.6,0.8,0.0,0.0,0.8,0.0,0.8,0.0,0.8,-0.8,0.8,0.0,0.0,0.8,0.8,0.8,0.0,0.0,0.0,0.8,0.0,0.0,0.8,0.8,0.8,0.8,-0.8,0.0,0.0,0.0,0.0,0.0,0.8,0.0,0.8,0.8,0.0,1.6,-0.8,0.8,1.6,-0.8,1.6,-0.8,0.8,0.8,-0.8,0.8,-0.8,0.0,0.0,0.8,0.8,-1.6,0.0,0.8,1.6,0.8,-1.6,0.0,0.0,0.8,0.0,-1.6,1.6,0.0,0.0,0.0,0.8,0.8,0.0,0.0,0.8,-0.8,0.8,0.0,1.6,0.8,-0.8,0.8,0.0,1.6,1.6,0.8,0.8,-1.6,0.0,0.0,-0.8,3.2,-0.8,0.0,0.8,0.8,0.0,0.0,-0.8,1.6,0.0,0.0,0.0,0.8,0.0,1.6,0.8,0.0,0.0,0.8,0.0,0.8,0.0,0.8,-0.8,0.0,0.0,0.0,0.8,0.0,0.8,2.4000000000000004,0.0,0.8,3.2,0.8,-3.2,2.4000000000000004,2.4000000000000004,-2.4000000000000004,-0.8,1.6,0.0,0.0,0.8,2.4000000000000004,-1.6,-2.4000000000000004,0.0,0.0,-0.8,-0.8,0.8,0.8,-0.8,0.8,0.0,0.0,0.8,-0.8,-0.8,0.8,0.8,-0.8,0.0,-0.8,0.8,0.8,0.8,0.8,-1.6,0.0,-0.8,-0.8,0.0,0.0,0.0,0.0,0.0,0.8,-0.8,0.0,0.0,0.8,0.0,0.0,0.8,-0.8,0.8,0.8,-0.8,0.8,0.0,0.0,0.8,-0.8,0.0,-1.6,0.8,-0.8,0.8,0.8,0.0,0.8,-0.8,-0.8,1.6,-0.8,0.0,-0.8,-0.8,0.0,0.0,0.8,0.0,0.8,1.6,-1.6,0.8,-0.8,0.0,0.0,-0.8,-0.8,0.8,-0.8,0.0,0.8,0.0,1.6,0.8,-0.8,-0.8,0.8,0.0,0.0,1.6,-0.8,0.0,0.0,-0.8,0.8,0.8,-0.8,0.8,0.0,0.0,0.8,0.8,0.0,-0.8,0.0,0.0,-0.8,1.6,0.0,0.0,0.8,0.0,-1.6,-1.6,0.8,0.0,0.8,0.0,0.0,0.0,0.0,0.8,-1.6,-0.8,0.8,-1.6,0.8,0.0,0.0,1.6,0.0,0.8,0.0,-0.8,1.6,0.0,-0.8,0.0,0.0,0.0,0.8,0.0,0.0,1.6,0.0,0.0,0.8,0.0,-0.8,-0.8,0.8,0.0,0.0,-0.8,0.8,0.8,1.6,-0.8,0.0,0.0,0.0,0.8,-1.6,0.0,0.0,0.0,2.4000000000000004,0.0,0.0,0.0,0.0,0.0,0.8,0.0,0.8,-0.8,1.6,-0.8,0.0,-0.8,0.0,0.8,-0.8,0.0,-0.8,0.8,0.8,-0.8,0.0,0.0,0.0,-0.8,-0.8,0.8,0.0,0.0,0.0,-0.8,-0.8,-0.8,0.0,-0.8,0.0,1.6,-0.8,0.0,0.8,0.0,0.8,1.6,0.0,-0.8,0.0,0.0,0.8,0.0,0.8,1.6,0.8,1.6,0.8,0.0,0.8,0.8,0.0,0.0,1.6,0.8,-1.6,1.6,0.8,0.8,-0.8,0.0,1.6,-1.6,0.0,-0.8,0.8,0.8,-0.8,0.0,0.8,0.0,1.6,0.0,1.6,0.0,0.0,0.8,0.0,2.4000000000000004,-0.8,0.0,1.6,0.8,0.8,0.0,0.8,1.6,-1.6,0.8,0.0,1.6,0.0,1.6,0.8,-0.8,0.8,0.0,-0.8,0.8,-0.8,2.4000000000000004,-0.8,0.8,0.8,-0.8,0.0,0.0,1.6,0.0,0.0,0.0,0.8,0.8,0.0,-0.8,0.8,0.0,0.0,-0.8,0.8,0.8,-0.8,0.0,-0.8,-1.6,0.8,0.8,0.8,-0.8,0.8,0.8,-0.8,0.0,0.0,0.0,0.8,-0.8,-0.8,-0.8,2.4000000000000004,0.0,0.0,2.4000000000000004,2.4000000000000004,-0.8,0.8,0.8,-0.8,0.0,1.6,-0.8,-1.6,0.8,0.8,0.0,0.8,0.8,0.0,0.8,0.0,0.8,0.0,0.0,0.0,0.0,0.0,0.8,-0.8,1.6,0.0,1.6,0.8,0.8,1.6,0.8,0.0,0.8,1.6,0.8,0.0,0.8,0.0,0.0,0.8
event_2,1625266695.726229,-0.8,0.8,0.0,0.8,-0.8,0.8,0.8,-0.8,0.0,-0.8,-1.6,2.4000000000000004,1.6,-0.8,-0.8,4.800000000000001,-0.8,-1.6,2.4000000000000004,0.8,0.0,-1.6,0.8,0.8,-2.4000000000000004,0.8,1.6,1.6,0.0,-0.8,1.6,0.8,-0.8,0.8,-0.8,2.4000000000000004,0.0,0.0,1.6,0.0,0.8,-0.8,0.0,0.0,0.8,0.8,-0.8,0.8,0.0,-0.8,0.8,-0.8,0.8,0.8,0.0,1.6,-0.8,0.0,0.0,0.0,0.8,-0.8,1.6,0.0,-1.6,0.0,-0.8,2.4000000000000004,0.8,-1.6,-0.8,-0.8,0.8,0.0,-0.8,0.0,0.8,1.6,0.0,-0.8,0.0,0.8,0.8,-0.8,0.0,0.0,0.8,0.8,0.0,0.8,0.8,0.0,-0.8,0.8,0.0,0.0,-0.8,0.0,0.8,-0.8,0.0,-3.2,-19.200000000000003,-24.0,-12.0,-4.0,-2.4000000000000004,-0.8,0.8,-0.8,0.0,-0.8,0.0,-0.8,0.8,0.8,0.8,0.8,0.0,-0.8,0.8,0.0,0.8,-0.8,-0.8,0.0,0.0,0.0,0.0,0.0,0.8,0.0,0.8,0.0,-0.8,-0.8,-0.8,0.8,0.8,-0.8,0.8,0.0,0.0,0.8,-0.8,0.8,0.8,1.6,-0.8,0.0,0.0,0.0,0.0,-0.8,0.8,0.8,-1.6,0.8,0.0,0.0,-0.8,-0.8,0.8,0.0,0.0,0.8,-0.8,0.8,-0.8,-0.8,0.8,0.0,0.8,-0.8,-0.8,0.8,0.0,0.0,-0.8,-0.8,0.0,-0.8,0.0,0.0,0.8,0.0,0.0,0.8,-0.8,0.8,-0.8,0.0,0.0,-2.4000000000000004,0.8,-0.8,0.8,0.8,0.0,0.0,0.8,0.8,0.8,0.0,0.0,0.8,-1.6,0.8,-0.8,1.6,0.0,0.8,1.6,0.0,0.0,0.8,0.0,1.6,0.0,0.0,-0.8,0.0,0.0,0.8,0.0,0.8,-0.8,0.0,-0.8,0.8,-0.8,0.0,0.8,0.0,0.0,0.0,0.0,0.0,1.6,0.8,-0.8,-0.8,2.4000000000000004,1.6,-0.8,0.8,0.0,0.0,-1.6,0.0,0.0,0.8,1.6,-0.8,1.6,-0.8,-0.8,0.8,-0.8,0.0,-0.8,0.0,0.0,0.0,0.8,-0.8,0.8,-1.6,-1.6,0.0,0.8,1.6,0.0,0.8,0.8,-0.8,0.0,0.0,0.0,0.8,-1.6,0.8,0.8,-0.8,0.8,-1.6,-0.8,0.8,0.0,0.0,-0.8,0.8,-0.8,-0.8,0.0,0.0,-0.8,-0.8,0.0,0.8,-1.6,-0.8,0.8,0.0,0.8,-0.8,0.0,0.0,0.8,0.8,0.8,1.6,0.8,-0.8,0.8,0.8,0.0,0.8,-1.6,-0.8,0.0,0.0,0.8,0.0,0.0,0.0,0.0,-0.8,0.0,0.0,0.0,0.0,1.6,-1.6,0.8,0.0,0.0,0.0,-1.6,-0.8,0.8,0.8,0.0,1.6,0.8,-1.6,0.8,0.8,-1.6,1.6,0.8,-1.6,-0.8,-1.6,-0.8,1.6,0.0,0.0,-0.8,0.8,0.8,0.0,0.8,-0.8,0.0,0.0,-0.8,0.0,0.0,0.8,0.0,0.0,0.8,0.8,2.4000000000000004,0.0,-1.6,0.0,0.0,0.0,-0.8,0.0,0.8,-0.8,0.8,0.0,1.6,0.0,-0.8,0.8,0.0,0.0,-0.8,-0.8,1.6,-0.8,1.6,-0.8,0.8,0.8,-0.8,0.8,0.0,0.0,-0.8,0.0,0.8,1.6,-0.8,0.0,0.0,0.8,0.0,0.8,0.0,0.0,0.0,-0.8,0.0,0.8,0.0,1.6,0.0,0.8,-0.8,0.8,0.0,-0.8,0.8,-0.8,0.8,0.8,0.0,0.0,0.0,0.0,0.0,0.0,0.8,0.8,2.4000000000000004,0.0,0.0,0.0,0.8,0.8,-0.8,0.8,0.8,0.0,-0.8,-0.8,0.0,-0.8,0.0,-0.8,-0.8,0.8,-0.8,1.6,0.0,0.0,0.0,-1.6,1.6,-0.8,0.0,0.0,0.0,1.6,-0.8,0.8,1.6,-0.8,1.6,-0.8,0.0,0.8,-0.8,0.0,0.0,1.6,0.8,-0.8,1.6,0.8,2.4000000000000004,-0.8,0.0,1.6,-1.6,0.8,-0.8,0.0,1.6,-0.8,2.4000000000000004,0.0,0.8,0.8,1.6,1.6,0.0,0.0,0.8,0.0,2.4000000000000004,-0.8,0.8,1.6,0.8,1.6,0.0,0.8,0.0,0.0,2.4000000000000004,0.0,0.0,0.8,0.8,1.6,0.0,0.0,0.8,-0.8,0.8,-0.8,0.8,0.0,0.0,0.0,-0.8,0.8,0.0,0.0,0.8,0.8,0.8,0.8,2.4000000000000004,0.0,0.8,1.6,-0.8,0.8,0.8,0.8,0.8,0.0,0.8,0.0,0.0,0.0,0.0,0.8,0.8,0.8,0.8,0.8,1.6,0.0,-0.8,0.8,0.0,0.8,0.0,0.8,0.0,0.0,0.0,0.8,0.8,0.0,0.8,-1.6,0.0,-0.8,-0.8,0.8,0.8,0.0,0.8,0.0,2.4000000000000004,-0.8,0.0,0.0,-0.8,0.0,0.0,0.8,0.0,0.0,0.8,-0.8,1.6,0.0,0.8,0.8,-0.8,0.8,-0.8,0.0,0.0,0.8,0.8,0.8,1.6,1.6,0.0,1.6,0.0,0.8,-0.8,0.0,1.6,0.0,0.0,1.6,0.0,1.6,-0.8,0.8,-0.8,0.0,0.0,0.8,0.0,0.0,0.0,0.8,0.0,1.6,0.8,0.0,0.8,-0.8,1.6,0.0,1.6,0.8,0.8,0.8,-0.8,0.0,1.6,0.8,0.0,0.8,0.0,-0.8,0.8,0.8,0.8,1.6,0.0,0.8,0.0,0.8,0.8,0.0,0.0,0.0,-1.6,0.0,0.8,0.8,0.8,0.0,0.8,0.0,0.8,0.8,-0.8,0.0,0.8,-0.8,0.8,1.6,0.8,0.8,-0.8,0.0,0.0,-1.6,1.6,-0.8,-0.8,-0.8,1.6,0.0,-0.8,0.8,0.0,1.6,0.8,0.0,0.0,0.0,-0.8,-0.8,0.0,0.8,0.8,0.8,0.8,0.8,1.6,-0.8,0.8,0.0,0.8,0.8,0.0,0.8,0.0,0.0,2.4000000000000004,-0.8,0.8,0.0,0.8,0.8,0.8,0.0,0.8,-0.8,0.8,-0.8,-0.8,0.8,0.8,0.8,0.0,0.8,-0.8,1.6,0.8,0.0,1.6,0.8,-0.8,0.8,2.4000000000000004,0.0,-0.8,3.2,0.8,-1.6,1.6,0.8,0.0,0.8,-0.8,0.0,0.8,-0.8,0.8,0.8,0.0,0.0,0.0,0.0,0.0,1.6,0.8,0.8,0.8,0.8,0.8,1.6,0.0,-0.8,0.8,0.8,0.0,0.8,1.6,1.6,0.0,0.8,1.6,1.6,0.0,0.8,1.6,-0.8,0.0,-0.8,0.8,0.0,0.0,0.0,0.8,0.0,0.8,0.0,1.6,0.0,0.0,0.8,0.8,2.4000000000000004,-0.8,0.8,1.6,0.8,0.0,0.8,0.8,0.0,-0.8,0.8,-0.8,0.0,0.0,0.8,0.0,-0.8,-0.8,0.0,0.0,1.6,-1.6,1.6,0.0,0.0,1.6,0.0,0.8,0.0,1.6,0.8,0.0,1.6,1.6,0.8,0.8,-0.8,0.8,0.0,0.0,0.0,0.0,0.8,-1.6,0.8,0.0,-0.8,0.8,-0.8,0.8,-1.6,0.0,0.8,-0.8,1.6,0.0,0.0,1.6,-0.8,0.8,0.8,0.8,0.8,0.8,0.0,0.8,0.8,0.8,-1.6,0.0,0.8,0.8,0.0,0.0,1.6,0.0,0.8,0.0,1.6,0.8,0.0,0.0,0.0,0.0,0.8,-0.8,0.0,0.0,0.8,1.6,0.8,0.8,0.0,0.8,0.8,0.8,-0.8,0.8,1.6,1.6,0.0,0.0,1.6,0.8,0.0,0.8,0.0,0.8,-0.8,0.8,0.8,0.0,0.8,1.6,0.8,1.6,-1.6,0.8,0.0,0.0,0.8,0.0,0.0,1.6,0.0,0.8,0.0,0.8,0.8,1.6,0.0,-1.6,2.4000000000000004,0.8,0.0,0.8,-0.8,0.8,-0.8,0.0,0.8,0.8,1.6,0.0,0.0,-0.8,-1.6,2.4000000000000004,0.0,0.8,0.0,-0.8,0.8,1.6,0.8,0.0,-0.8,0.0,-1.6,1.6,0.8,0.0,0.8,0.8,0.8,0.0,0.8,0.0,-0.8,1.6,0.0,-0.8,0.0,0.0,1.6,0.0,0.0,0.0,0.8,0.8,-0.8,0.0,-1.6,-0.8,-0.8,-0.8,0.8,-0.8,-0.8,0.8,-0.8,0.0,0.0,1.6,0.8,-1.6,0.0,0.0,1.6,0.0,-0.8,0.8,1.6,0.8,1.6,0.0,0.8,0.8,-0.8,-0.8,0.0,0.0,1.6,0.8,0.0,-0.8,-0.8,-1.6,0.8,-1.6,0.8,0.0,0.8,0.8,0.0,1.6,1.6,0.0,0.0,-0.8,0.0,1.6,-0.8,-1.6,0.8,0.8,-0.8,0.8,-0.8,0.0,0.0,-0.8,0.8,0.0,0.0,0.0,0.0,0.0,-0.8,0.8,0.0,-0.8,0.8,0.0,0.8,1.6,-0.8,0.0,0.0,1.6,-0.8,0.0,0.8,0.0,1.6,-0.8,0.0,-0.8,-0.8,0.8,-1.6,0.0,0.0,0.8,0.8,-0.8,0.8,0.0,0.0,0.8,0.0,0.0,-0.8,-0.8,1.6,-1.6,1.6,0.0,0.8,0.0,-0.8,2.4000000000000004,-0.8,0.0,0.0,0.0,0.0,0.8,0.0,0.8,0.8,0.8,0.0,0.8,0.8,0.8,0.8,0.0,-0.8,0.0,-0.8,1.6,0.0,0.0,0.0,0.0,0.8,0.8,0.0,0.8,-1.6,1.6,0.0,-0.8,0.8,0.0,0.8,0.8,-0.8,0.8,1.6,0.0,0.8,0.8,0.8,-0.8,-0.8,0.0,0.0,-0.8,-0.8,0.8,-0.8,-1.6,0.8,0.0,0.8,0.0,0.8,2.4000000000000004,-1.6,1.6,0.8,0.0,0.8,0.0,0.0,-1.6,2.4000000000000004,1.6,-1.6,1.6,1.6,0.8,1.6,0.0,-1.6,1.6,0.0,0.0,0.8,0.8,0.0,0.8,0.8,0.0,1.6,-0.8,0.0,1.6,-0.8,0.8,0.0,0.0,0.8,-0.8,0.8,0.0,1.6,1.6,0.8,0.0,-0.8,-0.8,0.0,0.0,2.4000000000000004,0.8,0.8,0.8,0.8,0.0,0.8,0.8,0.0,-0.8,0.0,0.0,0.8,0.8,0.0,0.0,0.0,-0.8,0.8,0.0,0.8,-0.8,0.8,0.0,1.6,0.8,0.0,0.8,0.8,-0.8,-0.8,-0.8,0.0,0.0,1.6,0.8,0.8,0.8,0.0,0.0,0.0,0.0,0.0,0.8,0.8,-1.6,-0.8,0.0,0.0,0.0,0.8,0.8,0.8,0.8,0.0,0.8,0.0,1.6,0.0,-1.6,1.6,0.8,0.0,0.8,0.0,1.6,-0.8,0.0,-0.8,-0.8,2.4000000000000004,-0.8,-0.8,0.8,0.0,2.4000000000000004,0.0,0.8,0.8,-0.8,1.6,-0.8,1.6,0.8,-0.8,0.8,-0.8,0.0,-0.8,0.0,1.6,0.0,2.4000000000000004,0.8,0.8,2.4000000000000004,-1.6,0.8,0.0,1.6,0.8,0.0,2.4000000000000004,0.0,0.0,1.6,-1.6,1.6,-0.8,0.0,0.0,-0.8,0.8,0.8,0.8,0.0,-1.6,1.6,-0.8,0.8,0.0,0.0,0.8,0.0,0.8,0.0,0.0,0.8,0.0,0.0,0.0,0.0,1.6,0.8,0.8,0.0,0.0,0.0,0.0,-0.8,0.0,0.0,-0.8,0.0,-0.8,0.0,0.0,0.0,0.0,0.0,0.8,0.0,0.0,0.8,0.0,0.8,0.0,-0.8,-0.8,-0.8,1.6,0.8,-0.8,0.8,0.0,0.0,0.0,0.0,0.0,0.0,0.0,-0.8,0.8,0.8,0.0,0.8,0.0,1.6,0.8,-1.6,1.6,0.0,0.0,0.0,0.8,0.0,-0.8,1.6,0.8,1.6,0.8,0.0,1.6,0.0,0.0,-0.8,-0.8,0.8,0.8,0.0,0.8,0.8,1.6,-0.8,0.8,0.8,0.8,0.8,-1.6,0.0,0.0,-0.8,2.4000000000000004,0.0,0.8,0.0,0.0,1.6,0.8,0.8,1.6,-0.8,1.6,0.0,0.8,0.0,0.0,1.6,-1.6,0.0,0.0,0.8,0.8,-0.8,0.8,0.0,0.8,0.8,-0.8,0.8,0.0,0.0,0.0,-0.8,-0.8,0.0,0.0,0.8,-1.6,0.8,0.0,0.0,1.6,0.8,0.0,-0.8,0.0,-0.8,0.8,1.6,0.0,0.8,-0.8,1.6,0.8,0.0,0.8,-0.8,0.8,0.0,-0.8,1.6,0.0,0.8,0.8,0.8,0.8,0.0,0.8,0.0,1.6,-0.8,0.0,0.8,0.0,0.8,0.0,-0.8,0.8,0.8,0.8,0.8,1.6,0.8,-0.8,0.0,-0.8,2.4000000000000004,-1.6,0.0,0.0,0.0,0.0,0.0,0.8,0.8,0.0,1.6,-0.8,-0.8,0.0,0.8,1.6,0.0,0.0,0.0,0.8,0.8,-1.6,0.8,0.0,0.0,0.8,-1.6,1.6,0.0,-0.8,0.8,-0.8,0.0,0.8,0.8,-0.8,-0.8,1.6,-0.8,0.0,-0.8,0.8,1.6,-0.8,-0.8,0.8,-1.6,0.8,0.0,-0.8,0.0,0.0,1.6,0.0,0.8,0.8,0.0,1.6,-1.6,-0.8,-0.8,0.0,2.4000000000000004,-1.6,-1.6,3.2,-0.8,-0.8,0.8,0.0,0.0,-0.8,0.0,0.8,1.6,0.0,0.8,1.6,-1.6,0.0,0.0,0.8,0.8,-0.8,0.0,0.0,0.8,0.0,0.8,0.0,0.8,-0.8,-0.8,1.6,0.8,0.8,-0.8,0.0,0.0,1.6,0.0,-1.6,0.8,1.6,0.0,0.0,-0.8,0.8,0.0,0.0,-0.8,0.8,0.8,0.8,0.8,0.0,-0.8,0.8,0.0,0.8,0.0,0.0,0.0,-0.8,0.8,0.0,0.0,0.8,0.0,0.0,0.8,-0.8,0.8,0.0,0.0,0.0,0.0,0.8,-0.8,0.0,0.0,0.8,0.8,0.0,1.6,-1.6,-0.8,0.0,-0.8,-0.8,0.0,0.0,0.8,0.8,0.8,0.0,1.6,0.0,-1.6,0.8,0.8,0.0,0.8,0.0,1.6,0.0,0.8,0.8,0.0,1.6,0.8,-0.8,0.8,0.8,0.0,0.8,-0.8,0.0,0.0,0.0,0.8,1.6,-0.8,0.8,0.8,0.0,-0.8,-0.8,0.0,0.8,-0.8,0.0,0.8,0.0,0.8,0.0,0.8,0.8,2.4000000000000004,0.0,0.0,0.8,1.6,-0.8,0.8,0.0,0.8,0.0,0.0,0.0,0.0,0.0,1.6,-0.8,0.8,1.6,-1.6,0.8,0.0,-0.8,0.0,-0.8,1.6,-0.8,0.0,0.0,0.0,0.8,-0.8,0.0,-0.8,1.6,1.6,-0.8,0.0,0.0,0.8,0.8,-2.4000000000000004,0.0,0.0,0.0,0.8,-1.6,0.8,-1.6,0.8,0.8,-0.8,0.8,0.0,1.6,0.8,-0.8,0.0,-0.8,0.0,-0.8,0.8,1.6,-0.8,0.8,-0.8,0.8,1.6,0.0,1.6,-0.8,0.8,0.0,-0.8,0.8,0.0,0.0,0.0,0.0,1.6,0.8,-0.8,0.0,0.8,0.0,0.0,-0.8,-1.6,-0.8,-0.8,0.0,1.6,0.0,0.0,0.8,0.0,0.0,-1.6,-0.8,0.8,1.6,0.8,0.0,0.8,0.8,0.0,0.8,0.0,0.8,0.0,0.0,0.0,-0.8,0.0,0.8,0.0,0.8,0.0,-0.8,-0.8,0.0,0.0,0.0,0.0,0.8,0.0,0.8,0.8,0.8,0.0,0.8,0.0,0.0,1.6,0.0,-0.8,-0.8,0.8,0.0,0.0,0.8,-0.8,0.8,0.0,0.0,0.0,-1.6,0.0,0.0,0.0,0.0,0.0,0.0,-0.8,1.6,0.8,0.0,1.6,-1.6,-0.8,0.0,2.4000000000000004,2.4000000000000004,-1.6,1.6,1.6,0.8,2.4000000000000004,-0.8,0.8,0.8,0.0,0.0,0.0,1.6,0.0,0.0,2.4000000000000004,0.0,2.4000000000000004,-0.8,0.0,0.8,-0.8,0.8,-0.8,0.0,0.8,0.8,0.8,0.0,0.8,0.0,0.0,0.8,-0.8,-0.8,0.0,0.0,2.4000000000000004,-0.8,1.6,2.4000000000000004,0.8,0.0,0.8,0.8,0.0,-0.8,0.8,-0.8,0.8,0.0,0.8,0.8,0.0,-0.8,-0.8,-1.6,0.8,-0.8,0.8,0.0,0.8,0.0,0.0,0.0,0.0,0.0,0.0,0.0,1.6,0.0,0.8,0.0,0.8,0.8,0.0,-0.8,0.0,0.8,0.8,0.0,0.0,0.0,-0.8,0.0,0.8,0.0,0.0,1.6,0.0,0.0,0.0,-0.8,0.0,0.0,-0.8,-1.6,0.8,0.0,0.0,0.8,0.8,0.8,0.0,0.0,0.8,-0.8,1.6,0.0,0.0,0.0,0.0,0.8,-0.8,0.8,1.6,0.0,1.6,-0.8,1.6,0.0,-2.4000000000000004,0.0,0.8,0.0,0.0,0.0,1.6,-0.8,1.6,0.8,0.0,0.8,-1.6,1.6,0.8,0.8,1.6,-0.8,1.6,0.8,0.0,0.8,-0.8,1.6,-0.8,-0.8,0.8,0.0,1.6,0.8,0.8,0.8,-0.8,1.6,-0.8,1.6,0.8,-0.8,0.0,0.0,0.8,0.0,0.8,1.6,0.8,1.6,0.0,-1.6,1.6,0.0,-0.8,0.0,-0.8,0.0,0.0,0.0,0.8,0.0,0.0,-0.8,0.0,-0.8,-0.8,0.0,-0.8,-0.8,0.8,0.0,0.0,0.8,0.0,0.0,0.0,-0.8,-0.8,-0.8,1.6,0.8,0.0,-0.8,0.8,0.8,0.8,0.0,0.0,0.0,0.8,-0.8,-0.8,0.8,0.0,-0.8,0.0,1.6,0.0,0.8,0.8,0.8,0.0,-0.8,0.8,0.0,-0.8,0.0,0.0,0.8,1.6,0.8,0.8,-0.8,0.0,0.0,0.0,0.8,0.0,0.0,0.8,0.8,0.8,0.0,1.6,-0.8,0.0,0.8,-0.8,0.0,-0.8,-0.8,1.6,0.0,0.0,-0.8,-0.8,0.8,-0.8,0.0,0.8,0.8,0.8,-1.6,0.0,0.0,0.8,0.8,-0.8,0.8,0.8,1.6,0.8,-0.8,0.8,-0.8,0.8,-0.8,-0.8,0.8,0.8,0.0,0.0,0.0,-0.8,0.0,0.0,0.0,0.0,0.0,0.0,0.0,0.8,0.8,-0.8,1.6,-1.6,-0.8,-0.8,0.8,1.6,-0.8,0.0,-0.8,0.0,0.0,-0.8,0.0,0.0,0.0,0.0,-0.8,0.0,0.0,0.0,-0.8,-0.8,0.0,-0.8,0.8,1.6,0.0,-0.8,0.0,-0.8,0.0,-0.8,0.0,0.0,0.8,0.0,0.0,0.8,0.0,0.0,0.0,0.8,1.6,-0.8,1.6,0.8,0.8,0.0,0.8,1.6,0.0,0.0,0.0,0.0,0.8,0.0,1.6,0.0,-0.8,0.8,-0.8,0.0,0.8,-0.8,0.8,-0.8,0.8,0.0,0.0,0.8,0.0,0.8,-0.8,-0.8,0.0,0.0,0.8,0.0,0.8,0.8,-0.8,0.8,-0.8,0.0,1.6,-0.8,0.8,-0.8,-0.8,0.8,0.0,0.0,-0.8,0.0,0.8,0.0,0.8,0.8,0.0,1.6,-0.8,0.0,0.0,0.8,1.6,0.8,0.0,0.8,0.0,0.0,-0.8,-0.8,0.0,-0.8,0.8,0.0,0.0,0.8,0.8,-0.8,0.0,-0.8,0.0,0.8,0.8,-0.8,-0.8,-1.6,-1.6,0.8,0.8,0.0,0.8,0.0,0.8,0.8,0.0,-0.8,-0.8,0.8,0.0,1.6,0.8,-0.8,2.4000000000000004,1.6,-1.6,0.8,0.8,0.8,-0.8,0.8,0.0,-1.6,0.8,-0.8,0.8,0.8,-1.6,1.6,0.0,0.8,0.0,-0.8,1.6,0.0,-0.8,0.0,0.8,1.6,-1.6,0.8,0.8,-1.6,0.8,0.0,0.8,0.0,0.0,0.8,0.0,0.0,0.0,0.8,1.6,0.0,0.8,-0.8,0.8,0.0,-0.8,1.6,0.0,0.8,0.0,-0.8,0.0,0.0,1.6,-0.8,-0.8,0.8,0.8,1.6,0.0,-0.8,0.8,0.0,1.6,-0.8,0.0,1.6,0.0,0.0,0.0,0.8,0.8,0.0,0.8,0.8,0.0,0.0,0.0,1.6,0.0,-1.6,-0.8,-0.8,0.8,0.0,0.0,0.8,0.0,-0.8,1.6,1.6,-0.8,0.8,0.8,0.0,1.6,0.8,0.8,0.8,1.6,0.0,0.8,0.0,0.8,-0.8,-0.8,-1.6,0.0,0.0,0.8,0.0,1.6,0.8,0.0,0.8,-0.8,0.0,0.8,-1.6,1.6,0.0,0.0,0.8,0.0,0.8,-0.8,1.6,0.0,0.8,1.6,0.0,1.6,1.6,-0.8,0.0,-0.8,1.6,0.8,-0.8,1.6,0.0,0.8,-0.8,0.8,0.8,-0.8,0.8,0.0,0.0,0.0,0.0,0.8,1.6,0.0,0.0,-0.8,1.6,0.0,0.0,0.0,0.8,0.8,0.0,0.0,-0.8,0.8,1.6,-0.8,0.8,0.8,0.8,2.4000000000000004,0.0,2.4000000000000004,0.8,0.0,1.6,-0.8,0.8,-0.8,0.8,0.8,0.0,1.6,0.0,1.6,0.0,0.8,1.6,0.0,1.6,0.0,0.0,0.8,0.0,0.0,-0.8,0.8,0.8,0.0,0.0,0.8,0.0,0.8,0.8,0.8,-0.8,0.8
event_3,1625266697.876352,1.6,0.8,0.0,-0.8,1.6,-0.8,0.0,0.8,0.0,0.8,0.0,0.8,0.0,0.0,1.6,0.0,0.0,0.0,0.0,0.0,0.0,0.0,0.0,1.6,1.6,0.8,0.8,0.0,0.0,0.0,0.8,0.8,1.6,0.0,0.8,1.6,0.8,0.0,1.6,0.8,0.8,0.0,0.0,0.8,0.8,0.8,0.8,0.8,0.8,-0.8,0.8,0.0,0.8,-0.8,1.6,0.0,0.0,0.0,0.0,0.8,0.8,0.0,0.0,0.0,0.8,0.8,0.8,0.0,0.0,0.8,1.6,-0.8,0.8,0.0,1.6,0.8,0.0,0.8,-0.8,0.8,0.0,0.0,0.0,0.8,0.8,0.0,1.6,1.6,-0.8,2.4000000000000004,-0.8,-1.6,0.0,1.6,1.6,-1.6,1.6,3.2,-1.6,0.8,2.4000000000000004,0.0,-8.0,-71.2,-136.8,-92.80000000000001,-38.400000000000006,-13.600000000000001,-5.6,-1.6,-6.4,-9.600000000000001,-8.8,-5.6,-4.800000000000001,-0.8,1.6,-1.6,-1.6,0.8,0.0,0.0,-0.8,1.6,0.8,0.0,1.6,0.0,-2.4000000000000004,-0.8,1.6,2.4000000000000004,-1.6,-0.8,3.2,1.6,-1.6,0.0,1.6,0.8,-0.8,-0.8,0.8,1.6,0.8,0.0,0.8,0.8,-0.8,-0.8,-1.6,1.6,-0.8,0.8,0.8,0.8,0.8,0.0,0.8,0.0,0.8,1.6,-0.8,-0.8,0.0,0.0,0.0,0.8,1.6,0.8,-0.8,-0.8,0.8,0.8,0.0,0.8,-0.8,0.0,0.0,-0.8,0.0,0.0,0.0,1.6,0.0,0.0,0.8,0.0,0.8,0.8,-1.6,-0.8,3.2,0.0,-0.8,0.8,0.0,0.8,0.8,0.8,-0.8,0.0,0.0,0.8,0.8,0.0,0.8,0.8,0.0,1.6,0.0,1.6,0.0,0.0,0.0,-0.8,0.0,-0.8,0.0,1.6,-0.8,2.4000000000000004,0.8,0.0,1.6,0.0,1.6,-0.8,0.8,1.6,1.6,1.6,0.0,1.6,2.4000000000000004,0.0,0.8,-0.8,0.8,0.8,0.0,0.0,-0.8,0.0,0.8,0.0,0.8,-0.8,0.8,0.8,0.8,0.8,0.0,0.8,0.8,-0.8,0.8,0.0,0.8,0.8,1.6,0.8,-0.8,1.6,0.8,0.0,0.8,0.0,0.8,-0.8,-0.8,0.8,0.0,0.0,0.0,-0.8,0.0,-0.8,0.0,0.0,0.0,0.8,0.0,0.0,0.8,-0.8,0.0,0.8,-2.4000000000000004,-1.6,0.0,0.8,0.0,-0.8,0.0,1.6,0.8,0.0,-0.8,0.8,1.6,0.0,-0.8,0.0,0.0,0.0,0.0,0.0,0.8,0.0,0.8,0.0,-0.8,-0.8,0.0,-0.8,0.8,0.8,0.0,0.8,0.8,0.8,-0.8,0.8,0.8,-0.8,0.0,-0.8,0.8,0.8,-0.8,0.8,1.6,1.6,0.0,0.0,1.6,0.8,0.0,0.0,-0.8,0.8,0.0,0.8,1.6,0.8,-0.8,-0.8,-0.8,0.0,-0.8,0.8,-0.8,0.8,-0.8,0.0,0.8,-0.8,1.6,0.0,-0.8,0.8,0.8,0.8,-0.8,-0.8,0.8,0.0,0.0,-1.6,0.8,0.8,-0.8,0.8,-0.8,0.8,0.8,0.8,1.6,-0.8,0.8,0.8,0.8,1.6,0.0,0.0,1.6,-0.8,0.0,-0.8,0.8,-0.8,0.0,0.0,0.8,1.6,1.6,0.0,0.0,0.0,0.0,0.0,0.8,0.8,1.6,0.8,0.8,1.6,0.0,-0.8,1.6,0.0,-0.8,-0.8,-0.8,0.8,0.0,0.0,0.8,1.6,0.0,1.6,2.4000000000000004,-0.8,0.0,1.6,0.0,-0.8,3.2,0.0,-2.4000000000000004,1.6,0.8,0.8,0.8,0.0,0.0,0.0,-0.8,0.0,0.8,0.0,0.8,0.8,0.0,0.0,0.8,0.0,1.6,-1.6,0.0,0.8,1.6,0.0,-0.8,0.8,0.8,0.0,0.8,0.8,-0.8,0.8,0.0,0.8,0.0,0.8,-0.8,-0.8,0.0,0.0,0.8,0.0,0.8,-0.8,-0.8,0.8,-0.8,0.0,-0.8,-0.8,0.0,-1.6,0.8,-0.8,0.0,0.0,-0.8,-0.8,0.8,0.8,1.6,0.0,0.8,0.8,0.0,0.8,0.0,0.0,0.8,0.0,0.0,0.0,0.0,0.8,0.0,0.0,0.0,1.6,0.0,0.0,0.8,-0.8,0.0,0.8,0.8,0.0,0.0,0.0,1.6,0.0,0.0,0.8,0.8,0.0,0.0,1.6,0.8,1.6,-0.8,0.8,1.6,0.8,-0.8,0.8,-0.8,0.0,-0.8,-0.8,0.8,-0.8,0.8,0.8,0.8,1.6,-0.8,0.0,-0.8,0.0,0.0,0.0,0.0,0.8,-0.8,0.0,0.0,0.0,0.0,0.8,0.8,-0.8,1.6,0.0,-0.8,0.8,0.0,1.6,0.0,0.8,1.6,-1.6,0.8,0.0,0.0,0.0,-0.8,0.8,0.0,0.8,0.8,0.8,-1.6,0.0,1.6,-0.8,-0.8,0.0,-1.6,0.8,1.6,0.8,0.0,-0.8,0.8,0.8,0.8,1.6,-0.8,2.4000000000000004,0.8,-0.8,0.8,0.0,1.6,0.8,0.8,0.8,-0.8,0.8,0.8,0.8,0.0,-0.8,0.0,-0.8,0.0,0.0,0.0,0.8,-0.8,0.0,0.0,0.0,0.0,-0.8,1.6,0.0,1.6,0.0,1.6,1.6,1.6,-1.6,0.8,0.0,0.8,0.0,-0.8,0.0,0.0,0.0,0.8,0.8,1.6,0.8,0.0,0.0,0.0,-0.8,1.6,0.0,1.6,0.0,0.0,0.8,1.6,0.8,0.8,0.0,0.0,0.8,1.6,0.0,1.6,1.6,0.8,0.0,-1.6,1.6,1.6,-1.6,0.8,0.0,0.0,0.8,0.8,0.8,0.8,0.8,0.8,0.0,0.8,0.0,0.0,0.8,0.0,0.0,0.0,2.4000000000000004,0.0,-0.8,1.6,1.6,1.6,0.8,0.0,1.6,0.0,0.8,0.0,1.6,2.4000000000000004,0.8,0.8,0.8,0.8,1.6,0.0,1.6,0.8,0.8,0.8,-0.8,1.6,0.0,0.8,1.6,0.8,0.8,0.0,0.8,0.8,0.8,0.0,0.0,1.6,1.6,1.6,0.8,1.6,1.6,0.0,2.4000000000000004,1.6,0.0,0.8,0.0,-0.8,0.0,0.0,1.6,0.8,0.8,0.8,0.0,0.0,0.8,-0.8,0.8,0.0,0.8,0.0,0.0,0.0,0.8,0.8,0.8,0.0,0.8,1.6,1.6,0.8,0.8,0.0,0.0,-0.8,0.8,0.8,0.0,0.8,0.8,0.8,-0.8,0.8,0.8,0.8,0.0,0.8,1.6,-0.8,0.8,0.0,-0.8,1.6,-0.8,-1.6,0.0,0.8,0.8,0.0,-0.8,1.6,0.0,1.6,-0.8,0.0,0.8,0.0,0.8,0.8,0.0,1.6,-0.8,2.4000000000000004,0.0,0.8,0.8,0.0,2.4000000000000004,0.0,0.8,1.6,-0.8,1.6,0.8,1.6,0.8,0.8,1.6,0.0,0.8,0.0,0.0,2.4000000000000004,0.8,0.0,2.4000000000000004,0.8,-1.6,0.8,3.2,-0.8,-0.8,2.4000000000000004,-0.8,-0.8,0.0,0.0,0.8,0.8,0.0,1.6,1.6,-0.8,-0.8,1.6,0.8,0.0,-0.8,0.8,0.8,-1.6,0.0,0.8,0.0,0.0,0.0,0.0,2.4000000000000004,0.8,0.8,1.6,0.8,-0.8,0.0,0.8,1.6,-0.8,-0.8,0.0,0.0,-0.8,0.0,0.0,0.0,0.0,1.6,0.8,1.6,0.8,0.8,0.0,0.8,-0.8,-1.6,1.6,0.8,1.6,0.8,0.8,0.8,0.0,0.8,0.0,0.0,1.6,-0.8,0.0,0.8,0.0,0.8,0.8,0.8,0.0,-0.8,0.8,0.8,0.0,0.0,-0.8,0.8,0.0,0.8,1.6,0.0,2.4000000000000004,0.0,0.8,1.6,0.0,1.6,-0.8,0.8,0.0,1.6,0.8,0.8,0.8,0.8,0.0,1.6,0.0,0.8,1.6,0.0,-0.8,0.0,-0.8,1.6,0.0,1.6,0.0,0.8,0.0,-0.8,0.8,0.8,0.0,1.6,0.0,0.8,0.8,0.8,0.0,0.8,0.8,-0.8,2.4000000000000004,0.8,-0.8,0.8,0.0,0.8,0.0,0.0,0.8,0.0,0.0,0.8,0.0,0.0,0.0,0.8,0.0,-0.8,0.8,0.0,0.0,0.8,0.0,0.8,0.0,-0.8,-0.8,-0.8,0.8,0.0,0.0,0.8,0.0,0.8,0.8,0.8,0.0,0.0,0.0,0.0,0.0,0.0,-0.8,0.0,-0.8,0.8,0.8,-0.8,0.0,0.0,-1.6,-0.8,0.0,0.8,-0.8,0.0,0.0,0.8,0.8,0.0,0.0,0.0,-0.8,0.8,-0.8,1.6,0.0,-0.8,2.4000000000000004,0.0,1.6,0.0,0.0,0.0,0.0,0.8,0.0,0.0,0.8,-0.8,1.6,0.8,0.0,0.8,-0.8,0.0,0.0,0.0,0.8,-0.8,0.8,-1.6,0.0,1.6,0.0,0.8,0.0,0.0,-1.6,0.0,1.6,-0.8,0.0,0.8,0.0,-0.8,0.0,1.6,-0.8,-1.6,-0.8,0.8,0.0,0.0,0.8,0.8,0.0,0.8,0.8,0.0,0.8,0.8,0.8,1.6,-0.8,-0.8,0.8,0.8,-0.8,0.0,-0.8,0.8,0.8,0.0,0.0,-0.8,0.8,-0.8,0.0,0.0,0.0,0.0,-0.8,0.8,0.8,0.0,0.0,0.0,0.8,-1.6,-0.8,0.0,0.0,0.8,0.0,0.0,0.0,-0.8,0.0,0.8,0.8,-0.8,-0.8,2.4000000000000004,0.0,1.6,0.8,0.0,0.0,0.0,0.0,0.8,0.0,0.0,-0.8,0.0,-0.8,0.0,0.8,0.0,0.8,0.8,-0.8,0.8,-1.6,0.8,-0.8,0.0,0.0,0.0,0.8,-1.6,0.8,0.8,0.0,0.8,0.0,1.6,0.8,0.0,0.8,-0.8,1.6,0.0,-1.6,0.8,0.8,0.8,0.0,0.0,0.8,0.0,0.8,0.0,-0.8,0.0,-0.8,0.8,0.0,0.8,1.6,-0.8,1.6,-0.8,-0.8,0.0,0.0,0.0,0.0,1.6,1.6,0.0,0.8,-1.6,0.0,0.8,-0.8,0.0,-0.8,0.0,0.0,0.0,0.8,0.0,0.8,0.0,0.0,0.8,-0.8,0.0,-0.8,-0.8,0.8,0.8,0.0,0.0,0.8,0.8,1.6,0.8,0.0,0.0,0.8,0.8,1.6,0.8,0.8,0.0,0.8,-0.8,0.0,0.0,0.8,0.8,-0.8,0.0,0.8,0.0,1.6,0.0,0.8,0.0,0.8,0.0,0.8,-0.8,0.0,0.8,0.8,-0.8,1.6,-0.8,0.8,0.0,0.0,0.8,0.0,1.6,0.8,0.0,1.6,-0.8,0.8,0.0,-0.8,2.4000000000000004,-0.8,0.8,0.8,0.0,0.0,0.0,-0.8,0.0,0.8,0.8,-0.8,1.6,0.8,0.0,0.0,0.8,0.0,-1.6,-0.8,0.8,0.0,0.0,-0.8,0.8,0.8,0.8,0.8,-0.8,0.0,0.8,0.0,0.8,0.8,0.8,0.0,0.0,1.6,0.0,0.8,0.0,0.0,0.0,-0.8,1.6,-0.8,0.0,0.0,-0.8,1.6,0.8,0.8,1.6,0.8,0.0,-1.6,0.8,2.4000000000000004,1.6,0.8,0.8,1.6,1.6,0.0,0.8,-0.8,0.0,0.0,0.0,0.8,0.0,-0.8,1.6,0.0,0.8,0.8,-0.8,0.0,0.8,0.0,0.8,0.0,0.0,-0.8,0.8,0.8,0.0,0.8,0.0,0.8,0.0,0.8,0.8,-0.8,0.8,0.8,0.0,0.0,1.6,1.6,0.0,0.0,1.6,-1.6,0.0,0.8,0.8,0.8,0.0,0.8,0.8,-1.6,1.6,0.0,0.0,0.8,0.0,0.0,0.0,1.6,0.8,0.0,0.0,0.8,0.8,0.8,-0.8,0.0,0.8,1.6,-0.8,0.0,1.6,0.0,-0.8,0.8,1.6,1.6,0.0,2.4000000000000004,0.8,-0.8,0.0,0.0,0.8,0.0,0.0,1.6,1.6,0.8,0.0,1.6,0.0,0.0,0.0,1.6,0.8,1.6,0.0,1.6,2.4000000000000004,1.6,0.8,0.8,0.8,0.8,0.8,0.8,0.8,0.8,0.8,1.6,0.8,0.8,0.8,0.8,0.0,1.6,0.0,1.6,0.0,0.8,0.8,-0.8,0.0,0.0,1.6,0.8,0.0,0.8,1.6,0.8,0.8,0.0,1.6,0.0,0.0,0.0,0.8,2.4000000000000004,-0.8,0.0,0.8,-1.6,0.8,0.0,0.0,0.8,0.0,1.6,0.0,1.6,1.6,0.8,2.4000000000000004,-0.8,-0.8,0.0,-0.8,0.8,0.0,1.6,0.8,0.8,1.6,-0.8,0.8,0.8,0.0,0.0,-0.8,1.6,0.0,-0.8,1.6,1.6,1.6,0.0,0.8,1.6,0.0,0.8,-0.8,0.8,0.0,0.0,0.8,0.8,0.0,1.6,0.8,1.6,0.0,0.0,0.0,0.0,1.6,0.0,0.8,1.6,0.8,0.0,1.6,0.8,1.6,0.8,-0.8,-0.8,0.0,0.8,1.6,0.8,-0.8,-0.8,0.0,0.0,1.6,0.0,0.8,0.8,1.6,0.8,0.0,0.8,0.8,0.0,0.8,0.8,-0.8,0.8,0.8,-0.8,0.0,0.0,0.0,-0.8,-0.8,1.6,0.8,-0.8,0.0,0.0,0.0,0.8,0.8,0.0,0.0,1.6,0.0,0.0,0.0,0.8,0.0,0.8,0.8,-1.6,0.0,1.6,0.0,0.0,0.0,2.4000000000000004,0.8,0.0,-0.8,-0.8,0.8,0.0,0.0,0.8,0.8,0.8,0.0,0.8,1.6,-0.8,0.8,0.0,1.6,1.6,-0.8,1.6,0.0,0.8,1.6,0.0,1.6,-0.8,0.8,0.8,0.0,2.4000000000000004,-0.8,0.8,0.0,0.8,0.8,-0.8,0.8,0.8,-0.8,0.8,-0.8,2.4000000000000004,0.0,-0.8,1.6,-1.6,0.8,1.6,0.8,1.6,-1.6,0.0,0.0,0.8,0.0,-0.8,2.4000000000000004,0.8,-3.2,0.0,2.4000000000000004,0.8,-0.8,1.6,0.8,-0.8,1.6,0.0,0.0,0.8,0.0,1.6,-1.6,0.8,0.0,0.8,0.0,1.6,0.0,-1.6,0.8,0.8,0.8,0.8,0.8,0.8,0.8,0.8,0.0,0.0,0.8,0.0,0.0,0.0,1.6,0.8,0.0,0.8,0.8,0.8,2.4000000000000004,0.0,0.0,0.0,0.0,0.0,0.8,0.8,0.8,0.8,0.8,0.0,1.6,-0.8,0.0,0.0,0.0,0.8,0.0,0.8,0.0,-0.8,0.8,0.0,0.8,0.8,0.8,1.6,0.0,0.0,0.0,1.6,1.6,-0.8,0.8,0.0,1.6,0.8,0.0,0.8,0.8,0.0,0.0,0.0,0.8,-0.8,0.8,0.8,1.6,0.0,0.0,0.8,0.8,-1.6,1.6,0.0,1.6,-1.6,0.0,1.6,0.0,0.8,0.0,0.8,0.0,0.0,1.6,0.0,0.0,0.0,0.8,0.0,-0.8,0.8,0.0,-0.8,0.0,0.0,0.8,0.0,-0.8,0.0,0.0,0.8,0.8,-0.8,0.8,1.6,0.8,1.6,0.0,-0.8,0.0,1.6,0.0,0.0,0.0,0.0,1.6,0.8,0.0,-0.8,0.0,0.8,0.8,0.8,1.6,0.0,0.0,0.8,1.6,0.0,0.8,0.0,0.8,-0.8,0.0,0.0,0.8,0.0,0.0,0.0,1.6,0.0,0.0,0.0,0.8,0.8,0.0,0.8,-0.8,1.6,0.8,0.0,1.6,0.0,0.8,0.0,0.0,0.8,-0.8,0.0,0.0,0.8,0.8,0.0,2.4000000000000004,0.0,-0.8,1.6,0.0,1.6,-0.8,0.0,0.0,0.0,0.8,-1.6,0.8,0.0,1.6,1.6,0.0,0.8,0.0,0.0,0.8,-0.8,1.6,0.0,0.0,0.8,0.8,0.8,-0.8,0.0,1.6,-1.6,0.8,0.8,0.0,0.8,0.8,2.4000000000000004,-0.8,0.8,0.8,-0.8,1.6,0.0,-0.8,0.8,1.6,0.8,-0.8,0.8,1.6,0.8,1.6,-0.8,0.0,0.8,0.0,0.0,0.8,0.0,0.8,0.8,1.6,0.8,0.8,0.0,-0.8,0.8,0.0,0.0,-0.8,-0.8,0.0,-0.8,0.0,1.6,0.8,0.8,0.0,0.0,0.8,-0.8,0.0,0.0,2.4000000000000004,1.6,0.8,1.6,1.6,0.0,0.8,-0.8,0.8,0.8,-0.8,0.8,0.8,1.6,1.6,0.0,0.8,-0.8,0.0,1.6,0.8,0.0,0.0,0.8,0.0,0.0,0.0,-0.8,1.6,0.0,-0.8,0.0,0.0,1.6,0.8,0.0,0.8,0.0,1.6,-0.8,0.0,1.6,0.0,0.8,0.0,0.8,-0.8,0.0,0.8,0.0,0.8,0.0,0.8,0.0,0.8,0.8,0.0,0.0,0.8,-0.8,0.8,0.8,0.0,0.8,0.0,0.8,0.8,0.8,-0.8,-1.6,0.8,0.0,-0.8,0.8,0.8,0.0,0.8,0.8,0.8,0.8,0.8,0.8,0.8,0.0,0.8,-0.8,0.0,0.0,0.0,0.0,0.0,-0.8,0.8,0.8,0.8,0.0,0.0,0.8,0.8,2.4000000000000004,0.0,1.6,0.8,0.8,0.8,0.8,0.0,0.8,0.8,0.0,0.0,1.6,-0.8,1.6,0.0,0.0,0.8,0.0,0.0,0.8,-0.8,0.8,0.0,1.6,0.8,0.0,0.8,0.0,0.8,0.0,0.8,0.8,-0.8,1.6,0.0,0.8,0.0,0.0,0.8,-0.8,1.6,0.8,-0.8,1.6,-2.4000000000000004,-0.8,0.8,-0.8,-0.8,-0.8,2.4000000000000004,0.0,0.0,1.6,-0.8,0.8,0.0,-0.8,0.0,-0.8,2.4000000000000004,0.0,0.8,0.8,0.8,0.8,0.0,0.8,0.8,0.0,0.8,-0.8,0.0,0.8,0.0,0.8,-0.8,1.6,0.8,-0.8,1.6,0.0,0.0,-0.8,0.8,-0.8,0.8,0.8,-0.8,0.8,0.8,0.8,1.6,0.0,1.6,-0.8,-0.8,0.0,0.0,0.0,-0.8,0.8,0.8,-1.6,0.0,0.8,0.8,0.0,-0.8,0.0,0.0,-1.6,1.6,0.8,0.0,-0.8,0.0,-0.8,2.4000000000000004,-0.8,0.8,0.0,0.8,-0.8,0.0,1.6,0.0,0.8,0.8,0.0,0.0,1.6,0.8,0.8,0.0,0.0,0.0,0.0,0.8,0.8,1.6,-0.8,-0.8,0.0,-1.6,0.8,0.0,0.8,0.0,0.0,1.6,-0.8,0.8,1.6,-0.8,0.8,-0.8,0.0,0.8,0.8,1.6,-1.6,0.0,0.8,0.0,1.6,0.0,0.0,0.8,0.0,0.0,0.0,0.0,0.8,0.0,0.8,0.8,0.0,0.0,0.0,2.4000000000000004,-0.8,0.8,0.8,0.0,0.8,-0.8,0.8,0.0,0.8,1.6,0.0,0.8,0.0,-0.8,0.8,-0.8,1.6,-1.6,-0.8,0.8,0.0,0.0,-0.8,0.0,0.0,-0.8,0.8,-0.8,-0.8,-0.8,0.8,0.0,0.0,0.8,0.0,0.0,0.8,-1.6,1.6,0.8,0.0,0.0,-1.6,0.8,-0.8,-0.8,0.0,0.0,0.0,0.8,0.0,0.0,-0.8,0.0,0.0,0.0,-0.8,0.8,0.0,-0.8,0.0,-0.8,0.0,0.8,0.0,0.8,-0.8,0.0,0.0,0.8,0.8,-0.8,0.0,0.0,0.0,-1.6,0.8,0.8,-0.8,0.8,-0.8,0.8,0.8,0.0,0.8,0.0,0.8,-0.8,-1.6,1.6,0.0,0.8,0.0,0.8,1.6,0.0,0.0,0.0,0.8,0.0,0.0,0.0,0.0,0.0,0.0,0.0,1.6,0.8,0.0,1.6,0.0,1.6,-0.8,0.0,0.0,0.8,0.0,0.0,0.8,1.6,0.0,1.6,0.0,0.8,0.0,-0.8,0.8,0.0,-0.8,1.6,0.8,0.8,0.0,0.8,0.0,0.0,0.8,-0.8,-0.8,0.8,0.0,0.0,0.0,1.6,0.0,0.8,1.6,-1.6,0.8,0.0,-0.8,0.0,0.0,0.8,-0.8,-0.8,0.8,0.8,0.0,0.8,0.0,0.0,-0.8,-0.8,0.0,0.0,0.8,0.8,0.0,0.8,0.0,0.8,0.8,-0.8,-0.8,-0.8,1.6,-0.8,0.0,0.8,-0.8,-0.8,1.6,1.6,-1.6,0.8,1.6,-1.6,0.0,1.6,0.0,0.8,0.0,0.0,1.6,0.8,0.8,0.0,0.0,0.0,-0.8,0.8,-1.6,0.8,-0.8,0.8,0.8,-0.8,0.8,0.0,0.8,0.8,-0.8,0.0,1.6,0.8,0.8,-0.8,1.6,-1.6,0.0,0.0,0.0,-0.8,-0.8,0.0,0.8,-0.8,1.6,0.0,0.0,0.8,0.0,1.6,0.8,-0.8,0.8,-0.8,1.6,-0.8,0.0,0.8,-0.8,0.0,-0.8,0.8,0.0,1.6,0.8,-0.8,0.8,0.0,0.0,-0.8,-0.8,0.0,0.0,0.0,0.0,-0.8,0.0,-2.4000000000000004,0.0,0.8,0.0,0.8,0.8,0.0,1.6,0.8,0.0,0.8,0.0,-0.8,0.8,1.6,1.6,0.8,0.0,1.6,0.8,1.6,0.0,-0.8,1.6,-1.6,0.0,0.0,0.8,1.6,-0.8,0.8,0.0,0.8,0.0,0.0,2.4000000000000004,-1.6,0.8,0.8,0.0,2.4000000000000004,-1.6,0.8,0.0,0.0
event_4,1625266700.0874782,0.8,0.0,-0.8,0.0,0.0,0.8,0.0,0.8,0.8,-0.8,1.6,0.0,0.0,0.0,-1.6,0.8,-0.8,0.0,0.8,0.0,0.0,0.0,0.8,-1.6,-0.8,0.0,-1.6,0.0,0.0,-0.8,-0.8,-0.8,0.0,-0.8,0.0,0.0,-1.6,0.8,0.0,0.8,0.8,0.0,2.4000000000000004,-0.8,0.8,-0.8,0.0,1.6,-2.4000000000000004,0.0,-0.8,-0.8,0.8,-0.8,0.8,0.0,-0.8,0.0,-0.8,2.4000000000000004,-0.8,-0.8,0.8,-1.6,0.8,-0.8,-0.8,1.6,0.0,1.6,0.0,0.0,0.0,-0.8,1.6,0.0,0.8,0.0,0.0,1.6,0.0,0.8,0.8,0.0,0.8,-0.8,0.0,-0.8,0.0,0.8,0.8,0.8,-0.8,-0.8,0.0,0.0,0.8,-1.6,0.0,0.0,0.8,0.0,-2.4000000000000004,-40.0,-95.2,-76.80000000000001,-32.800000000000004,-12.0,-6.4,-3.2,-1.6,-5.6,-6.4,-4.0,-5.6,-3.2,-0.8,0.0,0.0,0.0,-1.6,-1.6,-2.4000000000000004,0.0,0.0,-1.6,0.0,2.4000000000000004,-2.4000000000000004,-1.6,0.8,0.8,-0.8,-0.8,0.0,0.0,-0.8,0.0,0.0,0.0,-0.8,0.0,1.6,0.0,0.0,-1.6,-0.8,0.0,0.0,0.0,-0.8,-0.8,0.8,-0.8,0.8,-0.8,0.8,0.0,0.0,0.8,-2.4000000000000004,-0.8,1.6,-2.4000000000000004,-0.8,1.6,0.8,-1.6,0.0,2.4000000000000004,-0.8,0.8,-0.8,-0.8,0.0,0.0,-1.6,-0.8,0.0,0.8,-0.8,0.0,-0.8,0.8,0.8,-0.8,0.0,0.0,-0.8,0.8,0.0,0.0,-1.6,0.0,0.8,0.0,0.0,0.0,0.0,0.8,0.0,0.0,0.8,0.0,0.8,0.0,0.8,0.0,0.8,0.8,-0.8,0.8,0.0,0.0,0.0,-0.8,0.0,0.0,-0.8,0.0,0.0,0.0,0.0,0.0,-1.6,-0.8,0.0,0.0,-0.8,0.0,0.0,-0.8,0.8,-1.6,-1.6,-0.8,1.6,0.8,-0.8,0.0,0.8,1.6,1.6,0.0,0.0,0.0,0.8,0.8,0.8,1.6,1.6,0.8,-0.8,0.0,0.8,-0.8,0.8,0.8,-0.8,0.8,0.0,0.8,0.8,0.0,0.8,0.8,1.6,-0.8,1.6,0.8,0.0,0.8,-0.8,0.8,1.6,-1.6,0.8,-0.8,2.4000000000000004,0.0,0.8,0.8,-0.8,0.0,-0.8,-0.8,0.0,-0.8,0.8,0.8,1.6,-0.8,-1.6,0.0,0.0,0.0,0.8,-0.8,0.8,0.0,0.0,0.0,0.0,0.8,-0.8,0.0,-1.6,0.8,0.8,-0.8,0.8,0.0,0.8,0.0,-0.8,0.0,0.0,0.0,0.8,0.0,-0.8,0.0,0.0,0.8,0.0,0.0,0.0,-0.8,0.0,0.0,0.0,0.8,-0.8,0.0,0.0,0.8,0.8,0.0,0.8,0.8,0.0,1.6,0.8,0.8,0.8,0.8,0.0,-0.8,0.8,0.8,-0.8,0.0,0.8,-0.8,0.8,0.0,0.8,-0.8,0.0,0.0,0.0,0.0,-1.6,0.8,0.8,0.0,1.6,0.0,0.0,1.6,0.0,1.6,0.8,2.4000000000000004,0.0,0.0,0.8,-0.8,-0.8,0.0,0.0,1.6,-1.6,0.0,0.0,-0.8,0.8,0.0,0.0,0.0,0.8,1.6,-0.8,1.6,-0.8,0.8,0.0,0.0,0.0,-0.8,0.8,0.8,-1.6,0.8,-0.8,0.0,2.4000000000000004,0.0,0.0,0.0,0.8,0.0,0.8,0.0,0.0,0.8,-0.8,0.8,0.8,-1.6,-0.8,0.0,0.0,1.6,0.8,1.6,0.0,1.6,0.0,0.0,1.6,-0.8,-0.8,0.0,0.8,0.8,0.0,0.8,0.8,0.0,0.8,-0.8,0.0,0.0,-0.8,0.0,0.8,0.8,0.8,1.6,0.0,0.8,2.4000000000000004,-0.8,0.8,1.6,0.0,0.0,0.8,0.0,0.0,0.0,0.8,0.0,0.0,0.0,0.8,0.0,0.0,-1.6,-0.8,0.0,0.8,0.8,-0.8,0.8,1.6,0.8,0.8,-0.8,1.6,0.8,-0.8,0.0,0.0,0.8,1.6,0.0,1.6,-1.6,0.0,0.0,0.0,0.8,-0.8,0.8,0.0,-0.8,0.8,-0.8,0.0,0.8,-0.8,0.8,-0.8,1.6,0.8,-0.8,0.8,-0.8,0.0,-0.8,-0.8,0.8,0.0,0.8,0.0,-0.8,0.8,-0.8,0.0,0.0,0.8,0.8,0.8,0.8,0.0,0.8,1.6,1.6,0.0,-1.6,2.4000000000000004,1.6,0.8,1.6,0.0,1.6,0.8,0.8,0.0,-0.8,1.6,0.8,-0.8,1.6,0.8,0.8,0.0,-0.8,0.8,-0.8,0.0,0.0,0.0,0.0,0.0,0.8,0.8,0.0,0.8,-1.6,1.6,0.8,0.0,1.6,2.4000000000000004,-0.8,-1.6,3.2,0.8,0.0,0.8,0.0,0.0,0.8,-0.8,1.6,0.8,0.8,-0.8,0.8,0.0,0.0,0.8,1.6,0.8,0.0,-0.8,0.8,0.0,0.0,0.0,0.8,0.0,0.8,0.0,0.0,0.0,0.0,1.6,1.6,0.8,0.0,0.0,1.6,-1.6,0.0,1.6,0.0,0.0,0.0,0.8,1.6,-0.8,0.0,0.0,-0.8,0.8,0.8,0.8,0.0,0.8,0.0,0.8,0.8,0.0,0.8,0.0,-0.8,0.0,0.0,1.6,0.8,0.0,0.0,-0.8,0.8,0.0,-0.8,0.0,0.0,0.8,-0.8,0.0,0.0,-0.8,0.8,0.0,0.0,0.8,0.8,0.0,0.8,0.0,0.0,-0.8,1.6,0.0,-0.8,0.0,1.6,0.0,0.8,0.8,0.8,0.8,-1.6,0.8,0.8,0.0,0.0,0.0,0.8,1.6,0.0,0.8,0.0,0.8,-0.8,-1.6,0.0,0.0,0.0,1.6,0.0,0.8,0.0,1.6,-0.8,0.0,-0.8,0.0,-0.8,0.0,0.0,-0.8,0.0,0.8,0.8,1.6,0.8,0.8,1.6,0.0,0.0,0.0,0.0,0.0,-0.8,0.0,0.0,2.4000000000000004,-1.6,0.0,0.0,-0.8,1.6,-0.8,-0.8,0.0,-1.6,0.8,0.8,0.8,0.8,-0.8,0.8,-2.4000000000000004,0.0,0.0,0.8,1.6,-1.6,0.8,0.0,0.8,2.4000000000000004,0.0,0.0,-0.8,0.8,-0.8,-0.8,0.8,0.0,0.0,0.8,0.0,0.8,-1.6,0.0,0.0,-2.4000000000000004,0.8,0.8,0.0,0.8,-1.6,0.8,1.6,0.0,1.6,0.8,0.0,-0.8,0.0,0.8,-0.8,1.6,-0.8,0.8,0.8,0.8,0.0,1.6,0.0,0.0,0.0,-0.8,-1.6,-0.8,-0.8,1.6,0.8,0.0,-0.8,0.0,-0.8,1.6,-1.6,0.8,0.8,0.8,0.0,0.0,0.0,0.8,0.8,0.0,-0.8,0.0,0.8,0.8,0.0,0.0,0.8,1.6,0.0,-0.8,0.8,0.0,0.0,0.0,0.0,0.0,-1.6,0.8,-0.8,-0.8,0.8,-0.8,0.8,0.8,0.8,0.0,0.8,0.0,-0.8,0.8,1.6,0.0,0.8,-0.8,0.8,-0.8,-0.8,0.8,-1.6,0.8,-1.6,-0.8,0.0,-0.8,0.0,0.0,-0.8,0.8,-0.8,0.8,0.0,0.8,1.6,-0.8,0.0,-0.8,0.8,0.8,-0.8,2.4000000000000004,-1.6,0.0,0.8,-0.8,0.8,-1.6,0.8,0.8,0.8,0.8,0.0,1.6,0.0,-0.8,1.6,0.0,0.8,-0.8,-0.8,0.8,-0.8,1.6,0.0,0.0,0.0,0.0,1.6,-0.8,0.0,0.0,-0.8,0.0,0.0,0.0,0.0,-0.8,0.8,-0.8,0.0,0.0,-0.8,2.4000000000000004,0.0,0.8,1.6,0.8,0.8,-0.8,0.8,0.0,1.6,0.0,0.8,0.0,-0.8,0.0,0.0,0.0,0.8,0.0,0.8,-1.6,0.8,0.8,-0.8,0.0,-1.6,-0.8,-0.8,1.6,0.8,0.0,-0.8,0.8,0.0,1.6,0.8,0.0,0.0,-0.8,0.8,0.8,0.8,0.8,0.8,0.8,1.6,0.0,0.0,0.8,0.0,-0.8,0.0,-0.8,-0.8,0.8,0.8,0.0,0.8,0.8,-0.8,0.0,0.0,0.8,0.8,0.0,0.8,0.8,0.8,1.6,0.0,0.8,-0.8,0.8,-0.8,-0.8,0.8,0.0,0.0,0.0,-0.8,1.6,-0.8,0.0,0.0,-0.8,0.8,0.8,-1.6,0.8,0.8,0.8,-0.8,0.8,1.6,-0.8,1.6,-0.8,0.8,0.0,0.0,1.6,-0.8,0.0,-0.8,-0.8,0.8,0.0,0.8,0.0,-0.8,1.6,-2.4000000000000004,-0.8,0.0,0.8,0.8,-0.8,2.4000000000000004,1.6,0.8,0.0,0.0,0.8,1.6,0.0,0.0,0.0,1.6,0.8,-0.8,0.0,0.8,1.6,1.6,-0.8,0.8,0.8,1.6,-0.8,0.0,0.8,1.6,0.8,0.0,1.6,0.8,0.0,0.0,0.0,0.0,0.0,-0.8,0.8,0.8,0.8,0.8,0.0,0.8,0.8,0.8,0.8,0.0,0.0,1.6,0.0,0.8,0.0,0.8,0.8,0.8,0.8,0.8,0.8,0.0,-0.8,0.0,-0.8,0.8,0.0,0.0,1.6,0.8,0.0,0.0,0.0,0.0,-0.8,1.6,-0.8,0.8,0.0,-0.8,1.6,0.0,0.0,0.0,-0.8,0.0,0.8,0.8,0.0,-0.8,0.8,-0.8,0.0,-0.8,0.8,1.6,-0.8,0.8,-0.8,0.0,0.0,0.0,1.6,-1.6,0.8,0.8,0.8,0.8,0.0,-0.8,0.8,-0.8,-0.8,0.0,0.8,0.8,0.0,-0.8,0.0,0.0,0.8,-0.8,-0.8,1.6,0.0,-0.8,0.0,0.8,0.8,0.0,0.8,1.6,0.8,0.8,0.8,0.8,0.0,0.0,0.0,-0.8,0.8,0.8,0.8,1.6,0.0,0.8,0.8,0.8,1.6,-0.8,0.8,0.0,2.4000000000000004,0.8,0.0,1.6,0.8,0.0,0.8,0.0,1.6,-1.6,-0.8,0.8,0.0,0.8,1.6,0.8,0.8,-1.6,0.8,0.0,0.8,0.0,0.0,0.8,0.8,0.8,0.8,0.8,2.4000000000000004,0.0,0.8,0.8,0.0,1.6,0.8,0.8,-0.8,0.0,0.8,-1.6,0.0,0.0,-0.8,0.8,0.8,0.0,-1.6,0.0,2.4000000000000004,-0.8,0.8,0.0,0.8,0.8,0.0,0.0,0.0,0.8,0.0,-1.6,1.6,0.8,0.0,0.0,-0.8,1.6,-0.8,1.6,0.0,0.0,1.6,-0.8,0.0,0.0,0.8,0.8,0.0,0.8,0.0,0.8,0.0,-0.8,0.8,-1.6,0.0,0.0,0.8,0.8,0.0,0.0,0.8,-0.8,0.8,0.0,1.6,0.8,-1.6,1.6,1.6,2.4000000000000004,0.0,1.6,0.8,0.8,0.0,0.0,0.8,0.0,0.0,0.0,0.0,0.0,-0.8,1.6,0.8,0.8,0.8,-0.8,0.8,0.8,-1.6,0.8,0.0,0.8,-0.8,0.0,0.8,0.0,0.0,0.0,0.8,0.8,0.8,0.8,0.0,0.8,0.0,0.8,0.0,-0.8,2.4000000000000004,0.0,0.8,1.6,-0.8,0.0,-1.6,0.0,1.6,0.0,1.6,-1.6,0.0,0.8,0.8,0.0,0.0,0.8,0.0,0.0,3.2,-0.8,1.6,0.0,0.8,0.8,0.8,1.6,-0.8,0.8,0.8,0.0,0.8,0.8,0.8,0.8,0.0,0.8,0.8,0.0,0.0,0.8,0.0,-0.8,0.0,0.0,-0.8,0.0,-0.8,2.4000000000000004,0.8,-0.8,0.8,-0.8,0.8,-1.6,0.0,1.6,0.8,0.8,0.8,0.8,0.8,-0.8,1.6,0.0,0.8,0.0,-0.8,0.0,0.8,0.8,1.6,-1.6,0.8,2.4000000000000004,-1.6,-1.6,1.6,0.8,-0.8,0.8,0.8,-2.4000000000000004,0.8,0.0,0.0,0.8,-0.8,-0.8,0.8,0.8,0.8,0.0,1.6,0.8,0.8,-0.8,0.0,1.6,0.8,-0.8,0.8,0.0,-1.6,0.0,0.0,0.8,0.0,0.0,0.0,-0.8,0.0,0.0,0.0,0.8,0.0,0.0,0.0,0.8,0.8,-0.8,0.0,0.8,0.8,1.6,-0.8,0.8,0.0,0.0,0.0,0.0,1.6,0.8,0.8,0.0,0.0,0.8,-0.8,0.8,0.0,-0.8,0.8,-0.8,0.8,0.8,-0.8,0.8,-0.8,0.0,-0.8,0.8,1.6,0.0,-0.8,0.8,0.8,0.8,0.0,0.0,1.6,2.4000000000000004,-0.8,1.6,1.6,0.0,0.8,0.0,0.0,0.0,0.0,1.6,0.0,0.8,0.0,0.0,-0.8,-0.8,0.0,0.8,-0.8,0.8,0.0,0.0,0.8,0.0,0.8,1.6,-0.8,0.0,0.8,0.8,0.0,0.0,0.8,0.0,0.0,0.8,0.8,0.0,0.0,0.0,0.0,-0.8,0.8,1.6,0.8,0.8,0.8,1.6,0.0,-0.8,0.8,0.0,0.8,-0.8,-0.8,0.8,0.8,0.8,-0.8,-0.8,0.8,0.8,1.6,-0.8,0.8,0.8,0.0,1.6,-0.8,0.0,1.6,-0.8,0.8,0.0,0.8,0.0,-0.8,0.8,-0.8,0.8,0.0,-0.8,0.0,-0.8,0.0,0.8,0.0,1.6,0.0,1.6,1.6,0.0,2.4000000000000004,0.0,1.6,0.0,0.0,0.8,0.0,0.8,0.8,0.0,0.8,-1.6,1.6,-0.8,0.8,0.8,-0.8,0.0,-0.8,-0.8,0.0,-1.6,0.0,-1.6,0.0,0.8,0.0,0.0,-1.6,-1.6,0.0,-0.8,0.0,0.0,-0.8,0.8,0.8,-0.8,-0.8,0.0,-1.6,0.0,-0.8,0.0,0.8,-0.8,-0.8,0.0,-1.6,-0.8,0.0,-0.8,0.0,0.0,0.8,0.0,0.8,0.0,0.0,0.0,-1.6,-1.6,0.0,1.6,0.0,-0.8,0.8,0.0,0.8,-0.8,0.0,-1.6,0.0,-0.8,0.8,0.0,0.8,0.0,1.6,-0.8,0.8,-0.8,0.8,0.8,0.8,-1.6,-0.8,0.0,0.8,0.0,0.8,-0.8,1.6,0.8,0.0,0.8,-0.8,1.6,-0.8,0.0,0.8,0.0,0.0,0.0,0.0,0.8,-0.8,1.6,0.0,0.0,0.8,0.0,-0.8,-0.8,0.8,0.8,-1.6,1.6,-0.8,0.0,0.0,-0.8,0.8,-0.8,0.8,0.0,0.0,0.8,-1.6,1.6,-1.6,0.0,1.6,-0.8,2.4000000000000004,0.8,0.0,1.6,-0.8,0.0,-0.8,-0.8,0.8,-0.8,0.0,-0.8,0.0,-1.6,-1.6,1.6,-0.8,0.8,0.0,0.0,0.0,-0.8,0.8,-1.6,0.0,0.0,-3.2,0.0,0.8,0.8,0.8,0.0,0.8,0.0,0.0,0.8,-0.8,0.8,-0.8,-0.8,0.0,0.0,-0.8,0.8,-0.8,1.6,1.6,-0.8,-0.8,0.0,0.0,0.0,-0.8,0.0,0.0,-0.8,0.0,0.0,0.8,1.6,0.8,0.8,0.0,0.0,0.0,0.8,1.6,0.0,0.8,0.0,0.8,0.0,0.0,0.8,0.0,0.0,0.0,-0.8,0.8,-0.8,0.8,0.0,0.0,0.8,0.0,0.0,0.0,0.0,0.8,0.8,0.8,0.0,-0.8,0.8,-0.8,0.8,0.8,-1.6,0.8,0.0,0.8,-0.8,-0.8,2.4000000000000004,0.8,-1.6,-0.8,0.8,0.0,-1.6,0.8,-0.8,-0.8,0.8,0.0,2.4000000000000004,-0.8,0.0,2.4000000000000004,-0.8,0.8,-1.6,-0.8,1.6,-0.8,0.0,0.0,2.4000000000000004,0.0,-0.8,0.8,0.0,2.4000000000000004,0.0,-0.8,0.8,-0.8,0.0,-0.8,0.8,0.8,0.0,0.8,0.0,0.8,0.0,0.0,1.6,0.0,0.0,-0.8,-0.8,1.6,0.0,0.0,0.0,0.0,0.0,0.8,0.0,0.0,0.0,-0.8,0.8,0.0,2.4000000000000004,0.8,-0.8,0.8,1.6,0.0,0.8,0.0,1.6,0.0,-0.8,0.0,0.8,0.0,0.8,0.8,0.8,0.8,1.6,0.0,0.8,-1.6,-0.8,1.6,1.6,0.0,0.0,0.8,0.8,0.0,0.0,0.0,1.6,0.8,0.0,0.8,0.0,1.6,0.8,0.8,0.8,0.0,0.0,-0.8,0.0,0.0,-0.8,1.6,-0.8,0.0,1.6,0.0,0.0,-1.6,0.8,0.8,-1.6,0.8,-0.8,-0.8,-0.8,0.8,0.0,-0.8,0.8,0.8,0.0,0.8,-1.6,0.8,0.0,0.8,0.0,0.0,1.6,0.0,0.0,0.0,0.8,0.8,-0.8,-0.8,1.6,-1.6,0.0,-0.8,0.0,0.0,0.0,0.0,0.0,0.8,0.8,0.8,0.0,0.0,-0.8,0.0,-0.8,1.6,0.0,0.8,1.6,0.8,-0.8,0.8,0.0,1.6,0.8,-0.8,0.0,0.0,0.0,1.6,0.8,0.8,-0.8,0.0,-0.8,0.0,0.8,0.0,0.0,0.0,0.0,0.8,-0.8,0.0,-0.8,1.6,1.6,0.0,1.6,0.0,0.0,0.0,-0.8,0.8,-0.8,0.0,0.8,0.0,0.8,0.8,0.8,0.8,-0.8,0.8,0.8,0.8,0.8,0.0,1.6,0.8,0.8,0.0,0.8,0.8,-0.8,0.8,0.8,0.0,0.8,-0.8,2.4000000000000004,1.6,1.6,0.8,-1.6,0.8,0.0,0.0,0.0,-0.8,0.8,0.8,0.8,1.6,0.0,0.0,0.0,0.8,0.0,0.0,0.8,0.0,0.8,0.0,-1.6,0.8,0.8,0.8,1.6,0.0,0.8,-2.4000000000000004,0.0,0.8,1.6,0.8,0.0,1.6,0.8,0.0,2.4000000000000004,-0.8,0.8,-0.8,-0.8,0.8,0.0,0.8,1.6,0.0,0.8,0.0,0.8,-1.6,0.8,0.8,1.6,0.0,0.8,-0.8,-0.8,0.8,0.0,0.8,0.8,-0.8,-0.8,0.8,0.0,0.0,0.8,-0.8,0.0,0.0,0.0,0.8,0.8,0.0,1.6,-0.8,-0.8,0.8,0.8,0.0,-0.8,0.8,0.8,-0.8,1.6,0.0,0.0,0.8,-1.6,-1.6,-0.8,3.2,-0.8,0.0,1.6,-0.8,0.8,0.8,0.0,-0.8,0.0,0.0,-1.6,0.8,0.8,0.0,0.8,-0.8,1.6,0.0,-1.6,1.6,0.8,-0.8,0.0,0.0,0.0,-1.6,0.0,0.0,0.8,0.8,0.0,0.8,0.0,-0.8,-0.8,0.0,0.8,-0.8,0.0,1.6,0.8,1.6,-1.6,1.6,0.0,-0.8,0.8,0.8,1.6,0.0,0.0,2.4000000000000004,-0.8,0.8,0.0,0.0,-0.8,0.8,0.8,-0.8,-0.8,1.6,-0.8,0.8,-1.6,0.0,1.6,0.0,0.0,0.0,0.8,0.8,0.0,0.8,0.0,0.0,0.8,-0.8,0.8,0.8,-0.8,0.0,0.0,-1.6,-0.8,1.6,0.8,-1.6,0.8,0.0,-0.8,0.0,0.8,0.0,0.8,0.0,-0.8,0.8,0.8,-0.8,0.0,0.8,1.6,1.6,1.6,-1.6,0.0,0.0,0.0,0.0,0.0,0.0,0.8,0.0,0.0,0.8,0.8,-0.8,0.0,0.8,-0.8,0.0,-0.8,0.8,1.6,0.8,-0.8,1.6,-0.8,0.0,0.8,1.6,0.0,-0.8,0.8,0.8,2.4000000000000004,0.0,0.0,0.8,0.0,-0.8,0.8,0.0,0.0,-0.8,0.0,-0.8,1.6,0.0,2.4000000000000004,0.8,0.0,-0.8,0.0,0.0,1.6,-0.8,1.6,-0.8,0.0,1.6,-0.8,0.0,0.0,0.8,0.8,0.0,-0.8,0.0,0.8,0.0,0.0,0.0,-0.8,0.0,-0.8,1.6,0.8,-1.6,0.8,-0.8,-1.6,0.8,0.0,0.0,0.0,0.0,0.8,-0.8,0.8,0.0,-0.8,0.0,0.0,-0.8,-0.8,0.8,-0.8,0.0,0.8,0.0,0.8,0.0,-0.8,-0.8,-0.8,0.0,-0.8,-1.6,1.6,0.0,-0.8,0.0,0.0,-0.8,0.8,-0.8,0.8,0.0,-1.6,0.8,-0.8,0.8,0.0,-0.8,0.8,-0.8,1.6,0.0,0.0,0.8,-0.8,0.8,0.0,0.8,0.8,0.8,0.8,0.0,-0.8,0.8,-0.8,0.0,-0.8,0.8,0.0,-1.6,0.8,0.0,0.0,0.0,-1.6,0.8,-1.6,0.8,-0.8,0.8,0.0,0.0,0.8,-0.8,0.0,0.8,0.8,0.8,-0.8,0.8,2.4000000000000004,0.0,-0.8,-0.8,0.0,0.8,-1.6,0.0,0.8,0.8,0.8,0.0,0.0,-1.6,-0.8,0.8,0.8,0.0,-1.6,0.0,1.6,0.0,0.0,0.8,0.8,-0.8,-1.6,0.0,0.8,0.8,0.0,0.0,0.0,0.0,1.6,0.0,0.0,0.8,0.0,0.0,0.8,0.0,0.0,0.0,0.0,0.8,0.0,0.0,0.0,0.0,0.0,-0.8,0.0,1.6,-0.8,-0.8,0.0,-0.8,0.0,-0.8,0.0,0.8,1.6,-1.6,-1.6,2.4000000000000004,0.8,0.8,0.8,0.8,1.6,-0.8,0.0,0.8,0.0,-0.8,-0.8,0.0,0.8,0.0,1.6,0.0,0.8,-0.8,0.0,0.0,0.0,0.0,0.0,0.0,1.6,-0.8,1.6,0.0,0.0,0.0,-1.6,0.8,-0.8,0.0,0.0,0.0,1.6,0.0,0.0,0.0,-2.4000000000000004,0.8,-0.8,0.0,0.0,-0.8,0.0,-0.8
event_5,1625266702.244602,0.8,-0.8,1.6,0.8,-0.8,0.8,0.0,-0.8,0.8,0.0,-0.8,0.8,0.8,0.0,0.0,0.0,0.8,0.8,0.0,0.8,0.8,0.8,0.0,0.0,0.8,0.0,0.8,-0.8,-1.6,0.8,0.8,0.0,-0.8,0.8,0.8,0.0,0.0,-0.8,-0.8,0.8,0.0,-0.8,0.8,0.0,0.0,-0.8,0.8,0.8,0.0,0.0,-0.8,0.0,-1.6,-0.8,0.8,-0.8,0.8,0.8,0.0,1.6,-0.8,0.0,0.8,0.0,0.8,-1.6,1.6,0.0,0.0,0.0,-0.8,2.4000000000000004,0.8,-0.8,1.6,-0.8,0.8,-0.8,0.0,-0.8,0.8,0.8,0.8,0.8,0.8,-0.8,1.6,-0.8,0.8,-1.6,0.8,-0.8,0.0,0.0,0.0,0.8,-0.8,-0.8,1.6,0.0,-0.8,0.0,-12.8,-54.400000000000006,-56.800000000000004,-28.0,-10.400000000000002,-5.6,-2.4000000000000004,-0.8,-1.6,-5.6,-3.2,0.8,-1.6,-2.4000000000000004,2.4000000000000004,1.6,-3.2,0.0,1.6,-1.6,0.0,-0.8,-1.6,1.6,0.0,-2.4000000000000004,-0.8,0.8,-1.6,-0.8,0.0,1.6,0.8,0.0,-0.8,1.6,0.8,0.0,-0.8,0.0,0.0,0.0,0.0,0.8,0.0,0.8,0.8,0.0,-0.8,0.0,0.0,0.0,0.8,0.0,0.8,0.0,1.6,0.8,0.0,1.6,-0.8,0.8,0.8,0.0,0.8,0.8,0.8,0.8,0.0,2.4000000000000004,0.8,1.6,0.0,0.0,0.0,-0.8,0.8,1.6,0.0,1.6,0.8,1.6,-0.8,0.0,0.0,0.0,0.8,0.8,-0.8,1.6,0.0,0.0,0.0,0.8,1.6,0.0,1.6,-1.6,0.8,0.8,-2.4000000000000004,0.8,0.0,0.8,-0.8,-0.8,3.2,0.8,0.0,0.0,-0.8,1.6,-0.8,0.0,0.8,0.0,0.8,0.0,0.8,0.8,0.8,0.8,0.0,-0.8,0.0,0.0,1.6,0.8,0.0,0.8,0.8,0.0,0.8,0.8,0.0,0.0,0.0,-0.8,0.8,0.8,0.8,-0.8,0.0,1.6,-0.8,0.0,0.0,0.8,-0.8,-1.6,0.8,0.0,0.8,-0.8,0.8,2.4000000000000004,0.8,1.6,0.8,0.0,0.0,-0.8,0.8,-0.8,2.4000000000000004,0.0,1.6,0.8,1.6,1.6,0.8,1.6,0.8,-0.8,0.0,-0.8,0.8,0.0,0.8,0.8,0.0,0.0,1.6,0.0,1.6,-1.6,1.6,0.8,0.0,0.0,0.0,0.8,0.0,0.0,0.0,0.0,1.6,0.8,0.8,0.0,0.0,0.8,0.0,0.0,0.0,0.8,1.6,-1.6,0.8,0.0,-0.8,1.6,-0.8,0.8,0.0,0.0,1.6,0.0,1.6,0.8,0.0,2.4000000000000004,-1.6,0.0,0.0,0.0,0.8,0.0,0.8,1.6,0.0,1.6,0.0,0.0,0.0,0.0,0.8,0.0,0.0,0.8,0.8,0.8,0.0,0.8,0.0,0.0,0.0,-0.8,0.8,-0.8,0.0,0.8,0.0,0.8,0.8,0.0,0.8,1.6,0.8,-0.8,-0.8,0.0,0.0,0.8,-0.8,0.8,0.8,0.8,-0.8,0.0,0.8,0.0,0.0,0.0,0.0,-1.6,0.8,0.8,0.8,-0.8,0.0,0.8,-1.6,0.0,0.0,1.6,0.8,0.8,0.8,-0.8,0.8,1.6,-0.8,0.8,0.0,0.0,0.0,0.0,0.8,-0.8,-0.8,1.6,-1.6,-1.6,0.8,0.8,0.0,-0.8,0.0,-1.6,-0.8,0.0,-0.8,0.0,-0.8,0.8,-0.8,0.0,0.8,-0.8,0.8,-0.8,-0.8,0.8,0.8,0.0,-0.8,0.0,0.8,-0.8,0.8,-0.8,-1.6,0.0,-1.6,0.8,0.0,0.0,1.6,0.8,0.0,0.0,0.0,1.6,0.0,0.8,-0.8,-0.8,0.0,-0.8,0.0,-0.8,0.8,0.8,0.8,0.0,0.8,1.6,0.0,-0.8,0.8,1.6,2.4000000000000004,0.8,0.0,1.6,0.8,-0.8,0.0,0.8,0.0,-0.8,-0.8,-0.8,0.0,0.0,1.6,0.0,-0.8,-0.8,0.8,0.8,0.0,-0.8,-0.8,0.8,1.6,-1.6,0.0,0.0,-0.8,0.0,0.0,0.8,0.0,1.6,0.8,-0.8,0.8,0.0,0.0,0.0,-1.6,1.6,0.0,0.0,0.8,-0.8,0.0,0.0,1.6,0.0,0.8,0.8,0.0,0.8,-0.8,0.0,0.0,0.0,0.0,-0.8,0.0,1.6,0.0,0.0,0.0,0.8,-0.8,0.0,-0.8,0.0,1.6,0.0,-0.8,1.6,-0.8,0.0,1.6,0.0,0.8,0.0,0.8,-0.8,0.0,0.8,-1.6,0.8,0.0,0.0,0.8,-1.6,0.8,0.0,0.0,0.8,0.0,0.0,-0.8,0.8,0.8,1.6,0.8,0.0,1.6,1.6,0.0,0.8,0.0,-0.8,0.0,0.0,0.0,0.0,0.8,1.6,0.8,1.6,0.0,0.0,0.0,0.8,0.0,0.8,0.0,0.8,0.8,0.0,1.6,0.0,0.0,0.0,-0.8,0.0,0.0,0.8,0.8,-0.8,0.8,0.0,0.8,0.0,0.0,2.4000000000000004,-1.6,0.8,0.0,-0.8,0.0,0.0,1.6,-0.8,-0.8,0.0,0.0,0.0,0.8,0.0,0.8,-0.8,-0.8,0.0,0.8,0.0,0.0,1.6,0.8,1.6,0.8,-1.6,-0.8,0.8,0.8,0.0,-0.8,0.8,0.0,1.6,0.0,1.6,1.6,0.0,0.8,0.0,-0.8,0.0,-0.8,0.8,0.0,0.0,1.6,0.0,0.8,0.8,0.8,1.6,0.0,0.8,0.8,0.8,2.4000000000000004,0.0,1.6,0.8,0.8,0.8,-0.8,0.8,0.0,0.0,0.0,-0.8,0.8,0.0,1.6,0.8,-0.8,-0.8,-0.8,0.0,-0.8,-0.8,0.8,0.0,2.4000000000000004,0.0,-1.6,0.0,0.0,0.8,0.0,0.8,0.0,1.6,0.8,0.0,0.8,0.0,0.8,0.0,-0.8,1.6,0.8,-0.8,0.0,0.0,-0.8,0.0,0.8,0.0,0.8,0.0,0.8,-0.8,0.8,0.8,0.0,0.8,0.0,-1.6,0.8,0.8,0.0,0.8,-0.8,0.8,0.0,1.6,0.8,-0.8,1.6,-0.8,0.8,0.0,0.0,0.0,-0.8,0.0,0.8,0.0,0.0,-0.8,0.8,-0.8,-0.8,0.0,-0.8,0.0,0.0,0.8,1.6,0.8,0.8,0.0,0.8,0.8,0.0,0.8,0.0,1.6,0.8,-0.8,0.8,0.8,-0.8,0.0,0.0,0.0,-1.6,0.0,0.0,-0.8,1.6,0.8,1.6,0.8,-0.8,0.0,-0.8,0.8,0.0,0.0,0.0,-0.8,-0.8,-0.8,0.0,0.0,-0.8,1.6,0.0,0.0,1.6,-0.8,0.0,0.0,0.8,0.0,0.0,-0.8,1.6,0.0,0.8,0.0,0.0,-0.8,-0.8,0.0,0.0,-0.8,0.0,0.0,0.0,0.8,0.8,0.0,-1.6,0.0,-0.8,0.0,1.6,0.0,0.0,0.8,1.6,-0.8,0.0,0.8,-1.6,1.6,0.0,-0.8,0.8,0.8,0.0,0.0,0.0,0.0,0.0,0.0,0.8,0.0,-0.8,-0.8,0.8,0.0,-0.8,-0.8,-0.8,0.8,-0.8,-0.8,1.6,-0.8,0.0,-1.6,0.0,1.6,0.0,1.6,0.0,0.0,1.6,-2.4000000000000004,1.6,0.0,0.8,0.8,-0.8,0.0,-0.8,-0.8,0.8,-0.8,0.0,-0.8,0.8,0.8,-0.8,0.0,0.0,-0.8,0.8,-0.8,0.8,0.0,1.6,0.0,0.8,0.0,-1.6,1.6,0.8,0.0,0.8,0.8,1.6,0.0,-0.8,0.8,0.0,-0.8,-0.8,0.0,-1.6,0.0,1.6,0.0,0.8,0.0,-0.8,0.8,0.0,0.0,0.0,0.0,0.0,-0.8,0.0,0.8,1.6,0.0,0.0,0.0,0.0,2.4000000000000004,-0.8,-2.4000000000000004,0.8,1.6,-2.4000000000000004,0.0,0.8,-0.8,0.0,0.8,0.0,1.6,-0.8,-0.8,0.8,-0.8,-0.8,-2.4000000000000004,0.8,0.8,-0.8,0.8,0.0,0.8,-0.8,0.0,0.8,-0.8,0.0,-0.8,0.0,1.6,0.0,0.8,0.8,0.8,0.0,0.0,1.6,-0.8,0.8,-0.8,-0.8,0.8,-1.6,0.8,0.0,-0.8,0.8,0.0,0.8,-0.8,-1.6,0.8,-1.6,0.8,0.0,0.0,0.8,-0.8,0.8,0.0,0.0,0.8,1.6,1.6,-0.8,0.0,0.8,-0.8,-0.8,-1.6,0.0,0.8,-0.8,0.8,-0.8,0.0,0.8,-0.8,0.8,0.0,0.8,0.0,0.0,0.8,-0.8,0.8,0.8,-1.6,-0.8,-0.8,1.6,0.0,-0.8,0.0,0.8,0.8,0.8,-0.8,-0.8,0.0,1.6,-0.8,0.0,0.8,0.0,0.8,0.8,0.8,0.0,0.0,0.0,0.8,-0.8,0.0,0.0,0.0,0.0,0.0,0.0,0.8,0.0,0.0,0.8,-0.8,0.0,-1.6,0.8,0.8,0.8,0.0,0.8,1.6,0.8,-0.8,0.0,0.0,0.8,-1.6,0.0,0.0,-0.8,-0.8,0.0,-0.8,0.8,0.0,0.0,0.0,0.8,0.0,0.0,0.8,0.0,0.0,-0.8,0.0,1.6,-1.6,0.8,0.0,-0.8,0.8,0.0,0.8,0.8,0.0,-0.8,-0.8,0.8,0.8,0.8,0.8,-0.8,1.6,-1.6,0.8,-0.8,-0.8,-0.8,-0.8,0.8,0.0,-0.8,0.8,-0.8,0.8,-0.8,-0.8,-0.8,0.8,1.6,-0.8,0.8,1.6,-0.8,1.6,-1.6,-0.8,1.6,-1.6,0.0,-0.8,0.0,0.0,0.8,0.8,0.8,0.8,0.8,0.0,0.0,-1.6,0.8,0.8,0.0,0.0,0.8,0.0,1.6,0.8,0.8,0.0,0.0,0.0,-0.8,0.8,0.0,1.6,0.8,-0.8,0.8,-0.8,-1.6,1.6,0.0,0.8,0.8,0.0,0.8,0.0,0.0,0.8,0.0,0.8,0.0,0.0,-0.8,0.8,0.0,0.0,1.6,0.8,-0.8,-0.8,-0.8,2.4000000000000004,-0.8,1.6,0.0,-0.8,1.6,0.8,0.0,0.8,0.0,0.8,-0.8,0.0,0.8,0.0,0.0,0.0,0.0,-0.8,0.0,1.6,-0.8,0.8,0.8,0.0,0.0,0.0,0.0,0.0,-0.8,0.0,-1.6,0.8,0.8,0.0,1.6,0.0,0.0,0.8,0.8,0.8,0.0,0.8,-0.8,-0.8,0.8,0.0,0.8,0.0,0.0,1.6,0.8,0.0,-0.8,0.0,0.0,-0.8,0.0,-0.8,0.0,0.0,-1.6,1.6,0.8,0.8,0.8,0.0,0.8,-0.8,1.6,0.8,0.0,0.8,0.0,0.0,0.8,-0.8,1.6,0.0,0.8,0.8,0.0,0.0,0.0,0.0,0.8,1.6,0.0,0.0,0.8,0.0,0.8,0.0,0.8,0.8,0.8,0.0,0.0,0.0,-0.8,0.8,0.8,0.0,0.8,0.8,0.8,0.0,0.0,0.8,0.0,-0.8,-0.8,0.0,0.8,-0.8,1.6,0.0,0.0,0.8,0.0,3.2,-0.8,1.6,0.8,0.8,1.6,0.0,0.8,0.0,0.0,0.8,0.0,1.6,0.0,0.8,0.8,0.0,0.8,0.0,0.0,0.0,0.8,0.0,-0.8,0.0,0.8,0.0,1.6,0.8,0.8,1.6,0.0,0.0,0.0,0.0,0.0,0.0,0.8,-0.8,1.6,-0.8,0.8,1.6,-0.8,0.8,0.0,0.8,0.0,0.8,2.4000000000000004,1.6,0.0,0.0,-0.8,1.6,-0.8,1.6,0.8,0.0,0.8,-0.8,0.0,0.0,0.0,1.6,0.0,1.6,0.0,0.8,-0.8,0.8,0.0,0.0,0.8,0.8,-0.8,0.0,1.6,0.8,0.8,0.0,0.0,1.6,1.6,0.0,0.0,0.0,0.8,0.8,-0.8,0.0,0.8,0.0,0.0,-0.8,0.0,-0.8,0.0,0.0,0.0,0.8,0.0,0.8,0.0,0.8,1.6,0.0,2.4000000000000004,-0.8,-0.8,0.8,0.8,0.8,0.0,0.0,0.8,-0.8,0.8,-0.8,-1.6,0.8,0.8,-0.8,0.0,0.8,0.8,0.0,1.6,0.0,0.0,0.0,0.0,2.4000000000000004,-1.6,0.0,0.0,0.0,0.0,-0.8,0.8,0.8,0.0,0.8,0.0,1.6,0.0,-0.8,0.0,-0.8,2.4000000000000004,-0.8,1.6,1.6,0.8,1.6,0.0,0.0,0.8,0.0,0.8,-0.8,0.0,0.8,0.8,2.4000000000000004,0.0,0.0,0.8,-1.6,0.0,-0.8,0.8,0.0,0.0,0.8,-0.8,0.0,0.0,0.0,0.8,0.0,0.8,0.8,0.0,0.0,0.0,1.6,0.0,0.8,0.0,0.0,0.8,-0.8,0.0,-0.8,-0.8,-0.8,-1.6,0.8,-0.8,0.8,0.8,0.0,1.6,0.0,0.0,1.6,0.0,0.0,-0.8,0.8,-0.8,0.0,0.0,0.0,0.8,0.8,0.0,-1.6,0.0,0.8,0.0,0.0,0.0,0.8,0.0,-0.8,1.6,-1.6,0.0,0.8,-0.8,0.8,-0.8,0.0,0.0,0.0,-0.8,-1.6,1.6,0.8,0.0,1.6,0.0,0.8,-1.6,0.0,0.8,0.8,0.0,-0.8,0.8,0.8,-1.6,0.8,-0.8,0.8,-0.8,-1.6,0.8,0.0,0.8,0.8,-0.8,1.6,-1.6,0.0,-0.8,0.0,-0.8,-0.8,0.8,0.0,-1.6,-0.8,0.0,0.8,0.8,-0.8,0.8,-0.8,1.6,0.8,-0.8,1.6,-0.8,0.8,0.0,-0.8,1.6,0.8,-0.8,0.0,-1.6,-0.8,0.0,0.8,0.0,0.0,0.0,0.0,0.0,0.0,0.0,-0.8,0.0,-0.8,-1.6,0.0,0.8,0.0,0.8,-0.8,0.8,-0.8,0.0,0.8,-1.6,-0.8,0.8,-1.6,-0.8,0.8,0.8,-0.8,-0.8,0.0,0.0,0.0,1.6,0.8,0.0,0.0,0.8,0.0,0.0,0.0,0.0,0.8,0.8,-0.8,0.0,0.8,-0.8,-0.8,0.8,0.0,0.8,-0.8,0.8,0.8,1.6,-0.8,0.8,0.0,0.8,0.0,-0.8,0.0,1.6,0.0,1.6,0.8,0.8,0.0,0.0,0.0,0.8,0.0,1.6,-1.6,2.4000000000000004,0.0,-0.8,0.0,0.0,1.6,-0.8,0.0,0.0,0.8,0.8,-0.8,0.8,0.8,-0.8,0.0,-1.6,1.6,0.8,-0.8,1.6,-0.8,0.0,-1.6,1.6,0.0,-0.8,0.8,0.8,0.0,0.8,0.0,0.0,0.0,0.8,-0.8,0.8,0.8,0.0,1.6,0.0,0.0,0.8,1.6,-0.8,-0.8,0.8,0.8,-1.6,0.8,1.6,0.8,0.0,0.8,0.8,0.0,0.0,0.8,0.8,-0.8,0.0,-0.8,0.8,0.8,-1.6,0.0,0.0,-1.6,0.8,0.0,0.8,0.0,0.0,-0.8,-0.8,2.4000000000000004,-1.6,0.0,1.6,0.0,0.0,0.8,0.0,-0.8,0.0,0.8,-0.8,1.6,0.0,1.6,2.4000000000000004,-0.8,0.0,0.8,0.0,1.6,-0.8,1.6,0.0,1.6,0.8,-0.8,0.8,0.8,0.8,0.8,0.0,0.0,0.8,0.8,0.8,-0.8,0.8,-0.8,0.8,-0.8,-0.8,1.6,-0.8,0.8,0.0,-1.6,0.8,0.0,0.8,0.8,0.0,1.6,-1.6,1.6,0.0,-0.8,1.6,-0.8,0.0,0.0,0.8,0.8,0.0,0.8,0.8,0.0,1.6,-0.8,-0.8,0.0,0.0,0.0,0.0,0.8,0.0,0.0,0.0,0.8,0.8,0.0,0.8,0.8,-0.8,0.8,0.0,0.0,0.0,0.8,0.8,-0.8,0.0,1.6,0.8,0.8,0.8,-0.8,0.0,0.8,2.4000000000000004,0.0,0.8,0.8,0.8,0.0,0.0,0.0,0.0,0.0,0.0,0.0,0.0,0.8,2.4000000000000004,0.0,1.6,0.0,0.0,0.0,0.0,0.8,-0.8,0.0,0.8,0.0,0.0,-0.8,1.6,1.6,0.8,0.8,0.0,1.6,0.8,0.0,1.6,0.0,0.8,-0.8,0.8,0.8,0.0,1.6,0.0,-0.8,-0.8,-0.8,1.6,0.0,0.0,0.8,-0.8,0.8,0.0,0.8,0.0,0.0,0.0,-1.6,1.6,0.8,-0.8,1.6,-0.8,1.6,0.0,0.8,1.6,0.0,1.6,0.8,0.0,0.0,0.0,1.6,0.0,1.6,1.6,0.8,0.8,-0.8,1.6,-0.8,0.0,0.8,0.0,0.8,0.0,-0.8,1.6,0.0,1.6,0.8,1.6,0.8,-0.8,2.4000000000000004,0.0,2.4000000000000004,1.6,-0.8,1.6,1.6,0.8,0.8,0.8,1.6,0.0,0.0,-0.8,0.8,0.8,0.0,0.0,2.4000000000000004,-0.8,0.0,0.0,1.6,-1.6,2.4000000000000004,0.0,0.8,0.8,0.0,0.0,0.8,0.0,0.0,1.6,0.8,0.8,1.6,-0.8,-0.8,3.2,1.6,-0.8,0.8,0.0,0.0,1.6,-0.8,0.0,1.6,-0.8,0.0,1.6,0.8,0.8,0.8,0.0,0.8,0.8,0.0,1.6,0.8,-1.6,0.0,2.4000000000000004,0.8,0.8,0.8,0.8,1.6,0.8,-0.8,-0.8,0.0,0.8,-0.8,0.8,1.6,0.8,0.8,0.8,1.6,0.0,0.8,-0.8,0.8,-1.6,0.0,-0.8,0.8,0.0,2.4000000000000004,0.0,1.6,0.0,0.0,1.6,-0.8,0.8,0.0,0.0,0.8,0.0,0.0,0.8,0.8,0.8,0.0,0.8,0.8,0.8,0.8,-0.8,-0.8,0.8,0.0,1.6,0.0,0.8,-0.8,0.0,0.0,0.8,0.0,2.4000000000000004,0.0,1.6,0.0,0.0,0.0,0.0,1.6,0.0,0.0,1.6,1.6,0.0,0.8,0.0,0.8,1.6,-0.8,0.8,2.4000000000000004,-0.8,0.0,0.8,0.0,-0.8,0.8,0.8,-0.8,0.0,0.8,1.6,-0.8,0.8,0.8,0.0,0.8,-0.8,0.8,0.0,2.4000000000000004,0.8,-0.8,1.6,0.0,0.8,2.4000000000000004,-0.8,0.8,0.0,0.8,0.0,0.0,0.8,0.8,0.8,1.6,0.8,1.6,-1.6,0.0,0.0,0.0,0.8,-0.8,0.8,0.8,-0.8,0.0,0.8,1.6,0.8,0.0,0.8,-0.8,0.0,0.8,0.8,2.4000000000000004,0.0,1.6,0.8,0.8,0.0,0.8,1.6,0.8,0.8,-0.8,0.0,2.4000000000000004,-0.8,1.6,0.0,0.0,0.0,-0.8,0.0,0.0,0.0,1.6,0.8,0.0,0.0,0.8,0.8,0.8,0.8,0.0,0.0,0.0,0.8,1.6,0.8,0.8,0.8,0.0,-0.8,-0.8,0.8,0.0,0.0,1.6,0.8,-0.8,-0.8,0.0,0.0,-0.8,0.8,1.6,0.8,0.0,0.8,0.0,1.6,0.8,0.0,0.8,1.6,0.8,0.8,0.8,0.8,0.0,1.6,-1.6,0.0,0.8,-0.8,0.8,1.6,0.0,0.8,0.0,0.0,0.8,-0.8,0.8,0.0,0.8,0.0,-1.6,-0.8,0.8,0.0,0.0,-0.8,1.6,0.0,0.8,1.6,0.8,0.8,-1.6,0.8,0.0,1.6,0.0,0.0,2.4000000000000004,0.8,0.0,0.8,-0.8,0.8,-0.8,0.0,0.0,0.0,1.6,0.0,0.0,0.8,-1.6,1.6,-0.8,0.8,-0.8,0.0,1.6,0.0,0.0,0.0,0.0,0.8,-0.8,0.8,0.0,0.0,1.6,-0.8,1.6,-0.8,-0.8,1.6,0.0,0.0,0.0,1.6,0.0,0.0,-0.8,-2.4000000000000004,0.0,-0.8,-0.8,0.0,-0.8,0.8,0.0,1.6,0.8,0.0,0.8,-0.8,-0.8,0.8,0.8,0.8,0.0,0.8,0.0,-0.8,0.8,-0.8,0.8,1.6,-0.8,0.0,-0.8,0.8,0.8,0.8,1.6,0.8,0.8,-0.8,0.8,0.0,0.0,-0.8,0.0,0.0,0.8,0.0,0.0,1.6,0.8,0.0,0.8,-0.8,-0.8,0.8,-0.8,0.8,1.6,0.0,2.4000000000000004,1.6,0.8,-0.8,0.8,0.8,0.0,0.8,0.0,0.0,0.0,-0.8,2.4000000000000004,0.8,0.0,-0.8,0.8,1.6,0.8,0.8,0.8,0.0,1.6,-0.8,2.4000000000000004,0.0,0.8,1.6,0.0,0.8,0.8,1.6,0.8,0.0,0.8,0.8,0.8,0.0,-0.8,0.8,0.0,0.0,-0.8,-0.8,0.0,-1.6,0.8,2.4000000000000004,-1.6,2.4000000000000004,0.0,-0.8,0.8,0.8,0.0,-1.6,0.0,0.0,0.8,2.4000000000000004,1.6,0.8,0.0,0.8,1.6,0.8,0.8,-0.8,0.0,0.8,-0.8,0.8,0.0,0.0,0.0,0.0,1.6,-0.8,-0.8,0.8,0.8,0.0,0.0,2.4000000000000004,0.8,0.0,-0.8,0.0,0.8,1.6,0.0,1.6,0.0,0.8,-0.8,1.6,0.8,0.0,0.0,0.0,0.8,0.8,0.0,0.0,-0.8,0.0,0.0,0.8,0.0,0.0,0.0,1.6,1.6,0.0,0.0,0.8,0.8,0.0,0.0,0.8,0.8,1.6,0.8,-0.8,0.8,0.0,0.8,0.8,0.8,0.0,0.8,0.8,-0.8,0.8,0.8,0.0,1.6,0.0,0.0,2.4000000000000004,0.0,0.0,-0.8,0.0,1.6,0.0,0.0,0.0,0.0,1.6,-1.6,0.8,0.0
event_6,1625266704.3947248,0.0,0.8,0.0,0.8,0.8,-1.6,2.4000000000000004,0.8,2.4000000000000004,0.0,-0.8,1.6,0.8,0.8,1.6,0.8,0.0,-0.8,0.0,0.0,-0.8,0.0,0.0,0.8,0.8,0.0,1.6,-0.8,1.6,-0.8,0.0,0.8,0.0,0.8,0.0,0.8,1.6,0.0,1.6,0.0,0.8,2.4000000000000004,0.0,0.8,0.0,0.8,1.6,-0.8,0.0,0.0,0.8,0.8,0.8,0.8,0.0,0.8,0.0,0.0,1.6,0.0,1.6,-0.8,0.0,1.6,-1.6,1.6,0.0,-1.6,0.8,0.8,0.8,0.8,0.0,0.8,0.8,0.8,0.0,0.8,2.4000000000000004,0.8,0.0,-0.8,1.6,0.8,0.0,0.8,0.8,0.8,0.0,-0.8,1.6,0.0,0.0,0.0,0.0,0.0,0.0,1.6,0.8,0.0,1.6,1.6,1.6,-14.400000000000002,-56.800000000000004,-73.6,-46.400000000000006,-18.4,-9.600000000000001,-2.4000000000000004,-0.8,-3.2,-5.6,-4.800000000000001,-3.2,-1.6,0.8,0.8,0.0,0.0,0.0,0.8,0.8,1.6,0.0,0.0,-0.8,0.8,0.0,-1.6,-0.8,1.6,-0.8,0.0,0.0,0.0,0.0,-0.8,0.8,0.0,1.6,1.6,-2.4000000000000004,1.6,0.0,0.0,0.0,0.0,1.6,0.0,0.8,0.0,-0.8,0.0,-0.8,0.0,-0.8,-1.6,2.4000000000000004,-0.8,0.8,0.8,0.0,0.8,-0.8,0.0,0.0,0.0,1.6,-0.8,0.8,0.0,0.8,1.6,0.8,0.8,-1.6,0.0,0.0,0.0,0.0,0.0,0.0,1.6,0.0,1.6,-0.8,0.0,0.8,0.0,-0.8,-0.8,0.8,-0.8,0.0,0.8,0.0,1.6,0.8,0.0,2.4000000000000004,0.0,-0.8,-0.8,0.0,0.0,0.8,0.0,0.8,0.8,1.6,-0.8,0.8,0.0,0.0,0.8,-0.8,0.0,0.0,0.0,1.6,0.0,0.8,-0.8,-0.8,-0.8,0.0,-0.8,0.8,0.0,0.8,-1.6,0.0,0.8,0.0,1.6,-0.8,0.0,0.0,0.8,0.8,0.8,1.6,0.8,0.0,0.8,-0.8,1.6,0.8,-0.8,0.8,-0.8,0.8,0.8,0.0,0.8,-0.8,0.8,0.8,-1.6,0.8,0.0,0.0,0.8,-0.8,0.0,0.0,1.6,0.0,0.0,0.8,0.0,0.8,2.4000000000000004,0.8,-1.6,0.0,0.8,0.0,0.0,0.0,0.0,0.0,0.0,0.0,0.8,0.0,0.8,1.6,-1.6,0.8,0.0,0.8,1.6,-0.8,1.6,1.6,0.0,0.0,0.0,0.8,-0.8,-0.8,0.8,0.0,0.8,0.0,0.8,0.8,0.8,-0.8,0.8,0.8,0.8,0.0,0.0,0.8,0.0,0.0,1.6,0.8,1.6,0.8,0.8,0.8,0.8,0.0,0.0,0.0,0.8,0.0,0.0,0.0,0.8,0.0,0.8,-0.8,0.0,0.8,0.8,0.0,0.0,0.8,0.8,-0.8,0.0,1.6,1.6,0.8,0.0,0.8,0.0,-0.8,0.8,0.0,0.0,-0.8,0.8,0.8,0.0,0.8,-1.6,1.6,-0.8,-1.6,0.8,0.8,0.8,0.8,0.0,0.8,0.8,1.6,0.0,-0.8,1.6,0.0,0.8,0.0,0.8,0.8,-1.6,2.4000000000000004,0.8,0.8,0.8,-0.8,1.6,-1.6,0.0,-0.8,0.8,1.6,-0.8,0.0,0.0,-0.8,1.6,-0.8,1.6,1.6,-1.6,0.8,0.8,1.6,0.0,0.8,1.6,1.6,0.0,0.8,0.8,2.4000000000000004,0.0,0.8,-0.8,0.0,0.0,0.8,0.0,0.0,-0.8,0.8,0.8,0.8,-0.8,0.8,0.0,0.8,0.0,0.0,0.8,0.8,0.0,0.8,0.0,0.0,1.6,0.8,0.8,0.0,0.0,0.8,0.0,-0.8,1.6,1.6,0.0,0.0,-0.8,0.0,0.8,0.8,0.0,-0.8,0.0,0.0,0.0,0.8,0.0,0.8,0.8,0.8,0.0,-0.8,1.6,0.0,0.8,0.8,1.6,0.8,0.0,-0.8,-0.8,1.6,1.6,-1.6,0.0,1.6,0.0,0.0,0.0,2.4000000000000004,-0.8,0.0,0.8,0.8,0.0,0.0,0.8,1.6,0.0,0.8,0.0,0.8,0.8,0.8,0.8,0.0,0.8,0.8,-0.8,1.6,0.8,0.8,0.8,0.0,0.8,-1.6,0.8,0.0,1.6,0.8,-0.8,0.8,-0.8,0.8,0.8,-0.8,1.6,-1.6,0.0,0.0,0.0,0.8,0.0,0.8,1.6,-0.8,0.0,0.0,0.0,0.8,0.0,0.0,-0.8,1.6,0.8,-0.8,1.6,0.8,0.0,-1.6,-0.8,0.8,-0.8,0.8,0.8,0.0,0.0,-0.8,2.4000000000000004,0.0,0.8,0.0,0.0,1.6,0.0,0.0,0.8,0.8,-0.8,-1.6,0.0,0.0,-0.8,0.0,0.0,0.0,0.0,1.6,-0.8,0.0,0.8,0.0,0.8,-0.8,0.8,0.0,0.8,0.0,0.8,0.8,-0.8,0.0,0.0,-1.6,0.0,0.0,1.6,0.8,-0.8,0.0,0.8,0.0,0.8,0.0,1.6,0.0,0.8,0.0,0.8,2.4000000000000004,-0.8,0.8,1.6,-0.8,-0.8,0.8,1.6,0.8,0.0,0.0,-0.8,1.6,-1.6,0.8,0.8,0.0,0.0,-0.8,-0.8,1.6,-1.6,1.6,-0.8,1.6,0.0,0.8,0.8,0.8,0.8,0.8,0.0,-1.6,0.8,0.8,0.0,0.8,1.6,0.8,0.0,-1.6,0.0,0.8,0.0,0.0,-0.8,-0.8,0.8,0.0,0.0,0.0,0.0,0.0,0.0,0.8,1.6,0.8,1.6,0.0,0.0,0.0,0.8,0.8,0.8,0.8,0.8,0.8,0.8,-0.8,0.0,0.0,0.0,0.0,-0.8,0.8,1.6,-1.6,0.8,2.4000000000000004,0.8,1.6,-0.8,1.6,-0.8,0.0,0.0,0.0,0.8,0.8,0.8,2.4000000000000004,0.0,0.0,0.8,0.8,0.8,-0.8,1.6,0.0,1.6,0.0,0.0,0.8,0.0,0.0,0.8,0.8,0.8,0.0,0.0,0.0,0.8,0.8,0.0,2.4000000000000004,0.8,-1.6,0.8,1.6,1.6,-1.6,1.6,0.8,0.0,0.8,-1.6,0.0,1.6,0.0,1.6,-0.8,0.8,2.4000000000000004,0.0,0.8,0.0,0.0,0.0,-0.8,0.8,0.0,0.8,0.8,0.0,0.8,-0.8,0.8,0.8,-0.8,0.0,0.0,1.6,-0.8,0.0,0.8,0.0,1.6,-0.8,0.0,0.0,0.8,0.8,-0.8,0.0,0.8,0.0,0.8,0.0,0.0,0.8,0.0,-0.8,0.8,0.8,0.8,1.6,0.8,0.0,0.8,0.8,0.0,0.8,0.8,0.0,0.0,0.8,0.0,0.0,0.0,0.0,1.6,0.8,0.8,0.0,0.8,0.0,0.8,0.0,1.6,0.8,0.0,0.8,2.4000000000000004,-3.2,0.0,1.6,-0.8,0.0,0.0,0.0,0.8,-0.8,0.8,0.0,0.8,0.0,0.0,0.8,0.0,0.8,0.8,0.0,0.8,-0.8,0.8,0.8,0.8,0.8,-0.8,1.6,-0.8,0.8,1.6,0.0,1.6,-0.8,-0.8,-0.8,-0.8,1.6,0.0,0.0,0.8,0.0,0.0,-1.6,0.0,0.8,0.0,0.8,0.8,1.6,0.8,0.0,0.8,1.6,0.8,-0.8,0.0,0.8,0.0,0.8,0.8,0.0,1.6,0.8,0.0,0.0,1.6,0.0,-0.8,0.8,0.8,0.8,0.8,0.0,1.6,0.0,0.0,0.0,0.8,0.8,0.0,-0.8,0.8,0.0,0.0,0.8,0.8,0.8,0.0,0.8,0.8,1.6,-0.8,0.0,0.8,1.6,0.0,0.8,1.6,0.0,0.8,0.8,-0.8,1.6,0.8,0.0,0.0,0.0,0.0,0.8,1.6,-0.8,0.0,0.8,-0.8,0.8,-0.8,-0.8,0.8,-0.8,0.0,-0.8,0.8,1.6,0.0,0.8,0.0,0.8,0.8,0.8,0.0,-0.8,0.8,-0.8,0.8,-0.8,0.0,1.6,-0.8,0.8,0.8,-1.6,0.8,-0.8,0.0,-0.8,0.0,0.8,-0.8,1.6,0.0,0.0,1.6,-0.8,0.0,0.0,0.8,0.8,0.0,0.0,0.0,0.8,0.8,-0.8,1.6,0.8,0.0,0.0,-0.8,0.0,-0.8,0.8,0.8,0.0,0.0,0.8,0.8,0.0,0.8,0.8,0.8,0.0,0.0,1.6,0.0,0.0,1.6,0.8,0.8,-0.8,0.8,0.0,0.8,0.8,1.6,0.0,0.0,1.6,1.6,-0.8,0.0,1.6,0.8,-0.8,0.8,0.0,0.0,0.0,0.8,0.8,0.8,-0.8,0.8,0.8,0.8,0.0,1.6,0.8,1.6,0.0,0.0,0.0,0.8,0.0,0.0,0.8,0.0,1.6,0.8,0.8,0.0,0.8,0.8,-0.8,0.8,1.6,0.8,0.0,0.0,0.0,-0.8,0.8,0.0,0.0,0.0,-0.8,0.8,0.8,0.8,0.8,0.0,0.0,0.0,-1.6,0.8,1.6,1.6,-0.8,-1.6,1.6,0.8,0.8,0.0,-0.8,0.8,0.0,0.0,0.8,0.0,0.8,0.0,1.6,0.8,0.0,0.0,0.8,0.0,0.0,0.0,0.8,0.0,0.0,0.0,0.0,0.8,0.0,1.6,0.0,-0.8,0.8,-0.8,0.0,0.0,0.0,0.0,0.8,0.8,0.8,0.0,0.0,-1.6,2.4000000000000004,0.8,0.0,0.8,0.0,-1.6,0.0,0.8,0.0,0.0,-0.8,-0.8,0.0,-0.8,-0.8,0.8,0.8,-0.8,0.0,0.8,0.0,0.8,-0.8,0.0,0.8,0.8,0.8,-0.8,0.0,0.0,0.8,0.0,-0.8,0.8,0.8,-0.8,0.0,0.0,0.0,0.8,1.6,0.8,-0.8,0.8,0.8,0.8,0.8,0.0,0.0,0.0,0.0,-0.8,0.8,1.6,-0.8,0.8,0.0,0.8,0.8,0.0,0.0,-0.8,1.6,0.8,-0.8,2.4000000000000004,0.8,0.0,0.8,-0.8,1.6,0.0,0.0,1.6,0.0,0.8,-0.8,-0.8,0.0,0.0,0.8,0.0,0.8,0.0,-0.8,1.6,0.8,0.8,-0.8,0.0,1.6,0.8,0.0,0.0,1.6,1.6,-0.8,2.4000000000000004,0.0,0.0,0.0,-1.6,0.0,-0.8,-0.8,0.8,0.0,0.0,0.0,0.8,-1.6,0.0,-0.8,0.8,0.0,-0.8,0.0,-0.8,0.0,0.8,0.0,0.0,0.0,0.8,0.8,-0.8,0.8,-0.8,0.8,0.0,0.0,0.0,0.8,1.6,0.8,1.6,0.0,-0.8,0.8,-0.8,-0.8,0.0,0.0,0.8,0.0,0.0,0.8,0.0,2.4000000000000004,0.0,0.0,0.0,0.8,0.8,0.0,1.6,0.0,0.0,1.6,0.0,0.8,0.8,0.0,0.0,0.0,1.6,0.0,0.0,0.0,0.0,1.6,0.0,0.0,0.8,0.0,1.6,0.8,0.0,0.0,-0.8,0.8,0.8,0.0,0.0,0.0,0.8,0.0,0.0,0.8,0.0,2.4000000000000004,0.0,0.0,1.6,0.0,1.6,0.0,-0.8,0.8,-0.8,0.0,-0.8,0.8,0.0,1.6,0.8,0.0,0.8,0.0,0.0,1.6,-0.8,1.6,-0.8,0.0,0.0,-0.8,0.8,-0.8,0.0,0.8,-0.8,0.0,2.4000000000000004,0.8,0.0,0.8,1.6,0.0,0.8,0.0,0.0,1.6,0.0,1.6,0.0,0.0,-1.6,-0.8,0.0,-0.8,0.0,0.0,0.0,1.6,0.0,0.0,0.0,0.8,-1.6,0.8,0.8,0.0,0.0,-0.8,0.0,0.8,0.0,1.6,-0.8,0.8,0.0,-0.8,0.8,0.0,0.8,0.0,0.0,0.8,-0.8,-0.8,0.0,0.8,0.0,-0.8,-0.8,-1.6,0.0,0.0,0.0,1.6,-0.8,0.0,0.8,0.0,0.0,-1.6,0.8,0.0,0.8,0.0,-0.8,0.8,0.0,-0.8,0.0,-0.8,2.4000000000000004,-1.6,-0.8,0.0,-0.8,0.8,0.8,0.0,0.0,-0.8,0.8,0.0,0.0,0.0,-0.8,0.0,-0.8,-0.8,0.0,-0.8,0.8,-0.8,0.8,0.8,-0.8,1.6,0.0,-1.6,0.0,0.0,1.6,-0.8,0.0,0.8,0.0,0.0,-0.8,0.0,0.0,-0.8,0.0,-0.8,0.0,0.0,1.6,0.0,0.0,0.8,0.0,0.0,0.0,-0.8,-0.8,0.8,-0.8,-0.8,0.8,0.8,0.0,0.8,-0.8,-0.8,0.8,0.0,0.0,0.8,-0.8,0.0,0.0,0.0,0.8,0.0,0.0,0.8,0.0,0.0,0.0,0.0,0.0,0.0,0.8,0.0,0.8,0.0,0.8,0.8,0.0,-0.8,-0.8,0.8,0.8,1.6,0.0,0.8,0.0,0.8,-1.6,1.6,-0.8,0.0,0.0,-0.8,0.0,0.8,0.0,1.6,0.0,0.8,-0.8,0.0,-0.8,0.0,-0.8,0.8,0.0,0.8,0.0,0.0,0.0,0.0,-0.8,0.0,0.8,0.0,0.0,0.8,-1.6,0.0,0.0,0.0,-0.8,0.0,0.8,0.8,0.0,0.0,-0.8,0.0,0.0,1.6,0.0,0.0,1.6,0.0,0.8,0.8,0.0,-0.8,0.0,0.8,-1.6,0.0,0.8,-0.8,0.8,0.8,0.8,0.8,1.6,0.0,0.0,1.6,0.8,-0.8,0.0,0.0,0.0,0.0,-0.8,0.8,1.6,0.8,0.0,0.8,-0.8,0.8,0.8,0.8,0.0,-0.8,0.0,0.0,0.0,0.0,0.8,0.8,0.0,-0.8,0.8,0.0,0.8,-0.8,0.0,0.0,0.8,0.8,0.8,0.8,0.8,-0.8,-0.8,-0.8,0.0,0.0,0.8,0.8,-0.8,0.0,0.0,0.0,0.8,-0.8,1.6,-0.8,0.0,0.8,-0.8,0.8,0.8,0.8,1.6,-0.8,0.8,0.8,0.8,0.0,0.0,0.8,-0.8,0.0,0.0,0.8,0.8,-1.6,0.0,-0.8,0.0,0.8,-0.8,-0.8,-0.8,-0.8,0.8,-0.8,1.6,0.0,0.8,1.6,-0.8,-0.8,-0.8,2.4000000000000004,0.8,0.0,0.8,0.0,1.6,1.6,0.0,0.8,0.8,1.6,0.0,-0.8,0.8,0.0,-0.8,0.8,0.8,0.8,-1.6,0.0,0.0,0.0,0.0,0.8,0.0,0.0,-0.8,0.0,1.6,0.0,0.8,0.8,-0.8,0.0,0.0,0.0,-0.8,0.8,-0.8,0.0,0.8,0.8,-0.8,1.6,0.0,0.8,0.8,-1.6,-0.8,-1.6,0.0,0.8,0.8,0.8,-1.6,0.0,0.0,0.0,0.0,0.8,1.6,0.0,-0.8,0.0,-0.8,0.8,0.0,-0.8,0.8,0.0,1.6,0.8,-0.8,0.8,0.0,0.8,-0.8,0.8,0.8,0.0,0.0,0.8,-0.8,0.8,0.0,0.0,-1.6,0.8,0.0,0.0,0.8,1.6,0.8,0.0,0.8,0.8,-0.8,0.8,0.0,0.8,0.8,0.0,0.8,-0.8,0.8,0.0,-0.8,0.8,-1.6,-0.8,0.0,-1.6,0.8,0.0,1.6,-1.6,0.8,1.6,-0.8,-1.6,2.4000000000000004,-0.8,-2.4000000000000004,0.0,2.4000000000000004,-0.8,-0.8,1.6,0.8,-0.8,0.0,2.4000000000000004,1.6,-0.8,0.8,1.6,1.6,-0.8,0.0,0.8,1.6,-0.8,0.8,0.8,0.0,0.0,-0.8,0.0,0.0,0.0,1.6,0.8,-0.8,0.0,0.0,-0.8,0.0,0.0,0.8,0.0,0.8,0.0,0.8,0.8,0.8,0.0,0.0,0.0,-1.6,1.6,0.8,0.0,1.6,0.0,0.0,0.0,-1.6,0.8,0.8,0.0,0.0,-0.8,-0.8,0.0,-0.8,0.0,-0.8,0.8,0.8,-0.8,0.8,0.8,-0.8,0.0,-0.8,-0.8,0.0,0.8,-0.8,0.0,0.0,0.8,-0.8,1.6,0.0,-1.6,0.8,0.8,-0.8,0.0,0.0,0.0,1.6,0.0,0.0,0.0,0.8,0.0,0.0,0.0,0.0,-0.8,0.0,-0.8,0.0,0.0,0.0,0.8,-0.8,0.8,0.0,0.0,0.0,0.8,0.0,1.6,0.8,0.8,0.0,0.8,0.0,0.0,0.0,0.0,0.0,0.0,0.0,0.0,0.0,0.8,0.8,0.0,-0.8,1.6,-0.8,0.8,-0.8,0.0,0.8,0.8,0.0,-0.8,0.8,0.0,-0.8,0.8,-0.8,0.0,1.6,0.0,0.0,0.0,0.0,0.0,-0.8,-0.8,0.8,1.6,0.0,0.8,0.0,0.0,1.6,0.0,-0.8,0.0,0.0,1.6,-1.6,0.8,0.8,-1.6,1.6,-1.6,-0.8,0.0,0.8,0.8,-0.8,0.0,1.6,1.6,1.6,-0.8,0.8,0.8,0.0,0.0,0.0,1.6,0.0,1.6,0.0,-0.8,1.6,-0.8,0.8,0.8,-0.8,0.0,-1.6,0.0,0.0,0.0,1.6,0.8,0.0,0.0,0.8,0.8,-0.8,0.8,-0.8,-0.8,2.4000000000000004,-0.8,0.8,0.8,0.8,0.0,0.8,1.6,0.0,0.0,0.0,-0.8,0.8,0.0,0.8,1.6,0.8,-0.8,0.0,0.0,0.8,0.0,0.0,-0.8,0.8,-0.8,-0.8,0.8,0.8,0.8,0.8,0.0,0.0,0.0,1.6,0.0,0.0,0.8,-0.8,-1.6,-0.8,0.8,1.6,0.0,0.0,0.0,0.0,0.0,0.8,0.0,-0.8,0.8,0.0,0.8,0.0,0.8,0.8,0.0,0.8,-0.8,0.0,0.8,0.0,0.0,-0.8,1.6,0.0,0.8,0.0,-1.6,1.6,-0.8,-0.8,0.8,-2.4000000000000004,0.8,0.8,-0.8,2.4000000000000004,-0.8,0.8,0.0,0.0,0.0,-1.6,0.0,-0.8,0.0,0.0,-0.8,1.6,0.0,0.8,0.8,0.8,1.6,-0.8,2.4000000000000004,0.0,0.8,0.8,-1.6,1.6,0.8,0.0,0.8,0.0,0.8,0.0,-0.8,-0.8,-0.8,0.8,-0.8,1.6,0.8,-3.2,0.8,0.8,0.0,-1.6,-0.8,0.8,1.6,0.0,0.0,0.0,1.6,-0.8,0.0,0.0,-1.6,0.8,0.8,0.0,0.8,0.0,0.8,-0.8,-0.8,0.0,1.6,0.0,0.0,-0.8,-1.6,0.8,0.0,-0.8,0.8,0.0,1.6,-0.8,0.8,0.0,-0.8,0.0,-1.6,-1.6,0.0,0.8,-0.8,0.8,0.0,0.0,0.0,0.8,0.0,0.0,0.0,0.8,-0.8,0.0,0.8,-0.8,1.6,0.0,0.0,0.0,-0.8,0.8,-0.8,-0.8,-0.8,0.0,0.0,-0.8,0.0,0.0,0.8,0.8,-0.8,0.8,1.6,0.8,0.0,0.0,0.8,0.0,-0.8,1.6,-0.8,0.8,-0.8,0.0,0.0,0.0,0.0,-0.8,0.0,0.0,-0.8,1.6,0.8,0.8,0.8,-0.8,0.0,0.8,-0.8,0.0,0.0,0.8,-0.8,0.0,1.6,0.0,1.6,0.0,0.8,0.8,0.8,0.8,0.0,0.0,0.0,0.8,0.0,-0.8,0.8,0.8,-0.8,1.6,-1.6,-0.8,0.0,0.0,0.8,-1.6,0.8,0.0,-0.8,0.8,0.8,0.0,0.0,0.0,0.0,0.0,1.6,-0.8,0.8,0.8,0.0,0.8,0.8,-0.8,0.0,0.0,0.0,-0.8,0.0,0.8,0.0,0.0,0.0,0.0,0.0,-0.8,0.0,1.6,-0.8,0.8,0.0,0.0,0.0,-0.8,0.8,0.8,0.8,0.0,0.8,0.8,0.0,-1.6,0.8,0.8,1.6,0.0,0.8,1.6,0.8,0.0,0.8,0.0,0.8,-0.8,0.0,0.0,0.0,0.0,0.0,0.0,0.8,0.0,0.0,0.0,0.0,-0.8,0.8,0.0,0.8,-1.6,-0.8,0.0,0.8,0.0,0.8,-0.8,0.8,0.8,1.6,0.8,-0.8,1.6,0.8,-0.8,0.0,0.8,0.8,0.0,0.8,0.0,-0.8,0.8,-0.8,0.8,0.0,0.0,0.0,0.0,0.8,0.0,0.0,0.0,0.0,0.0,0.0,2.4000000000000004,0.8,-0.8,0.0,1.6,1.6,1.6,0.0,0.0,0.8,0.0,-0.8,0.8,0.0,0.8,0.8,0.0,0.8,0.0,0.0,1.6,0.8,0.0,-0.8,0.8,0.8,0.0,0.0,0.0,0.8,0.0,0.8,1.6,0.0,1.6,-1.6,0.8,0.0,0.8,0.8,0.0,1.6,0.8,-0.8,2.4000000000000004,-1.6,1.6,0.8,-1.6,0.8,-0.8,0.8,1.6,0.8,1.6,0.0,1.6,-0.8,0.8,-0.8,0.0,1.6,0.0,0.8,1.6,0.0,1.6,0.8,0.8,0.8,0.0,1.6,0.8,0.0,-0.8,-0.8,0.8,-1.6,0.0,0.8,0.0,0.0,0.0,0.8,0.0,0.8,0.8,0.0,0.8,0.8,0.8,0.0,0.0,1.6,0.0,0.8,0.0,-0.8,0.8,1.6,0.0,-0.8,0.0,1.6,1.6,0.0,0.0,0.0,0.8,0.8,-0.8,0.0,0.8,0.8,0.0,0.8,0.8,0.0,0.0,0.0,0.8,-0.8,0.8,0.8,-0.8,0.0,0.8,0.8,1.6,0.8,0.8,0.8,0.0,0.8,0.0,0.8,0.8,1.6,1.6,0.0,0.8,1.6,0.8,0.0,0.8,0.0,0.0,0.0,0.0,0.8,-0.8,0.8,0.0,0.8
event_7,1625266706.5788498,0.8,0.0,0.8,-0.8,0.8,-1.6,-0.8,0.0,0.0,-0.8,1.6,0.8,0.8,-0.8,0.0,0.0,0.8,0.0,0.8,0.0,0.0,-0.8,-0.8,0.8,0.8,0.8,0.0,-0.8,0.0,0.8,0.8,0.0,-0.8,0.0,0.0,0.8,-0.8,0.8,0.0,0.0,0.0,0.0,0.0,0.0,0.0,0.0,0.0,0.0,0.0,-0.8,1.6,0.0,1.6,0.0,-1.6,0.0,-1.6,1.6,-0.8,0.0,0.8,0.0,0.8,0.0,-0.8,0.0,0.8,1.6,-0.8,1.6,0.0,0.8,2.4000000000000004,-1.6,1.6,0.0,0.0,1.6,-0.8,0.0,-0.8,0.0,0.8,0.0,2.4000000000000004,-0.8,0.8,0.8,0.0,0.8,-0.8,0.8,-0.8,0.0,0.8,0.8,0.8,0.0,0.0,1.6,-1.6,0.8,-9.600000000000001,-45.6,-54.400000000000006,-28.800000000000004,-11.2,-6.4,-3.2,0.8,-1.6,-3.2,-3.2,-0.8,-2.4000000000000004,0.0,0.0,-1.6,0.8,0.0,-1.6,0.0,0.0,0.8,-0.8,1.6,0.8,0.0,0.8,0.8,0.8,0.0,-1.6,0.8,0.0,0.0,0.8,1.6,-0.8,0.0,0.0,0.0,0.8,0.0,0.8,-0.8,0.0,0.8,-1.6,0.0,0.0,0.0,0.0,-0.8,-1.6,-0.8,0.8,0.0,-0.8,0.8,0.8,0.0,1.6,-1.6,0.0,0.8,0.0,-0.8,-0.8,1.6,0.0,0.0,0.8,0.0,1.6,-0.8,0.0,0.8,-1.6,0.8,0.0,1.6,0.0,-0.8,0.0,0.0,0.8,1.6,0.8,1.6,0.0,0.0,1.6,0.0,1.6,0.8,0.8,0.0,0.8,1.6,1.6,1.6,0.0,-0.8,-0.8,-0.8,0.8,-0.8,1.6,2.4000000000000004,0.8,0.0,0.8,0.0,0.8,0.0,0.8,-0.8,0.0,0.0,-0.8,0.0,0.8,0.0,0.0,-0.8,-0.8,0.8,0.0,0.0,0.0,0.8,0.0,0.0,0.0,0.0,0.8,0.0,0.0,0.0,-1.6,0.0,0.0,-0.8,0.0,0.0,0.0,-0.8,0.8,0.0,-0.8,1.6,-0.8,-0.8,0.0,0.8,0.8,0.0,0.0,0.8,0.0,0.8,-0.8,-0.8,0.0,0.8,0.0,0.0,0.0,0.0,-0.8,0.0,0.8,-0.8,0.0,0.0,0.8,-0.8,-0.8,0.0,0.0,0.0,-1.6,0.8,1.6,0.0,0.8,0.0,0.0,-0.8,-1.6,0.8,-0.8,2.4000000000000004,-0.8,0.0,1.6,-0.8,0.0,1.6,0.0,0.0,-1.6,-0.8,-0.8,-0.8,0.8,0.8,0.8,0.8,-1.6,0.0,0.0,0.0,-2.4000000000000004,0.8,0.8,0.0,-0.8,0.0,0.8,-0.8,-0.8,0.0,0.0,-1.6,1.6,0.0,-0.8,0.0,0.8,0.0,-1.6,0.0,-0.8,0.8,-0.8,-0.8,0.0,-1.6,0.0,0.0,-0.8,0.0,0.0,0.0,-0.8,1.6,0.0,-0.8,0.8,-1.6,-1.6,-0.8,0.8,0.8,0.0,0.0,0.0,0.0,0.8,0.8,-0.8,0.0,-0.8,-1.6,0.0,0.0,0.0,0.8,0.0,0.0,0.0,0.0,0.0,-0.8,-0.8,-0.8,-1.6,0.0,-0.8,0.8,-0.8,0.0,0.8,-1.6,0.8,0.0,0.0,-0.8,0.0,1.6,0.0,0.8,0.8,0.8,1.6,-2.4000000000000004,1.6,0.0,1.6,0.0,-0.8,0.8,-1.6,0.0,0.8,-0.8,1.6,-0.8,0.0,0.0,0.0,0.8,0.0,0.0,0.0,-0.8,0.8,0.0,0.8,0.8,0.0,0.8,-0.8,0.8,0.8,0.0,1.6,0.0,0.8,0.0,-0.8,1.6,-0.8,0.8,-0.8,-0.8,-0.8,-0.8,0.8,0.8,0.8,0.0,0.8,0.0,0.8,0.8,0.0,0.0,-0.8,-0.8,0.8,1.6,-0.8,0.0,0.0,0.0,0.0,-0.8,0.0,-0.8,0.0,0.8,-0.8,0.8,0.0,0.0,0.8,-0.8,0.8,-0.8,0.8,0.0,0.0,-0.8,0.0,-0.8,0.0,0.8,-0.8,0.0,0.8,0.0,0.0,0.8,0.8,-0.8,-0.8,0.8,0.0,1.6,0.0,-0.8,0.0,0.0,0.0,0.0,0.0,0.0,-0.8,0.0,-1.6,0.0,0.8,0.8,0.0,0.8,0.0,0.0,-0.8,0.8,-0.8,0.0,-0.8,0.0,-0.8,-1.6,0.8,-1.6,0.0,0.8,-0.8,0.8,-0.8,1.6,-0.8,-0.8,2.4000000000000004,-0.8,-0.8,-0.8,1.6,1.6,-0.8,1.6,-1.6,-0.8,0.8,0.0,0.8,-0.8,0.0,0.0,0.0,0.0,0.0,0.0,0.8,-0.8,0.0,-1.6,1.6,1.6,-1.6,0.0,0.0,-0.8,1.6,-0.8,0.0,0.0,0.8,-0.8,-0.8,1.6,-0.8,0.8,0.0,0.8,0.0,0.0,0.0,0.0,0.8,0.8,-1.6,1.6,0.8,0.0,0.0,0.0,0.8,0.0,0.0,0.8,0.0,-0.8,0.0,0.8,1.6,0.0,0.0,2.4000000000000004,1.6,-0.8,0.8,0.0,0.0,-0.8,-0.8,-0.8,0.8,0.0,-0.8,1.6,0.0,-0.8,0.0,0.0,0.8,-0.8,0.8,0.8,0.8,0.0,-0.8,1.6,0.8,1.6,1.6,0.8,0.0,0.8,1.6,0.8,-0.8,0.8,0.0,-0.8,0.0,0.0,1.6,0.0,0.8,0.0,0.0,1.6,1.6,1.6,0.0,-0.8,0.8,0.0,0.0,1.6,0.0,1.6,0.0,0.0,-0.8,0.0,1.6,-0.8,-0.8,0.8,0.0,0.8,-0.8,-0.8,0.0,-0.8,0.0,0.8,0.8,0.8,0.8,1.6,1.6,0.0,0.0,0.8,0.8,0.0,0.0,0.0,0.0,0.0,0.0,0.0,0.8,0.0,0.8,0.8,0.8,0.8,0.8,0.8,0.8,1.6,0.8,0.8,1.6,0.8,0.0,0.0,0.0,0.0,0.0,0.0,0.8,-0.8,-0.8,3.2,0.0,-0.8,-1.6,0.0,-0.8,-0.8,0.0,0.8,0.0,1.6,0.0,0.0,-0.8,0.8,0.8,0.0,1.6,-0.8,0.8,0.8,-0.8,0.8,-0.8,0.0,0.0,0.0,1.6,0.0,0.8,0.8,0.0,0.8,-0.8,0.8,0.0,0.0,0.0,0.8,-0.8,0.8,0.0,0.0,-0.8,0.0,-2.4000000000000004,0.0,1.6,0.0,1.6,0.0,0.8,-0.8,0.8,0.8,0.0,0.8,0.0,0.0,0.0,0.0,0.8,0.8,0.0,0.8,0.0,0.0,-0.8,0.8,0.0,-1.6,0.8,0.0,0.0,0.8,-0.8,1.6,0.0,0.8,0.0,0.0,0.8,-0.8,0.8,0.0,1.6,-0.8,1.6,1.6,0.8,0.0,0.8,0.0,0.0,-1.6,0.8,0.8,0.0,0.8,0.0,1.6,-0.8,0.0,0.0,-1.6,1.6,0.0,0.8,0.0,0.0,0.0,0.0,1.6,0.8,0.0,0.0,-0.8,0.8,1.6,0.0,-0.8,0.0,0.8,0.8,0.0,0.0,1.6,0.0,-0.8,2.4000000000000004,-1.6,-0.8,0.0,0.0,0.8,0.0,0.0,0.8,-1.6,1.6,0.8,0.0,0.8,-0.8,0.0,-0.8,1.6,0.8,0.0,0.0,0.0,0.8,0.8,0.0,0.0,0.0,0.0,-0.8,0.8,0.8,-0.8,0.0,0.8,0.0,0.8,-0.8,0.0,0.0,-0.8,0.0,0.8,0.8,-0.8,-0.8,0.0,0.0,0.8,0.0,1.6,0.0,0.0,0.0,-0.8,0.0,1.6,0.0,0.8,0.8,1.6,0.0,1.6,0.0,0.8,0.8,0.0,-0.8,1.6,0.0,0.8,0.8,0.8,0.8,1.6,0.8,0.0,0.0,1.6,-0.8,0.8,-0.8,0.0,0.0,1.6,0.0,-0.8,0.0,0.0,1.6,1.6,0.0,1.6,0.8,0.8,0.0,0.0,0.8,0.8,0.0,0.8,0.0,-0.8,0.0,0.8,0.0,0.0,0.0,0.0,0.8,-0.8,0.0,0.0,0.0,0.0,-0.8,0.8,0.8,1.6,0.0,0.8,0.8,-0.8,0.8,-0.8,0.8,0.8,-0.8,0.0,0.8,0.8,0.8,0.0,0.8,0.8,0.8,1.6,0.8,1.6,-1.6,0.8,-1.6,0.0,0.0,-0.8,0.0,0.8,0.0,0.0,0.8,1.6,0.0,-0.8,0.8,0.0,2.4000000000000004,-0.8,0.0,1.6,0.8,0.0,1.6,1.6,0.0,0.0,0.0,0.8,0.0,0.0,0.8,1.6,0.0,0.8,0.8,0.0,0.8,-0.8,1.6,-0.8,0.8,0.0,0.0,1.6,0.8,0.0,0.8,0.8,0.8,1.6,0.0,0.0,0.0,0.8,0.0,-0.8,-0.8,0.8,0.0,0.8,0.8,0.0,-0.8,0.0,0.8,0.8,-0.8,1.6,0.8,-0.8,0.0,0.8,0.8,-0.8,0.0,-1.6,-0.8,1.6,0.0,0.0,0.0,1.6,1.6,1.6,0.0,-0.8,1.6,0.0,0.0,0.0,-0.8,0.8,0.0,0.8,0.8,0.0,0.8,0.0,1.6,0.0,0.0,1.6,-1.6,0.0,0.8,-1.6,1.6,0.0,0.0,0.8,0.0,1.6,-0.8,0.8,0.8,1.6,1.6,0.0,1.6,1.6,0.8,0.8,-0.8,0.8,-0.8,0.8,0.0,0.0,0.8,0.8,0.0,1.6,-0.8,0.8,-0.8,0.0,0.0,0.8,1.6,0.0,-0.8,-0.8,0.0,0.8,0.0,0.8,0.0,-0.8,1.6,0.8,0.8,0.0,0.8,0.0,0.0,0.8,0.0,0.0,0.8,-0.8,0.0,-0.8,0.8,0.0,0.0,0.0,0.0,0.0,0.0,0.0,0.8,-0.8,1.6,-0.8,-0.8,1.6,1.6,0.8,-0.8,0.8,0.8,0.0,0.8,0.0,-0.8,1.6,0.0,0.0,0.0,0.0,0.0,1.6,0.8,0.8,0.8,0.0,0.8,0.0,-0.8,0.0,0.0,1.6,0.8,0.0,0.0,0.8,2.4000000000000004,1.6,0.0,0.8,1.6,-0.8,0.0,1.6,1.6,-0.8,0.8,0.0,1.6,0.8,0.0,0.0,0.0,0.8,0.0,0.0,1.6,-0.8,2.4000000000000004,0.0,1.6,0.0,-0.8,1.6,0.0,0.8,1.6,0.0,0.8,-0.8,0.0,0.0,0.0,0.0,-0.8,1.6,0.0,1.6,2.4000000000000004,-0.8,1.6,0.8,0.0,1.6,-0.8,1.6,0.0,-0.8,0.8,-0.8,0.8,-0.8,0.0,0.8,-0.8,0.8,0.0,0.8,1.6,0.8,0.0,0.8,0.0,-0.8,0.0,0.8,0.8,0.0,0.0,0.8,0.8,0.8,0.8,-0.8,0.8,-0.8,0.0,0.8,0.0,0.8,0.0,0.0,1.6,0.8,0.8,0.8,0.8,0.0,0.0,0.0,0.8,0.0,-0.8,0.8,0.0,0.8,0.0,0.0,0.8,0.0,0.0,1.6,0.0,1.6,0.8,1.6,1.6,0.8,0.0,0.8,0.8,0.8,-0.8,0.8,-0.8,1.6,0.0,0.8,1.6,-1.6,0.0,0.8,0.0,0.8,-0.8,0.8,0.8,0.8,0.8,-0.8,1.6,-0.8,0.0,0.8,-0.8,0.0,0.8,0.0,0.8,0.0,1.6,0.0,-1.6,0.8,0.8,0.8,-1.6,0.0,0.8,-0.8,0.8,-1.6,0.0,0.0,-0.8,1.6,0.0,0.8,0.0,0.0,0.8,0.0,-0.8,1.6,1.6,0.0,-0.8,0.0,0.8,0.8,1.6,0.0,0.8,0.8,0.0,0.0,0.0,0.0,0.0,0.8,0.8,1.6,0.0,0.0,0.8,0.8,0.0,0.0,0.0,0.8,0.8,0.0,0.8,0.8,0.0,0.8,0.0,0.8,0.8,-0.8,0.0,1.6,3.2,0.0,-0.8,0.8,0.0,0.8,1.6,-1.6,1.6,0.0,0.0,0.8,-0.8,0.8,1.6,0.0,0.8,-0.8,0.8,-0.8,1.6,-0.8,0.0,0.8,0.0,0.0,0.0,0.0,0.0,-0.8,0.8,0.8,1.6,2.4000000000000004,0.0,1.6,0.0,0.8,1.6,-1.6,0.0,0.8,0.0,0.0,0.0,0.8,0.0,0.0,1.6,0.0,0.8,0.0,0.8,0.0,0.0,2.4000000000000004,0.0,0.8,-0.8,-1.6,0.8,0.8,0.8,0.0,0.0,3.2,-0.8,0.0,0.0,-1.6,1.6,0.0,-0.8,0.8,0.8,0.8,0.8,1.6,0.8,0.8,0.8,0.0,1.6,-0.8,0.0,0.0,0.0,0.0,-0.8,0.8,0.0,1.6,0.8,0.8,0.8,0.0,0.0,0.8,0.0,2.4000000000000004,0.0,0.8,0.8,0.8,0.0,0.0,0.8,0.0,0.8,0.0,0.0,0.8,0.0,1.6,-0.8,0.8,0.0,-1.6,0.0,0.0,0.0,0.8,-0.8,0.8,-1.6,0.0,0.0,-0.8,0.8,0.0,0.8,-0.8,0.0,2.4000000000000004,-0.8,1.6,0.0,-0.8,0.0,-0.8,1.6,0.0,0.0,0.8,-0.8,0.0,-1.6,0.0,0.0,-0.8,1.6,-0.8,0.8,1.6,-1.6,1.6,0.0,0.0,0.0,-0.8,1.6,-0.8,0.8,0.0,0.0,0.8,0.0,0.8,-1.6,0.8,0.8,0.0,1.6,0.0,0.0,1.6,0.0,1.6,-0.8,0.0,1.6,-0.8,0.0,0.0,0.8,0.8,0.8,0.0,0.0,0.8,0.8,0.0,0.8,0.0,0.8,-0.8,0.0,0.0,0.8,0.0,0.0,1.6,2.4000000000000004,-1.6,2.4000000000000004,0.0,0.0,0.0,-1.6,0.8,0.8,0.0,1.6,0.0,1.6,0.0,0.0,-0.8,0.0,-0.8,0.8,0.0,0.8,-0.8,0.0,0.8,0.8,0.8,0.0,0.0,-0.8,0.8,0.8,0.8,0.8,-0.8,0.0,1.6,0.8,-0.8,2.4000000000000004,2.4000000000000004,-1.6,-2.4000000000000004,1.6,0.8,-1.6,0.8,2.4000000000000004,0.8,0.0,0.0,1.6,0.8,-1.6,1.6,0.0,-0.8,-0.8,0.8,0.8,-0.8,0.0,0.8,0.8,1.6,-0.8,0.0,0.8,1.6,0.0,-0.8,0.8,0.0,-0.8,0.0,0.0,1.6,-0.8,0.8,1.6,-1.6,0.0,0.0,0.0,0.8,-0.8,1.6,0.8,0.0,0.8,0.0,0.8,-1.6,-1.6,0.8,-0.8,0.8,-0.8,1.6,0.8,0.8,0.0,-0.8,-0.8,-0.8,0.0,0.8,0.0,0.0,0.0,0.8,0.0,-0.8,0.0,0.0,0.0,1.6,-1.6,0.8,-0.8,1.6,-0.8,-1.6,0.0,0.0,-0.8,0.8,0.0,-0.8,1.6,-0.8,0.8,0.0,0.0,0.0,-0.8,-0.8,0.0,1.6,0.0,0.0,0.8,-0.8,0.0,1.6,-0.8,0.0,0.0,0.8,0.0,0.0,0.0,0.0,0.8,0.0,-2.4000000000000004,-0.8,0.8,0.8,0.0,-0.8,1.6,0.0,1.6,-0.8,-0.8,1.6,0.0,0.0,0.0,0.0,1.6,-0.8,0.8,1.6,0.0,0.8,0.0,0.8,-1.6,0.0,-0.8,0.0,1.6,0.0,0.0,1.6,-0.8,0.8,0.0,0.8,0.0,-0.8,0.8,0.0,0.8,0.0,0.8,1.6,0.0,-0.8,0.8,0.8,0.0,0.0,0.8,0.0,0.0,0.0,1.6,0.0,-0.8,0.0,0.0,0.0,1.6,-0.8,0.8,0.0,0.8,0.8,0.0,0.0,0.8,0.8,0.0,0.0,-0.8,1.6,0.8,-0.8,0.0,0.0,0.0,-0.8,-0.8,0.8,0.0,0.0,0.0,0.0,0.0,-0.8,0.8,0.0,0.0,0.8,0.0,0.0,1.6,0.0,0.0,-0.8,0.0,-0.8,0.8,1.6,0.8,0.8,0.8,1.6,1.6,0.0,0.8,-1.6,1.6,1.6,-0.8,0.8,0.8,0.0,-0.8,0.0,1.6,0.0,0.0,0.8,0.8,0.0,-1.6,0.8,1.6,0.0,0.8,0.0,0.8,0.8,0.8,1.6,0.8,1.6,0.0,0.0,0.8,-0.8,0.8,0.0,0.0,1.6,-1.6,0.8,-0.8,-0.8,0.8,-0.8,0.8,-0.8,-0.8,2.4000000000000004,-0.8,1.6,-0.8,-0.8,0.0,0.8,0.8,0.8,0.0,0.8,-0.8,0.0,0.0,0.8,0.8,0.8,0.8,-0.8,1.6,0.8,0.8,0.8,-0.8,1.6,-0.8,-0.8,0.8,0.0,0.8,0.8,0.0,0.0,0.0,0.8,0.0,0.0,0.0,0.0,0.8,0.8,0.8,0.0,-0.8,-1.6,0.0,0.8,0.8,0.0,0.0,0.0,0.8,0.8,1.6,0.0,-0.8,1.6,1.6,-0.8,-0.8,2.4000000000000004,-0.8,-0.8,3.2,0.8,0.8,0.0,0.0,0.8,0.0,0.0,0.0,-0.8,0.0,-1.6,0.8,0.0,0.8,0.8,-0.8,2.4000000000000004,0.0,1.6,0.0,0.8,1.6,-0.8,0.8,0.8,0.8,0.8,0.8,0.8,0.0,0.8,0.0,-0.8,1.6,-0.8,1.6,1.6,-0.8,0.8,0.0,0.0,0.8,-0.8,2.4000000000000004,0.8,1.6,0.8,0.0,0.8,0.8,0.8,0.0,0.8,0.0,0.8,0.8,0.0,1.6,0.0,0.8,0.8,-0.8,0.8,1.6,-1.6,0.0,0.0,0.0,1.6,-0.8,0.8,0.0,0.8,0.8,0.0,1.6,0.8,0.8,0.8,0.0,0.8,1.6,0.8,0.8,0.8,0.8,1.6,1.6,0.8,-0.8,0.0,0.0,0.8,0.8,-0.8,0.8,1.6,0.0,0.0,1.6,0.8,1.6,0.8,0.8,0.0,0.0,0.0,0.0,0.8,0.8,1.6,1.6,0.0,0.0,0.0,0.8,0.8,-0.8,0.0,0.8,1.6,-0.8,0.8,0.8,0.8,0.8,0.8,0.8,0.8,0.0,0.8,0.0,0.8,0.8,0.0,1.6,0.0,-0.8,0.8,0.0,1.6,-0.8,0.8,0.0,1.6,0.8,0.0,0.0,0.0,0.8,0.8,-0.8,0.8,2.4000000000000004,0.0,1.6,0.0,1.6,0.0,-0.8,0.0,0.8,1.6,0.0,0.0,0.8,-1.6,0.8,0.8,0.0,0.0,0.8,1.6,-0.8,1.6,0.8,0.0,2.4000000000000004,0.0,0.0,0.0,1.6,1.6,0.8,0.8,1.6,0.8,1.6,0.0,0.0,0.8,0.8,-0.8,2.4000000000000004,0.8,0.8,1.6,0.8,1.6,1.6,0.0,1.6,0.0,0.0,0.0,0.0,1.6,0.0,0.8,0.0,1.6,0.8,-0.8,0.8,-0.8,0.0,0.0,0.8,1.6,1.6,0.8,0.8,0.8,1.6,-0.8,0.8,0.8,0.8,0.8,-1.6,0.8,-0.8,0.0,1.6,0.8,1.6,-0.8,0.0,0.8,0.0,0.8,0.8,0.8,0.8,0.0,0.8,-0.8,1.6,-0.8,-0.8,0.8,-0.8,2.4000000000000004,0.8,0.0,0.8,-0.8,1.6,-1.6,-0.8,0.8,0.0,-0.8,-0.8,0.0,-0.8,0.0,0.0,0.0,0.0,0.0,0.8,0.8,0.0,0.8,0.8,1.6,0.8,-1.6,0.8,1.6,-0.8,1.6,0.8,0.8,0.0,0.8,-0.8,-1.6,0.8,-0.8,0.0,0.0,0.8,0.0,0.0,0.0,0.8,0.0,0.0,0.0,1.6,0.8,-0.8,-0.8,0.0,0.0,0.0,0.8,0.8,0.8,0.8,0.0,0.8,0.0,-1.6,0.8,0.0,1.6,-1.6,0.8,0.8,0.8,0.8,0.0,0.0,0.8,-0.8,0.0,-1.6,-0.8,0.0,0.8,0.0,0.0,-0.8,0.0,0.0,0.0,-1.6,0.8,0.0,0.8,0.0,-0.8,0.8,0.0,0.0,0.8,-0.8,0.0,0.8,1.6,0.0,-0.8,0.8,-0.8,0.8,-0.8,0.8,0.8,-0.8,1.6,0.0,-1.6,0.0,-0.8,0.8,-0.8,0.8,0.8,-1.6,1.6,0.0,0.0,0.0,-0.8,0.0,-0.8,0.8,0.0,0.0,0.8,-0.8,0.0,0.0,-1.6,0.8,0.0,0.8,-0.8,-0.8,0.0,0.0,0.0,-1.6,3.2,1.6,-3.2,2.4000000000000004,3.2,-1.6,-0.8,1.6,0.0,-0.8,0.8,-0.8,1.6,0.8,-0.8,0.8,0.8,-0.8,-0.8,-0.8,0.0,0.0,-0.8,0.0,1.6,0.0,-1.6,0.8,1.6,0.8,0.0,0.0,0.8,0.0,0.0,1.6,0.8,0.0,-0.8,0.8,-0.8,0.8,0.0,0.8,0.0,0.8,0.0,0.0,0.0,0.0,0.0,0.0,0.0,0.0,1.6,0.0,0.8,-0.8,0.8,0.0,-0.8,0.0,0.8,0.0,-1.6,-1.6,0.0,-2.4000000000000004,0.0,0.0,0.0,-0.8,0.0,0.8,-0.8,0.8,0.8,-0.8,0.8,-1.6,-0.8,0.8,0.8,0.8,-0.8,0.0,1.6,0.0,2.4000000000000004,0.0,0.0,0.8,0.8,0.0,-0.8,1.6,0.0,0.0,0.8,0.8,0.0,0.0,0.8,0.8,0.8,0.0,0.0,0.8,0.8,-0.8,0.0,0.8,0.0,0.0,0.0,1.6,0.0,-1.6,0.8,0.0,1.6,-0.8,-0.8,0.8,0.0,-0.8,0.0,-0.8,0.8,0.0,0.0,0.0,0.0,0.0,0.8,1.6,-0.8,-0.8,0.8,0.0,0.0,-0.8,-0.8,0.8,0.8,0.0,0.0,0.8,0.0
event_8,1625266710.8860962,0.0,0.0,1.6,-0.8,1.6,-0.8,0.0,0.8,0.0,0.8,-0.8,0.8,0.0,0.8,1.6,-0.8,0.8,0.0,-0.8,0.0,-0.8,1.6,0.8,-1.6,1.6,-0.8,0.8,0.0,0.0,0.8,-0.8,1.6,0.8,0.0,0.8,0.0,0.0,0.8,-0.8,-0.8,0.0,1.6,0.0,0.8,1.6,0.0,2.4000000000000004,0.8,-0.8,-0.8,0.0,0.0,-0.8,1.6,1.6,0.8,0.8,0.0,1.6,0.0,0.8,1.6,0.8,0.8,-0.8,0.0,0.8,0.0,0.0,0.0,0.8,0.0,0.8,0.8,0.8,1.6,-0.8,0.0,0.8,0.8,0.0,0.0,1.6,0.0,0.0,0.8,-0.8,2.4000000000000004,0.8,-0.8,-0.8,-0.8,1.6,1.6,0.0,0.0,-0.8,1.6,-0.8,0.8,0.0,0.0,-4.0,-34.4,-59.2,-44.8,-19.200000000000003,-8.0,-5.6,0.0,-2.4000000000000004,-4.0,-3.2,-2.4000000000000004,-0.8,-0.8,0.0,0.0,-0.8,0.0,0.0,0.8,-0.8,0.0,0.0,-2.4000000000000004,0.8,0.0,-0.8,0.8,0.8,2.4000000000000004,0.0,0.8,0.8,-0.8,0.8,-0.8,-0.8,0.8,0.0,0.0,0.0,1.6,0.8,0.8,1.6,0.0,2.4000000000000004,0.8,-0.8,0.8,0.0,0.8,1.6,0.8,2.4000000000000004,0.0,0.0,-1.6,0.0,0.0,0.0,0.0,0.0,0.0,0.8,0.0,0.0,1.6,0.8,0.8,0.0,0.8,0.8,0.8,0.8,0.0,3.2,0.0,0.0,2.4000000000000004,0.8,-1.6,0.8,0.8,0.8,0.0,0.8,0.0,0.0,0.8,2.4000000000000004,0.8,0.0,-0.8,0.8,0.0,0.0,0.0,0.8,0.8,1.6,-0.8,0.8,0.0,0.8,0.0,0.0,0.8,0.8,1.6,0.0,0.0,0.0,0.0,0.8,-0.8,0.0,0.0,0.0,0.0,0.0,0.0,0.0,0.8,0.0,0.0,-0.8,0.8,0.8,0.8,0.8,0.8,0.0,-0.8,1.6,-0.8,0.8,2.4000000000000004,0.0,0.8,0.0,0.8,0.0,0.0,0.0,-1.6,0.0,0.0,-0.8,1.6,-0.8,0.8,1.6,0.0,2.4000000000000004,0.0,0.8,0.0,0.0,0.0,-0.8,1.6,0.8,0.0,0.0,-0.8,2.4000000000000004,0.8,0.8,1.6,0.0,1.6,-0.8,0.8,0.8,1.6,0.0,0.0,1.6,0.8,0.0,0.8,0.0,2.4000000000000004,0.0,0.0,0.8,-0.8,0.8,0.8,0.0,0.0,-0.8,0.8,-0.8,-0.8,0.8,0.8,-2.4000000000000004,1.6,3.2,-2.4000000000000004,-0.8,0.8,0.0,0.8,0.0,-0.8,0.0,0.8,-1.6,1.6,2.4000000000000004,-0.8,-0.8,0.0,0.8,1.6,-0.8,0.8,0.8,-0.8,0.0,0.8,0.8,0.0,0.8,0.0,0.8,0.8,-0.8,0.8,0.0,-0.8,0.0,-0.8,2.4000000000000004,0.0,0.0,0.8,0.0,0.8,0.8,0.8,0.0,0.8,1.6,0.8,1.6,0.8,0.8,1.6,0.0,1.6,0.8,0.0,0.8,0.0,0.8,0.8,-0.8,1.6,0.0,0.0,-0.8,0.0,0.8,-0.8,1.6,0.0,0.0,0.8,0.0,0.8,1.6,0.8,0.0,0.8,1.6,0.0,0.8,0.0,0.8,0.0,-1.6,0.8,0.0,-0.8,2.4000000000000004,0.0,0.8,0.8,0.0,-0.8,0.8,1.6,0.8,0.0,0.0,0.8,0.8,0.0,1.6,1.6,0.8,0.0,0.8,0.8,0.0,0.0,0.0,0.8,0.8,-0.8,0.0,0.0,0.8,-0.8,0.0,0.0,-0.8,0.8,0.0,0.8,-0.8,0.0,0.8,0.0,0.8,0.0,-0.8,0.8,0.0,0.0,-0.8,0.8,0.8,-1.6,0.8,0.0,-0.8,1.6,0.0,-0.8,0.0,-0.8,0.8,0.0,0.8,0.8,-0.8,0.8,-0.8,0.8,0.8,-0.8,1.6,-0.8,0.0,-0.8,-0.8,0.0,-1.6,0.0,0.8,0.0,0.8,-0.8,0.0,0.0,-1.6,1.6,-1.6,3.2,0.0,0.8,1.6,0.0,0.8,0.0,0.0,0.8,-1.6,0.8,-1.6,0.0,0.0,0.0,0.8,-0.8,0.0,0.0,0.0,0.8,-0.8,1.6,-0.8,0.8,0.0,-0.8,0.8,-0.8,-0.8,0.0,-0.8,0.0,0.0,0.8,-0.8,0.8,-0.8,-0.8,0.0,-0.8,0.0,0.8,-0.8,0.8,-0.8,-0.8,0.0,-0.8,0.8,0.8,0.0,0.8,-0.8,0.8,-0.8,0.0,0.0,0.0,0.0,0.0,0.8,0.8,0.8,0.0,0.8,1.6,0.8,0.0,-0.8,0.0,0.0,-0.8,0.8,0.0,0.8,0.0,0.0,0.8,0.0,-1.6,0.0,0.0,0.8,0.0,0.8,-0.8,0.8,0.8,0.8,1.6,0.0,0.0,0.8,-0.8,1.6,-2.4000000000000004,0.8,1.6,0.8,1.6,-0.8,0.8,0.8,-0.8,0.8,-1.6,1.6,-0.8,0.8,0.8,-1.6,0.8,2.4000000000000004,-0.8,1.6,-0.8,2.4000000000000004,-0.8,0.0,1.6,-0.8,0.0,0.8,0.0,0.8,0.0,1.6,0.8,0.8,1.6,0.0,3.2,0.0,-0.8,1.6,0.0,-0.8,-0.8,0.8,0.0,0.0,1.6,0.0,0.0,0.8,-0.8,2.4000000000000004,0.0,-0.8,0.0,0.0,1.6,0.8,0.8,0.8,1.6,1.6,-1.6,0.8,2.4000000000000004,0.8,0.0,0.0,0.8,0.8,1.6,0.0,-0.8,0.0,0.0,0.8,0.8,0.0,0.8,0.8,0.8,1.6,0.8,0.0,0.0,-0.8,0.8,-0.8,1.6,0.8,1.6,0.8,-0.8,0.8,-0.8,0.8,0.8,0.0,0.8,-0.8,0.8,0.8,1.6,0.8,0.0,0.8,0.8,-0.8,0.8,0.0,0.0,-0.8,0.8,0.0,1.6,0.8,1.6,0.0,0.0,0.8,0.8,-0.8,0.8,-0.8,2.4000000000000004,0.8,1.6,0.0,0.8,0.8,0.0,0.8,0.8,-0.8,1.6,0.8,0.0,0.0,0.8,0.8,0.0,0.0,0.8,0.0,1.6,0.0,0.8,-1.6,0.0,0.8,1.6,2.4000000000000004,0.0,0.0,0.8,-0.8,0.8,0.0,-0.8,0.8,-0.8,-0.8,-1.6,1.6,0.8,0.0,0.0,0.0,1.6,1.6,-0.8,0.0,1.6,0.8,-0.8,1.6,0.8,0.0,0.0,0.0,1.6,0.0,0.0,0.8,1.6,-0.8,-0.8,0.0,1.6,0.0,0.8,0.8,1.6,0.8,0.8,1.6,1.6,0.0,-0.8,2.4000000000000004,0.0,0.8,0.8,1.6,0.8,-0.8,0.0,1.6,0.0,0.8,-0.8,0.0,0.8,0.0,0.0,1.6,1.6,0.0,-1.6,0.8,0.0,0.8,-0.8,0.8,-0.8,0.8,0.8,-1.6,0.0,0.8,0.0,0.0,-0.8,0.0,1.6,0.0,-0.8,-0.8,0.8,0.0,0.0,0.0,0.8,0.8,-0.8,0.8,0.8,0.0,1.6,0.8,0.0,0.0,0.8,0.8,0.0,1.6,0.8,0.0,0.8,0.0,0.0,0.0,1.6,0.8,0.0,1.6,0.8,0.8,1.6,0.0,0.0,0.8,0.8,0.0,0.0,0.8,0.8,-0.8,0.8,0.8,0.8,-0.8,0.0,0.8,-0.8,0.8,-0.8,0.0,0.0,-1.6,0.0,1.6,0.8,0.8,1.6,0.0,0.0,0.0,0.0,0.0,2.4000000000000004,0.0,0.0,0.8,0.8,0.8,0.8,0.8,0.0,0.0,-1.6,0.0,0.0,0.0,0.8,0.8,0.8,-0.8,0.8,0.0,0.8,-0.8,0.8,0.0,0.8,-0.8,-0.8,-0.8,0.8,0.0,0.0,0.0,-0.8,1.6,0.8,0.0,0.0,0.0,0.8,0.0,1.6,0.8,0.0,0.8,0.8,0.8,0.0,-1.6,0.8,-0.8,-0.8,0.8,0.0,1.6,0.8,0.8,0.8,0.8,-0.8,-0.8,0.8,0.8,0.0,0.8,-0.8,1.6,-0.8,0.8,0.8,-2.4000000000000004,0.8,-0.8,-0.8,0.8,-1.6,0.8,-0.8,0.0,0.0,0.0,0.8,0.0,0.8,0.0,-0.8,0.0,-1.6,0.8,0.8,0.0,1.6,0.0,1.6,0.8,-0.8,1.6,-1.6,0.8,0.8,0.8,0.8,0.0,1.6,0.8,0.0,0.8,0.0,0.0,-0.8,0.0,0.0,-0.8,0.0,0.8,0.8,-0.8,0.0,0.0,-0.8,0.0,0.0,1.6,0.8,0.0,0.0,0.0,0.0,0.8,0.0,0.0,0.8,0.0,0.0,0.8,0.0,0.8,-0.8,0.0,0.0,-0.8,0.8,1.6,-0.8,0.8,-0.8,-0.8,-0.8,-0.8,0.8,0.0,0.0,0.0,-1.6,0.8,0.8,0.8,0.0,-1.6,0.8,0.0,1.6,0.0,0.0,0.0,0.0,0.8,0.0,0.0,-0.8,0.0,0.0,0.0,0.0,0.8,0.0,1.6,0.0,0.0,0.8,0.0,0.0,0.0,0.0,0.0,-1.6,0.0,-0.8,0.8,0.8,1.6,0.8,-0.8,1.6,0.0,0.0,0.0,0.0,1.6,0.8,0.8,0.8,0.8,1.6,-0.8,0.0,0.8,-0.8,0.8,-1.6,-0.8,0.0,-0.8,0.8,-1.6,0.0,0.0,0.8,1.6,0.0,0.0,0.0,-1.6,0.8,-0.8,0.0,0.0,-0.8,0.8,0.0,0.8,0.0,0.8,1.6,-0.8,0.0,0.0,0.0,0.8,-0.8,0.8,-0.8,2.4000000000000004,1.6,-4.0,0.8,1.6,-0.8,-0.8,0.8,0.0,0.0,0.0,0.0,0.8,-0.8,-0.8,0.0,-0.8,0.0,1.6,0.0,-1.6,-0.8,0.8,0.0,1.6,-0.8,0.0,0.8,0.0,-0.8,-0.8,0.8,0.0,0.0,0.0,0.8,0.0,0.8,-0.8,0.8,-0.8,0.0,0.0,0.0,0.8,-0.8,0.0,0.8,0.0,0.8,0.8,0.8,0.0,-0.8,0.8,-0.8,1.6,-0.8,0.0,0.8,0.0,0.8,0.0,0.8,0.8,-0.8,0.0,-0.8,1.6,0.8,0.8,1.6,0.8,0.0,0.0,0.0,0.0,0.8,0.0,0.0,1.6,0.0,-0.8,0.8,0.0,0.0,-0.8,0.0,0.0,0.8,0.8,0.0,0.8,0.8,-0.8,0.0,0.0,0.0,1.6,0.0,1.6,0.0,-0.8,0.8,0.8,0.0,-0.8,0.0,0.8,0.8,0.8,0.8,0.0,1.6,0.0,0.0,0.0,0.0,0.0,0.0,-0.8,2.4000000000000004,0.8,1.6,-0.8,-1.6,1.6,0.8,0.0,0.0,1.6,1.6,-0.8,0.0,2.4000000000000004,0.8,0.8,0.0,0.8,0.8,-0.8,0.8,0.0,0.0,0.0,0.8,1.6,0.0,0.8,0.8,0.8,1.6,-0.8,1.6,0.8,1.6,0.8,0.0,1.6,0.0,1.6,0.8,0.0,1.6,-0.8,0.0,0.8,-0.8,0.0,0.8,0.8,0.8,-1.6,0.0,0.8,1.6,-0.8,0.0,0.8,1.6,0.0,0.0,0.0,1.6,0.0,0.8,0.8,-0.8,1.6,0.8,0.0,0.8,0.0,1.6,-0.8,0.0,1.6,0.8,0.0,0.0,0.0,-0.8,-0.8,0.8,-0.8,0.0,0.8,0.8,0.8,0.8,0.0,0.0,0.8,0.0,-1.6,0.0,0.8,0.0,0.0,-1.6,1.6,0.0,0.8,0.0,0.0,0.8,-0.8,0.8,0.0,0.8,0.0,0.8,0.8,1.6,0.0,0.0,0.8,0.8,-0.8,0.0,0.0,0.0,0.0,0.0,0.0,1.6,1.6,0.8,0.8,0.8,0.8,0.0,0.0,0.8,1.6,-0.8,1.6,0.8,0.8,-0.8,0.0,1.6,-0.8,0.0,-0.8,0.8,0.8,0.0,0.8,1.6,1.6,0.0,0.0,0.0,0.8,0.0,0.8,-0.8,1.6,-1.6,1.6,1.6,0.0,0.8,0.8,1.6,0.8,0.8,0.8,-0.8,1.6,0.0,0.0,1.6,-0.8,1.6,0.0,0.0,1.6,-0.8,0.0,-0.8,0.8,0.0,-0.8,1.6,-0.8,0.0,1.6,1.6,0.0,-0.8,0.0,0.0,-0.8,2.4000000000000004,-0.8,0.8,0.0,1.6,0.8,0.8,1.6,-1.6,1.6,0.0,-0.8,0.0,0.0,0.8,0.8,0.0,0.0,0.0,-0.8,-0.8,0.0,0.0,-0.8,0.0,0.0,-0.8,0.0,0.0,0.8,0.8,-0.8,0.8,0.0,0.0,-1.6,0.0,0.8,0.0,0.0,0.8,0.8,1.6,-0.8,0.8,0.8,0.0,0.0,0.8,0.0,0.0,0.8,0.8,0.0,0.8,0.0,0.0,0.0,0.0,0.0,0.8,0.0,1.6,-0.8,-0.8,0.8,0.8,0.0,1.6,0.8,0.0,0.8,0.8,0.0,0.0,0.8,0.8,-0.8,0.0,-0.8,0.8,0.0,0.8,1.6,-1.6,0.8,-0.8,0.0,0.0,-0.8,1.6,-0.8,0.8,0.0,0.0,0.0,-0.8,0.0,0.0,1.6,0.8,-2.4000000000000004,1.6,0.0,-0.8,1.6,-0.8,0.8,0.8,0.8,0.0,-0.8,1.6,0.8,0.0,0.8,-0.8,2.4000000000000004,0.0,0.0,0.8,-0.8,0.0,-2.4000000000000004,0.0,0.8,-0.8,2.4000000000000004,0.0,1.6,0.8,0.8,0.8,-0.8,0.0,-0.8,0.8,2.4000000000000004,-0.8,1.6,0.8,1.6,0.0,0.8,0.8,-0.8,0.0,0.0,-0.8,0.8,-0.8,1.6,0.8,0.8,0.0,0.0,0.0,0.8,-1.6,0.8,0.8,0.8,0.8,0.8,0.8,0.8,0.0,-0.8,0.8,0.0,0.0,0.0,0.0,0.8,0.0,0.0,-0.8,0.0,0.0,0.0,0.8,0.8,-0.8,0.0,0.8,0.8,0.8,0.8,0.8,0.0,0.8,0.0,0.8,0.0,0.8,0.8,-2.4000000000000004,0.0,0.8,0.8,0.0,-0.8,1.6,0.0,0.8,0.0,0.0,0.8,0.0,0.0,0.8,0.8,0.8,-0.8,1.6,1.6,0.0,0.8,0.0,0.0,0.0,0.0,0.8,0.0,0.0,0.0,1.6,1.6,0.0,0.8,0.8,0.0,0.8,-1.6,1.6,0.0,0.8,1.6,-0.8,1.6,0.8,-0.8,0.8,0.0,0.8,0.0,0.8,0.0,0.0,0.8,0.0,0.0,0.8,0.0,0.8,-0.8,0.0,0.0,0.0,0.8,0.8,-0.8,-0.8,0.8,1.6,0.0,0.0,1.6,0.0,0.8,0.8,0.0,0.0,0.0,0.0,-0.8,0.0,0.0,-0.8,0.8,0.0,0.0,0.0,0.0,0.0,-0.8,-0.8,0.8,-0.8,0.8,0.0,0.0,0.0,0.8,0.8,-1.6,0.8,1.6,0.0,0.8,0.8,0.0,0.8,0.0,0.0,0.0,1.6,0.0,-0.8,0.8,0.8,0.8,0.8,0.0,1.6,0.0,0.8,0.8,0.0,-0.8,-0.8,0.8,0.0,0.0,1.6,-0.8,1.6,0.8,0.0,0.8,-0.8,0.0,-0.8,-0.8,0.8,0.8,0.0,0.0,0.8,0.8,0.0,1.6,-0.8,0.0,1.6,-0.8,0.8,0.0,-0.8,0.8,0.0,0.8,-0.8,0.8,1.6,0.0,0.8,0.8,0.0,0.0,-0.8,0.0,0.0,0.8,0.0,0.0,0.0,0.0,1.6,0.8,-0.8,0.8,0.0,0.0,-0.8,-0.8,0.8,0.0,-0.8,0.0,0.0,-1.6,0.0,0.8,-0.8,0.8,0.8,0.0,0.0,0.8,0.0,-0.8,0.0,-0.8,0.0,0.0,0.0,1.6,-0.8,0.0,0.8,0.0,0.8,-0.8,0.0,0.0,-0.8,0.0,-0.8,1.6,-0.8,-0.8,0.8,0.8,1.6,-0.8,0.0,0.8,-0.8,0.8,-1.6,0.0,1.6,-1.6,-1.6,1.6,0.8,-0.8,0.8,0.0,-0.8,0.8,0.8,-0.8,1.6,0.8,0.8,-0.8,0.8,0.0,0.0,0.8,0.0,0.8,0.0,-0.8,0.8,-0.8,0.8,1.6,-0.8,0.8,-0.8,0.0,1.6,-0.8,0.0,-0.8,0.8,-0.8,-1.6,0.8,0.8,0.8,-0.8,0.0,1.6,0.8,0.8,-0.8,0.0,2.4000000000000004,-0.8,-0.8,-0.8,-0.8,0.8,-1.6,-0.8,0.0,0.0,1.6,-0.8,0.8,0.0,0.8,1.6,-0.8,0.8,-1.6,-0.8,0.8,-0.8,1.6,0.0,0.0,0.0,-1.6,0.8,0.0,0.8,0.0,-0.8,0.8,0.8,0.0,-0.8,0.0,0.0,0.0,0.8,0.8,1.6,0.8,0.0,1.6,0.8,-0.8,-0.8,-0.8,1.6,0.0,0.0,0.8,1.6,0.0,-0.8,0.0,0.8,0.8,-0.8,0.8,0.8,1.6,0.0,-0.8,1.6,0.8,0.0,1.6,-0.8,1.6,-1.6,-0.8,0.0,0.0,0.0,0.0,0.8,0.8,-1.6,0.8,-1.6,0.8,0.0,0.0,1.6,0.8,0.0,0.0,0.8,1.6,-0.8,1.6,1.6,0.8,1.6,-0.8,0.8,0.0,0.8,0.8,-0.8,0.8,0.8,0.0,0.8,-0.8,0.0,0.0,-0.8,0.8,0.0,1.6,0.8,0.8,0.0,0.0,1.6,0.0,1.6,-0.8,-1.6,0.0,0.0,0.8,0.0,0.0,1.6,0.0,1.6,-0.8,0.8,1.6,0.0,0.0,0.0,0.0,0.8,-0.8,1.6,0.8,0.8,0.8,-0.8,1.6,-0.8,0.0,0.0,0.0,0.0,0.0,-0.8,0.0,0.8,0.0,1.6,0.0,0.8,0.0,0.0,0.0,2.4000000000000004,0.0,0.8,1.6,0.8,0.8,0.8,-0.8,0.0,0.0,-0.8,0.8,-0.8,0.0,1.6,0.8,0.8,0.0,0.0,0.0,0.8,0.0,0.0,0.0,0.0,-0.8,0.0,0.0,0.0,0.0,0.8,0.8,-0.8,1.6,1.6,-0.8,0.8,0.8,0.0,0.0,-0.8,1.6,0.8,0.0,1.6,0.0,0.8,-1.6,0.0,0.8,0.0,0.8,0.0,0.8,0.8,0.0,0.0,0.0,-0.8,0.0,0.0,1.6,0.0,0.8,0.0,0.8,0.8,0.0,1.6,-0.8,-0.8,0.8,-0.8,0.8,0.8,-0.8,1.6,-0.8,1.6,0.0,-0.8,0.0,0.0,-0.8,-1.6,0.0,0.8,-0.8,0.0,0.0,0.8,1.6,0.0,1.6,0.8,0.0,-0.8,0.0,1.6,0.8,0.0,0.0,1.6,0.8,-1.6,0.8,-0.8,1.6,-0.8,-0.8,-0.8,-0.8,0.8,0.8,-1.6,3.2,0.8,-0.8,0.0,0.8,0.0,1.6,0.0,0.0,-1.6,0.8,0.8,-0.8,2.4000000000000004,0.0,0.0,0.0,0.8,1.6,0.8,0.8,0.8,0.0,0.8,0.0,0.8,1.6,-1.6,0.8,0.8,0.0,0.8,0.0,0.0,1.6,0.8,0.0,-1.6,1.6,0.0,0.8,0.8,-1.6,0.8,0.0,1.6,0.8,0.8,1.6,0.0,0.8,2.4000000000000004,0.0,-0.8,0.8,1.6,-0.8,-0.8,1.6,0.8,0.0,0.0,0.8,1.6,-0.8,0.8,1.6,0.0,0.8,0.0,0.0,0.8,0.8,0.8,0.0,0.8,-0.8,-0.8,0.8,0.0,-0.8,2.4000000000000004,0.0,0.8,0.0,0.0,0.0,0.0,0.0,0.0,0.0,1.6,0.0,0.8,1.6,0.8,0.0,1.6,0.8,0.8,0.0,0.0,-0.8,0.8,0.8,0.8,-0.8,0.8,0.8,0.0,0.0,1.6,1.6,0.8,0.8,0.0,1.6,1.6,0.8,0.8,1.6,0.8,0.8,0.0,1.6,2.4000000000000004,0.0,0.0,0.0,-0.8,0.0,0.8,-0.8,0.8,0.0,1.6,0.8,0.8,0.8,0.0,2.4000000000000004,0.0,-0.8,1.6,-0.8,0.8,-0.8,0.0,1.6,0.0,2.4000000000000004,0.0,0.0,3.2,0.0,0.8,1.6,0.0,1.6,-1.6,2.4000000000000004,0.8,-0.8,0.0,0.8,1.6,-0.8,-0.8,-0.8,0.0,1.6,0.0,0.8,1.6,-1.6,2.4000000000000004,0.0,1.6,0.8,-0.8,2.4000000000000004,0.0,1.6,0.0,0.0,2.4000000000000004,0.0,0.8,1.6,-0.8,2.4000000000000004,-0.8,0.8,-0.8,0.0,0.0,0.8,0.8,0.0,0.0,0.0,-0.8,0.8,0.0,1.6,0.0,1.6,0.8,-0.8,0.8,1.6,0.8,1.6,0.0,0.8,1.6,0.0,1.6,0.0,0.8,0.0,-0.8,-0.8,0.8,0.8,-0.8,0.8,0.8,0.0,0.0,0.8,0.8,0.0,0.8,0.8,0.0,0.0,-0.8,0.8,0.0,-0.8,0.0,0.0,2.4000000000000004,0.0,0.8,0.8,1.6,1.6,0.8,0.0,0.8,0.8,0.8,-0.8,0.8,0.8,0.0,0.0,0.8,1.6,0.0,0.8,0.8,0.0,0.8,0.0,0.8,0.0,0.0,0.8,0.0,0.8,0.0,0.8,1.6,0.0,0.8,0.8,-0.8,0.8,0.8,0.0,1.6,0.0,1.6,-0.8,0.8,-0.8,0.0,0.8,-0.8,0.8,0.8,0.0,1.6,0.0,1.6,-0.8,0.0,0.0,0.0,0.8,0.0,1.6,1.6,0.8,0.8,0.0,0.8,0.8,0.0,0.8,-0.8,1.6,0.8,-1.6,1.6,0.0,0.8,0.0,0.0,0.8,0.0,1.6,0.8
event_9,1625266713.0362191,-0.8,-0.8,1.6,0.8,-0.8,0.0,0.0,0.8,0.8,0.0,0.0,0.8,0.8,-0.8,0.0,1.6,-0.8,2.4000000000000004,0.0,0.0,0.8,0.0,0.8,1.6,-0.8,0.0,0.0,0.8,0.8,-0.8,1.6,0.8,0.0,0.0,1.6,1.6,-1.6,0.0,0.8,0.0,0.8,-0.8,1.6,0.8,0.8,0.0,0.0,0.8,0.8,0.0,0.8,0.8,0.0,-0.8,1.6,0.0,0.8,0.8,0.0,0.8,0.8,0.0,0.8,-0.8,0.8,0.0,-1.6,0.0,0.8,0.8,0.0,0.0,0.0,0.8,1.6,0.0,0.0,1.6,0.8,0.8,0.8,0.8,1.6,0.0,0.0,0.8,0.0,0.0,0.8,0.0,0.8,0.0,0.8,0.8,0.8,0.8,-1.6,0.8,0.0,-1.6,0.8,0.0,-6.4,-40.0,-56.0,-32.0,-13.600000000000001,-4.800000000000001,-3.2,-1.6,-0.8,-3.2,-1.6,-1.6,-1.6,0.8,-0.8,0.8,1.6,0.8,0.0,0.0,1.6,-0.8,-0.8,-1.6,0.8,0.8,-1.6,0.0,1.6,-0.8,1.6,0.0,1.6,0.0,-1.6,1.6,0.8,2.4000000000000004,-0.8,0.8,2.4000000000000004,0.8,-0.8,0.8,0.8,0.8,0.0,0.8,-0.8,0.0,0.0,0.8,0.8,-0.8,0.0,0.8,-0.8,0.0,0.0,0.8,0.8,0.8,0.8,0.0,0.8,0.8,0.0,0.8,-0.8,0.0,0.8,0.8,0.8,0.0,0.8,-0.8,-1.6,-0.8,0.8,0.8,0.0,0.0,0.0,-1.6,0.8,0.8,0.0,0.0,-0.8,0.8,-0.8,0.0,0.0,0.8,0.8,-0.8,-0.8,0.8,0.8,0.8,1.6,0.0,1.6,0.8,0.8,-1.6,-1.6,0.8,0.8,0.0,0.0,0.8,0.0,0.0,0.8,1.6,0.8,-0.8,0.8,0.8,0.0,0.8,0.0,0.8,0.0,0.0,0.0,0.8,0.8,0.0,0.8,0.0,1.6,0.8,0.0,1.6,0.8,0.8,0.8,0.8,0.8,-0.8,1.6,-0.8,0.0,0.0,-0.8,1.6,-1.6,-0.8,1.6,0.0,1.6,-1.6,0.0,0.0,-0.8,0.8,0.0,0.0,1.6,0.0,0.8,-0.8,0.0,1.6,-1.6,0.0,-0.8,0.8,0.0,-0.8,1.6,-1.6,0.8,-1.6,-0.8,0.8,-0.8,0.8,0.8,0.0,0.0,-0.8,2.4000000000000004,0.0,-0.8,0.8,0.0,0.8,0.0,0.0,0.0,0.0,-0.8,-1.6,0.8,0.8,0.8,0.8,-0.8,0.8,0.8,0.0,0.8,0.8,0.8,-0.8,0.0,0.8,-0.8,1.6,0.0,0.0,1.6,-0.8,-0.8,0.0,0.0,-1.6,-1.6,0.0,0.0,0.0,-0.8,0.0,1.6,-0.8,0.0,0.8,0.8,0.8,-1.6,0.8,1.6,0.8,0.0,0.0,0.8,0.0,-0.8,0.8,0.0,0.8,-0.8,-0.8,0.0,0.8,-1.6,0.8,0.8,0.8,0.0,0.0,0.0,1.6,-0.8,0.8,0.0,0.0,0.0,0.0,0.8,1.6,0.0,0.8,0.0,0.0,0.8,0.8,-0.8,0.0,1.6,1.6,0.0,-0.8,0.8,0.0,-0.8,0.0,-0.8,-0.8,0.8,-0.8,0.0,0.0,0.8,0.0,-0.8,0.8,0.0,0.0,1.6,-1.6,-0.8,0.8,0.0,-0.8,0.0,1.6,0.8,0.0,0.0,0.0,0.8,-0.8,0.0,0.0,-0.8,1.6,0.0,0.0,0.8,0.8,0.8,0.0,0.0,0.0,0.0,0.8,-0.8,0.0,0.0,0.8,0.8,0.0,0.8,-0.8,0.0,0.0,0.0,-0.8,-0.8,0.0,0.0,0.0,0.8,0.0,0.8,0.0,0.8,1.6,0.8,0.8,0.0,0.0,1.6,0.0,0.8,0.8,0.0,-0.8,-0.8,0.8,1.6,-0.8,0.8,-0.8,1.6,0.0,-0.8,0.8,0.0,-0.8,1.6,-0.8,-0.8,0.8,0.0,0.8,-0.8,0.8,0.0,-0.8,0.0,0.8,1.6,-0.8,-0.8,0.8,-1.6,0.8,0.8,0.0,-0.8,0.0,2.4000000000000004,-0.8,1.6,0.8,-0.8,0.8,-0.8,0.0,-0.8,0.8,1.6,-1.6,0.0,1.6,0.0,1.6,0.0,-1.6,0.0,0.0,0.8,0.8,1.6,1.6,0.8,2.4000000000000004,1.6,0.8,-0.8,-1.6,0.0,-0.8,0.8,0.0,-0.8,0.0,-0.8,0.8,0.8,1.6,0.0,-0.8,0.8,0.0,0.0,0.8,0.0,1.6,0.8,0.8,1.6,1.6,-1.6,0.8,0.0,0.0,-0.8,0.0,0.0,0.8,-0.8,0.8,0.8,0.8,-0.8,0.0,0.0,0.0,-0.8,0.0,0.0,0.8,-0.8,-0.8,0.0,0.8,0.8,0.0,0.8,0.0,0.8,0.8,0.0,0.0,-0.8,0.8,-0.8,-1.6,0.0,0.0,0.0,0.8,0.8,-0.8,-1.6,0.0,0.0,0.8,0.0,0.8,1.6,0.8,0.8,0.0,1.6,0.8,-2.4000000000000004,1.6,2.4000000000000004,0.0,1.6,0.8,0.8,0.0,1.6,0.0,-1.6,0.8,-0.8,-0.8,0.0,0.0,0.8,0.8,0.8,1.6,0.0,0.8,0.0,0.8,0.8,-2.4000000000000004,0.8,0.0,0.8,0.0,0.0,1.6,-0.8,0.0,0.0,1.6,0.8,-1.6,0.8,0.0,0.0,0.0,-0.8,2.4000000000000004,0.8,-0.8,0.8,-0.8,0.0,-0.8,0.0,0.0,-1.6,0.8,0.8,0.8,-0.8,-2.4000000000000004,0.8,-0.8,0.8,-0.8,-1.6,0.8,-0.8,-0.8,-0.8,-0.8,0.8,-0.8,0.8,0.0,0.0,0.8,1.6,0.8,-0.8,0.0,0.0,-0.8,0.0,0.0,0.8,-0.8,0.8,0.0,-0.8,0.8,-0.8,0.0,0.8,0.0,0.8,0.0,0.8,0.0,0.0,0.0,-0.8,-0.8,0.0,0.0,0.0,0.0,0.0,0.8,0.8,0.8,-0.8,0.0,0.8,0.0,-0.8,-0.8,0.8,0.0,0.8,0.0,0.8,0.8,-0.8,0.8,0.0,0.0,0.0,0.0,0.0,0.0,0.0,0.8,0.8,0.8,0.0,1.6,0.0,0.0,0.0,0.8,0.8,0.0,0.0,2.4000000000000004,0.0,0.8,-0.8,1.6,0.8,0.0,0.8,0.0,-0.8,0.0,-0.8,2.4000000000000004,0.0,0.0,-0.8,-0.8,0.8,0.0,0.0,1.6,-0.8,2.4000000000000004,0.0,1.6,0.0,-0.8,1.6,-0.8,0.8,0.0,0.8,0.8,-0.8,0.8,0.8,0.0,0.8,-0.8,0.8,0.0,0.0,0.8,0.0,0.0,0.0,0.8,0.8,-0.8,0.8,0.0,0.0,0.0,0.8,0.8,-0.8,-0.8,0.0,0.0,2.4000000000000004,0.8,-0.8,0.8,1.6,1.6,0.8,0.8,0.8,0.0,0.8,0.0,0.8,0.8,0.8,0.8,0.8,0.8,0.8,0.0,2.4000000000000004,1.6,0.0,0.0,0.8,-0.8,0.0,0.8,0.8,0.8,0.8,0.8,0.8,0.8,0.0,0.0,0.8,-0.8,1.6,-0.8,0.8,0.8,0.0,-0.8,0.0,0.8,0.8,0.0,0.8,-0.8,0.0,0.8,0.0,1.6,0.0,0.0,0.8,0.0,1.6,-0.8,0.8,0.8,0.8,0.8,-0.8,1.6,0.0,0.8,0.8,0.0,0.0,0.8,0.0,0.0,0.0,1.6,0.0,0.8,0.0,0.0,1.6,-1.6,0.8,0.0,-1.6,0.8,-0.8,0.0,0.0,-0.8,0.8,-0.8,0.8,0.0,-0.8,0.8,-0.8,-0.8,0.0,0.0,0.8,0.0,0.0,1.6,0.0,0.8,0.0,0.8,0.8,0.0,0.0,1.6,1.6,0.8,0.8,0.0,0.8,0.8,0.8,0.0,0.8,0.0,0.0,-0.8,1.6,0.0,-0.8,0.8,0.8,-0.8,0.8,0.8,-0.8,0.8,0.8,0.0,0.0,1.6,0.8,0.0,1.6,0.8,0.8,2.4000000000000004,0.0,0.8,-0.8,-0.8,0.8,0.0,0.0,0.8,1.6,1.6,0.0,0.8,-0.8,1.6,0.0,0.0,0.0,0.0,0.8,0.0,0.8,0.8,0.0,0.0,0.8,-0.8,0.8,-0.8,0.0,0.8,0.0,0.8,-1.6,0.0,0.8,1.6,0.8,0.8,0.8,-0.8,0.8,0.8,0.0,0.0,-0.8,0.8,0.0,0.0,0.8,0.0,0.8,-0.8,-1.6,0.0,0.8,0.8,0.8,0.0,0.8,0.8,1.6,0.8,-0.8,1.6,0.0,0.0,0.8,0.0,0.8,-1.6,0.0,0.8,0.0,0.8,0.0,2.4000000000000004,0.0,-0.8,0.8,0.0,0.0,0.0,0.0,1.6,0.8,0.8,0.8,0.8,0.8,-0.8,0.8,0.0,2.4000000000000004,0.8,0.8,2.4000000000000004,0.8,-0.8,1.6,0.8,0.0,0.0,0.8,-1.6,-0.8,0.8,0.8,0.0,0.8,0.8,0.0,0.0,0.0,-0.8,0.8,0.0,0.8,0.0,0.0,0.0,0.0,0.0,0.0,0.8,-0.8,0.8,0.8,-1.6,0.0,0.0,-0.8,0.8,-0.8,0.8,-0.8,-0.8,1.6,-0.8,0.0,-0.8,0.8,0.8,-0.8,1.6,0.0,0.0,1.6,-0.8,0.8,0.0,0.8,-0.8,-0.8,1.6,0.0,0.8,0.0,0.0,2.4000000000000004,0.0,1.6,0.0,0.8,0.0,-1.6,0.8,0.0,0.0,1.6,0.0,1.6,-0.8,0.0,0.0,0.0,0.8,-0.8,0.8,-0.8,0.8,0.0,0.0,2.4000000000000004,0.0,-0.8,0.8,0.0,1.6,-0.8,0.0,1.6,0.8,1.6,0.0,0.8,0.8,0.0,1.6,0.0,0.8,0.0,0.0,0.0,0.0,0.8,0.8,-0.8,0.8,-0.8,0.0,0.0,0.8,0.0,0.0,0.8,0.8,-0.8,0.8,0.0,2.4000000000000004,0.0,0.0,0.8,0.8,1.6,0.0,-0.8,-0.8,0.0,0.0,0.0,0.0,0.8,0.8,0.0,0.0,0.8,-0.8,0.0,0.0,-0.8,0.0,0.0,0.0,-0.8,0.8,0.0,0.0,0.8,-0.8,-0.8,0.8,0.8,0.0,0.0,0.0,0.0,0.8,1.6,0.0,0.0,0.8,0.0,-0.8,0.0,0.0,0.0,0.8,0.8,0.8,1.6,0.0,0.8,0.0,-1.6,1.6,-0.8,1.6,0.8,-0.8,0.0,-0.8,0.0,1.6,0.0,0.8,-0.8,0.0,0.8,0.0,1.6,0.0,0.8,0.0,0.0,-0.8,0.0,0.0,0.0,-1.6,0.8,-1.6,0.8,0.0,0.8,1.6,0.0,0.0,0.0,-0.8,0.0,-1.6,1.6,0.0,0.8,0.0,-0.8,0.8,-0.8,-0.8,1.6,-0.8,0.0,0.0,1.6,0.0,-0.8,0.8,0.0,0.0,0.8,0.8,1.6,-0.8,0.8,0.0,-1.6,0.0,0.8,0.8,-0.8,0.0,0.0,0.0,0.0,-0.8,0.0,0.8,-0.8,-0.8,0.0,0.8,0.8,0.0,0.0,1.6,0.8,0.8,-1.6,0.0,0.8,1.6,-0.8,0.8,0.8,0.0,-0.8,0.0,0.0,0.0,0.0,0.0,0.8,-0.8,0.0,0.8,0.0,0.0,0.8,0.8,1.6,0.8,0.8,0.8,0.8,0.0,-0.8,1.6,0.0,1.6,0.8,0.0,0.0,0.0,0.8,1.6,0.8,0.8,-1.6,-0.8,-0.8,0.0,0.8,0.0,1.6,0.8,0.0,0.8,-1.6,0.8,0.0,0.8,0.0,0.0,1.6,-0.8,-0.8,0.8,0.0,0.0,0.8,-2.4000000000000004,1.6,1.6,-0.8,-2.4000000000000004,2.4000000000000004,0.0,-4.0,0.0,3.2,0.0,-1.6,1.6,0.8,-1.6,-0.8,0.8,0.8,-0.8,-0.8,0.8,0.8,0.0,0.0,0.8,0.8,-0.8,-1.6,0.0,0.8,0.8,0.0,-0.8,0.8,0.8,0.0,0.8,0.0,0.0,1.6,-0.8,0.8,0.8,0.0,0.0,0.0,0.8,0.8,-0.8,0.0,0.8,-0.8,-0.8,0.0,0.0,0.0,-0.8,0.0,0.8,0.8,0.8,0.8,-0.8,-0.8,-0.8,0.8,-0.8,0.0,0.0,0.0,0.8,1.6,-0.8,1.6,-0.8,0.0,0.8,-0.8,0.0,0.0,0.0,1.6,-0.8,0.0,-1.6,0.0,0.0,-0.8,0.8,0.8,0.0,1.6,0.0,0.8,0.0,0.8,-0.8,-0.8,1.6,-0.8,2.4000000000000004,1.6,-1.6,0.8,0.0,0.8,-0.8,-0.8,0.8,0.0,0.0,0.0,0.0,0.8,-0.8,0.0,0.0,0.0,1.6,-0.8,0.8,0.0,0.0,0.0,0.8,0.0,-1.6,0.0,1.6,0.0,0.8,-0.8,0.0,0.8,0.8,0.8,-0.8,0.8,0.8,-0.8,0.8,-0.8,0.0,0.8,0.0,0.0,0.0,-0.8,0.0,0.8,0.0,-0.8,0.0,-0.8,-0.8,0.8,0.8,0.8,0.8,0.8,0.8,0.8,0.0,0.0,0.8,0.0,2.4000000000000004,0.8,0.0,0.8,0.8,0.8,0.8,0.8,0.0,0.0,0.8,0.8,0.0,0.8,1.6,0.8,0.0,0.0,0.8,-0.8,0.0,-0.8,0.8,0.0,0.8,0.8,-0.8,1.6,0.8,0.0,1.6,-0.8,0.8,0.0,0.8,0.0,0.8,1.6,0.0,0.8,-1.6,0.0,2.4000000000000004,-0.8,0.8,-0.8,-1.6,0.8,-0.8,0.0,-0.8,0.8,0.8,-0.8,1.6,0.0,0.0,0.0,-1.6,0.0,-0.8,1.6,0.0,0.0,0.8,0.0,0.0,0.8,0.0,0.0,0.0,0.0,0.0,0.0,0.8,0.0,1.6,0.8,0.0,0.0,0.0,0.0,0.0,0.0,0.8,-0.8,0.0,0.0,0.0,0.8,0.8,0.8,0.0,1.6,0.0,-0.8,-0.8,0.8,0.8,1.6,0.8,0.8,0.8,0.8,0.0,0.0,0.0,0.0,0.0,0.8,0.0,0.0,0.0,0.8,0.0,0.8,0.0,0.8,0.0,0.8,-0.8,0.0,0.8,0.8,0.0,-1.6,0.8,0.0,-0.8,0.0,0.0,0.0,2.4000000000000004,0.8,0.0,-0.8,0.0,0.0,-0.8,0.8,0.8,0.8,0.0,0.0,0.8,-0.8,-0.8,0.0,0.0,0.0,-0.8,1.6,0.8,-0.8,0.0,-1.6,1.6,-0.8,-1.6,0.0,1.6,0.8,0.0,-0.8,3.2,0.0,0.0,0.8,0.8,0.0,0.8,0.8,0.0,0.8,2.4000000000000004,0.0,1.6,1.6,0.8,0.8,-0.8,0.8,-1.6,0.8,-0.8,-0.8,1.6,-0.8,0.0,0.8,-0.8,0.0,-0.8,0.8,0.8,-0.8,0.8,0.0,2.4000000000000004,0.0,0.0,1.6,0.8,0.8,0.8,0.8,0.8,0.0,0.0,-0.8,0.8,0.8,-0.8,1.6,0.8,-0.8,0.0,-0.8,0.8,0.0,0.8,0.0,1.6,0.8,-0.8,0.8,1.6,0.8,0.0,0.0,-0.8,0.8,1.6,0.8,0.8,0.8,0.0,0.0,0.8,1.6,1.6,-0.8,0.8,0.0,0.0,0.0,1.6,0.8,-0.8,0.8,1.6,0.8,0.8,0.8,0.0,0.8,0.0,-0.8,0.0,0.0,0.8,1.6,0.8,1.6,0.8,0.8,0.0,-0.8,1.6,0.0,0.0,0.8,0.8,1.6,0.8,0.8,1.6,-0.8,0.8,0.8,0.8,0.0,-1.6,0.8,0.0,0.0,0.8,0.8,2.4000000000000004,-0.8,1.6,0.8,0.0,2.4000000000000004,-1.6,2.4000000000000004,0.8,0.8,0.8,-0.8,2.4000000000000004,1.6,0.0,0.8,0.0,1.6,0.8,0.8,1.6,-0.8,0.8,1.6,0.8,0.8,-0.8,0.0,0.8,0.0,0.0,0.8,0.8,1.6,0.0,0.0,-0.8,2.4000000000000004,0.8,0.0,2.4000000000000004,0.0,1.6,0.8,0.0,0.8,0.8,0.8,0.0,0.8,0.8,0.8,0.0,1.6,0.0,-0.8,0.8,0.8,0.8,0.8,0.8,0.8,0.0,0.8,-0.8,0.0,0.8,0.0,-0.8,-0.8,1.6,1.6,0.0,0.0,0.8,0.8,0.0,-0.8,0.0,0.8,0.8,0.0,0.0,0.8,0.0,0.8,0.0,1.6,0.8,0.0,2.4000000000000004,0.8,-0.8,-0.8,-0.8,0.8,-0.8,-0.8,0.8,0.0,0.8,0.0,0.8,1.6,-0.8,0.0,0.8,0.8,1.6,-0.8,2.4000000000000004,0.0,1.6,-0.8,0.0,0.8,0.0,0.0,0.0,-0.8,0.0,-1.6,1.6,0.8,0.8,0.0,-1.6,0.8,0.0,0.0,0.8,-0.8,0.8,-0.8,0.8,0.8,0.0,1.6,0.0,1.6,0.0,1.6,0.8,-1.6,1.6,0.8,0.8,0.8,-0.8,2.4000000000000004,0.0,-0.8,1.6,-0.8,0.0,0.0,0.0,0.8,-1.6,1.6,0.0,-0.8,0.8,1.6,0.0,0.0,0.0,0.0,-0.8,1.6,0.0,0.0,0.8,1.6,0.8,1.6,0.8,0.0,0.8,0.8,-0.8,1.6,0.8,0.8,0.8,0.8,0.0,0.8,0.0,0.8,1.6,0.0,-0.8,-0.8,-0.8,0.8,-0.8,0.0,2.4000000000000004,0.8,0.8,0.8,0.8,0.0,-0.8,0.8,0.8,0.8,0.8,1.6,1.6,1.6,0.0,0.8,0.8,0.8,0.0,0.8,0.0,0.8,0.8,0.8,1.6,1.6,0.0,0.8,0.8,1.6,-0.8,1.6,0.0,0.8,0.0,-0.8,0.8,0.0,0.0,0.8,-0.8,0.0,0.8,0.8,0.0,0.0,1.6,0.8,0.0,-0.8,-0.8,1.6,0.0,0.8,0.8,-1.6,0.8,0.8,0.8,0.8,0.0,1.6,0.0,1.6,0.0,-0.8,1.6,-1.6,0.0,0.8,0.8,2.4000000000000004,-0.8,0.8,2.4000000000000004,0.8,1.6,0.0,0.8,1.6,-1.6,0.8,2.4000000000000004,0.8,-0.8,3.2,3.2,-2.4000000000000004,1.6,2.4000000000000004,0.0,0.8,0.0,0.8,0.0,0.8,0.0,-0.8,1.6,0.0,0.8,1.6,0.8,0.8,-0.8,0.0,0.8,0.0,1.6,1.6,0.0,1.6,0.8,0.8,2.4000000000000004,0.0,0.0,0.8,-0.8,0.8,0.0,0.8,0.8,0.8,0.0,0.0,0.8,-0.8,-0.8,0.0,1.6,0.8,0.0,0.8,0.8,0.8,1.6,0.0,0.8,1.6,0.8,1.6,0.8,0.0,0.8,0.8,0.8,0.0,1.6,1.6,0.0,1.6,0.0,0.8,-0.8,0.0,1.6,0.8,0.0,1.6,0.8,0.8,0.0,2.4000000000000004,0.8,0.8,0.0,-0.8,0.8,0.8,1.6,0.0,0.0,2.4000000000000004,1.6,0.0,0.0,0.0,1.6,0.8,0.8,0.0,0.8,0.8,-0.8,1.6,1.6,0.0,0.8,0.0,1.6,0.0,-0.8,0.8,0.0,0.0,-0.8,0.0,1.6,0.0,0.8,0.8,0.0,1.6,-0.8,1.6,0.8,1.6,0.8,0.8,0.0,0.8,0.0,1.6,0.8,0.0,0.0,0.0,0.0,0.0,0.0,1.6,0.0,1.6,0.0,0.8,0.8,0.0,0.0,0.8,1.6,0.8,-0.8,-1.6,0.8,0.8,0.8,0.8,0.8,0.0,1.6,0.8,0.8,1.6,0.0,-0.8,0.0,-0.8,1.6,0.0,0.0,0.8,-0.8,0.0,-0.8,-0.8,0.0,-0.8,1.6,0.0,0.8,0.0,0.8,0.0,-0.8,0.0,-0.8,-0.8,2.4000000000000004,0.0,0.8,0.8,0.8,0.8,0.0,0.8,-0.8,0.0,0.0,-0.8,0.8,0.8,0.0,1.6,-0.8,0.0,0.0,-0.8,0.8,0.8,0.0,-1.6,0.8,1.6,-0.8,1.6,0.0,0.8,0.8,0.8,0.8,-0.8,0.0,0.0,0.8,0.0,0.8,0.0,1.6,0.8,0.8,0.0,1.6,0.8,0.0,1.6,0.0,0.0,0.0,-0.8,0.8,0.8,1.6,-0.8,0.0,0.0,0.0,0.0,0.8,0.8,1.6,0.0,0.8,0.8,1.6,0.0,0.0,0.0,0.0,1.6,0.8,0.8,0.8,0.8,0.8,-1.6,0.8,0.8,0.0,-0.8,-0.8,0.8,0.0,0.8,0.0,-0.8,0.0,-0.8,0.0,-0.8,0.8,0.0,-0.8,0.8,0.0,-1.6,0.8,0.0,1.6,-0.8,0.8,1.6,0.0,0.0,-0.8,0.0,0.8,-1.6,0.0,0.0,0.0,-0.8,0.0,0.0,0.8,2.4000000000000004,-1.6,0.0,0.8,-1.6,1.6,-0.8,0.8,0.0,-1.6,1.6,-0.8,0.8,0.0,0.0,0.0,-1.6,0.0,0.0,0.0,2.4000000000000004,-0.8,0.8,0.8,1.6,0.0,0.0,0.8,0.8,0.8,0.0,0.0,0.8,0.0,0.8,1.6,0.0,0.8,0.8,-0.8,1.6,-0.8,0.8,0.8,0.8,0.0,-1.6,0.8,0.0,0.8,0.8,-0.8,0.8,0.8,0.8,0.0,0.0,2.4000000000000004,-0.8,-0.8,-0.8,0.8,0.8,0.0,0.8,0.8,0.0,0.0,0.8,0.8,0.0,0.0,2.4000000000000004,0.0,0.8,0.0,0.0,1.6,-1.6,0.0,0.8,0.8,0.0,-0.8,0.8,0.8,0.8,0.8,0.0,0.8,0.8,0.8,0.8,0.0,1.6,0.0,0.8,0.8,1.6,0.8,0.0,0.8,0.0,0.0
event_10,1625266717.335465,0.0,0.8,0.0,1.6,0.0,0.8,1.6,0.0,0.8,-0.8,0.0,0.0,0.0,1.6,0.0,1.6,0.8,0.0,0.8,0.0,0.8,1.6,0.8,0.0,-0.8,0.0,-0.8,0.0,0.0,0.0,1.6,0.8,0.8,0.8,-0.8,1.6,-0.8,0.8,1.6,1.6,0.8,-0.8,0.8,1.6,-0.8,0.0,0.0,1.6,-0.8,0.0,0.0,-0.8,0.0,0.0,0.8,0.0,0.0,0.0,0.0,1.6,-0.8,0.8,0.0,0.8,0.0,-0.8,0.0,0.0,0.0,1.6,-0.8,0.8,1.6,0.8,0.8,0.0,1.6,0.0,0.8,-0.8,0.0,2.4000000000000004,-0.8,0.8,-0.8,-0.8,0.8,0.0,1.6,0.8,0.0,0.8,-0.8,1.6,0.0,0.0,2.4000000000000004,-0.8,-0.8,-0.8,0.8,1.6,-2.4000000000000004,-32.0,-71.2,-58.4,-28.0,-11.2,-6.4,-4.0,-2.4000000000000004,-2.4000000000000004,-6.4,-4.0,-2.4000000000000004,0.8,0.0,0.0,1.6,-1.6,-0.8,0.0,-0.8,0.0,-0.8,-0.8,1.6,0.0,-0.8,-0.8,1.6,0.8,-0.8,0.8,1.6,0.8,-0.8,0.0,1.6,0.8,-0.8,0.0,1.6,0.8,0.8,0.8,0.0,0.0,0.8,-0.8,0.8,0.0,0.0,0.8,0.0,0.0,0.8,0.0,0.8,-0.8,0.0,0.8,0.8,-0.8,0.0,0.8,1.6,0.0,1.6,0.0,-0.8,1.6,0.0,0.8,-0.8,0.0,0.8,0.0,0.0,0.0,0.0,0.0,0.0,0.8,-0.8,0.0,1.6,-0.8,0.8,0.0,0.0,0.0,-0.8,0.0,1.6,0.0,-0.8,-0.8,0.8,0.8,0.0,-0.8,0.0,1.6,-0.8,0.8,0.0,0.0,1.6,0.0,0.8,0.0,0.8,0.8,0.0,1.6,0.0,0.8,0.8,0.0,1.6,0.0,-0.8,0.8,0.0,0.0,1.6,-0.8,1.6,0.0,0.0,0.0,0.8,0.8,0.0,1.6,0.0,1.6,0.0,0.8,1.6,0.8,0.0,0.0,0.0,1.6,-0.8,0.8,0.0,0.8,0.8,2.4000000000000004,0.8,0.8,0.0,0.0,0.0,0.0,0.0,0.8,0.0,1.6,0.8,-0.8,0.8,0.8,0.8,0.8,-0.8,0.8,0.0,0.0,0.8,0.0,-0.8,0.0,-0.8,0.0,0.8,0.8,-0.8,0.0,0.0,-0.8,0.0,0.8,0.0,-0.8,1.6,0.8,0.0,0.0,0.0,0.0,0.0,0.0,0.0,0.0,1.6,-0.8,0.8,0.0,0.8,1.6,-0.8,0.8,0.0,0.8,1.6,-0.8,0.0,0.0,0.8,0.0,0.0,1.6,0.0,1.6,0.0,0.8,0.8,-1.6,0.8,0.0,0.0,2.4000000000000004,-0.8,1.6,0.8,0.0,1.6,0.0,1.6,0.0,1.6,0.8,0.8,0.0,-0.8,0.8,1.6,0.0,1.6,0.0,0.8,0.0,-0.8,1.6,0.8,-0.8,0.8,0.0,0.8,-0.8,0.0,-0.8,0.0,0.0,0.0,0.8,0.0,0.8,-0.8,-0.8,0.8,1.6,0.8,0.8,-0.8,2.4000000000000004,0.0,-0.8,0.0,-0.8,0.0,-0.8,0.0,1.6,0.0,0.0,0.0,0.0,0.0,0.8,-0.8,0.0,0.0,0.0,0.8,0.0,0.0,0.8,0.0,0.8,-1.6,-0.8,-0.8,1.6,1.6,-0.8,0.8,2.4000000000000004,-0.8,0.8,0.0,0.0,0.8,0.0,0.0,-0.8,0.0,-0.8,-0.8,1.6,0.0,0.8,-0.8,0.0,0.8,-1.6,-0.8,-0.8,0.8,0.0,-1.6,0.0,0.8,0.8,1.6,0.8,0.8,-0.8,0.0,0.8,-0.8,2.4000000000000004,0.0,0.0,-0.8,1.6,-0.8,-0.8,2.4000000000000004,0.0,-1.6,0.0,-1.6,0.0,-0.8,0.8,0.0,-0.8,-0.8,-1.6,0.0,0.8,-1.6,1.6,-0.8,0.0,0.0,0.0,1.6,0.8,0.0,0.0,0.8,0.8,0.0,1.6,-0.8,0.0,0.0,0.0,0.0,-0.8,0.0,0.0,0.8,1.6,0.0,0.0,0.8,0.0,0.0,0.0,0.0,0.8,-0.8,1.6,0.8,0.0,0.8,-0.8,-1.6,-0.8,0.0,0.0,0.8,-0.8,0.8,0.0,0.0,0.0,-0.8,0.0,-0.8,-1.6,0.0,0.8,0.8,0.8,-0.8,0.0,0.0,-0.8,-0.8,0.8,0.0,0.0,0.0,0.8,0.8,-0.8,0.8,0.8,-0.8,1.6,0.8,-0.8,0.0,-1.6,-0.8,0.0,0.8,0.8,0.0,0.8,0.8,-0.8,0.8,0.0,0.8,-0.8,-0.8,0.8,-0.8,0.8,0.8,0.8,0.0,-1.6,0.0,-1.6,0.8,0.0,0.0,0.0,0.0,0.0,-0.8,0.8,0.8,-0.8,1.6,0.0,-0.8,1.6,0.0,0.0,0.0,-0.8,0.0,-0.8,-0.8,0.8,0.8,0.0,0.0,-0.8,0.0,-0.8,-1.6,0.0,0.0,0.0,0.8,-0.8,-0.8,0.0,-0.8,0.0,-1.6,-1.6,-0.8,0.0,-0.8,0.8,0.8,0.8,-0.8,0.8,0.0,-1.6,0.0,-0.8,0.0,0.0,0.8,0.0,0.8,-0.8,0.0,0.0,0.0,0.0,0.0,0.0,0.0,-1.6,-0.8,0.0,0.0,0.8,0.0,-0.8,0.0,0.8,0.0,0.0,0.0,0.8,1.6,1.6,0.0,0.8,0.0,0.8,-0.8,0.0,0.0,0.8,0.0,-0.8,-0.8,0.0,0.0,0.8,-0.8,0.8,-0.8,0.8,0.0,0.0,0.0,-0.8,0.8,-0.8,-0.8,0.8,0.8,-0.8,0.0,0.8,0.0,-1.6,1.6,0.8,-0.8,0.0,-0.8,0.8,0.0,-0.8,1.6,0.8,0.8,0.8,0.0,0.0,-0.8,0.8,0.0,-0.8,1.6,0.0,0.8,0.0,0.0,0.0,1.6,0.8,-1.6,0.8,0.8,0.0,0.8,0.0,0.8,0.8,0.8,0.0,-0.8,0.8,0.0,-0.8,0.0,0.0,0.0,0.0,0.8,0.0,0.8,0.8,-0.8,0.8,-0.8,0.0,0.0,0.8,0.0,-1.6,1.6,0.8,-0.8,0.0,0.8,0.0,-0.8,0.8,0.8,0.0,1.6,0.0,0.0,0.8,1.6,0.8,0.8,0.8,0.8,0.0,0.0,-2.4000000000000004,0.0,0.0,0.8,1.6,0.0,0.8,0.0,0.8,0.0,-0.8,0.0,-1.6,1.6,-0.8,-2.4000000000000004,0.0,0.0,0.8,0.8,0.0,1.6,0.0,1.6,0.0,-0.8,1.6,-0.8,0.8,0.0,0.0,0.8,-1.6,0.8,-1.6,-0.8,1.6,0.8,1.6,-0.8,0.8,0.0,0.0,0.8,0.0,-0.8,0.8,0.0,0.8,-0.8,1.6,0.8,0.8,0.0,0.8,0.0,1.6,0.0,0.8,0.8,0.8,0.0,0.0,0.0,0.8,0.8,0.0,0.8,0.0,-0.8,1.6,0.8,-0.8,-0.8,-0.8,0.0,0.0,0.8,0.8,1.6,0.0,0.0,0.8,0.0,0.0,0.8,0.8,0.8,1.6,0.8,0.0,0.8,0.8,-0.8,0.8,-2.4000000000000004,2.4000000000000004,3.2,-3.2,0.0,1.6,-1.6,0.8,1.6,0.8,-3.2,0.0,0.0,0.8,0.8,-1.6,1.6,1.6,0.0,0.8,-0.8,1.6,0.0,0.8,1.6,0.8,2.4000000000000004,-0.8,0.8,0.8,-0.8,0.8,-0.8,0.0,0.8,-0.8,0.8,-0.8,0.0,-0.8,0.8,0.8,-0.8,0.8,0.0,0.8,0.8,0.0,0.0,-0.8,0.8,0.0,-1.6,1.6,0.8,0.0,0.8,-1.6,1.6,0.0,0.8,0.8,-0.8,0.0,0.0,0.0,0.0,0.0,0.8,-0.8,1.6,-0.8,0.0,0.8,-0.8,1.6,-1.6,0.0,0.8,0.0,0.0,0.0,0.0,1.6,0.8,0.8,0.8,0.8,0.8,0.0,2.4000000000000004,-0.8,1.6,0.8,0.8,0.0,0.8,0.0,0.0,0.0,0.8,0.0,0.0,0.0,0.0,1.6,0.0,0.0,0.8,-0.8,0.0,-0.8,0.8,0.0,0.8,0.0,0.8,0.0,0.0,0.0,0.0,1.6,0.0,0.8,0.8,0.8,0.0,0.0,0.0,0.0,0.0,0.8,0.0,1.6,0.0,-0.8,0.8,-0.8,0.0,0.0,0.8,0.0,0.0,0.8,0.0,0.0,1.6,0.8,-0.8,0.0,0.0,0.0,-0.8,2.4000000000000004,-0.8,1.6,0.0,0.8,0.0,0.8,0.0,0.0,0.8,0.8,-0.8,0.8,0.0,0.8,0.8,0.8,0.0,0.0,-0.8,0.0,0.8,0.0,0.0,-0.8,0.0,0.0,-0.8,-0.8,0.8,0.8,0.0,1.6,0.0,0.0,-0.8,0.0,0.0,0.8,0.8,0.8,0.8,2.4000000000000004,-0.8,0.8,0.0,0.0,0.0,-0.8,0.0,-0.8,0.0,0.8,0.0,0.0,0.8,0.0,0.8,0.0,0.0,0.8,0.0,0.8,-0.8,-0.8,0.8,0.8,-0.8,0.0,0.0,0.0,0.8,1.6,0.0,0.0,0.8,0.0,0.0,-0.8,-0.8,1.6,-0.8,0.8,0.8,-1.6,0.8,0.0,0.8,0.8,0.0,0.8,-0.8,1.6,0.8,0.0,0.8,-0.8,0.8,0.0,2.4000000000000004,0.8,-0.8,1.6,0.0,0.8,0.8,-0.8,0.8,0.0,0.8,0.0,0.0,1.6,0.8,0.8,0.8,0.8,1.6,0.0,0.8,0.8,-1.6,0.8,-0.8,2.4000000000000004,0.8,-0.8,0.8,0.0,0.0,-0.8,1.6,0.8,0.0,0.0,0.0,0.0,0.8,1.6,0.8,-0.8,1.6,0.0,2.4000000000000004,1.6,-0.8,0.8,-1.6,0.8,-0.8,0.0,0.8,0.0,0.8,0.0,0.8,0.0,-0.8,-1.6,0.0,-0.8,0.8,0.0,0.0,0.8,0.8,0.0,0.8,0.0,0.0,1.6,0.8,1.6,0.0,0.0,0.8,0.0,0.0,0.8,0.0,0.8,0.0,0.0,0.0,0.0,0.0,0.0,0.0,0.8,0.0,0.8,0.0,0.8,-0.8,0.8,0.8,-0.8,0.8,0.8,0.8,0.8,0.0,2.4000000000000004,1.6,0.0,0.0,0.8,1.6,0.0,0.0,0.0,0.8,1.6,-0.8,0.8,1.6,0.0,0.8,0.0,1.6,0.0,0.0,1.6,0.0,0.8,0.8,0.8,2.4000000000000004,-0.8,1.6,1.6,0.8,1.6,0.8,1.6,0.8,0.8,0.8,0.8,2.4000000000000004,0.8,0.8,0.8,-0.8,2.4000000000000004,-0.8,0.0,0.0,0.0,1.6,-0.8,0.0,1.6,0.8,0.0,-0.8,0.0,-0.8,0.0,0.8,0.0,-0.8,-1.6,0.0,0.0,0.0,1.6,0.0,-0.8,1.6,0.8,-0.8,0.0,0.8,-0.8,0.0,0.8,-0.8,0.8,0.0,0.0,0.8,0.0,0.0,0.8,0.0,0.0,0.8,0.0,0.0,0.8,0.0,0.0,0.0,-0.8,-0.8,0.8,0.8,-0.8,-0.8,0.8,0.8,0.0,0.0,0.0,0.0,0.0,0.0,-0.8,0.8,0.8,0.0,2.4000000000000004,0.0,0.0,-0.8,0.0,1.6,-0.8,-0.8,0.0,0.0,0.8,0.0,0.8,0.0,0.8,1.6,0.8,0.8,0.0,0.8,-1.6,-0.8,0.8,1.6,0.0,0.8,0.8,0.8,0.0,1.6,0.8,0.8,0.8,-0.8,0.8,1.6,0.0,1.6,0.8,1.6,-0.8,0.8,0.0,0.8,0.0,0.0,0.8,1.6,0.0,0.8,0.0,0.0,0.0,0.8,0.8,0.0,1.6,1.6,0.8,0.8,0.0,0.0,0.0,-0.8,0.8,1.6,0.0,-0.8,-1.6,-0.8,-0.8,0.0,0.8,0.8,-0.8,0.0,0.8,0.8,0.0,0.8,-0.8,-0.8,0.0,-0.8,0.8,0.8,0.0,0.8,1.6,0.8,1.6,1.6,0.0,0.8,-0.8,-0.8,0.8,0.8,0.8,0.0,0.0,0.8,0.8,0.0,-0.8,0.8,0.0,0.0,0.0,0.8,0.0,-0.8,0.0,0.0,0.0,0.0,0.8,0.8,0.0,0.0,0.8,-0.8,1.6,0.8,1.6,0.8,1.6,0.0,0.0,1.6,0.0,-0.8,0.8,-0.8,1.6,0.0,0.8,0.8,0.0,0.0,0.8,0.0,0.8,-0.8,0.8,0.0,0.8,-1.6,-1.6,0.8,0.0,0.8,0.8,0.0,0.8,0.8,0.0,0.8,0.0,1.6,0.8,-0.8,-0.8,0.0,1.6,-1.6,0.0,0.0,-0.8,1.6,0.0,0.8,0.0,0.0,1.6,0.0,0.0,0.8,0.0,0.8,0.0,0.0,0.8,0.0,0.8,0.0,0.0,1.6,0.0,0.8,0.0,-0.8,1.6,-0.8,0.8,0.8,0.8,0.8,0.8,0.0,0.8,0.0,0.8,0.0,1.6,0.0,-0.8,0.8,1.6,0.0,0.0,-0.8,1.6,-0.8,0.8,0.8,0.0,0.8,-0.8,2.4000000000000004,0.0,3.2,0.8,-0.8,1.6,0.0,0.8,1.6,0.0,2.4000000000000004,0.0,0.0,0.8,0.8,1.6,-0.8,0.0,1.6,-1.6,1.6,0.0,0.8,-0.8,0.0,0.8,0.8,0.8,0.0,1.6,1.6,0.0,0.8,0.8,1.6,1.6,0.0,0.8,0.0,1.6,0.8,0.8,0.8,0.8,1.6,0.8,0.0,0.8,-0.8,0.0,0.0,-0.8,0.0,0.0,0.0,0.8,0.8,0.8,-0.8,0.8,0.0,0.8,0.8,0.8,1.6,0.0,0.0,1.6,0.0,0.8,0.0,-0.8,0.8,0.0,-0.8,0.0,0.0,0.8,0.0,1.6,1.6,0.0,0.0,0.0,0.8,-0.8,0.8,0.0,0.0,0.0,-1.6,0.8,0.0,0.0,0.8,1.6,0.8,0.8,0.8,-0.8,0.8,1.6,0.0,0.8,0.8,1.6,0.0,1.6,0.0,0.0,0.8,0.0,0.8,0.0,-0.8,1.6,0.8,1.6,0.8,0.8,-0.8,-0.8,0.8,0.0,-1.6,1.6,-0.8,0.8,0.8,0.0,0.0,1.6,3.2,-3.2,0.0,4.0,-2.4000000000000004,0.0,1.6,-0.8,0.0,0.0,1.6,0.0,0.0,-0.8,-0.8,1.6,-1.6,-0.8,0.8,-0.8,1.6,-0.8,0.8,0.8,-0.8,0.0,0.0,-0.8,-1.6,-1.6,1.6,-0.8,0.0,0.0,0.0,0.8,0.0,0.8,-1.6,0.8,0.0,-0.8,0.0,0.0,0.0,0.0,0.0,1.6,0.0,0.0,0.0,0.0,-0.8,-0.8,0.8,0.0,0.8,0.0,0.0,0.8,1.6,0.0,0.8,0.8,0.8,-0.8,0.8,0.0,2.4000000000000004,0.0,0.0,0.8,0.8,0.0,0.8,-0.8,0.0,0.0,-0.8,0.0,1.6,0.0,0.0,-0.8,0.8,-0.8,0.0,-0.8,1.6,0.0,0.8,-0.8,0.8,-0.8,0.0,0.8,0.0,0.0,0.0,0.0,0.8,0.0,0.8,0.8,0.0,0.8,0.8,0.0,0.8,0.8,2.4000000000000004,0.0,1.6,0.0,-0.8,1.6,1.6,0.0,0.0,0.8,0.8,-0.8,1.6,0.0,-0.8,0.8,0.0,-0.8,-0.8,0.8,0.8,-0.8,-0.8,0.0,0.0,1.6,0.0,-0.8,0.0,0.8,0.0,-0.8,0.8,0.0,0.0,1.6,-0.8,1.6,0.0,0.8,1.6,-0.8,0.0,0.0,0.0,-0.8,0.8,0.8,0.0,1.6,2.4000000000000004,0.8,0.0,0.0,0.0,1.6,0.0,1.6,-0.8,0.8,1.6,0.0,0.0,0.8,-0.8,2.4000000000000004,-0.8,-0.8,0.8,-0.8,0.8,1.6,0.8,0.0,0.8,1.6,0.0,0.8,0.0,0.8,0.8,1.6,0.0,0.0,0.0,0.8,0.8,0.8,0.0,0.0,1.6,1.6,0.0,0.8,0.0,0.0,-0.8,0.8,0.8,0.0,0.8,0.0,0.8,-0.8,-0.8,0.8,-0.8,0.8,0.8,0.8,0.0,0.8,0.8,0.0,1.6,0.0,-0.8,1.6,0.0,0.0,0.0,0.0,2.4000000000000004,-0.8,2.4000000000000004,0.8,-0.8,1.6,0.0,0.0,0.8,0.8,1.6,-0.8,0.8,0.8,0.8,0.8,0.8,1.6,0.0,0.0,0.0,0.0,1.6,0.0,0.0,2.4000000000000004,-0.8,1.6,0.0,0.8,0.0,0.0,0.0,0.8,0.8,-0.8,1.6,0.8,0.8,0.0,1.6,0.8,1.6,0.8,0.0,0.0,0.8,0.0,3.2,0.0,0.8,0.0,-0.8,0.8,0.8,0.0,0.8,0.0,1.6,-1.6,0.0,0.8,0.0,1.6,0.8,0.0,0.0,1.6,1.6,0.0,0.0,0.0,0.0,0.0,-0.8,1.6,0.8,-0.8,0.0,0.0,0.8,-0.8,0.8,0.8,-0.8,1.6,-0.8,-0.8,0.8,0.8,0.8,-0.8,0.0,-0.8,-1.6,1.6,-1.6,0.8,0.0,0.8,2.4000000000000004,-0.8,0.0,-0.8,0.0,0.8,-1.6,0.0,0.0,0.0,0.8,-0.8,2.4000000000000004,0.0,0.0,1.6,0.8,0.8,0.0,0.8,0.8,0.0,1.6,0.0,0.8,0.8,0.0,1.6,-0.8,0.8,-0.8,-0.8,0.8,0.8,0.0,0.8,1.6,0.8,0.0,0.8,0.0,0.8,0.0,0.0,1.6,-0.8,0.8,1.6,0.0,0.8,-0.8,0.0,0.0,0.0,-0.8,1.6,0.8,1.6,0.0,0.0,1.6,0.0,0.8,0.0,0.8,0.0,2.4000000000000004,0.8,0.0,0.8,0.8,0.8,-0.8,0.8,0.0,0.8,0.8,0.8,-0.8,-0.8,-0.8,0.8,-0.8,0.8,0.8,1.6,0.0,0.8,0.0,-0.8,1.6,-0.8,-1.6,0.0,0.0,0.8,0.8,0.8,0.0,0.0,2.4000000000000004,0.0,0.0,0.8,-0.8,0.0,0.0,1.6,0.8,0.0,0.8,0.0,1.6,0.0,0.0,0.8,-0.8,1.6,0.0,-0.8,0.8,-0.8,0.8,0.8,0.8,0.8,-1.6,2.4000000000000004,0.8,0.0,0.8,1.6,2.4000000000000004,-0.8,0.0,1.6,0.0,1.6,0.0,0.8,0.8,0.0,0.8,-0.8,1.6,0.0,0.8,-0.8,0.0,0.0,0.0,0.0,1.6,-0.8,3.2,0.8,0.8,0.0,-0.8,0.8,1.6,0.8,-0.8,0.0,0.0,0.8,1.6,-0.8,-0.8,0.8,0.8,0.0,0.0,0.8,0.8,0.0,0.8,-0.8,0.0,0.8,0.0,0.8,-0.8,0.8,0.0,-0.8,0.8,0.8,0.0,1.6,0.0,-1.6,0.8,1.6,0.0,0.8,0.8,1.6,0.0,0.0,0.0,-0.8,0.8,-0.8,0.8,0.8,0.8,0.8,0.0,0.8,1.6,0.0,0.8,0.0,0.0,-0.8,0.0,0.8,0.0,0.8,0.8,-0.8,1.6,-0.8,0.0,0.0,-0.8,0.8,0.0,0.0,0.8,0.0,0.0,0.8,1.6,0.8,0.0,1.6,0.0,0.8,-0.8,0.0,-0.8,0.0,0.0,1.6,1.6,0.0,-0.8,1.6,0.0,1.6,-0.8,0.8,0.0,0.8,0.8,-0.8,0.0,0.0,-0.8,1.6,-0.8,0.0,1.6,0.0,0.0,0.8,0.0,0.8,0.8,0.0,1.6,0.8,0.0,0.0,0.8,-1.6,0.8,0.8,0.0,0.0,0.0,0.8,0.0,0.8,0.0,0.8,2.4000000000000004,0.0,0.0,-0.8,2.4000000000000004,0.8,-0.8,1.6,1.6,0.8,0.0,0.0,0.0,1.6,0.8,-0.8,0.8,1.6,0.8,0.0,0.8,2.4000000000000004,0.0,0.0,0.8,0.0,1.6,0.0,0.0,0.8,0.0,0.0,0.0,0.8,0.8,0.0,0.8,0.8,0.8,0.0,-0.8,1.6,1.6,1.6,1.6,1.6,1.6,-0.8,1.6,0.8,0.0,1.6,-1.6,0.0,0.8,-0.8,1.6,0.0,1.6,-0.8,0.0,0.8,0.8,0.8,0.8,1.6,1.6,0.8,1.6,0.0,1.6,0.8,-0.8,0.0,-0.8,0.8,1.6,0.8,0.8,0.0,1.6,0.0,-0.8,2.4000000000000004,0.0,-0.8,1.6,0.0,-0.8,0.8,-0.8,0.8,0.8,0.0,0.8,0.8,0.8,1.6,0.8,0.8,0.0,0.0,0.8,1.6,2.4000000000000004,-0.8,0.8,2.4000000000000004,0.0,0.8,0.8,0.0,2.4000000000000004,0.0,0.0,-0.8,2.4000000000000004,0.8,-1.6,1.6,2.4000000000000004,1.6,0.0,-0.8,0.8,0.0,0.8,-0.8,0.8,0.8,-1.6,0.0,0.8,0.0,0.8,0.8,1.6,1.6,-0.8,0.0,0.8,2.4000000000000004,-1.6,1.6,0.8,0.8,0.8,0.8,0.8,1.6,-0.8,-0.8,-0.8,1.6,0.0,1.6,1.6,0.8,-0.8,-0.8,0.0,1.6,-1.6,1.6,0.0,0.8,0.0,-0.8,2.4000000000000004,0.8,0.8,1.6,0.0,0.0,0.0,1.6,0.8,-1.6,0.8,0.0,0.0,0.0,0.0,1.6,-1.6,0.8,-0.8,-1.6,0.0,-1.6,0.8,-0.8,0.0,0.8,0.0,1.6,0.0,0.0,0.0,-1.6,0.8,-0.8,-0.8,0.8,0.8,0.0,0.8,0.8,0.0,-0.8,1.6,1.6,-0.8,-1.6,0.0,0.8,0.8,0.0,0.8,0.8,0.0,-0.8,0.8,0.0,0.8,-0.8
event_11,1625266719.501589,-0.8,0.8,0.8,-0.8,0.0,0.8,0.0,0.0,0.0,0.0,0.0,-0.8,-0.8,0.0,0.8,0.0,1.6,0.8,-0.8,0.8,2.4000000000000004,-0.8,0.0,0.8,0.8,0.0,-0.8,0.0,0.0,0.8,0.0,0.8,0.8,0.0,0.8,1.6,-0.8,-0.8,0.0,0.8,0.8,0.0,0.0,0.8,0.8,1.6,0.0,1.6,1.6,0.0,1.6,0.8,1.6,0.0,0.8,0.8,0.8,1.6,0.8,0.8,2.4000000000000004,-0.8,-0.8,0.8,0.0,-0.8,1.6,1.6,-0.8,0.8,0.8,0.0,0.8,-0.8,0.0,0.8,0.8,0.8,-0.8,0.8,0.8,0.8,1.6,-0.8,0.8,1.6,0.8,0.8,0.0,1.6,-0.8,-0.8,0.0,0.0,1.6,-0.8,0.0,0.0,-1.6,0.8,0.0,0.0,-1.6,-33.6,-87.2,-72.00000000000001,-29.6,-11.2,-7.200000000000001,-2.4000000000000004,-3.2,-7.200000000000001,-5.6,-1.6,-1.6,-1.6,1.6,-0.8,0.0,1.6,0.0,0.0,0.0,1.6,0.8,-1.6,1.6,0.8,-0.8,-0.8,1.6,0.8,-0.8,0.8,1.6,0.8,0.0,-0.8,0.8,0.0,-0.8,0.0,1.6,1.6,0.8,0.8,-0.8,0.8,0.0,-0.8,0.0,1.6,0.0,-0.8,0.8,0.8,0.8,1.6,0.8,0.8,0.0,-0.8,0.0,-0.8,0.8,0.8,0.0,0.8,-2.4000000000000004,-0.8,0.0,0.0,-0.8,0.0,0.0,0.0,-1.6,0.8,-0.8,1.6,-0.8,0.0,0.8,0.0,1.6,0.8,0.8,0.0,0.0,2.4000000000000004,-0.8,0.0,0.8,-0.8,0.8,-0.8,0.0,-0.8,-0.8,0.8,-0.8,0.8,0.0,-0.8,0.8,0.0,0.8,-0.8,0.8,0.0,-1.6,0.0,0.0,0.0,0.0,-1.6,0.8,-0.8,0.0,0.8,-1.6,0.8,-1.6,-0.8,0.0,0.0,0.0,0.0,0.0,0.0,0.0,0.8,-0.8,0.8,-0.8,-1.6,0.0,-0.8,0.8,0.8,-0.8,0.0,0.0,0.8,0.8,0.0,0.0,-0.8,0.0,0.8,0.0,-0.8,0.0,1.6,0.8,-1.6,0.8,0.8,-0.8,-0.8,0.0,0.8,-0.8,0.8,1.6,1.6,0.0,-1.6,0.8,-0.8,0.0,0.0,0.8,0.0,0.0,0.0,-0.8,0.0,0.8,0.0,0.0,0.0,-0.8,0.0,1.6,0.0,0.8,0.0,0.0,0.0,-0.8,0.8,0.8,0.0,0.0,-0.8,-0.8,0.0,0.0,0.0,-0.8,0.8,0.8,-1.6,0.8,0.0,0.0,0.0,-1.6,0.0,0.0,1.6,0.0,-0.8,0.8,0.0,1.6,1.6,0.0,0.0,0.0,0.0,0.0,0.0,0.8,-0.8,0.8,-0.8,0.0,0.0,-0.8,0.8,-0.8,0.0,0.0,-1.6,0.8,-1.6,0.8,0.0,0.8,1.6,-0.8,1.6,0.0,-0.8,0.0,0.0,0.8,1.6,0.0,-0.8,0.0,0.8,-0.8,0.0,0.0,-0.8,0.8,0.0,0.0,-0.8,-0.8,0.8,-0.8,-0.8,-0.8,0.0,-0.8,0.0,-0.8,-0.8,0.0,0.8,-1.6,-0.8,0.0,0.0,0.8,0.8,-2.4000000000000004,-0.8,3.2,-0.8,-2.4000000000000004,1.6,0.0,-3.2,-0.8,0.0,-0.8,0.8,0.0,0.8,0.0,-1.6,0.8,0.8,0.8,-0.8,0.0,0.8,-0.8,0.0,0.0,0.0,1.6,-1.6,-0.8,1.6,1.6,0.8,-0.8,0.8,1.6,0.0,0.0,-0.8,0.8,0.8,0.0,0.0,-0.8,0.0,0.0,0.8,0.0,-0.8,0.8,0.0,-0.8,0.8,-0.8,0.0,0.0,0.0,0.8,-1.6,0.0,0.0,0.8,0.0,0.8,0.8,-0.8,-0.8,1.6,0.0,1.6,-0.8,0.0,0.8,0.0,0.0,0.8,0.8,0.8,-0.8,0.0,-1.6,0.8,0.0,0.0,1.6,0.8,0.0,0.8,0.0,0.0,-0.8,0.8,0.0,1.6,0.0,-0.8,0.0,0.0,0.8,0.0,0.0,0.0,0.8,0.8,0.0,0.0,0.8,0.0,-1.6,-0.8,0.8,0.8,-0.8,0.0,0.8,-0.8,0.0,1.6,0.0,-0.8,0.8,1.6,0.0,0.0,0.8,0.8,0.8,0.0,-0.8,0.8,0.8,-0.8,-0.8,0.0,1.6,0.0,1.6,0.0,-1.6,1.6,0.0,-0.8,0.0,0.0,0.8,0.0,-0.8,1.6,0.0,0.0,0.0,0.0,0.8,-2.4000000000000004,0.8,-0.8,0.0,0.8,0.0,2.4000000000000004,0.0,0.8,0.8,0.0,2.4000000000000004,-2.4000000000000004,0.8,0.8,1.6,0.8,-0.8,1.6,1.6,0.0,0.8,-0.8,1.6,-0.8,0.8,0.8,-0.8,0.8,0.8,0.8,-0.8,-1.6,0.8,0.0,0.0,-0.8,0.0,0.8,1.6,0.0,0.0,-0.8,0.8,0.0,0.8,0.8,-0.8,0.8,0.8,1.6,0.0,-0.8,0.8,-0.8,0.0,0.8,0.8,0.0,0.8,0.8,-0.8,0.8,1.6,0.8,0.8,0.8,0.0,0.0,0.8,-0.8,0.0,0.8,0.0,-1.6,0.0,0.8,0.0,0.0,0.0,0.8,0.0,0.8,0.8,0.8,0.8,0.8,0.0,0.0,0.0,0.0,1.6,0.0,0.8,0.0,-0.8,0.0,0.0,-0.8,0.0,-0.8,0.0,0.0,1.6,0.0,0.8,1.6,0.0,0.8,0.8,0.8,0.8,-0.8,0.8,0.8,-0.8,0.8,0.0,1.6,0.0,0.0,0.0,0.0,0.0,-1.6,0.0,0.8,0.0,2.4000000000000004,0.8,1.6,0.8,0.0,0.0,0.8,-0.8,0.8,-0.8,1.6,-0.8,1.6,0.8,0.0,1.6,-0.8,0.8,0.8,0.8,1.6,-0.8,0.8,0.0,0.0,0.8,0.0,1.6,0.8,-0.8,0.8,0.0,0.0,-0.8,0.8,0.8,-0.8,0.8,0.0,-0.8,0.8,1.6,0.0,0.0,0.8,-0.8,-0.8,3.2,0.0,0.8,0.0,0.0,0.8,0.0,0.8,0.0,0.0,0.0,0.0,0.0,1.6,0.8,0.8,0.8,0.0,-0.8,0.8,0.8,0.0,0.8,-0.8,0.0,0.0,0.0,-0.8,-0.8,1.6,0.8,0.0,0.0,0.0,0.0,-0.8,0.8,0.0,0.8,0.0,1.6,1.6,1.6,-0.8,0.8,1.6,1.6,0.0,0.0,0.0,0.8,0.8,0.8,1.6,1.6,0.8,0.0,0.8,0.8,0.0,0.8,0.0,0.8,-0.8,-0.8,0.8,0.0,-0.8,1.6,-0.8,0.8,0.8,0.8,1.6,0.0,2.4000000000000004,0.8,0.8,0.8,0.0,0.8,0.0,1.6,0.8,-1.6,0.0,0.8,0.8,0.8,1.6,0.8,-0.8,0.8,1.6,-0.8,1.6,0.0,-0.8,1.6,2.4000000000000004,0.8,0.0,0.8,0.8,1.6,2.4000000000000004,-0.8,0.8,0.8,0.0,1.6,0.8,0.8,0.0,0.0,2.4000000000000004,0.8,0.8,0.0,0.8,1.6,-1.6,0.8,0.0,0.0,0.0,0.8,0.8,0.8,0.8,0.0,0.8,0.8,0.8,0.0,0.0,0.8,2.4000000000000004,0.8,0.0,2.4000000000000004,1.6,0.0,2.4000000000000004,0.0,0.0,0.0,0.0,0.0,0.0,0.8,1.6,0.8,0.0,0.0,0.8,0.0,0.8,-0.8,0.8,1.6,1.6,0.0,0.0,2.4000000000000004,0.8,0.0,1.6,0.8,0.8,2.4000000000000004,0.8,0.0,0.8,0.8,0.0,-0.8,0.8,0.8,0.0,0.8,0.8,0.8,0.0,0.0,1.6,0.0,0.0,1.6,0.8,1.6,0.8,1.6,0.8,0.8,0.0,-2.4000000000000004,0.0,0.8,0.8,0.8,0.0,1.6,0.8,0.8,-0.8,-1.6,0.8,0.8,0.8,0.8,0.0,1.6,0.0,0.8,1.6,0.0,0.8,0.0,1.6,0.0,-0.8,1.6,-0.8,0.0,0.0,0.8,1.6,0.8,0.8,1.6,0.8,0.0,0.0,2.4000000000000004,0.8,0.8,0.0,0.0,0.8,0.8,0.8,1.6,0.8,0.8,0.0,0.8,0.0,0.0,0.0,0.8,-0.8,1.6,0.8,0.0,0.0,0.0,0.0,0.8,0.0,0.8,0.0,0.0,0.0,0.8,0.8,0.0,1.6,-0.8,0.0,1.6,0.0,1.6,0.8,0.0,1.6,0.0,0.8,-0.8,0.0,0.8,0.0,0.8,-1.6,-0.8,0.0,0.0,1.6,0.0,1.6,0.8,0.0,0.8,0.0,0.0,-0.8,-0.8,2.4000000000000004,-0.8,0.8,0.8,0.8,0.8,-0.8,0.8,-0.8,-0.8,0.0,-0.8,0.8,0.0,-0.8,0.8,0.0,0.8,0.0,0.8,0.8,0.8,-0.8,0.0,0.0,0.8,0.0,0.8,-0.8,0.8,0.0,0.0,0.8,-0.8,0.8,0.0,0.0,0.8,1.6,0.0,0.0,0.8,0.8,0.0,1.6,0.0,1.6,1.6,0.0,-0.8,-0.8,0.0,0.8,0.8,0.8,0.0,0.0,0.8,0.8,0.0,1.6,0.8,0.0,0.0,0.0,0.0,0.8,0.8,0.8,0.0,0.0,0.8,0.8,0.0,1.6,1.6,0.8,0.0,0.0,0.8,0.8,-0.8,0.0,0.8,-1.6,0.8,0.0,0.0,0.0,-0.8,0.0,-0.8,0.0,0.8,-0.8,-0.8,-1.6,-1.6,0.0,0.0,0.8,0.0,0.0,0.8,-0.8,0.0,-0.8,0.0,0.0,-1.6,0.0,-0.8,0.0,0.0,-0.8,0.8,0.0,0.8,-1.6,-0.8,0.8,-1.6,0.8,-0.8,-0.8,0.8,-1.6,0.8,0.0,0.8,0.8,0.0,1.6,-0.8,0.0,0.8,-0.8,2.4000000000000004,-0.8,0.8,0.8,0.8,0.8,0.0,0.8,0.0,-0.8,0.0,-1.6,0.8,0.0,0.8,0.8,-0.8,0.0,0.8,0.0,0.0,-0.8,0.0,-0.8,0.8,-0.8,-0.8,0.0,0.0,0.8,0.0,-1.6,0.0,0.0,0.8,0.0,0.8,0.8,0.0,0.0,-0.8,0.8,0.0,-1.6,0.8,-0.8,-0.8,0.8,0.0,0.0,-0.8,0.0,1.6,-0.8,0.8,1.6,-1.6,-1.6,0.8,0.0,-1.6,0.0,0.8,-1.6,0.0,2.4000000000000004,0.0,1.6,-0.8,-1.6,1.6,0.8,-1.6,0.8,0.0,0.8,0.8,0.0,0.8,0.8,0.0,0.0,0.8,0.0,-0.8,0.0,0.8,0.8,-0.8,-0.8,0.8,0.0,-0.8,0.0,-0.8,0.0,-1.6,0.8,0.0,0.8,0.8,-0.8,0.8,-0.8,0.0,0.8,-0.8,0.8,-0.8,-0.8,0.8,0.0,-0.8,0.0,0.0,0.8,-0.8,1.6,-0.8,0.8,0.0,-0.8,0.8,0.8,-0.8,0.8,0.0,1.6,0.0,0.0,0.8,0.0,3.2,0.0,0.0,0.0,-0.8,0.8,-0.8,-0.8,1.6,-0.8,-0.8,-0.8,0.0,-0.8,0.0,0.0,-1.6,0.8,0.8,0.0,0.0,0.0,0.8,-0.8,0.0,0.0,0.0,0.0,0.8,0.0,-0.8,0.8,1.6,0.8,0.8,-0.8,-0.8,0.8,0.0,-1.6,0.0,0.0,0.8,0.8,0.8,0.0,-0.8,-0.8,0.0,1.6,0.0,-0.8,-0.8,0.0,-0.8,1.6,0.8,0.8,1.6,0.0,0.8,0.0,-0.8,0.0,0.0,0.8,1.6,-0.8,0.8,0.0,1.6,0.0,0.8,0.0,-1.6,-0.8,-0.8,-0.8,-0.8,0.0,0.8,0.0,0.0,0.0,0.8,0.0,0.0,0.0,-0.8,0.0,0.0,0.0,0.0,-0.8,-0.8,0.8,-0.8,0.8,-0.8,0.8,1.6,-0.8,0.0,0.0,-0.8,0.0,-0.8,0.8,0.8,-0.8,0.8,-0.8,0.0,-1.6,-0.8,0.0,0.0,0.8,0.0,0.8,0.8,0.0,-0.8,0.0,-0.8,-0.8,-0.8,1.6,-0.8,0.8,-0.8,0.0,0.8,0.8,0.0,-0.8,0.8,0.8,0.0,0.0,0.8,-0.8,0.8,0.0,0.8,-0.8,-0.8,0.0,0.0,-0.8,0.0,0.8,0.0,0.8,0.0,0.0,0.0,0.8,0.8,0.0,0.0,-0.8,-0.8,0.0,-0.8,0.8,-0.8,0.0,0.8,0.8,0.0,0.0,0.0,0.0,-0.8,0.0,0.0,1.6,0.0,0.0,0.0,0.8,0.8,0.0,0.0,0.0,-1.6,0.8,0.0,0.8,0.0,0.0,0.8,0.0,0.0,0.8,0.0,0.0,0.8,0.0,0.8,0.0,1.6,0.8,-1.6,0.0,0.8,1.6,0.0,0.8,-0.8,-1.6,1.6,0.8,0.8,-0.8,0.8,1.6,-1.6,1.6,0.0,-0.8,0.8,-0.8,0.0,0.0,0.8,0.8,0.0,-0.8,0.0,0.8,1.6,0.0,-0.8,0.0,0.8,0.0,-0.8,0.8,0.8,0.0,0.0,0.0,0.8,0.0,1.6,0.8,0.0,0.0,0.0,0.0,0.8,0.0,0.0,0.8,0.0,0.0,0.0,-0.8,0.0,-0.8,0.0,0.0,0.8,-0.8,0.0,0.8,0.8,-0.8,0.0,-0.8,1.6,-0.8,-0.8,0.8,-1.6,0.0,1.6,0.0,0.0,-0.8,0.0,-0.8,0.8,0.8,-0.8,0.0,0.8,0.8,0.8,-0.8,0.8,0.8,0.0,1.6,-0.8,1.6,0.8,0.0,0.8,-0.8,0.0,-0.8,0.0,0.8,0.8,1.6,-0.8,0.0,-0.8,-0.8,0.8,-0.8,0.8,-0.8,0.8,-0.8,-0.8,0.8,-0.8,0.8,0.0,-1.6,0.8,0.0,0.8,0.8,0.0,0.0,0.0,1.6,0.0,-1.6,1.6,0.0,0.0,1.6,0.0,1.6,0.0,0.0,1.6,0.0,0.0,0.0,1.6,-0.8,0.0,0.8,0.0,0.8,0.0,-0.8,0.8,-0.8,1.6,0.0,0.8,1.6,-0.8,0.8,0.0,1.6,1.6,0.8,0.8,0.8,-0.8,1.6,0.0,1.6,0.0,-0.8,0.8,0.0,0.8,0.8,0.0,0.8,0.0,0.8,0.0,1.6,0.0,0.8,0.0,0.0,0.0,-0.8,0.0,0.0,0.0,0.8,0.8,-0.8,0.8,0.8,0.0,0.0,0.8,0.0,0.8,-0.8,0.8,0.0,0.0,0.8,-1.6,-1.6,0.0,0.8,0.0,-1.6,1.6,-0.8,-0.8,0.8,0.0,0.0,-0.8,0.8,-0.8,-2.4000000000000004,1.6,-0.8,0.8,0.8,0.0,1.6,0.0,-0.8,0.0,-0.8,1.6,-0.8,0.0,0.0,0.0,0.0,0.0,1.6,-0.8,0.0,0.8,0.0,0.0,-1.6,0.0,1.6,-0.8,0.8,0.0,0.0,0.8,0.0,1.6,0.0,0.8,0.0,0.8,0.8,0.8,0.0,0.8,0.0,0.8,-0.8,0.8,0.0,0.0,0.0,-0.8,0.0,-0.8,-0.8,1.6,0.0,0.0,0.0,0.0,0.0,0.0,0.0,0.8,-1.6,0.0,0.0,-0.8,0.8,0.8,1.6,0.0,0.0,0.0,0.8,0.0,-0.8,0.0,0.8,0.0,-0.8,-0.8,0.0,0.0,0.0,1.6,-0.8,-1.6,0.0,0.8,0.8,-0.8,0.8,0.8,0.0,1.6,0.0,0.0,0.8,-2.4000000000000004,-1.6,0.0,0.8,0.0,0.8,0.8,0.0,0.0,1.6,-0.8,0.0,0.0,0.0,-0.8,-0.8,0.8,0.8,0.0,0.8,0.0,0.8,-0.8,-0.8,0.8,0.0,0.0,0.0,0.0,0.8,-1.6,0.8,0.8,0.8,0.0,0.0,0.8,0.0,0.0,-0.8,1.6,2.4000000000000004,-0.8,0.8,0.8,0.8,0.0,0.0,0.0,0.8,0.0,0.0,0.0,1.6,-0.8,1.6,0.8,-0.8,-0.8,0.0,-0.8,0.8,-0.8,1.6,0.0,0.8,0.0,0.0,0.8,0.8,0.0,0.0,0.0,0.8,0.8,0.8,0.0,0.0,0.8,0.8,-0.8,0.0,0.8,0.8,0.0,0.0,0.0,0.8,0.8,-0.8,0.0,0.8,0.8,0.8,0.8,0.0,0.8,0.8,0.8,0.0,0.0,0.0,1.6,1.6,0.8,0.8,1.6,0.8,0.8,-0.8,0.0,0.8,0.0,0.8,0.8,2.4000000000000004,1.6,-0.8,0.8,1.6,0.0,0.8,-0.8,1.6,0.0,-1.6,0.0,-0.8,0.8,0.8,0.0,1.6,-1.6,0.8,0.8,-1.6,1.6,-0.8,0.0,-0.8,2.4000000000000004,-0.8,-0.8,2.4000000000000004,0.0,0.8,1.6,0.0,2.4000000000000004,0.8,0.0,-0.8,1.6,0.8,0.0,0.8,0.0,0.0,1.6,-0.8,2.4000000000000004,0.0,0.0,0.0,0.8,0.0,-1.6,0.8,0.8,-0.8,0.8,0.0,0.8,1.6,0.0,0.8,0.0,1.6,0.0,0.8,0.8,0.0,-0.8,0.0,1.6,0.8,-1.6,0.8,1.6,0.8,0.0,0.8,2.4000000000000004,-0.8,0.8,0.0,0.0,1.6,-0.8,-0.8,-0.8,1.6,1.6,0.0,0.8,0.8,0.8,1.6,-0.8,-0.8,0.8,0.8,-0.8,1.6,0.8,1.6,0.8,0.8,0.8,0.0,0.0,0.0,0.0,0.0,0.0,-0.8,0.0,0.0,-0.8,0.0,2.4000000000000004,1.6,0.0,1.6,0.0,0.8,0.0,0.8,1.6,0.8,0.0,1.6,1.6,1.6,-1.6,1.6,0.8,0.0,0.8,-0.8,0.8,0.8,0.0,2.4000000000000004,1.6,1.6,-0.8,0.0,0.8,0.0,0.0,1.6,0.0,1.6,0.0,-0.8,0.0,0.8,0.8,0.0,0.8,0.0,1.6,1.6,0.0,1.6,0.0,0.8,0.0,-0.8,2.4000000000000004,0.8,0.8,1.6,0.0,0.0,-0.8,1.6,0.0,-0.8,1.6,0.8,1.6,0.0,0.8,0.8,0.8,0.8,0.0,1.6,2.4000000000000004,-0.8,0.8,0.8,0.8,1.6,0.8,0.8,0.0,0.8,0.0,-0.8,1.6,0.8,0.8,0.8,0.8,1.6,0.0,0.8,0.0,1.6,0.8,0.0,0.8,0.8,0.8,-0.8,0.8,2.4000000000000004,0.8,1.6,0.8,0.8,0.8,0.0,0.0,0.8,2.4000000000000004,0.0,0.8,1.6,0.8,1.6,0.0,0.8,1.6,-0.8,0.8,-1.6,0.0,0.0,0.8,0.8,0.0,0.0,0.0,0.0,1.6,0.0,1.6,0.8,0.8,0.8,-1.6,0.0,0.0,0.0,0.8,0.0,0.8,0.8,1.6,0.8,-0.8,0.8,0.0,0.8,0.8,0.8,1.6,0.0,0.8,-0.8,-1.6,0.0,-0.8,0.8,0.0,0.0,0.8,-0.8,1.6,-0.8,0.0,0.8,-0.8,-0.8,0.0,1.6,0.8,0.0,0.0,0.8,0.8,0.8,-1.6,0.8,1.6,0.0,0.0,0.0,0.8,0.8,-0.8,0.0,0.0,0.8,-0.8,1.6,0.0,-0.8,0.0,-0.8,-0.8,0.8,-0.8,0.0,1.6,0.8,0.0,0.0,1.6,0.8,0.0,2.4000000000000004,0.8,1.6,0.0,0.8,1.6,1.6,-0.8,0.8,1.6,0.8,-0.8,0.8,-0.8,0.0,0.0,1.6,0.8,0.0,-0.8,0.8,0.0,0.8,-0.8,1.6,0.0,1.6,0.8,0.0,-0.8,1.6,0.0,0.0,0.8,-1.6,1.6,1.6,0.0,0.0,0.8,0.8,-0.8,0.8,0.0,0.0,-0.8,-0.8,1.6,-1.6,0.0,1.6,0.8,0.0,0.0,0.0,0.0,0.0,0.8,-1.6,0.0,-0.8,-1.6,0.8,0.8,0.8,-0.8,-0.8,0.8,0.0,0.8,0.0,0.8,0.8,0.0,-0.8,0.0,0.0,0.0,0.0,0.8,0.8,-0.8,0.8,0.8,2.4000000000000004,0.0,0.0,0.8,0.0,0.8,0.0,0.0,0.8,0.8,0.0,0.0,0.0,0.8,-0.8,0.8,-0.8,0.0,0.0,0.0,0.0,0.8,-0.8,0.0,0.0,0.0,0.0,0.0,1.6,-0.8,-0.8,1.6,0.0,0.8,-0.8,-0.8,0.0,-0.8,-0.8,0.8,0.0,1.6,-0.8,0.0,0.0,-0.8,0.8,-0.8,0.0,0.0,0.8,0.8,-0.8,0.8,0.8,0.8,1.6,-0.8,1.6,0.8,0.8,0.8,-0.8,0.8,0.0,1.6,0.0,0.8,1.6,-0.8,0.8,0.8,0.0,0.0,0.0,-0.8,-2.4000000000000004,-0.8,0.0,-2.4000000000000004,0.8,-1.6,0.8,1.6,-0.8,1.6,0.0,0.8,1.6,0.0,2.4000000000000004,1.6,0.0,0.0,0.0,2.4000000000000004,0.0,0.8,0.8,0.0,0.0,-0.8,-0.8,0.8,0.8,0.8,0.0,1.6,0.8,0.0,1.6,0.0,0.8,0.8,0.0,1.6,1.6,0.8,0.0,0.0,0.8,0.0,0.8,0.0,0.0,-0.8,-0.8,0.0,0.0,-0.8,0.0,0.8,1.6,0.8,0.0,-0.8,0.0,-1.6,0.8,0.8,0.8,0.8,0.0,0.8,0.8,0.8,0.0,0.8,-0.8,0.8,-0.8,-0.8,0.0,0.8,0.8,-0.8,0.0,0.8,1.6,0.0,0.8,0.8,0.0,0.8,-0.8,0.8,0.0,0.0,0.8,-1.6,0.8,0.8,0.0,1.6,-1.6,0.0,0.0,0.8,0.8,0.0,0.8,-0.8,-0.8,2.4000000000000004,0.0,0.0,0.0,0.8
event_12,1625266721.6507118,0.8,1.6,0.0,-0.8,0.0,-1.6,0.8,0.8,0.8,0.0,0.0,1.6,0.0,0.0,0.8,0.0,0.0,0.0,0.0,0.8,0.8,-1.6,0.8,0.0,-0.8,0.0,-1.6,0.8,-0.8,0.0,0.8,0.8,1.6,0.0,0.8,0.8,-0.8,0.0,0.0,1.6,0.0,0.0,1.6,-0.8,0.8,0.0,0.0,0.8,-0.8,0.8,-1.6,0.0,0.8,0.8,1.6,0.8,0.8,0.8,-0.8,0.8,0.0,-0.8,0.0,0.0,0.8,0.0,0.8,0.0,1.6,1.6,0.0,0.8,-0.8,0.8,-0.8,-0.8,0.8,1.6,0.8,0.8,0.8,1.6,0.0,0.8,0.8,0.8,0.8,0.0,0.0,0.0,0.0,1.6,0.0,0.0,-0.8,0.8,0.0,0.8,-0.8,0.8,0.0,0.0,-2.4000000000000004,-20.0,-40.800000000000004,-33.6,-18.4,-7.200000000000001,-3.2,-1.6,-1.6,-1.6,-3.2,-1.6,-0.8,0.0,0.0,0.0,0.8,0.8,-0.8,-0.8,0.0,0.0,0.8,-0.8,0.8,0.0,0.0,0.0,0.0,0.0,0.0,-0.8,0.0,-0.8,-0.8,0.0,0.8,1.6,-0.8,0.0,0.8,0.0,0.8,0.0,0.0,1.6,0.0,0.0,0.0,0.8,-0.8,0.0,0.8,1.6,1.6,0.0,0.0,0.8,-0.8,0.8,-0.8,0.8,1.6,-0.8,1.6,0.0,0.8,0.8,0.0,1.6,-0.8,0.0,0.8,0.0,0.8,0.0,0.8,0.0,0.8,0.8,0.0,0.8,0.0,-0.8,0.8,-0.8,0.8,0.0,0.8,1.6,0.0,0.0,0.8,-0.8,0.8,0.0,0.8,-0.8,0.8,-0.8,-0.8,0.8,0.0,0.8,0.8,-0.8,0.0,0.8,0.8,0.0,0.8,1.6,0.0,-0.8,-1.6,0.0,0.0,-0.8,-0.8,-0.8,-0.8,0.8,0.8,0.0,0.0,0.0,0.8,0.0,0.0,-0.8,0.0,-0.8,-0.8,0.0,0.0,1.6,0.0,0.0,0.0,0.8,2.4000000000000004,0.8,0.0,0.0,0.8,-0.8,-0.8,0.0,-0.8,1.6,0.8,0.0,0.8,0.0,0.8,0.8,0.8,0.0,-0.8,0.0,0.0,0.0,0.8,-0.8,1.6,-0.8,0.8,0.8,-0.8,0.0,-2.4000000000000004,1.6,0.8,0.8,0.8,-3.2,0.0,0.0,-1.6,1.6,-0.8,1.6,-0.8,-1.6,0.0,-1.6,0.0,0.8,1.6,0.8,-2.4000000000000004,0.8,-1.6,0.8,0.0,-0.8,0.8,0.0,-0.8,0.0,-0.8,0.8,-0.8,0.0,0.0,0.0,1.6,0.0,0.8,0.8,0.0,0.8,-0.8,0.0,0.0,-0.8,0.0,0.8,0.0,-0.8,-0.8,0.0,-0.8,0.0,-0.8,0.8,-0.8,0.0,0.8,-1.6,0.8,0.0,-1.6,-1.6,0.0,-0.8,-1.6,0.0,2.4000000000000004,-0.8,0.8,-1.6,-0.8,0.8,0.0,-1.6,-0.8,0.0,0.0,0.0,0.0,0.0,0.8,0.0,0.0,0.8,-1.6,-1.6,0.0,0.8,-1.6,0.0,0.0,0.0,0.8,-0.8,0.0,0.8,-1.6,0.0,-0.8,0.8,1.6,-0.8,0.8,0.8,0.8,-0.8,0.0,0.0,0.0,0.8,-0.8,0.8,0.0,-0.8,1.6,0.8,0.8,0.0,-0.8,0.0,0.8,0.0,0.8,-0.8,0.8,-0.8,0.0,0.0,-0.8,0.8,0.0,1.6,0.0,0.0,2.4000000000000004,-0.8,1.6,1.6,-1.6,0.8,-0.8,0.8,-1.6,-0.8,1.6,-2.4000000000000004,0.0,0.0,0.0,0.8,-0.8,1.6,0.0,0.8,0.8,-0.8,0.8,0.0,-0.8,-0.8,-0.8,1.6,-0.8,-0.8,0.0,0.0,0.8,0.0,0.8,-1.6,0.8,0.0,0.0,0.8,0.0,0.0,0.8,-0.8,0.8,0.0,0.0,0.0,0.0,0.0,0.0,0.0,-0.8,0.0,0.8,0.0,0.8,0.8,0.0,0.8,0.0,0.0,-1.6,0.0,-0.8,1.6,0.0,0.8,1.6,0.8,0.0,0.8,0.0,-0.8,0.0,0.0,0.0,1.6,-0.8,0.8,0.8,0.8,0.0,0.0,0.0,0.0,0.0,1.6,-0.8,0.8,-0.8,-0.8,0.8,-0.8,0.8,0.0,0.0,0.0,0.8,0.8,0.0,0.0,0.8,0.0,-0.8,0.0,0.0,1.6,-0.8,-0.8,-0.8,-1.6,0.0,0.0,0.0,0.8,0.0,0.0,-1.6,0.8,0.0,0.0,0.0,-0.8,-1.6,-0.8,0.8,1.6,0.0,-0.8,0.8,0.8,1.6,0.0,-1.6,-0.8,0.0,0.0,-0.8,0.8,0.8,0.8,0.8,0.0,0.8,-0.8,0.0,1.6,-0.8,0.0,0.0,-0.8,0.0,0.0,0.0,0.8,0.8,0.8,0.0,0.8,0.0,-1.6,0.8,0.0,1.6,0.0,0.8,0.8,0.8,0.0,0.8,0.0,1.6,0.0,0.8,1.6,0.0,0.0,1.6,0.0,1.6,0.0,0.8,0.0,1.6,0.0,0.0,-0.8,0.8,0.8,-0.8,-0.8,0.8,0.0,0.0,0.0,-0.8,1.6,0.0,0.8,0.8,0.8,0.8,-0.8,-0.8,2.4000000000000004,0.8,0.8,0.0,0.0,-0.8,0.0,1.6,0.0,0.8,0.8,0.0,0.8,0.0,0.8,0.0,0.8,0.0,-2.4000000000000004,0.8,0.0,0.8,0.8,0.8,1.6,-0.8,1.6,0.0,0.0,1.6,-0.8,0.0,0.8,0.8,1.6,0.0,0.8,1.6,0.0,0.8,0.8,1.6,-0.8,-0.8,0.8,0.0,0.8,0.0,0.0,1.6,-0.8,0.8,0.0,0.8,0.8,0.0,0.8,0.8,1.6,-0.8,0.8,0.8,0.0,0.0,1.6,0.8,1.6,0.0,0.0,0.0,0.0,0.0,1.6,0.8,0.0,-0.8,-0.8,0.8,0.8,-0.8,0.0,0.0,2.4000000000000004,0.0,-0.8,0.8,0.0,0.8,0.0,0.0,0.0,0.8,0.8,0.0,0.0,-0.8,0.0,0.0,-0.8,1.6,0.8,-0.8,0.8,-0.8,0.0,-0.8,0.0,0.8,0.0,0.8,-0.8,0.0,0.8,0.8,0.0,-0.8,0.8,2.4000000000000004,-1.6,0.8,2.4000000000000004,0.8,-0.8,0.8,1.6,-0.8,-0.8,-0.8,0.8,0.8,-2.4000000000000004,-0.8,0.8,0.8,0.0,0.0,2.4000000000000004,-0.8,0.0,0.8,0.0,1.6,-0.8,-0.8,0.8,0.0,0.8,-0.8,0.0,0.0,-0.8,1.6,0.0,0.8,0.0,0.0,0.8,0.8,0.8,0.8,0.8,2.4000000000000004,-0.8,0.8,0.8,0.0,0.8,-0.8,0.8,0.8,-0.8,1.6,0.0,1.6,0.0,0.0,0.0,0.0,0.8,0.0,-0.8,0.8,0.0,0.0,-0.8,0.8,0.8,-0.8,0.0,0.0,0.8,0.8,-0.8,0.8,0.8,1.6,0.0,0.0,0.8,0.8,0.8,0.8,0.0,-0.8,-0.8,0.8,0.0,0.0,0.0,0.8,0.0,1.6,0.8,-0.8,0.8,-1.6,-0.8,0.8,0.0,0.8,0.8,0.8,0.0,0.0,1.6,-1.6,0.8,0.8,-0.8,0.0,-1.6,1.6,0.8,-0.8,1.6,0.8,0.8,0.0,0.0,1.6,-0.8,0.8,0.0,0.0,0.0,-1.6,0.8,0.8,0.8,0.8,0.0,1.6,0.8,0.8,0.8,0.8,2.4000000000000004,-0.8,1.6,0.8,0.8,0.8,0.0,0.8,0.0,-1.6,0.8,-0.8,1.6,-1.6,0.0,0.8,0.0,-0.8,0.0,-0.8,1.6,-0.8,1.6,0.8,0.0,0.0,0.0,0.8,0.8,-0.8,0.8,0.8,0.0,1.6,0.8,0.0,0.0,1.6,1.6,0.0,0.0,1.6,0.8,0.0,0.0,0.8,0.8,0.8,0.0,0.8,0.0,0.0,0.8,0.0,0.8,0.8,0.0,1.6,0.8,-0.8,0.8,0.8,0.8,-0.8,0.8,0.8,0.8,0.0,-0.8,-1.6,0.0,0.0,0.8,-0.8,0.8,0.8,-0.8,0.0,0.8,0.0,0.0,-0.8,1.6,-0.8,0.0,0.0,0.0,0.0,0.0,0.0,0.8,0.0,0.8,0.0,0.0,0.8,0.0,1.6,-0.8,1.6,0.0,0.8,0.8,0.0,0.8,1.6,0.8,1.6,0.0,0.8,0.0,0.8,0.8,0.8,1.6,0.8,-0.8,0.8,0.0,1.6,-0.8,0.0,0.0,0.8,0.0,-0.8,0.0,0.0,-0.8,0.0,0.0,0.0,1.6,0.8,1.6,0.0,0.8,0.0,-0.8,-0.8,0.0,0.0,0.0,0.0,0.8,-0.8,0.0,0.8,-0.8,0.8,0.8,1.6,-0.8,0.8,0.8,-0.8,0.8,0.0,-0.8,0.0,1.6,0.0,0.0,0.8,1.6,0.8,0.8,0.0,0.0,0.8,0.0,-1.6,1.6,0.0,0.8,1.6,0.0,2.4000000000000004,0.0,-0.8,0.8,0.0,0.0,0.0,-0.8,0.0,1.6,0.0,0.8,1.6,0.8,0.0,1.6,-0.8,0.0,0.0,0.0,0.8,0.8,0.8,1.6,0.8,1.6,-0.8,0.8,0.0,-0.8,0.8,-2.4000000000000004,0.8,0.8,0.0,2.4000000000000004,0.0,0.8,-0.8,0.8,0.0,-0.8,0.0,-0.8,0.0,1.6,0.0,0.8,-0.8,0.8,0.8,-1.6,1.6,0.0,2.4000000000000004,1.6,0.0,1.6,0.0,0.0,-0.8,-0.8,0.8,0.8,0.0,0.0,0.8,0.0,0.0,1.6,0.8,0.8,1.6,0.8,1.6,0.0,0.8,0.0,1.6,0.8,-1.6,0.0,2.4000000000000004,0.0,0.8,0.0,0.8,0.0,1.6,-0.8,-1.6,0.8,-0.8,0.0,0.0,1.6,0.8,0.8,0.8,0.0,0.8,0.8,0.8,0.0,0.0,-0.8,-0.8,0.8,0.0,0.0,1.6,0.8,0.0,1.6,0.8,0.0,0.0,-0.8,0.8,0.0,2.4000000000000004,-0.8,0.8,1.6,0.8,0.0,0.0,0.0,0.8,-0.8,0.8,-0.8,1.6,-0.8,0.0,0.8,0.8,-0.8,0.0,0.0,0.8,-1.6,0.8,0.0,0.0,1.6,-1.6,1.6,0.0,-0.8,0.8,-1.6,0.0,0.8,0.8,0.8,-0.8,-0.8,-0.8,0.0,0.0,-0.8,2.4000000000000004,-0.8,0.8,0.8,-1.6,0.8,-1.6,0.0,0.0,0.0,0.8,-0.8,0.8,0.0,0.8,0.8,-0.8,0.0,-0.8,1.6,1.6,0.0,0.8,1.6,0.8,0.0,-0.8,1.6,0.0,0.0,0.0,-0.8,1.6,0.0,0.0,0.8,0.0,0.8,-0.8,1.6,0.0,-0.8,0.8,0.8,0.8,0.8,0.0,1.6,0.8,1.6,0.0,0.8,0.8,0.0,0.0,0.8,0.0,0.8,0.8,0.8,0.8,1.6,-1.6,0.8,0.8,1.6,0.8,0.0,0.0,-0.8,0.0,0.0,0.0,0.8,-0.8,0.8,0.8,0.8,0.0,0.8,0.8,0.8,-0.8,0.0,0.8,0.8,-0.8,0.0,0.8,0.8,0.8,0.8,0.8,-0.8,0.0,0.8,-0.8,1.6,0.0,0.8,0.0,-0.8,0.8,-0.8,0.0,0.0,0.0,0.8,0.0,0.0,-0.8,0.0,0.8,-1.6,0.0,0.8,-1.6,1.6,0.8,0.8,0.0,-0.8,1.6,0.0,1.6,0.8,-0.8,0.8,-0.8,0.8,0.8,-0.8,0.8,-0.8,0.0,1.6,0.0,-0.8,0.8,0.8,0.0,-0.8,0.8,0.0,1.6,0.0,0.0,0.8,0.8,1.6,0.0,-0.8,1.6,-0.8,0.8,0.0,0.0,0.8,0.0,0.8,0.8,-0.8,0.0,-0.8,0.8,0.8,0.0,0.8,-0.8,0.0,0.0,0.8,0.0,0.0,0.0,0.0,0.0,-1.6,0.0,0.0,0.0,0.8,-0.8,0.0,0.0,0.8,0.8,0.8,0.0,0.8,0.8,0.0,0.8,0.8,0.0,0.0,-0.8,0.0,0.8,0.0,0.8,0.0,0.0,-0.8,1.6,0.0,-0.8,0.8,-0.8,0.8,0.8,0.0,0.8,0.8,0.0,-0.8,0.0,0.8,0.0,2.4000000000000004,-1.6,1.6,1.6,0.0,1.6,0.0,1.6,1.6,-0.8,1.6,0.8,1.6,0.8,-0.8,0.8,0.0,0.0,0.8,0.0,0.0,0.0,0.0,0.8,0.0,0.8,0.0,2.4000000000000004,1.6,0.0,2.4000000000000004,0.0,0.8,0.8,0.0,0.0,2.4000000000000004,0.0,-0.8,1.6,1.6,-1.6,0.8,0.8,0.0,-0.8,-0.8,0.8,0.0,0.0,0.8,0.8,0.8,0.0,0.8,0.0,0.8,0.0,0.0,0.0,0.8,0.8,-0.8,0.0,1.6,0.0,0.0,-0.8,0.0,0.8,0.0,0.0,0.8,0.8,-0.8,0.0,0.0,-0.8,1.6,0.0,0.0,0.8,-0.8,0.8,0.0,0.0,-0.8,0.8,2.4000000000000004,-2.4000000000000004,0.8,0.8,0.0,1.6,-0.8,0.8,0.8,0.8,1.6,-1.6,0.8,-0.8,0.0,2.4000000000000004,-1.6,0.8,0.0,0.0,0.8,0.0,1.6,0.0,0.8,0.8,0.0,0.8,0.0,2.4000000000000004,0.8,-0.8,0.8,-0.8,0.0,-0.8,0.0,0.0,0.0,1.6,-0.8,0.0,0.8,-0.8,0.0,0.8,0.8,2.4000000000000004,-1.6,0.8,0.8,0.8,-0.8,0.0,1.6,0.0,0.0,0.0,0.0,0.0,-0.8,1.6,0.0,0.0,1.6,-0.8,0.8,0.0,-0.8,1.6,-0.8,0.8,0.0,-0.8,0.8,-0.8,-0.8,-0.8,0.0,0.0,0.0,0.8,0.0,0.0,0.8,-0.8,-0.8,-0.8,0.0,0.0,0.0,0.0,0.0,0.0,-1.6,0.8,0.8,0.8,0.8,0.8,0.0,1.6,0.0,0.8,0.0,-0.8,-1.6,-0.8,0.0,0.8,0.8,0.0,0.8,1.6,0.8,0.8,-0.8,0.8,-1.6,-0.8,0.8,0.0,2.4000000000000004,0.0,1.6,0.0,0.0,0.0,-0.8,1.6,0.0,-0.8,0.8,-0.8,0.8,-0.8,-0.8,1.6,0.0,0.8,0.0,0.0,0.0,-2.4000000000000004,0.8,-0.8,0.8,1.6,-0.8,2.4000000000000004,0.0,0.8,0.8,-1.6,2.4000000000000004,-1.6,0.0,-0.8,-0.8,0.8,0.0,0.8,0.0,-0.8,0.8,-1.6,1.6,0.0,0.0,1.6,-0.8,0.0,-1.6,-0.8,1.6,0.0,0.0,-0.8,0.0,0.8,0.8,0.8,-1.6,-0.8,-0.8,0.0,0.0,0.8,0.8,0.8,-0.8,0.0,-0.8,-0.8,0.8,0.0,0.8,0.0,0.0,-0.8,0.0,0.0,-0.8,0.8,0.0,-0.8,0.0,1.6,0.0,0.0,0.0,0.0,0.0,0.8,0.0,-0.8,1.6,0.0,-0.8,0.8,0.0,0.8,0.0,-0.8,1.6,0.0,-0.8,0.0,0.0,0.0,0.8,0.8,0.0,0.0,0.0,-1.6,0.8,0.8,0.8,0.8,1.6,1.6,-0.8,0.8,0.8,0.8,0.8,0.8,0.8,1.6,-0.8,0.8,-1.6,0.8,-0.8,0.0,0.8,0.0,0.0,1.6,0.0,0.8,0.8,0.0,-0.8,-0.8,0.8,0.0,0.0,0.0,0.0,0.8,-1.6,-0.8,1.6,0.0,0.0,0.0,0.0,1.6,0.0,0.0,0.0,1.6,-0.8,0.0,3.2,0.0,-0.8,0.8,-0.8,0.0,-1.6,0.0,0.8,0.0,0.8,0.0,0.0,0.0,-0.8,0.0,0.8,0.0,-1.6,0.0,1.6,0.0,-0.8,-0.8,1.6,0.8,0.0,-0.8,0.0,0.8,2.4000000000000004,-0.8,0.8,0.8,0.0,0.8,0.0,0.0,0.8,0.8,0.0,0.8,-1.6,0.0,0.8,0.0,0.0,0.0,0.8,0.8,0.0,0.0,0.8,1.6,0.0,0.8,0.8,0.0,1.6,-0.8,0.0,0.0,0.8,0.8,0.8,0.8,-0.8,0.0,0.0,0.0,0.0,-0.8,0.8,0.8,0.0,0.8,0.0,-0.8,0.8,-0.8,0.0,-1.6,1.6,0.0,-0.8,0.8,0.0,2.4000000000000004,0.0,0.0,0.8,0.8,0.8,0.0,0.0,1.6,-0.8,0.8,0.8,0.8,0.8,-0.8,2.4000000000000004,-0.8,-0.8,0.8,-0.8,0.0,-0.8,0.8,0.8,-0.8,0.8,0.0,0.8,0.8,-0.8,0.0,-1.6,1.6,0.8,0.0,1.6,0.0,1.6,0.8,-0.8,0.0,-0.8,1.6,-0.8,-0.8,0.8,-0.8,0.0,0.0,1.6,0.0,0.0,0.0,0.0,0.0,-0.8,-0.8,0.0,0.8,-2.4000000000000004,0.8,1.6,0.8,0.8,0.0,0.8,0.0,-0.8,0.0,-0.8,2.4000000000000004,0.0,0.0,0.0,0.8,0.8,1.6,0.0,1.6,0.8,-0.8,-0.8,0.0,0.0,0.0,0.8,0.0,-0.8,0.8,-0.8,1.6,-0.8,0.0,1.6,0.8,-0.8,-0.8,0.0,0.8,0.8,0.8,0.0,0.0,0.8,0.0,0.8,0.0,0.0,0.8,0.0,0.8,0.0,1.6,-0.8,-0.8,0.0,-0.8,0.0,0.8,0.0,0.8,-0.8,0.8,-0.8,1.6,1.6,-0.8,1.6,0.0,-1.6,1.6,0.0,1.6,0.0,-0.8,1.6,-0.8,2.4000000000000004,0.0,-0.8,0.0,-1.6,0.0,-0.8,0.8,1.6,-0.8,1.6,-0.8,0.0,0.8,0.0,1.6,0.0,-0.8,0.8,0.0,1.6,0.0,0.8,1.6,0.0,0.8,0.8,0.8,0.8,-0.8,0.8,0.0,1.6,0.0,0.8,1.6,1.6,0.0,0.0,1.6,0.0,0.0,0.0,0.0,0.0,0.8,0.8,0.0,-0.8,0.0,0.0,0.0,0.0,1.6,0.8,-0.8,1.6,0.0,-0.8,0.0,0.0,-0.8,-0.8,0.8,-0.8,0.8,0.8,-0.8,0.8,0.0,0.8,-0.8,-1.6,0.8,-0.8,0.0,0.0,-0.8,0.0,0.0,0.8,0.0,-0.8,0.8,0.0,0.0,0.0,0.8,0.8,0.0,0.8,-0.8,1.6,0.8,0.0,0.8,-0.8,1.6,0.8,0.0,1.6,-1.6,0.8,0.0,-0.8,0.0,0.0,0.8,0.8,-0.8,1.6,-0.8,0.8,0.0,0.8,0.0,0.0,-0.8,-0.8,0.0,0.0,0.0,0.8,0.8,0.0,0.8,0.0,-0.8,-0.8,0.0,0.8,0.0,0.0,0.8,0.8,1.6,-0.8,0.8,0.8,0.8,0.8,0.0,0.0,0.8,0.0,0.0,0.0,0.8,-0.8,0.0,0.0,0.0,0.0,-0.8,0.0,0.0,-1.6,0.0,0.8,0.0,0.8,-0.8,0.0,-0.8,0.0,0.8,-1.6,0.0,0.0,0.0,-1.6,0.0,0.8,-0.8,0.8,1.6,-1.6,0.0,-0.8,0.8,0.0,-0.8,0.0,0.0,-0.8,0.0,0.0,0.0,0.8,0.0,0.0,-0.8,1.6,0.8,0.0,0.0,0.8,0.0,0.8,-0.8,0.8,0.8,0.8,-1.6,0.0,1.6,0.0,0.8,-0.8,0.8,0.8,0.0,0.0,-0.8,0.0,-0.8,0.0,1.6,0.0,0.0,0.8,0.0,0.8,0.0,1.6,0.8,0.0,0.0,0.0,0.8,0.8,0.0,0.8,0.8,2.4000000000000004,0.0,0.8,1.6,0.0,0.8,-0.8,-0.8,1.6,0.0,0.8,0.8,0.8,-0.8,-0.8,-0.8,0.0,0.0,0.8,-0.8,0.8,0.0,-0.8,0.0,0.8,0.8,0.0,0.0,-0.8,0.0,1.6,0.0,0.0,0.8,-0.8,-0.8,0.8,0.0,0.8,0.0,-0.8,0.0,-0.8,0.0,0.8,0.0,0.0,0.0,0.0,0.8,0.8,2.4000000000000004,0.0,1.6,0.0,-1.6,0.0,0.0,0.8,0.0,-0.8,2.4000000000000004,0.0,1.6,-0.8,0.0,1.6,-0.8,0.8,0.0,0.8,1.6,0.0,1.6,0.0,0.8,0.8,-0.8,0.8,-0.8,0.0,0.0,-0.8,0.8,-0.8,1.6,1.6,0.8,0.8,0.0,0.8,0.0,-0.8,1.6,-0.8,3.2,0.0,0.0,2.4000000000000004,0.0,0.8,0.0,0.0,1.6,-0.8,1.6,0.0,0.0,0.0,0.8,1.6,0.0,0.0,0.8,0.8,0.0,-1.6,0.8,0.8,1.6,0.8,0.8,0.8,0.0,0.0,0.8,0.8,0.8,0.8,1.6,0.8,0.0,0.8,0.0,-0.8,0.0,0.8,0.8,-1.6,0.8,0.0,-0.8,0.8,0.8,0.8,0.0,0.8,0.8,0.0,0.8,-0.8,0.0,0.8,-0.8,0.0,0.0,1.6,0.0,0.0,0.0,0.8,0.8,0.8,0.0,0.0,0.8,0.0,0.0,0.8,0.0,0.0,0.0,-0.8,0.8,0.8,0.0,0.8,0.0,-0.8,-0.8,0.8,-0.8,0.0,0.0,-1.6,1.6,-0.8,0.0,1.6,0.0,0.8,-0.8,0.0,1.6,1.6,0.0,0.8,0.8,0.8,-0.8,1.6,0.0,0.8,1.6,-0.8,0.8,0.0,0.0,1.6,0.8,0.8,-1.6,0.0,0.0,0.0,0.8,0.0,0.0,0.8,-0.8,0.0,0.0,0.0,0.0,0.0,0.8,0.0,0.8,-0.8,1.6,0.8,-0.8,1.6,0.8,-0.8,1.6,-0.8,0.0,0.8,0.0,-0.8
event_13,1625266723.805835,2.4000000000000004,0.0,1.6,-0.8,0.8,1.6,0.0,0.8,0.8,0.8,0.8,0.0,0.8,0.8,1.6,0.0,0.0,0.8,-0.8,0.8,0.0,2.4000000000000004,0.8,-3.2,2.4000000000000004,1.6,-2.4000000000000004,0.0,4.0,-0.8,-0.8,0.0,0.8,0.0,0.0,0.8,0.8,0.0,0.0,0.0,1.6,0.8,0.8,0.8,-0.8,-0.8,-0.8,0.8,0.8,0.8,0.0,0.8,1.6,0.0,-1.6,0.8,1.6,0.0,0.0,0.8,1.6,0.0,0.8,0.8,0.8,0.0,0.0,1.6,0.0,0.0,0.8,-0.8,1.6,0.0,0.0,1.6,0.8,1.6,0.0,1.6,1.6,0.0,-0.8,0.0,1.6,1.6,0.0,1.6,0.8,1.6,0.8,0.8,0.0,0.0,0.8,0.0,0.0,0.0,0.0,2.4000000000000004,0.0,0.8,-4.0,-21.6,-36.8,-26.4,-13.600000000000001,-5.6,-1.6,-1.6,-2.4000000000000004,-2.4000000000000004,-0.8,-0.8,-1.6,-0.8,0.0,0.8,0.8,1.6,0.8,0.0,-0.8,0.8,0.8,-0.8,0.8,0.8,-0.8,2.4000000000000004,-0.8,-1.6,-0.8,0.0,0.8,0.8,0.0,0.8,0.0,1.6,0.0,-0.8,0.8,0.8,0.0,0.0,0.8,0.8,0.8,-0.8,0.8,0.8,0.0,0.0,0.8,1.6,-0.8,-0.8,0.0,0.8,0.8,0.8,1.6,0.8,0.0,-0.8,0.0,0.8,0.0,0.0,1.6,-0.8,0.8,0.0,0.8,1.6,0.0,0.8,0.0,1.6,1.6,0.0,1.6,0.0,1.6,0.0,0.8,1.6,0.8,0.8,0.8,0.8,1.6,-0.8,1.6,-0.8,0.0,0.0,0.0,0.8,0.0,0.0,0.8,-0.8,2.4000000000000004,-1.6,2.4000000000000004,0.8,1.6,0.8,0.0,1.6,0.8,-0.8,0.8,-1.6,0.0,0.8,0.0,0.8,-0.8,0.8,0.8,0.0,0.0,0.0,1.6,-0.8,0.0,0.8,-1.6,1.6,-0.8,0.8,0.0,0.0,1.6,0.0,0.8,0.8,0.0,0.8,-0.8,-0.8,0.8,1.6,0.8,-0.8,0.8,0.8,0.8,0.8,0.0,0.8,0.0,0.8,0.8,0.0,0.0,1.6,0.8,0.8,1.6,0.8,0.8,0.8,0.0,0.8,0.0,0.8,0.0,0.0,0.8,0.0,0.8,0.8,0.0,0.0,-0.8,0.8,-0.8,0.8,0.8,0.0,-0.8,0.0,0.8,0.8,-0.8,2.4000000000000004,0.0,0.8,0.0,0.0,0.8,0.0,0.0,0.8,1.6,1.6,0.0,0.8,1.6,0.8,0.0,0.0,0.8,0.8,0.8,0.0,0.8,0.8,-0.8,0.0,0.8,-1.6,2.4000000000000004,0.8,0.0,0.8,0.0,1.6,0.0,-0.8,0.8,0.0,0.8,-0.8,0.8,0.0,-0.8,1.6,0.0,-0.8,0.8,0.0,0.8,0.8,1.6,-0.8,0.0,0.0,-1.6,0.8,1.6,-0.8,1.6,-0.8,0.8,0.8,1.6,0.8,-1.6,3.2,0.0,-0.8,3.2,0.8,0.8,1.6,0.0,0.8,0.0,0.0,0.0,1.6,-0.8,-0.8,1.6,0.0,0.8,0.0,0.8,1.6,0.8,0.0,0.8,0.8,1.6,0.0,0.0,0.0,1.6,0.8,0.0,0.8,0.8,0.0,2.4000000000000004,-0.8,0.8,0.0,-1.6,-0.8,0.0,-0.8,1.6,1.6,0.8,-0.8,0.8,-0.8,0.0,0.0,0.0,0.0,1.6,0.8,0.0,0.0,1.6,0.8,0.8,0.8,0.0,0.8,0.0,0.0,0.0,0.8,0.8,0.0,0.0,0.0,0.8,0.0,1.6,0.0,0.8,0.8,-1.6,0.0,-0.8,0.8,0.8,-0.8,0.8,-0.8,0.8,0.0,-0.8,0.0,-0.8,0.8,0.8,-1.6,0.8,-0.8,0.8,0.0,0.0,0.0,0.8,0.8,-0.8,0.0,0.8,0.0,0.8,-0.8,0.8,0.0,-0.8,1.6,0.8,0.8,-0.8,0.0,1.6,0.0,0.8,0.0,1.6,0.8,0.0,0.0,0.0,0.8,-0.8,0.8,1.6,1.6,0.8,0.0,0.0,0.8,0.0,0.8,1.6,0.8,-0.8,0.0,0.0,0.0,0.0,0.8,0.8,0.8,0.0,0.0,0.8,0.8,-0.8,0.8,0.0,0.8,0.0,0.0,0.0,0.0,-0.8,0.0,0.0,0.0,1.6,0.8,0.0,0.0,0.8,-0.8,0.0,-0.8,0.0,0.8,-1.6,0.8,0.8,-0.8,-0.8,0.0,0.8,0.0,-0.8,1.6,0.0,1.6,-0.8,0.0,0.8,-0.8,-1.6,0.0,0.8,0.8,0.0,0.8,0.8,0.8,0.8,0.8,0.0,-0.8,-0.8,0.0,0.8,1.6,0.8,1.6,0.8,0.0,0.8,-0.8,0.0,0.8,-0.8,0.8,-0.8,0.0,0.8,-1.6,0.8,0.8,0.8,1.6,0.0,0.8,0.8,-0.8,0.8,0.0,1.6,0.0,0.8,0.8,0.0,0.0,0.0,0.0,1.6,0.0,0.8,0.0,0.0,0.0,0.8,0.8,0.8,0.0,0.0,0.0,0.8,0.0,0.8,0.0,0.8,0.0,0.0,0.8,1.6,0.8,1.6,0.8,0.0,2.4000000000000004,0.8,0.0,0.0,0.0,0.8,0.0,0.0,0.0,0.0,0.8,-0.8,0.0,0.0,0.0,0.8,-0.8,0.8,0.0,0.8,0.8,0.8,0.0,0.8,0.8,0.0,-1.6,1.6,0.8,0.0,0.8,0.0,1.6,0.8,0.8,0.0,-0.8,2.4000000000000004,0.8,0.0,0.8,-0.8,1.6,0.0,0.0,1.6,2.4000000000000004,1.6,0.0,1.6,-0.8,-0.8,1.6,0.0,0.8,0.8,-0.8,1.6,-0.8,1.6,0.0,0.0,0.8,-2.4000000000000004,1.6,0.0,1.6,1.6,0.8,2.4000000000000004,0.8,0.0,0.8,-0.8,1.6,0.0,0.8,0.0,0.0,0.8,0.8,1.6,1.6,0.0,0.8,-0.8,0.8,-0.8,0.8,0.8,0.8,0.8,0.0,0.0,0.0,0.0,0.8,0.0,0.8,0.8,0.8,0.8,0.0,0.0,0.0,0.0,1.6,0.8,2.4000000000000004,-0.8,0.0,0.8,-0.8,0.8,0.8,0.0,0.8,0.0,1.6,0.0,0.8,0.0,0.0,0.8,-0.8,-0.8,0.0,0.8,0.0,0.0,0.0,0.8,0.0,0.0,-0.8,0.0,0.0,1.6,-0.8,-1.6,1.6,0.8,-1.6,0.0,3.2,-0.8,-0.8,2.4000000000000004,0.8,-0.8,0.0,0.0,2.4000000000000004,0.0,-0.8,0.0,1.6,0.0,0.0,1.6,0.8,1.6,0.0,0.0,1.6,0.0,1.6,0.0,0.0,1.6,-0.8,2.4000000000000004,1.6,0.8,0.8,-0.8,1.6,-0.8,0.0,1.6,-0.8,0.8,-0.8,0.8,0.0,0.0,0.8,0.0,0.0,0.8,0.8,0.8,-0.8,0.0,1.6,0.0,0.8,-0.8,1.6,0.8,-1.6,1.6,0.0,0.0,0.0,-0.8,1.6,0.0,-0.8,0.8,0.0,-0.8,0.0,0.8,-0.8,-0.8,1.6,0.0,0.8,0.0,0.8,1.6,0.0,0.0,-0.8,0.8,2.4000000000000004,0.0,0.8,0.8,0.0,0.8,1.6,0.0,0.0,0.8,0.8,-0.8,0.0,0.0,0.0,-0.8,0.0,1.6,0.8,0.0,-0.8,0.0,-0.8,-1.6,0.8,0.0,0.8,-0.8,0.0,1.6,0.0,1.6,1.6,0.0,0.0,0.0,1.6,0.0,2.4000000000000004,0.0,0.8,0.8,0.0,0.0,0.8,0.8,0.8,0.0,-0.8,-0.8,0.0,0.0,1.6,1.6,0.8,0.0,0.8,0.8,1.6,-0.8,0.8,0.0,1.6,0.0,0.0,0.8,-0.8,0.8,0.8,0.0,0.8,0.8,1.6,0.0,0.8,1.6,0.8,0.0,0.0,1.6,1.6,-0.8,2.4000000000000004,-0.8,-0.8,0.0,-0.8,0.0,-0.8,0.0,0.0,0.0,1.6,0.8,0.0,0.8,-1.6,-0.8,-0.8,0.0,0.8,0.8,1.6,0.8,0.0,0.8,0.0,0.0,0.0,0.0,0.8,0.0,0.8,0.0,0.0,0.8,-0.8,1.6,-0.8,0.0,0.8,-0.8,0.0,0.0,0.0,0.0,0.0,0.0,0.8,0.8,0.0,0.8,0.0,0.8,0.0,0.8,0.8,1.6,0.8,0.8,0.8,0.0,-0.8,0.0,1.6,0.8,0.0,-0.8,0.0,0.0,0.8,0.8,0.0,0.0,0.0,0.8,-0.8,0.8,0.0,2.4000000000000004,-0.8,0.0,0.0,0.8,0.8,1.6,0.0,1.6,0.0,-0.8,1.6,0.8,1.6,1.6,0.0,0.8,-1.6,0.8,0.8,1.6,0.8,-0.8,0.0,-1.6,0.8,0.0,-0.8,1.6,-0.8,1.6,0.0,0.8,0.8,-1.6,0.8,-1.6,-0.8,1.6,1.6,0.8,0.0,0.8,0.8,-0.8,2.4000000000000004,-0.8,-1.6,1.6,0.0,0.8,0.0,1.6,0.0,0.0,0.0,0.0,-0.8,0.8,0.0,1.6,-1.6,-0.8,-0.8,0.0,1.6,-0.8,0.8,1.6,0.8,0.8,0.8,1.6,0.0,-0.8,0.8,0.0,1.6,0.0,0.0,0.8,0.8,0.0,1.6,0.8,0.0,0.8,-0.8,0.0,0.0,0.0,1.6,0.0,0.8,-0.8,1.6,0.8,0.0,0.8,0.0,1.6,0.8,-0.8,0.8,0.8,1.6,1.6,0.8,0.8,0.0,1.6,0.8,-0.8,0.8,0.0,0.0,0.8,-0.8,2.4000000000000004,0.0,0.0,0.8,-0.8,0.0,-1.6,0.8,0.0,-0.8,1.6,0.0,0.8,0.0,0.0,0.0,0.0,0.8,-1.6,0.8,1.6,0.0,0.8,-0.8,1.6,0.8,0.0,0.0,-0.8,0.8,0.0,0.0,0.8,0.0,0.8,0.8,0.0,2.4000000000000004,-0.8,0.8,0.0,0.8,0.0,-2.4000000000000004,1.6,0.0,0.0,-0.8,0.0,1.6,0.8,1.6,1.6,-1.6,0.0,0.0,0.0,0.8,2.4000000000000004,1.6,-0.8,2.4000000000000004,0.0,-1.6,2.4000000000000004,0.0,0.8,0.0,-0.8,-0.8,0.8,0.8,0.8,0.8,1.6,-0.8,-0.8,0.0,0.8,0.0,0.0,0.8,1.6,0.0,-0.8,0.8,0.8,0.0,0.0,0.0,0.0,1.6,0.8,0.8,0.0,0.8,-0.8,-0.8,0.0,0.0,1.6,-0.8,0.8,-0.8,-1.6,0.8,0.8,0.8,-0.8,0.8,0.8,0.0,1.6,0.8,0.8,1.6,-0.8,0.0,0.0,0.8,0.8,-0.8,0.8,0.0,0.0,1.6,-0.8,-0.8,-0.8,0.8,0.8,0.0,1.6,1.6,0.0,1.6,2.4000000000000004,1.6,0.0,1.6,0.8,-0.8,0.8,-0.8,0.8,0.0,-0.8,1.6,2.4000000000000004,1.6,0.0,0.8,0.8,0.0,-0.8,0.0,0.8,1.6,0.8,1.6,0.8,1.6,0.8,0.0,0.0,-0.8,0.8,0.0,0.0,0.8,0.0,1.6,0.0,0.0,0.0,0.0,0.8,0.0,-0.8,1.6,0.0,2.4000000000000004,-0.8,0.8,1.6,0.0,0.8,0.0,0.8,0.0,1.6,1.6,-0.8,0.0,-0.8,0.8,0.8,-0.8,0.8,0.0,0.0,0.8,0.0,0.0,0.8,0.8,0.0,0.8,0.8,0.8,-0.8,0.0,0.0,0.8,0.8,-0.8,-1.6,0.8,-0.8,0.8,0.8,1.6,1.6,0.8,1.6,0.0,0.8,0.8,-0.8,1.6,0.0,1.6,0.0,-0.8,0.8,0.0,0.8,0.0,0.0,1.6,-0.8,1.6,0.0,0.0,0.0,-0.8,0.0,1.6,0.8,0.8,0.8,1.6,0.8,0.8,1.6,0.8,3.2,-0.8,0.8,1.6,0.0,-0.8,0.8,0.0,0.8,-0.8,0.8,0.0,0.8,1.6,0.8,1.6,0.8,0.0,0.0,-0.8,1.6,-0.8,0.8,0.0,0.8,0.0,0.0,0.0,0.8,0.0,1.6,0.8,0.0,1.6,0.0,0.0,0.0,0.8,1.6,0.8,0.8,0.8,0.8,-0.8,1.6,0.0,-0.8,0.0,0.8,0.0,0.8,0.8,1.6,-0.8,1.6,1.6,-0.8,1.6,0.0,0.0,0.8,1.6,0.0,1.6,0.0,1.6,0.8,1.6,0.8,-0.8,0.8,-0.8,0.0,0.0,0.0,0.8,0.8,0.8,1.6,0.8,-0.8,-0.8,0.8,0.0,-0.8,0.8,-0.8,0.8,0.0,0.0,1.6,-0.8,0.0,0.8,-0.8,0.8,-1.6,0.8,0.8,0.0,1.6,1.6,1.6,0.8,-1.6,2.4000000000000004,-0.8,0.8,0.0,-0.8,0.8,-0.8,0.8,1.6,0.8,2.4000000000000004,-0.8,0.0,0.0,-0.8,-0.8,0.8,0.8,0.0,-0.8,0.0,-0.8,1.6,-1.6,1.6,0.0,0.0,1.6,0.0,-0.8,0.8,0.8,0.8,0.0,0.0,0.0,0.0,0.0,0.0,1.6,-1.6,0.0,0.8,-0.8,0.8,0.0,0.0,0.0,0.0,0.8,0.0,0.8,0.0,-0.8,0.8,1.6,0.0,0.0,0.0,0.8,0.0,1.6,-0.8,0.0,0.0,0.0,-0.8,-0.8,0.0,0.8,0.8,0.0,0.0,0.0,-0.8,0.8,0.0,0.0,0.8,-0.8,0.8,0.0,-0.8,0.0,0.0,1.6,-0.8,0.8,0.0,-1.6,1.6,-0.8,-1.6,2.4000000000000004,2.4000000000000004,0.0,-0.8,2.4000000000000004,-0.8,0.8,1.6,-0.8,1.6,-0.8,-1.6,0.8,0.0,1.6,0.0,1.6,0.0,0.0,0.0,-0.8,-0.8,0.8,-0.8,1.6,-0.8,0.0,0.8,0.8,1.6,0.0,0.0,0.8,1.6,0.8,0.0,0.0,1.6,0.0,0.0,-0.8,1.6,0.8,-0.8,1.6,-1.6,0.8,0.8,-0.8,0.8,-0.8,1.6,0.0,0.8,0.8,0.0,0.8,0.0,0.8,0.0,-0.8,1.6,0.8,0.0,0.8,0.0,1.6,0.0,-0.8,0.8,0.8,0.0,-0.8,0.8,0.0,0.8,0.8,0.0,1.6,0.8,0.0,0.8,0.8,0.0,0.0,0.0,1.6,-0.8,0.8,0.8,0.8,0.8,0.0,2.4000000000000004,0.8,1.6,0.0,0.8,0.0,0.0,0.0,0.8,0.8,0.0,-0.8,0.8,0.0,0.8,-1.6,-0.8,0.0,0.0,0.0,0.0,0.0,0.8,0.0,0.0,0.0,0.8,0.0,0.0,0.0,0.0,0.0,-1.6,0.0,0.8,0.0,0.0,0.0,0.0,0.0,0.8,0.8,-0.8,0.0,0.0,0.0,0.8,-0.8,1.6,0.8,0.8,0.8,-0.8,1.6,-0.8,0.0,0.8,0.0,1.6,0.0,0.0,0.8,-0.8,1.6,-2.4000000000000004,-0.8,0.8,0.0,0.8,-1.6,0.8,0.8,-0.8,0.8,-0.8,0.8,0.8,-1.6,-0.8,-0.8,1.6,0.8,1.6,0.8,0.0,0.0,0.0,0.8,0.0,-0.8,0.8,-0.8,0.0,0.0,-0.8,0.8,0.8,1.6,1.6,0.0,0.8,0.0,0.0,0.8,-0.8,0.8,0.0,0.8,0.0,0.0,0.8,0.8,0.0,0.8,0.8,0.0,0.0,0.0,0.0,0.0,0.0,0.8,-0.8,0.8,-0.8,0.8,-0.8,0.0,0.8,-0.8,0.0,0.0,0.0,0.8,-1.6,0.0,0.0,0.0,0.8,0.8,0.0,-0.8,-0.8,0.0,-0.8,0.8,0.8,1.6,0.0,0.0,0.8,-0.8,0.0,1.6,0.0,0.8,0.0,0.8,0.8,0.0,0.0,-0.8,-0.8,0.0,-2.4000000000000004,-0.8,0.0,0.0,0.0,-0.8,1.6,0.0,0.8,0.0,-1.6,-0.8,-0.8,0.8,0.0,0.0,0.8,0.0,0.0,0.8,0.8,-0.8,0.0,0.8,-0.8,-1.6,0.8,-0.8,0.0,-0.8,0.8,0.8,-0.8,1.6,0.0,-0.8,0.0,0.0,1.6,0.0,1.6,1.6,0.0,2.4000000000000004,0.8,0.0,0.8,-0.8,0.8,-0.8,0.0,0.0,0.0,0.0,0.8,0.8,0.0,0.0,0.8,0.0,0.8,0.0,0.0,-0.8,0.8,0.0,0.0,0.0,0.0,0.8,0.8,0.8,0.0,0.8,-0.8,0.0,0.8,0.8,0.0,-1.6,-0.8,0.0,0.0,-0.8,0.0,-0.8,0.0,0.0,0.0,1.6,-0.8,1.6,0.8,0.0,0.8,-0.8,0.0,1.6,-0.8,0.0,-0.8,0.8,-0.8,0.0,0.0,0.0,0.8,0.0,0.8,-0.8,0.8,0.0,-0.8,0.8,0.0,0.0,0.8,0.0,1.6,0.0,0.8,0.8,0.0,0.8,-1.6,0.0,0.8,0.0,0.0,-1.6,0.8,0.0,-0.8,1.6,-0.8,0.8,0.0,0.0,0.8,0.8,0.8,-0.8,-0.8,2.4000000000000004,-1.6,0.8,-0.8,-0.8,0.8,-0.8,0.8,0.0,0.8,1.6,0.0,0.8,-0.8,2.4000000000000004,-0.8,-1.6,0.8,0.0,0.0,0.8,0.0,-0.8,0.0,0.8,0.0,0.0,0.8,0.8,1.6,0.8,0.0,0.0,0.0,1.6,0.0,-0.8,0.8,0.0,0.8,-0.8,0.0,0.8,-0.8,0.0,0.8,0.0,0.8,-0.8,-0.8,0.0,0.0,-0.8,0.8,-0.8,0.0,0.0,1.6,0.8,0.0,0.0,1.6,0.0,0.8,-0.8,0.0,0.8,0.0,0.0,-1.6,0.8,0.0,0.8,1.6,0.0,0.8,0.0,0.8,1.6,-0.8,0.8,-0.8,0.0,0.0,0.0,2.4000000000000004,0.8,0.8,0.8,1.6,1.6,-0.8,-0.8,0.0,-0.8,2.4000000000000004,-0.8,0.0,0.0,0.8,0.0,-0.8,0.8,0.8,0.8,0.8,-0.8,0.8,0.0,1.6,1.6,0.8,0.8,0.0,0.8,0.8,-0.8,1.6,-1.6,0.8,0.0,-0.8,0.8,-0.8,0.0,0.8,0.0,0.8,0.8,1.6,-0.8,0.8,0.8,-1.6,1.6,-0.8,0.0,0.8,-0.8,0.8,-1.6,-0.8,0.0,-0.8,0.0,-0.8,1.6,0.0,0.0,1.6,-0.8,0.8,0.8,-0.8,0.8,-0.8,1.6,0.0,-0.8,-0.8,0.0,0.0,-0.8,0.0,-0.8,-0.8,-0.8,-0.8,-0.8,0.0,0.0,0.8,0.0,1.6,0.0,0.0,1.6,0.8,0.0,0.0,0.8,0.8,0.8,0.0,-0.8,1.6,0.8,0.0,0.8,0.0,0.0,-1.6,0.8,0.0,0.8,0.8,0.0,1.6,0.8,0.0,0.8,-0.8,1.6,-0.8,-0.8,0.0,0.0,0.0,0.0,0.8,1.6,0.0,0.8,-0.8,0.8,-0.8,0.0,0.8,0.0,0.8,0.0,0.0,0.8,-0.8,0.8,0.8,0.0,0.8,0.0,0.8,0.8,0.8,0.8,-1.6,0.0,0.8,0.0,0.0,0.0,-0.8,-0.8,0.0,0.8,0.0,0.0,0.8,0.0,0.0,0.0,0.0,-0.8,0.8,0.0,-0.8,-0.8,0.0,0.8,0.8,-0.8,0.8,-0.8,1.6,0.8,-1.6,0.0,0.0,0.0,0.0,0.8,0.0,-0.8,0.8,0.8,0.8,0.0,0.8,0.8,-0.8,-0.8,0.0,-0.8,0.0,0.0,0.8,1.6,0.0,0.8,0.0,0.0,-0.8,0.0,0.8,0.0,0.8,0.0,0.8,0.0,1.6,0.0,-0.8,-0.8,1.6,0.0,-0.8,1.6,0.0,0.0,0.8,0.0,0.8,-0.8,0.8,0.8,0.8,0.0,0.8,0.0,1.6,0.0,0.0,0.0,0.0,0.0,0.8,0.0,-0.8,2.4000000000000004,0.0,0.0,0.8,0.0,0.8,0.0,-2.4000000000000004,2.4000000000000004,0.8,-0.8,0.8,0.8,-1.6,-0.8,2.4000000000000004,0.0,-0.8,2.4000000000000004,0.0,0.8,0.8,-0.8,0.8,0.0,0.8,-0.8,-0.8,0.8,0.8,0.0,-0.8,2.4000000000000004,2.4000000000000004,0.8,-0.8,-0.8,0.8,0.0,-0.8,1.6,0.0,0.8,-0.8,0.0,1.6,0.0,0.0,0.8,0.0,-0.8,0.0,0.0,0.8,0.0,0.0,-0.8,1.6,-0.8,1.6,0.8,0.8,0.0,0.0,0.0,0.8,1.6,0.0,0.8,0.8,0.8,-0.8,0.8,0.0,-0.8,-0.8,-0.8,-1.6,1.6,0.0,1.6,0.8,-0.8,0.8,-0.8,0.0,0.8,-0.8,0.8,0.0,0.8,-0.8,-0.8,0.0,-0.8,1.6,-0.8,-0.8,0.8,1.6,1.6,0.0,0.8,0.0,-0.8,0.0,-1.6,1.6,1.6,-1.6,1.6,-1.6,0.0,0.0,0.0,0.8,-1.6,0.8,0.0,-0.8,0.8,-0.8,1.6,1.6,-0.8,0.0,0.0,2.4000000000000004,0.8,0.0,1.6,0.0,0.8,0.0,-0.8,0.8,-1.6,0.8,0.0,0.0,0.0,-0.8,0.0,0.0,1.6,0.0,0.0,0.0,-0.8,0.0,0.8,-0.8,0.8,0.0,0.8,0.8,0.8,1.6,0.8,0.8,0.8,0.8,0.0,0.8,0.8,1.6,0.8,0.8,0.0,0.8,-0.8,0.0,0.0,0.8,0.0,-0.8,0.8,0.0,0.8,1.6,0.8,0.8,-1.6,0.0,0.0,0.0,0.0,0.0,-0.8,0.0,0.8,-0.8,0.8,0.8,0.8,0.8,0.0,0.0,0.8,0.0,0.0,0.8,0.0,0.0
event_14,1625266725.9559581,1.6,0.0,0.0,0.8,0.0,0.8,0.0,0.8,0.8,0.0,-0.8,1.6,0.8,-0.8,0.8,0.0,0.8,0.0,0.8,0.0,0.0,0.8,0.8,0.8,0.0,0.0,-0.8,0.8,0.8,0.8,0.0,0.8,1.6,0.8,0.8,0.8,0.8,1.6,0.0,-0.8,0.8,0.0,0.8,1.6,0.8,0.8,0.0,0.0,0.8,0.0,-0.8,0.0,0.0,1.6,0.0,0.8,0.8,2.4000000000000004,1.6,0.0,0.8,0.0,0.8,0.0,0.0,0.8,0.8,0.0,0.8,0.0,1.6,0.0,1.6,0.8,0.0,1.6,0.0,0.8,0.8,0.0,1.6,0.0,0.8,0.0,0.8,0.8,0.0,0.8,0.8,0.0,1.6,0.0,0.8,-0.8,0.0,0.0,0.8,2.4000000000000004,0.8,1.6,1.6,-0.8,-2.4000000000000004,-32.0,-53.6,-39.199999999999996,-18.4,-6.4,-4.800000000000001,0.0,0.0,-3.2,-2.4000000000000004,-1.6,-0.8,-1.6,0.8,0.0,-0.8,0.0,0.0,0.8,0.0,0.8,0.0,-1.6,0.8,1.6,0.0,0.8,0.8,0.8,0.0,0.0,0.8,0.0,0.0,-0.8,0.8,1.6,0.0,-0.8,0.8,0.0,0.8,0.8,-0.8,0.0,1.6,0.0,0.0,0.0,0.0,0.8,-0.8,0.0,0.8,0.0,0.8,0.8,0.8,0.0,0.0,2.4000000000000004,0.8,1.6,0.8,0.8,0.8,0.8,0.0,0.8,0.0,0.0,0.0,0.8,-0.8,0.8,0.8,0.8,0.8,0.0,0.8,0.8,0.8,2.4000000000000004,-0.8,0.8,0.8,0.8,0.8,-0.8,0.8,0.0,0.8,1.6,-0.8,0.8,0.8,0.0,0.8,0.0,2.4000000000000004,-0.8,0.0,0.8,0.8,0.8,-0.8,0.0,0.8,-1.6,0.8,0.0,0.0,0.8,-0.8,1.6,-0.8,0.8,0.8,0.0,1.6,-0.8,0.8,0.8,0.8,0.8,0.0,0.8,0.8,0.8,0.8,-0.8,1.6,0.8,0.8,0.8,0.0,2.4000000000000004,0.0,0.8,0.8,0.0,0.8,0.0,1.6,1.6,0.0,0.0,0.0,0.0,0.8,0.0,-0.8,0.8,0.0,0.0,0.8,1.6,0.0,0.0,1.6,0.8,2.4000000000000004,0.8,0.0,0.0,2.4000000000000004,0.8,1.6,0.8,0.0,0.0,-0.8,0.8,0.0,-0.8,1.6,0.0,0.0,0.0,0.0,0.0,0.0,0.0,0.8,0.8,0.8,0.0,0.0,0.0,1.6,0.8,0.0,0.0,0.0,2.4000000000000004,0.8,0.8,0.0,1.6,0.8,-2.4000000000000004,0.0,2.4000000000000004,0.0,0.8,0.0,0.8,0.0,0.0,1.6,-0.8,0.8,0.0,-0.8,1.6,0.8,0.8,-0.8,0.8,0.0,-1.6,-0.8,1.6,-0.8,-0.8,0.8,2.4000000000000004,0.0,0.0,0.0,0.0,1.6,0.0,-1.6,0.0,0.0,0.8,0.0,0.0,0.8,0.0,0.0,0.0,0.8,-1.6,-1.6,0.8,0.0,0.8,0.0,0.8,1.6,0.0,0.8,1.6,1.6,0.8,0.0,0.0,0.8,1.6,0.0,0.8,0.8,0.8,0.8,0.8,0.0,-0.8,0.8,-0.8,0.0,-1.6,0.0,2.4000000000000004,0.8,0.8,0.8,0.8,-0.8,0.8,0.0,-0.8,0.8,1.6,-0.8,0.8,0.0,0.0,0.0,0.0,1.6,-0.8,0.8,1.6,0.0,1.6,0.0,-0.8,0.0,-0.8,0.0,-0.8,0.0,1.6,-0.8,0.0,-0.8,0.8,0.0,0.8,2.4000000000000004,0.0,0.0,0.8,-0.8,1.6,0.8,0.0,0.8,-0.8,1.6,-0.8,0.0,0.0,-0.8,1.6,0.8,0.0,-0.8,0.0,0.0,-0.8,0.8,2.4000000000000004,0.0,0.8,-0.8,2.4000000000000004,-0.8,-0.8,1.6,0.0,0.0,0.0,0.8,0.8,0.0,-0.8,-0.8,1.6,1.6,0.0,0.8,0.8,-0.8,-1.6,0.8,0.8,0.8,0.8,0.0,1.6,0.8,-0.8,0.8,0.8,0.8,0.8,-0.8,0.8,0.8,0.0,0.8,0.0,1.6,0.0,0.8,-0.8,0.8,0.0,1.6,0.0,0.8,0.8,0.0,0.8,0.8,0.0,0.8,-0.8,0.0,0.8,0.8,0.8,0.8,0.8,0.8,0.0,0.0,0.0,1.6,-0.8,0.8,-0.8,-1.6,1.6,0.0,-0.8,0.0,-0.8,0.8,-0.8,1.6,0.0,-0.8,1.6,-1.6,-0.8,0.0,1.6,1.6,0.8,1.6,1.6,0.8,2.4000000000000004,0.0,0.8,0.0,0.0,0.8,-0.8,1.6,0.8,0.0,0.8,-0.8,1.6,0.0,0.8,0.8,-1.6,0.8,0.0,-0.8,1.6,0.0,0.8,0.8,0.8,0.0,0.8,0.8,0.0,0.8,0.0,-0.8,1.6,0.0,1.6,0.8,0.8,0.8,0.8,0.0,0.8,0.0,0.0,0.0,0.0,0.0,0.8,0.8,0.8,0.0,0.8,-0.8,0.8,0.8,0.0,0.0,2.4000000000000004,0.0,0.0,1.6,0.0,0.8,0.0,0.8,0.8,1.6,1.6,0.8,0.8,0.8,0.8,0.0,-0.8,0.8,0.8,-0.8,0.8,0.0,0.8,-0.8,0.8,0.0,0.0,1.6,0.8,0.8,0.0,0.8,0.0,0.8,0.0,-2.4000000000000004,0.0,2.4000000000000004,-1.6,0.0,1.6,1.6,0.8,1.6,0.0,0.0,2.4000000000000004,-0.8,0.0,1.6,0.8,0.8,0.0,0.8,2.4000000000000004,0.0,0.8,0.8,0.8,0.0,-0.8,1.6,0.0,0.0,0.8,-0.8,2.4000000000000004,-1.6,1.6,0.8,0.0,1.6,0.0,1.6,0.8,0.8,1.6,0.0,1.6,0.8,0.0,1.6,-0.8,1.6,0.8,0.0,0.8,0.8,1.6,1.6,0.0,0.8,-0.8,0.8,0.0,0.8,0.8,0.8,0.8,1.6,1.6,0.8,0.0,1.6,0.8,1.6,0.8,0.0,1.6,0.8,0.8,0.8,1.6,0.8,-0.8,0.8,0.8,1.6,0.0,0.8,0.8,0.0,-0.8,0.8,0.8,-0.8,0.0,1.6,0.0,1.6,0.8,0.8,1.6,0.8,0.8,0.8,1.6,0.8,0.8,1.6,1.6,1.6,1.6,0.0,-0.8,0.8,0.8,0.0,-0.8,0.8,0.0,1.6,0.8,2.4000000000000004,0.8,-0.8,0.8,0.8,0.0,0.0,-0.8,0.8,0.0,0.8,0.8,0.0,1.6,0.0,1.6,0.8,0.8,0.8,0.8,1.6,1.6,0.8,0.8,0.0,0.8,0.0,0.8,0.8,0.0,0.8,0.0,1.6,0.0,0.0,1.6,0.0,1.6,0.0,-0.8,0.8,0.0,0.0,0.0,0.0,1.6,0.0,-0.8,0.8,0.8,0.8,0.8,0.8,0.0,1.6,1.6,-0.8,0.8,0.8,0.0,0.0,0.8,0.0,0.8,0.8,1.6,-0.8,0.0,0.8,1.6,1.6,0.0,0.0,0.8,0.0,1.6,0.8,0.0,1.6,-1.6,-0.8,0.0,1.6,0.8,0.0,0.8,0.8,1.6,1.6,0.0,0.0,1.6,0.8,0.8,0.0,0.8,0.8,0.8,0.8,0.8,0.8,0.0,0.0,0.0,-1.6,0.8,0.0,0.0,0.8,-0.8,0.8,1.6,0.0,0.8,0.8,1.6,-0.8,-0.8,0.8,0.8,2.4000000000000004,0.0,0.8,0.8,0.0,0.8,0.8,0.8,0.8,-0.8,0.0,0.0,0.0,0.0,-0.8,2.4000000000000004,0.0,0.0,0.8,-1.6,2.4000000000000004,-0.8,1.6,0.8,0.8,0.8,-0.8,0.8,0.8,0.0,0.0,0.0,0.0,0.8,0.8,0.0,0.8,1.6,0.8,0.0,-0.8,0.0,0.8,-0.8,0.8,-0.8,0.0,0.8,-0.8,0.0,0.8,0.0,0.8,0.0,0.0,0.8,0.8,0.8,-0.8,0.0,0.0,1.6,0.8,0.0,0.8,0.8,0.8,0.0,-0.8,-1.6,0.0,0.0,-0.8,0.0,0.0,0.8,0.8,0.0,2.4000000000000004,-0.8,0.8,0.0,0.0,1.6,-1.6,0.8,1.6,-0.8,0.8,0.0,1.6,0.0,-0.8,0.0,0.8,1.6,-1.6,0.0,0.8,0.0,0.0,0.8,0.8,-0.8,0.0,0.8,0.0,0.0,0.0,0.8,1.6,0.0,0.8,0.0,0.8,0.8,-1.6,1.6,0.0,0.8,0.8,0.0,0.8,0.8,-2.4000000000000004,0.0,0.0,0.0,0.0,0.0,0.0,-0.8,1.6,0.0,0.0,0.0,0.0,0.8,-0.8,0.0,0.8,0.0,0.0,0.0,0.8,-0.8,0.0,0.0,-0.8,0.8,0.0,0.8,-0.8,0.8,0.0,0.0,0.8,-0.8,-0.8,0.0,0.8,1.6,-0.8,0.0,2.4000000000000004,0.8,0.0,0.0,-1.6,0.8,0.8,-0.8,0.8,0.8,0.8,0.8,1.6,1.6,0.8,0.0,0.8,0.8,-0.8,0.0,0.0,0.8,0.8,-0.8,0.0,1.6,0.0,0.0,0.0,-0.8,-1.6,-0.8,0.0,0.8,2.4000000000000004,0.8,1.6,0.8,0.8,0.0,0.0,0.0,-0.8,0.8,-0.8,-0.8,0.8,0.0,0.8,1.6,0.0,0.0,-0.8,0.0,0.8,-0.8,1.6,-0.8,1.6,0.0,-1.6,0.8,0.8,0.8,0.0,-0.8,0.0,0.8,1.6,0.0,0.8,0.0,-0.8,0.0,-1.6,0.0,0.0,-0.8,1.6,-0.8,-0.8,0.8,-0.8,1.6,-0.8,0.8,0.0,-0.8,1.6,0.0,1.6,1.6,0.0,-0.8,-0.8,1.6,0.0,0.8,0.8,0.0,1.6,0.0,-0.8,0.0,-0.8,-0.8,-0.8,0.8,0.8,0.0,0.8,0.8,0.8,0.0,0.0,0.8,0.0,-0.8,-0.8,-0.8,0.8,0.0,-0.8,1.6,0.8,0.0,-0.8,0.8,0.0,0.8,-0.8,0.0,0.8,1.6,-0.8,-0.8,0.8,0.0,0.0,0.0,0.0,0.8,0.0,0.0,-0.8,0.8,0.8,0.8,0.0,0.0,-0.8,0.8,0.0,0.8,-0.8,0.8,0.8,0.8,0.8,-0.8,0.0,0.0,0.0,0.8,-0.8,0.8,0.8,0.0,0.8,-0.8,0.0,0.0,0.0,0.0,-0.8,0.8,-0.8,-0.8,0.0,-1.6,0.8,0.0,0.8,0.0,0.0,0.8,-0.8,0.8,0.0,0.0,0.0,-0.8,-0.8,0.0,0.8,0.8,0.0,0.0,0.0,0.0,0.8,-1.6,0.0,0.8,-0.8,0.0,-1.6,0.0,0.8,-0.8,0.0,2.4000000000000004,0.0,-0.8,0.0,0.0,-0.8,0.0,0.8,-1.6,0.8,0.0,0.8,0.0,0.0,0.8,0.8,0.0,0.0,0.0,0.8,0.0,0.0,0.8,0.0,0.8,0.8,-0.8,0.8,0.8,0.0,0.0,-0.8,0.0,0.0,0.8,1.6,0.8,0.8,-0.8,0.8,0.0,0.8,0.8,0.8,0.0,1.6,-0.8,0.8,0.0,0.0,0.8,0.0,0.8,-1.6,1.6,0.8,-0.8,0.8,-0.8,0.0,-0.8,0.0,0.8,0.0,0.8,0.0,-0.8,-0.8,-0.8,1.6,0.0,-0.8,0.8,0.0,0.0,0.8,0.8,0.0,0.0,1.6,-0.8,0.8,1.6,1.6,0.0,-0.8,1.6,0.8,0.0,0.8,-0.8,0.8,0.0,0.0,0.8,-0.8,0.8,0.8,0.8,0.8,0.0,0.0,0.0,0.8,0.0,0.0,0.8,0.0,0.8,-0.8,0.8,1.6,1.6,0.0,0.8,0.8,0.8,-0.8,2.4000000000000004,-1.6,0.0,0.8,0.8,0.0,0.8,0.0,-0.8,0.8,0.0,0.0,0.0,0.0,0.0,-0.8,0.8,0.8,-0.8,0.8,0.0,1.6,0.8,-1.6,0.0,0.8,1.6,0.0,-0.8,1.6,-0.8,0.0,-0.8,0.8,0.8,0.0,1.6,0.8,0.8,1.6,0.0,0.0,-0.8,0.8,1.6,0.0,1.6,0.0,0.8,1.6,-0.8,0.8,0.0,0.8,0.8,0.8,2.4000000000000004,-0.8,0.0,0.8,-0.8,0.0,-0.8,1.6,0.0,0.8,0.8,0.0,0.8,0.0,-0.8,0.8,0.0,0.0,0.0,0.8,1.6,0.8,0.8,0.0,0.8,1.6,-0.8,0.0,0.8,0.0,0.8,0.0,0.8,0.0,0.8,1.6,0.0,1.6,0.0,1.6,0.0,0.0,0.0,0.0,0.8,1.6,0.0,0.0,1.6,2.4000000000000004,-0.8,1.6,0.8,0.8,0.0,-0.8,0.0,0.8,-0.8,1.6,0.8,1.6,0.0,-0.8,0.0,0.8,0.8,0.8,0.0,0.8,0.8,0.0,0.8,1.6,0.0,0.0,1.6,-0.8,1.6,0.0,0.8,0.8,0.0,0.8,-0.8,1.6,0.0,0.8,0.8,0.0,0.0,-0.8,0.0,0.8,0.8,0.8,0.8,0.8,0.0,0.0,0.8,0.0,1.6,0.0,0.0,0.8,0.8,0.8,0.8,0.0,1.6,0.8,0.8,0.0,0.0,0.8,0.0,0.0,0.8,1.6,0.8,-0.8,0.8,0.0,1.6,0.8,0.0,1.6,0.0,0.8,1.6,0.0,0.8,-0.8,0.8,2.4000000000000004,0.8,1.6,0.0,0.8,0.0,0.0,0.8,0.0,2.4000000000000004,0.0,0.0,2.4000000000000004,0.8,0.0,0.8,1.6,0.8,-0.8,0.0,0.0,0.0,0.0,0.8,0.0,0.0,0.0,0.8,0.0,1.6,-0.8,0.8,0.0,1.6,0.0,-1.6,1.6,0.0,-0.8,0.8,0.8,0.0,0.8,0.8,0.0,0.8,1.6,0.8,0.8,-0.8,0.0,0.8,0.8,0.8,-0.8,-0.8,-0.8,0.0,1.6,-0.8,0.0,0.8,0.0,0.8,0.8,0.0,0.0,0.8,-1.6,0.0,0.8,0.0,0.8,0.0,1.6,1.6,0.8,0.8,0.0,1.6,-0.8,0.0,1.6,0.0,1.6,0.8,1.6,0.0,0.0,0.0,0.0,1.6,0.0,-0.8,0.0,0.0,0.0,0.0,0.8,1.6,0.0,1.6,0.0,-0.8,2.4000000000000004,-0.8,-0.8,2.4000000000000004,0.8,0.8,0.0,1.6,1.6,0.0,1.6,0.0,1.6,0.0,0.0,0.0,0.0,0.8,0.0,0.8,1.6,0.0,0.8,0.0,0.0,0.0,0.8,1.6,-0.8,0.0,2.4000000000000004,-1.6,-0.8,3.2,0.0,-1.6,0.0,2.4000000000000004,-0.8,-0.8,1.6,0.8,-0.8,-0.8,0.8,0.8,0.0,-0.8,0.8,0.0,-0.8,-0.8,0.8,0.8,0.8,0.0,0.0,0.0,0.8,0.0,0.8,0.8,-1.6,0.0,0.0,2.4000000000000004,0.8,0.0,1.6,0.8,1.6,0.8,-0.8,0.0,0.8,0.0,0.0,0.8,0.8,0.0,0.8,0.8,0.8,1.6,0.8,1.6,0.0,-0.8,0.0,0.0,1.6,0.0,0.8,0.8,0.0,0.8,0.0,0.0,0.0,-0.8,0.0,0.0,1.6,1.6,0.0,1.6,0.0,0.8,0.0,0.8,0.8,0.0,0.8,0.0,0.0,1.6,0.8,2.4000000000000004,0.0,0.8,0.8,0.0,0.0,0.0,-0.8,1.6,0.0,0.0,0.8,0.8,0.0,0.8,0.8,0.0,0.8,0.0,1.6,1.6,-1.6,0.0,0.0,0.8,0.0,0.0,2.4000000000000004,0.8,0.0,0.0,-0.8,-0.8,0.0,0.8,0.0,0.0,0.8,0.0,-0.8,0.0,0.8,-0.8,0.8,-0.8,-1.6,0.8,0.0,-0.8,0.8,0.0,0.8,0.8,1.6,-0.8,-0.8,0.8,0.0,-0.8,-0.8,0.0,0.0,-0.8,0.0,0.0,0.0,0.0,-1.6,1.6,-0.8,-0.8,0.0,0.0,0.8,0.0,0.0,0.8,0.0,1.6,0.0,0.0,1.6,-0.8,0.0,0.0,1.6,-0.8,-0.8,0.0,0.0,1.6,0.8,0.0,2.4000000000000004,-1.6,0.0,0.0,-0.8,0.0,0.8,1.6,0.0,-0.8,0.8,-1.6,0.8,0.0,-0.8,0.0,0.0,1.6,-0.8,-0.8,0.8,0.0,0.8,-0.8,-0.8,1.6,0.0,0.8,-0.8,0.0,0.8,0.0,0.0,0.0,0.8,0.0,-0.8,0.8,-1.6,1.6,0.0,0.0,0.0,0.0,0.8,0.0,0.8,0.8,-0.8,0.8,-0.8,-0.8,0.0,0.8,0.8,0.0,0.8,0.8,0.8,0.8,0.0,0.0,0.0,0.8,-0.8,0.0,0.8,-0.8,0.0,0.0,0.0,0.8,-0.8,0.0,0.0,0.0,0.0,0.8,1.6,-0.8,0.0,0.0,1.6,0.8,0.0,0.8,-0.8,0.0,-0.8,-0.8,0.8,0.0,-0.8,0.8,0.0,1.6,-0.8,1.6,0.0,0.0,0.8,-0.8,0.8,0.0,0.0,1.6,0.0,1.6,-1.6,0.0,1.6,0.0,0.0,0.8,0.8,0.8,-0.8,0.8,0.0,0.0,0.0,-0.8,0.0,-0.8,0.8,0.8,-0.8,0.8,0.0,0.8,0.0,0.0,0.8,-0.8,0.0,0.0,-0.8,0.8,0.0,0.8,0.0,0.0,1.6,-0.8,0.0,0.8,-0.8,-0.8,2.4000000000000004,-0.8,-1.6,0.8,1.6,-1.6,0.8,0.0,0.8,0.0,1.6,0.0,-0.8,0.8,0.0,-0.8,0.8,0.0,1.6,0.8,-1.6,0.0,0.0,0.0,0.8,0.0,-0.8,0.0,-0.8,0.0,0.8,0.8,0.0,0.8,0.8,0.0,0.8,0.0,0.8,0.0,0.0,0.8,1.6,0.0,0.8,0.8,0.8,-0.8,0.8,0.8,0.0,-0.8,-0.8,0.8,0.0,-0.8,1.6,0.0,0.0,0.0,0.0,-0.8,0.8,0.0,1.6,0.0,0.8,0.0,0.0,0.8,1.6,0.0,0.8,0.8,0.8,1.6,0.8,0.0,0.0,0.8,-0.8,0.0,-0.8,0.8,0.8,0.0,0.8,-1.6,0.0,0.8,-0.8,0.8,0.0,0.0,0.8,-0.8,0.8,0.8,0.0,0.8,-0.8,0.0,0.0,1.6,0.8,-0.8,0.8,0.8,0.0,0.8,0.0,0.0,0.0,-0.8,-0.8,0.0,0.8,0.8,0.8,0.0,0.0,0.8,0.8,0.0,0.0,-0.8,-0.8,0.0,0.0,0.8,0.0,-0.8,0.8,-0.8,-0.8,1.6,0.8,0.8,-0.8,1.6,0.0,1.6,0.8,0.8,2.4000000000000004,0.8,0.0,0.8,-0.8,1.6,0.0,-0.8,0.0,-0.8,0.0,0.8,0.8,0.0,0.0,0.8,-0.8,1.6,-0.8,-0.8,0.0,0.0,-0.8,-0.8,0.8,0.8,0.0,1.6,-1.6,0.0,1.6,0.0,1.6,-0.8,0.0,0.0,-0.8,0.8,0.0,1.6,0.8,0.8,0.8,-0.8,0.8,0.0,-0.8,0.8,-0.8,1.6,0.8,0.8,0.8,-1.6,1.6,-0.8,0.8,0.8,1.6,0.8,0.0,0.0,0.8,1.6,1.6,0.0,0.8,0.8,0.8,0.0,0.0,0.8,0.0,0.8,0.8,0.8,1.6,0.0,-0.8,1.6,0.0,0.0,0.8,0.8,1.6,-0.8,0.0,0.8,0.0,0.0,0.8,0.0,0.0,0.8,0.8,0.8,1.6,0.0,0.8,0.8,1.6,0.0,1.6,0.8,0.8,0.8,-0.8,0.8,1.6,0.8,1.6,1.6,0.8,0.0,0.8,0.8,0.8,0.0,0.0,0.0,3.2,-0.8,0.8,1.6,0.0,0.8,-0.8,0.8,0.8,1.6,1.6,0.0,0.8,0.8,0.0,0.8,-0.8,1.6,0.0,0.0,0.8,-0.8,0.8,0.0,0.0,0.0,-0.8,1.6,-1.6,0.8,0.0,0.0,0.8,0.0,0.8,-1.6,-0.8,0.8,0.0,0.0,-0.8,0.8,0.8,0.8,0.0,-0.8,1.6,0.8,-0.8,1.6,0.8,0.8,0.8,-0.8,2.4000000000000004,0.0,0.0,0.0,0.0,0.8,-1.6,0.0,0.0,0.0,0.8,0.0,3.2,0.0,0.8,0.8,-0.8,1.6,-1.6,0.8,0.0,0.8,2.4000000000000004,0.0,1.6,0.8,0.8,0.8,0.0,0.0,0.0,0.0,0.0,0.0,0.8,2.4000000000000004,0.0,0.0,-0.8,0.0,-0.8,0.8,0.0,0.8,-0.8,1.6,-0.8,-0.8,-0.8,0.8,-0.8,0.8,0.8,0.0,1.6,0.0,0.0,-0.8,0.0,0.0,0.0,0.0,0.0,0.8,-0.8,1.6,-0.8,-1.6,1.6,0.8,0.8,-0.8,0.0,1.6,-1.6,0.8,-0.8,-0.8,0.0,-0.8,0.0,0.0,0.0,0.0,-1.6,-0.8,3.2,-1.6,-1.6,0.8,0.8,-2.4000000000000004,0.8,1.6,-1.6,1.6,0.0,0.8,0.8,-1.6,0.0,0.0,0.8,-0.8,-0.8,0.8,0.0,0.0,-0.8,0.0,1.6,0.0,0.8,0.8,0.0,0.8,0.0,0.8,0.8,0.8,2.4000000000000004,0.0,1.6,0.0,0.8,0.0,0.8,0.8,-0.8,-0.8,-0.8,0.0,0.0,0.0,0.8,1.6,0.8,0.0,0.0,0.0,0.8,-0.8,0.8,0.0,1.6,0.0,0.0,1.6,-0.8,0.0,0.8,0.8,0.8,0.8,0.0,0.0,0.0,0.8,0.8,0.0,0.0,0.8,0.8,0.0,1.6,-0.8,-0.8,0.0,0.0,-1.6,0.0,0.8,0.0,-0.8,0.8,0.8,-0.8,0.8
event_15,1625266728.106081,0.8,0.0,0.0,0.0,0.8,0.0,1.6,-0.8,0.8,0.8,0.0,0.8,1.6,0.8,0.8,-1.6,0.0,0.0,0.0,0.0,0.8,1.6,0.8,-0.8,0.0,-0.8,0.0,-0.8,0.8,0.0,0.0,-0.8,-0.8,0.8,0.0,0.0,0.8,0.0,0.8,0.0,0.8,0.8,0.8,1.6,0.8,0.0,0.0,0.8,0.8,-0.8,0.0,0.8,-0.8,0.8,0.0,0.0,0.0,0.0,1.6,-0.8,1.6,0.8,0.0,1.6,-1.6,0.0,0.8,0.0,0.8,0.0,0.8,1.6,0.0,1.6,-0.8,0.0,0.0,0.0,0.0,0.0,0.8,0.8,0.0,0.0,0.0,0.8,0.0,0.0,0.8,-0.8,0.0,-0.8,0.0,0.8,0.0,0.8,0.8,0.0,0.8,0.8,0.0,0.0,-8.8,-23.200000000000003,-20.800000000000004,-8.8,-4.0,-1.6,0.0,0.0,-0.8,-0.8,-0.8,-0.8,-0.8,0.0,0.0,-0.8,-0.8,0.0,0.0,0.0,-0.8,0.8,-1.6,0.0,0.0,0.0,-0.8,0.0,0.0,-0.8,-0.8,0.8,0.0,-0.8,-0.8,-1.6,1.6,0.8,0.8,0.8,-0.8,0.0,-0.8,0.8,0.8,0.8,0.0,0.0,-0.8,-1.6,-0.8,0.8,-0.8,1.6,-0.8,0.8,0.0,-0.8,0.8,0.0,0.0,-0.8,0.0,0.0,0.8,0.0,0.0,-0.8,0.8,-0.8,1.6,-0.8,-1.6,1.6,-1.6,0.0,0.8,0.0,0.8,-0.8,0.8,0.0,-0.8,0.8,0.0,0.8,-0.8,0.0,-0.8,-0.8,0.8,-1.6,0.8,1.6,0.8,0.0,0.8,0.8,-0.8,-1.6,0.8,0.0,1.6,0.8,-0.8,0.0,0.8,-0.8,0.0,0.8,0.0,-0.8,-0.8,-0.8,-0.8,0.0,0.8,0.0,0.0,-1.6,-0.8,-0.8,0.0,-0.8,-0.8,0.8,0.8,-1.6,0.0,0.8,0.8,0.8,0.0,0.8,0.0,0.8,1.6,0.0,0.8,0.8,0.0,0.0,-0.8,2.4000000000000004,0.8,-0.8,0.8,-0.8,0.8,0.0,0.0,0.8,-1.6,0.8,0.0,0.8,0.0,0.0,-0.8,0.8,0.0,-0.8,0.0,2.4000000000000004,0.0,0.0,-0.8,1.6,1.6,0.0,0.0,0.8,-0.8,0.0,-0.8,0.8,0.8,0.0,0.8,-0.8,0.8,0.0,0.0,0.0,-1.6,0.0,0.0,0.0,0.8,0.8,0.0,0.0,1.6,0.0,-0.8,1.6,0.0,0.8,0.0,0.8,0.8,0.8,0.0,0.8,0.8,0.8,-1.6,0.8,0.0,0.0,0.0,-0.8,0.0,0.0,0.0,0.8,0.8,0.8,-0.8,0.8,0.0,0.0,0.0,0.0,0.0,1.6,0.8,0.8,0.8,0.0,0.0,0.8,0.0,0.0,0.8,0.8,0.0,-0.8,0.8,-0.8,-0.8,0.8,0.0,0.8,-0.8,0.0,0.0,-0.8,0.0,0.8,0.8,0.0,0.0,0.8,0.0,0.8,0.0,-0.8,2.4000000000000004,-1.6,-0.8,-0.8,0.0,0.8,-0.8,-0.8,0.0,0.8,1.6,-1.6,-0.8,0.8,-0.8,0.0,-0.8,1.6,0.0,0.8,0.0,0.0,0.8,-0.8,0.8,0.8,-0.8,0.0,-1.6,0.8,0.8,-0.8,1.6,0.8,0.0,0.8,0.8,1.6,-0.8,-0.8,-0.8,0.0,2.4000000000000004,-1.6,-0.8,0.0,0.0,0.8,-0.8,0.8,0.0,0.8,0.0,-0.8,0.8,-0.8,1.6,0.0,-0.8,0.0,-0.8,0.0,0.0,-1.6,0.8,0.0,0.8,0.0,-0.8,0.0,0.0,0.0,-0.8,0.8,-0.8,0.8,0.0,0.0,0.0,-0.8,0.0,0.0,-0.8,0.8,0.0,-0.8,0.0,0.0,-0.8,0.8,0.8,-0.8,0.0,0.0,0.0,-0.8,0.8,0.0,0.0,0.0,-0.8,-0.8,0.8,1.6,-0.8,0.0,0.0,1.6,0.0,0.0,0.0,0.0,0.8,-0.8,0.0,-0.8,-0.8,0.8,0.0,0.0,0.0,0.0,0.0,-0.8,0.0,-0.8,-0.8,0.0,-0.8,0.0,-0.8,0.0,1.6,0.8,0.8,0.0,0.8,0.8,-1.6,0.8,0.0,1.6,0.0,0.8,2.4000000000000004,0.8,0.0,0.0,-0.8,0.0,0.0,0.0,0.0,0.0,0.8,0.0,0.8,0.8,-2.4000000000000004,0.0,-1.6,0.8,0.0,-0.8,0.8,0.0,-0.8,0.8,0.0,0.8,-0.8,0.0,0.8,0.0,1.6,-0.8,0.0,0.0,0.0,0.8,0.8,0.8,0.8,-0.8,0.8,-0.8,0.0,-1.6,0.0,0.8,-0.8,0.0,0.0,0.0,-0.8,0.0,0.8,-0.8,0.0,-0.8,-1.6,-0.8,1.6,0.0,-0.8,0.8,0.0,0.0,1.6,0.0,-1.6,0.8,0.0,0.0,0.0,0.8,0.8,0.8,0.8,0.0,0.8,-0.8,0.0,0.0,0.0,-0.8,0.0,0.0,0.0,0.8,-0.8,0.8,0.8,-0.8,1.6,0.0,0.0,-1.6,0.0,0.8,-0.8,0.0,2.4000000000000004,-0.8,2.4000000000000004,-0.8,0.8,-0.8,0.0,0.0,-1.6,0.8,0.0,0.0,0.8,-0.8,0.0,-0.8,-0.8,0.8,-1.6,0.0,0.8,0.0,0.0,-2.4000000000000004,0.8,-0.8,0.8,-0.8,0.0,0.0,-0.8,0.8,0.8,-0.8,0.0,0.8,2.4000000000000004,-0.8,-1.6,0.8,0.0,0.0,0.8,0.0,-0.8,0.0,0.8,0.0,0.0,0.0,0.0,0.0,0.0,0.0,0.0,0.8,0.0,-0.8,-0.8,1.6,0.0,0.0,0.8,0.8,0.0,0.8,-0.8,-0.8,-0.8,0.0,-1.6,0.0,0.0,0.0,0.8,0.0,0.0,0.8,0.0,0.0,0.8,0.0,0.0,-0.8,0.8,-0.8,0.8,1.6,-1.6,0.0,0.8,0.8,0.0,0.0,0.0,0.0,0.8,1.6,0.0,0.8,1.6,0.0,0.8,1.6,0.8,0.8,0.0,0.0,-0.8,0.8,-1.6,0.0,0.0,0.8,0.8,0.0,-0.8,1.6,-0.8,0.8,-0.8,0.8,0.0,-0.8,1.6,0.0,0.8,0.8,0.0,0.8,1.6,0.8,-0.8,-0.8,0.8,-0.8,0.0,0.0,0.8,0.8,-0.8,0.8,-0.8,-0.8,0.8,0.0,1.6,0.0,0.0,0.8,-1.6,1.6,0.8,0.8,1.6,-1.6,-1.6,-0.8,1.6,0.8,-0.8,0.8,0.8,1.6,0.0,-0.8,0.0,0.0,0.8,0.0,-0.8,0.0,0.8,0.0,0.8,0.8,-0.8,0.8,0.8,0.0,-1.6,0.0,0.8,0.8,0.0,0.8,0.0,1.6,0.0,1.6,0.8,-0.8,0.8,0.0,0.8,0.8,0.0,0.0,-0.8,0.0,0.8,-0.8,0.8,0.8,-0.8,-0.8,-0.8,0.0,-1.6,0.0,-0.8,0.0,0.8,0.0,0.0,0.0,0.0,0.8,0.0,0.8,0.0,-0.8,-0.8,0.0,1.6,-0.8,0.8,0.8,-1.6,2.4000000000000004,0.8,0.8,1.6,0.0,0.8,-0.8,-0.8,-0.8,0.8,0.8,-0.8,0.8,-0.8,0.8,0.0,0.0,0.8,0.0,0.8,0.0,0.0,0.8,-0.8,0.0,-0.8,-1.6,0.8,0.8,0.0,0.0,0.0,1.6,-0.8,0.0,-0.8,-0.8,1.6,-1.6,0.0,0.8,0.0,0.8,0.8,1.6,0.0,0.0,0.8,0.0,0.8,-1.6,-0.8,0.8,-0.8,0.8,0.8,1.6,0.0,-0.8,0.8,0.0,0.8,0.0,-0.8,0.0,-0.8,1.6,0.0,0.8,1.6,0.8,0.8,1.6,-0.8,1.6,0.8,0.0,0.0,0.0,0.0,1.6,0.8,0.0,-0.8,0.0,0.0,0.0,0.0,0.0,0.0,0.8,-0.8,0.8,0.8,0.0,-0.8,0.8,0.0,0.8,1.6,0.8,0.0,0.8,0.0,0.0,1.6,-1.6,0.8,0.8,-0.8,0.0,-0.8,-0.8,0.0,0.0,-0.8,0.0,0.8,0.8,-0.8,0.8,0.0,0.0,-1.6,-0.8,-1.6,-1.6,1.6,0.0,0.8,0.8,0.0,1.6,0.0,0.0,-0.8,-0.8,0.0,-0.8,1.6,0.0,-0.8,0.8,-0.8,1.6,0.8,0.0,0.8,0.0,0.0,0.0,-0.8,0.8,-0.8,0.0,-0.8,0.8,0.0,0.0,0.8,0.0,0.0,0.0,0.8,0.8,0.8,1.6,0.8,0.8,0.8,-1.6,0.8,0.0,0.0,0.0,0.0,-0.8,0.0,0.0,1.6,0.8,0.0,-1.6,0.8,0.0,0.0,0.0,0.0,0.8,0.8,-0.8,-0.8,0.0,0.8,0.0,1.6,0.0,0.0,0.8,0.0,0.8,0.8,1.6,0.0,0.0,-0.8,0.8,0.8,0.0,0.0,0.0,-0.8,1.6,0.0,1.6,0.8,0.8,0.8,0.0,0.8,0.0,0.0,0.8,-0.8,0.0,0.0,0.8,0.8,-0.8,-0.8,0.8,0.0,1.6,-0.8,0.8,0.8,0.0,-0.8,0.0,0.8,0.0,0.8,1.6,0.0,0.0,-0.8,0.0,0.8,-0.8,0.0,-0.8,1.6,0.0,-0.8,0.0,0.0,0.8,0.8,0.0,0.8,0.0,-0.8,1.6,0.0,2.4000000000000004,0.8,0.0,0.8,-0.8,0.0,0.8,0.8,0.8,0.0,0.0,0.8,0.8,0.0,0.0,0.8,0.8,0.0,1.6,0.0,0.0,-1.6,0.0,0.0,0.8,0.8,0.0,0.0,0.8,0.0,0.0,-0.8,0.8,1.6,0.0,0.8,0.0,0.8,0.8,-0.8,0.8,0.0,0.0,0.0,-0.8,0.8,0.0,0.8,0.0,0.0,1.6,0.8,0.0,1.6,0.0,0.0,-0.8,0.8,-0.8,-1.6,0.0,1.6,0.0,0.0,0.8,2.4000000000000004,-0.8,1.6,0.0,0.0,0.8,0.0,-0.8,-0.8,0.8,0.8,-0.8,0.0,0.0,0.0,1.6,0.0,1.6,0.0,-0.8,1.6,-0.8,0.8,0.8,0.8,0.8,-0.8,0.0,1.6,0.8,0.8,-1.6,0.0,-0.8,1.6,0.0,0.8,1.6,0.8,0.0,0.0,-0.8,1.6,0.0,0.0,0.0,0.0,0.8,0.8,2.4000000000000004,1.6,0.0,0.8,-0.8,1.6,-0.8,0.8,0.0,0.0,1.6,0.0,0.0,0.0,0.0,0.8,0.0,0.0,0.8,1.6,0.0,0.0,1.6,0.0,0.0,0.0,0.8,0.8,0.8,0.0,-1.6,-0.8,0.0,0.8,0.8,0.8,1.6,-0.8,0.0,0.8,0.0,0.0,0.0,-0.8,0.8,0.8,1.6,0.0,0.0,0.8,0.0,1.6,0.8,0.0,-1.6,-0.8,0.0,0.0,0.0,0.8,0.8,0.8,-0.8,1.6,0.0,-0.8,1.6,0.0,0.0,0.0,0.8,0.8,0.0,0.8,-0.8,0.8,0.8,-0.8,1.6,0.0,0.8,-0.8,0.0,0.8,0.8,0.0,0.8,0.0,1.6,-0.8,0.8,0.0,0.0,0.8,-0.8,0.0,0.0,0.0,1.6,0.0,0.8,-0.8,0.0,0.8,0.0,0.0,0.8,0.0,0.8,-1.6,0.8,-0.8,0.8,0.8,0.0,0.8,-0.8,0.0,0.8,-0.8,0.8,-1.6,0.8,0.0,-1.6,1.6,0.0,-0.8,0.8,-0.8,-0.8,0.0,1.6,0.0,0.0,0.8,0.0,0.0,0.0,0.0,0.0,0.0,-0.8,-0.8,-0.8,0.8,0.8,0.8,0.0,0.0,0.8,0.8,0.0,-0.8,0.8,1.6,-0.8,-0.8,0.8,1.6,0.0,0.0,0.0,0.8,0.0,0.0,0.8,-1.6,0.0,0.0,0.0,0.8,-0.8,0.0,1.6,0.8,0.8,0.0,0.8,0.0,-0.8,0.8,0.0,0.8,-0.8,0.8,1.6,0.8,0.0,0.0,0.0,0.8,-1.6,0.0,0.0,0.0,0.8,0.8,0.8,0.0,0.8,0.8,0.0,2.4000000000000004,-1.6,2.4000000000000004,0.0,0.8,-0.8,-1.6,1.6,-0.8,0.8,0.8,-0.8,0.8,0.8,0.8,0.8,0.8,1.6,-1.6,0.8,0.0,0.0,1.6,-0.8,0.0,-1.6,0.0,0.8,0.0,-0.8,0.0,0.8,0.0,0.0,1.6,-0.8,-0.8,0.8,0.0,0.0,0.0,0.8,0.8,-0.8,0.8,0.8,0.8,1.6,-1.6,0.0,0.0,0.0,-0.8,-0.8,0.8,0.8,0.0,0.8,0.8,0.0,0.0,0.0,0.8,-1.6,-0.8,0.0,0.0,0.8,0.0,0.0,1.6,0.0,0.8,0.0,0.0,0.0,-0.8,1.6,0.0,0.8,0.0,0.8,1.6,0.8,0.0,1.6,0.8,1.6,-0.8,0.0,0.0,0.0,1.6,1.6,0.8,0.0,-0.8,1.6,-0.8,0.8,0.0,0.8,0.0,0.8,0.8,-0.8,-0.8,1.6,0.0,0.0,0.0,-0.8,1.6,0.8,0.8,0.8,0.0,0.0,0.0,-0.8,1.6,0.8,0.0,0.0,0.0,-0.8,0.0,0.8,0.8,0.0,0.8,0.0,0.0,0.8,0.8,0.0,1.6,0.0,-0.8,1.6,0.8,0.8,0.8,0.0,1.6,0.8,0.8,0.0,-1.6,1.6,0.0,-0.8,-0.8,0.0,0.8,0.0,0.8,1.6,-0.8,0.8,1.6,0.8,0.0,0.8,0.8,0.8,0.8,0.8,0.8,0.0,0.0,1.6,0.8,0.0,0.8,0.0,0.8,0.8,0.8,0.0,0.0,1.6,0.8,-0.8,0.8,0.0,0.8,-1.6,-0.8,0.8,-0.8,0.0,1.6,0.0,1.6,-0.8,-0.8,0.0,-0.8,0.0,0.0,-0.8,0.8,-0.8,0.0,0.8,0.0,0.8,0.8,-0.8,-1.6,1.6,0.8,-1.6,1.6,-0.8,0.0,-0.8,-0.8,1.6,-0.8,0.0,0.0,-0.8,-0.8,-0.8,1.6,0.8,0.0,0.8,-0.8,0.0,0.8,0.0,0.0,-0.8,-0.8,-1.6,0.0,0.8,-0.8,1.6,-2.4000000000000004,1.6,2.4000000000000004,0.0,-1.6,0.8,1.6,-1.6,0.0,3.2,-0.8,0.0,1.6,0.8,0.8,-0.8,0.8,0.0,-0.8,-1.6,0.0,0.8,0.0,-0.8,0.0,0.0,1.6,0.0,0.8,0.8,0.8,0.0,-1.6,0.0,0.8,0.8,0.0,0.0,1.6,1.6,-0.8,0.8,0.8,0.0,0.0,0.8,-0.8,1.6,0.0,0.8,0.0,0.0,-1.6,-0.8,0.0,0.8,-0.8,1.6,0.0,0.8,-0.8,0.0,0.8,0.0,0.0,-0.8,-0.8,0.0,0.8,1.6,0.0,0.0,0.8,0.0,0.0,-1.6,0.8,0.8,-1.6,0.0,0.0,-0.8,0.8,-1.6,1.6,0.0,0.8,0.0,0.0,1.6,0.0,0.0,1.6,-1.6,0.0,0.0,1.6,1.6,-0.8,1.6,0.0,0.8,0.8,-1.6,0.0,-0.8,0.0,-0.8,-1.6,1.6,0.0,0.8,0.8,0.8,-0.8,-0.8,0.0,0.8,0.0,-0.8,-0.8,1.6,-0.8,0.8,0.0,0.8,0.8,0.8,0.0,0.0,-0.8,0.8,0.8,-0.8,1.6,-0.8,0.8,0.0,0.8,0.0,1.6,0.8,0.0,0.0,0.0,-0.8,1.6,0.8,0.8,0.8,-0.8,-0.8,0.0,0.0,0.8,0.0,1.6,0.0,1.6,-0.8,0.0,0.8,0.0,0.8,0.0,0.0,0.0,1.6,0.8,1.6,0.8,0.8,-0.8,0.0,-0.8,0.0,-0.8,0.0,0.8,0.0,-1.6,0.0,0.8,-0.8,0.0,0.8,0.8,0.8,0.0,0.8,-0.8,0.8,0.0,-1.6,0.8,1.6,0.0,0.0,0.0,1.6,-1.6,0.0,0.8,-1.6,1.6,-0.8,-0.8,1.6,0.0,1.6,0.0,1.6,1.6,0.0,0.0,-0.8,0.8,-0.8,0.0,0.0,-0.8,0.8,-1.6,0.0,1.6,-0.8,0.8,0.0,0.0,0.0,-1.6,1.6,0.0,1.6,1.6,0.0,2.4000000000000004,0.8,0.0,0.8,-0.8,0.8,-0.8,-0.8,0.0,0.0,0.8,0.8,1.6,0.8,-0.8,0.0,0.0,0.8,0.0,1.6,0.8,0.0,0.0,0.0,0.8,0.8,0.8,0.8,-0.8,0.0,1.6,1.6,0.0,0.8,0.0,0.0,-1.6,0.0,0.8,0.8,-0.8,0.8,0.0,-1.6,0.0,1.6,0.8,0.8,0.8,0.8,0.8,0.8,0.0,1.6,0.0,0.0,-0.8,0.8,1.6,0.8,0.0,0.8,0.8,0.8,0.0,0.0,-0.8,0.8,-0.8,-0.8,1.6,0.8,0.0,0.8,0.0,0.8,0.0,0.0,0.0,1.6,0.0,0.0,-0.8,0.8,0.0,0.0,0.0,0.0,0.0,0.8,0.8,1.6,0.0,-1.6,0.8,1.6,-0.8,1.6,2.4000000000000004,-0.8,2.4000000000000004,1.6,0.0,0.0,1.6,0.0,-1.6,-0.8,0.0,0.8,3.2,-0.8,1.6,-0.8,-0.8,0.8,0.0,0.0,0.8,-0.8,0.8,-0.8,-0.8,0.0,0.8,0.0,0.0,0.8,0.0,0.8,0.8,0.0,0.8,-1.6,0.0,-0.8,-0.8,1.6,0.0,0.0,0.8,0.0,-0.8,0.0,0.0,0.8,-1.6,0.8,0.8,0.0,1.6,0.0,-0.8,-0.8,0.0,0.0,0.0,0.8,0.8,-0.8,0.8,0.0,-0.8,0.8,0.0,0.8,0.8,0.0,-1.6,0.0,0.0,0.8,0.0,0.8,0.8,0.0,0.0,0.0,0.0,0.0,0.0,0.0,0.8,0.8,0.0,1.6,1.6,0.8,0.8,0.0,0.8,0.8,0.0,1.6,0.8,0.8,-0.8,0.8,0.8,0.8,-0.8,0.8,0.8,0.8,0.0,-0.8,-0.8,0.8,-0.8,2.4000000000000004,0.8,-0.8,1.6,0.0,0.8,0.8,-1.6,2.4000000000000004,-0.8,1.6,0.8,0.0,0.8,-0.8,0.8,0.0,0.0,0.8,0.8,0.8,0.0,0.0,0.0,-0.8,0.0,-0.8,0.0,0.8,-0.8,-0.8,0.0,-1.6,0.0,0.8,0.0,-0.8,0.0,0.0,0.0,0.0,0.8,0.0,0.0,-0.8,-1.6,0.8,1.6,0.8,0.0,0.0,0.0,0.8,0.8,0.0,-0.8,0.0,0.0,0.0,0.8,0.8,0.8,0.0,0.8,0.8,0.8,0.8,0.0,2.4000000000000004,0.8,-0.8,0.8,0.8,1.6,-0.8,-0.8,1.6,0.0,1.6,0.0,0.8,0.8,-0.8,1.6,0.0,1.6,0.0,-0.8,1.6,0.8,0.8,0.8,0.0,1.6,-0.8,0.0,0.0,-0.8,0.0,0.8,1.6,0.0,-0.8,0.8,-0.8,1.6,-0.8,0.0,0.8,0.0,0.8,-0.8,0.0,0.0,-0.8,1.6,0.0,-0.8,0.8,0.0,0.8,0.0,0.8,1.6,-0.8,0.8,0.0,0.8,0.8,0.0,0.8,-0.8,0.0,0.8,-0.8,0.8,0.0,0.8,0.0,0.8,0.8,0.0,0.8,0.0,-0.8,0.8,0.8,0.8,0.0,-0.8,2.4000000000000004,0.8,1.6,0.0,-0.8,0.8,-0.8,0.8,1.6,0.0,0.8,0.0,0.0,0.0,0.8,-0.8,0.0,1.6,0.0,0.8,-1.6,0.0,1.6,0.8,0.8,1.6,0.8,-0.8,1.6,1.6,0.0,-0.8,0.0,0.0,1.6,0.0,0.0,0.8,2.4000000000000004,-0.8,1.6,0.8,0.0,0.0,-1.6,0.0,1.6,-0.8,2.4000000000000004,0.0,0.0,-0.8,0.0,0.0,0.0,0.0,0.8,-0.8,0.8,0.8,0.0,0.0,1.6,1.6,-0.8,1.6,-0.8,0.8,0.8,-0.8,1.6,0.8,1.6,0.0,0.0,1.6,0.8,0.8,0.8,0.0,0.0,-0.8,0.0,0.0,-1.6,1.6,-0.8,0.8,0.0,0.0,0.0,0.0,-0.8,-0.8,-0.8,0.8,-0.8,1.6,-0.8,0.0,0.0,0.0,0.0,-1.6,0.0,0.0,-1.6,0.8,0.0,0.8,0.0,0.0,0.8,-0.8,0.8,0.8,0.0,0.0,0.0,0.8,0.0,-0.8,1.6,0.0,1.6,0.8,0.8,0.8,-0.8,0.0,-0.8,0.8,0.8,1.6,0.0,0.8,0.8,0.0,-0.8,2.4000000000000004,0.0,-1.6,1.6,0.0,-2.4000000000000004,0.8,1.6,0.0,0.0,0.0,0.8,0.0,-0.8,0.0,0.0,0.0,-0.8,0.8,0.0,0.0,0.8,0.0,0.0,0.8,-0.8,0.0,2.4000000000000004,0.8,-0.8,0.0,1.6,-0.8,-0.8,0.0,0.8,0.8,-2.4000000000000004,0.0,0.0,-0.8,-0.8,0.0,1.6,0.0,0.0,0.8,-0.8,0.8,-0.8,-0.8,0.8,-0.8,-0.8,0.0,0.8,1.6,-0.8,1.6,1.6,0.8,1.6,0.8,0.0,-0.8,-0.8,0.0,-0.8,2.4000000000000004,0.0,0.8,0.8,-0.8,1.6,-0.8,0.0,0.8,-0.8,0.0,-0.8,-0.8,0.0,0.0,0.0,0.0,0.8,0.8,0.0,0.8,0.0,-0.8,0.8,0.8,0.8,0.8,0.0,0.0,0.8,0.8,0.8,0.8,0.8,-0.8,0.0,-0.8,0.0,0.0,1.6,0.8,0.0,0.0,0.0
event_16,1625266732.4663303,0.8,0.0,-1.6,0.8,-0.8,0.0,-0.8,0.0,0.8,-0.8,0.8,0.8,0.0,0.8,0.0,1.6,-0.8,0.0,0.0,0.0,-0.8,0.8,0.0,0.0,0.0,0.0,0.8,-0.8,0.8,0.0,0.8,-0.8,1.6,0.0,0.8,0.0,1.6,0.0,-0.8,0.8,1.6,-0.8,-0.8,-0.8,0.0,-0.8,0.0,-0.8,0.8,1.6,-0.8,0.0,0.0,0.0,0.8,-0.8,1.6,-0.8,-0.8,0.8,-1.6,0.0,-0.8,0.8,0.0,1.6,1.6,0.0,0.8,0.0,0.0,0.8,0.0,0.8,0.8,-0.8,0.8,-1.6,0.0,-0.8,0.0,0.8,0.0,0.8,0.0,0.0,0.8,-0.8,0.8,0.8,-0.8,-0.8,0.8,2.4000000000000004,0.0,0.0,0.0,0.8,0.8,0.0,0.8,-0.8,-8.0,-55.2,-95.2,-64.8,-26.4,-12.0,-6.4,-1.6,-3.2,-7.200000000000001,-5.6,-4.0,-4.0,-0.8,-0.8,-2.4000000000000004,0.0,0.0,-0.8,0.0,-0.8,0.0,-1.6,0.0,0.8,0.8,-1.6,0.0,1.6,1.6,0.0,0.0,1.6,0.0,-1.6,0.8,-0.8,0.0,-0.8,0.0,0.0,0.0,-0.8,0.8,0.8,0.8,-0.8,0.0,0.0,0.8,-0.8,-0.8,-0.8,0.0,-0.8,-0.8,0.0,0.0,0.0,0.8,-0.8,-0.8,0.8,0.0,-0.8,-0.8,0.8,0.0,0.0,0.0,-0.8,0.0,0.0,-0.8,0.0,-1.6,0.8,-0.8,-1.6,-0.8,0.0,0.0,0.0,0.8,0.0,-0.8,1.6,-1.6,-0.8,0.0,0.8,-0.8,-1.6,1.6,0.8,0.0,0.8,-1.6,0.0,0.8,0.0,0.0,-0.8,0.8,0.0,0.0,0.8,0.0,1.6,0.0,0.0,1.6,-0.8,0.8,-0.8,0.0,0.8,0.0,0.0,0.0,0.8,1.6,0.0,0.0,-0.8,0.0,1.6,0.0,0.8,-0.8,0.0,0.0,-0.8,0.0,0.8,0.0,0.8,-0.8,0.0,0.0,0.8,0.8,0.8,0.0,0.8,-1.6,0.0,-1.6,0.0,0.0,0.0,0.8,0.0,0.0,-0.8,-0.8,-0.8,0.0,1.6,-0.8,-0.8,0.8,0.8,-0.8,0.0,0.0,0.8,0.0,0.8,1.6,0.8,0.0,0.0,0.0,-0.8,0.0,0.8,0.0,0.0,-0.8,0.8,0.0,0.0,0.8,-0.8,1.6,-0.8,-2.4000000000000004,0.8,-0.8,0.8,-0.8,-1.6,0.8,-0.8,0.8,0.8,-0.8,0.8,-1.6,-0.8,-0.8,-0.8,0.8,-1.6,0.8,0.0,0.0,0.8,-0.8,0.8,-0.8,0.0,0.8,0.8,0.8,-0.8,-1.6,1.6,0.0,0.0,0.0,0.8,0.8,-1.6,0.8,-0.8,1.6,0.8,-0.8,1.6,0.0,0.8,1.6,-0.8,1.6,-1.6,-1.6,0.0,0.0,0.8,0.8,0.8,-0.8,-0.8,0.8,-1.6,0.0,0.0,0.0,-1.6,0.0,0.8,-2.4000000000000004,0.0,1.6,0.8,0.0,0.0,-1.6,0.8,0.8,0.0,0.0,0.8,0.8,-0.8,0.8,0.8,0.8,-0.8,0.0,0.8,0.0,-0.8,0.0,0.0,0.0,0.0,0.0,0.8,0.8,0.0,1.6,1.6,0.0,0.0,-0.8,2.4000000000000004,0.8,0.0,1.6,0.8,0.8,0.8,0.0,0.0,-0.8,1.6,-1.6,0.8,1.6,-0.8,0.8,-0.8,1.6,0.0,-0.8,0.8,0.0,0.0,0.0,0.8,0.8,0.0,0.8,-0.8,1.6,1.6,0.8,2.4000000000000004,-0.8,0.0,0.0,0.0,2.4000000000000004,1.6,0.8,0.0,0.8,1.6,-0.8,2.4000000000000004,0.8,-0.8,0.8,-1.6,-0.8,0.8,0.0,0.8,-0.8,2.4000000000000004,-1.6,-0.8,0.0,-0.8,-0.8,0.8,0.0,1.6,-0.8,0.0,0.8,0.0,0.8,0.0,0.8,0.0,1.6,1.6,-0.8,0.8,-0.8,0.0,0.0,0.0,0.8,0.8,0.0,0.0,-0.8,0.0,0.0,-0.8,-0.8,0.0,0.0,-0.8,0.0,0.8,0.8,0.0,0.8,-0.8,0.0,0.8,0.8,0.0,-1.6,0.0,0.0,0.0,0.8,0.0,0.0,0.8,-0.8,-0.8,-1.6,0.8,0.0,0.8,0.8,0.8,0.8,-0.8,0.0,0.8,0.0,0.0,0.8,0.0,0.8,0.0,0.0,0.0,0.0,0.8,0.8,0.8,0.0,-0.8,0.0,0.8,0.8,-0.8,0.8,0.8,0.8,0.0,0.0,1.6,0.0,-0.8,0.0,-0.8,0.0,-0.8,0.8,0.8,-0.8,0.0,0.8,-0.8,0.8,0.0,1.6,-0.8,0.0,0.8,0.0,0.8,0.8,0.0,0.8,0.0,0.0,1.6,0.0,0.0,-0.8,0.8,0.0,-0.8,-0.8,0.0,0.8,0.0,0.0,0.0,-0.8,0.0,0.0,0.0,0.0,0.0,0.8,-1.6,0.0,0.8,-0.8,1.6,-0.8,-0.8,0.0,0.8,0.0,-0.8,0.8,0.8,-0.8,1.6,-0.8,-1.6,0.0,0.0,0.0,0.0,0.8,0.8,0.8,0.8,0.0,0.0,0.8,0.0,0.8,0.0,0.0,0.0,-0.8,0.0,0.0,0.8,0.8,0.8,0.8,0.0,0.0,0.0,-0.8,0.0,0.0,1.6,0.8,-0.8,1.6,0.8,-0.8,0.8,-0.8,0.8,-0.8,0.8,0.0,0.0,1.6,0.8,0.0,0.0,-0.8,0.0,-0.8,1.6,-0.8,-0.8,0.8,-0.8,0.0,-0.8,0.8,0.8,-0.8,0.8,0.8,0.8,0.8,0.0,0.0,-0.8,0.0,0.0,-0.8,0.8,1.6,1.6,-0.8,0.0,0.0,-0.8,0.0,-0.8,0.0,0.0,0.0,0.8,0.8,0.0,0.0,0.0,0.0,0.0,0.0,-1.6,0.8,1.6,-1.6,-0.8,1.6,0.8,0.8,-0.8,0.8,0.8,0.0,-0.8,0.0,0.8,0.0,0.8,0.0,1.6,1.6,0.0,0.8,0.8,-0.8,-0.8,-1.6,0.0,0.0,0.8,0.0,0.8,0.0,0.0,1.6,0.8,0.0,0.8,0.0,0.0,0.8,0.0,0.8,0.0,0.8,-0.8,0.8,0.0,0.8,0.0,-1.6,0.0,0.8,0.0,1.6,0.0,0.8,-0.8,-0.8,0.8,-0.8,0.8,0.8,0.0,1.6,-0.8,0.0,0.8,0.8,0.8,-0.8,1.6,0.0,0.0,0.8,0.0,1.6,0.0,1.6,0.0,-1.6,1.6,0.0,0.8,0.8,-0.8,0.8,-1.6,1.6,0.8,-0.8,0.0,0.0,1.6,0.8,0.0,0.8,0.8,0.0,-0.8,-0.8,0.8,0.0,0.8,0.0,2.4000000000000004,0.8,0.0,0.8,0.0,0.8,-0.8,-0.8,0.8,0.0,1.6,0.0,-0.8,2.4000000000000004,0.8,0.8,0.8,0.0,0.0,0.0,0.0,0.0,-0.8,0.8,0.0,1.6,0.0,0.8,0.8,0.8,0.0,-0.8,0.8,0.0,2.4000000000000004,0.0,0.0,0.8,0.8,0.8,0.0,0.0,0.8,0.0,0.8,0.0,0.0,0.0,0.0,0.0,-0.8,-0.8,0.8,0.0,0.8,-1.6,0.0,0.8,0.8,0.0,0.0,0.8,0.8,0.8,0.0,0.0,0.8,0.8,0.8,0.8,-0.8,0.0,-0.8,0.0,-0.8,0.0,1.6,-1.6,1.6,0.0,-1.6,2.4000000000000004,0.0,0.8,-0.8,0.0,1.6,-2.4000000000000004,1.6,-0.8,0.0,0.8,-1.6,-0.8,-0.8,0.8,0.8,-0.8,1.6,0.8,0.0,0.8,-0.8,0.0,-0.8,-0.8,-0.8,-0.8,2.4000000000000004,0.0,0.0,0.0,0.0,0.8,-0.8,0.0,-0.8,-0.8,0.0,0.0,0.8,-0.8,0.0,0.0,0.8,0.8,0.8,0.8,0.8,-0.8,-0.8,0.0,0.0,1.6,-0.8,0.8,0.8,0.8,0.0,0.0,0.0,0.8,-0.8,0.8,0.0,0.0,0.8,0.0,0.8,0.0,0.0,0.0,-0.8,0.8,-0.8,0.0,0.8,-0.8,-0.8,0.0,0.8,0.0,-0.8,0.8,0.8,0.0,0.8,0.8,-0.8,0.0,0.8,0.8,0.8,-0.8,0.8,1.6,0.0,0.0,0.8,-0.8,-0.8,0.8,0.0,0.0,0.0,0.0,-0.8,0.8,1.6,-0.8,0.8,0.0,-1.6,0.0,1.6,0.0,0.8,0.0,1.6,0.0,0.8,0.0,-1.6,0.8,-0.8,0.0,1.6,0.0,1.6,0.0,0.8,0.8,-0.8,0.8,-0.8,0.0,0.0,-0.8,0.8,0.0,0.0,-1.6,-0.8,1.6,0.0,0.0,0.0,0.0,0.0,-1.6,0.0,0.0,0.0,-0.8,0.0,0.8,1.6,-0.8,0.8,0.8,0.8,0.0,-0.8,-0.8,0.0,0.0,1.6,0.0,0.0,-0.8,0.0,0.8,-0.8,0.8,0.0,-0.8,0.8,-0.8,0.0,0.8,0.8,0.0,0.8,-0.8,-0.8,0.8,0.8,-0.8,0.8,0.0,0.8,0.0,-0.8,0.0,-0.8,-0.8,1.6,0.0,0.0,0.0,0.8,0.8,-0.8,1.6,0.0,0.8,0.0,0.8,0.0,0.0,0.8,-0.8,0.0,2.4000000000000004,0.0,-0.8,0.0,0.8,-0.8,0.0,0.8,-1.6,0.0,0.8,-0.8,0.0,-0.8,0.0,0.8,0.0,0.8,0.8,0.8,0.0,0.0,0.8,0.0,0.8,1.6,0.0,0.0,-0.8,1.6,0.8,-0.8,1.6,0.8,0.8,0.0,0.0,0.8,0.8,0.8,0.0,1.6,0.0,-0.8,1.6,0.0,0.0,0.0,-1.6,-0.8,-0.8,-0.8,1.6,0.8,0.8,-0.8,0.8,0.0,0.0,0.0,1.6,0.8,0.0,0.0,0.8,0.8,1.6,0.8,0.8,0.0,0.0,0.8,0.8,0.8,-1.6,0.8,0.0,-0.8,0.8,0.0,0.8,0.8,0.0,0.0,0.0,1.6,0.0,1.6,0.0,0.0,0.0,-0.8,0.8,0.8,0.0,2.4000000000000004,0.0,0.0,-0.8,0.0,1.6,-1.6,0.0,0.8,1.6,1.6,-1.6,1.6,-1.6,0.0,0.8,-0.8,0.8,0.8,0.0,2.4000000000000004,0.8,0.8,0.0,0.0,1.6,0.0,0.8,0.0,0.8,0.0,-0.8,1.6,0.0,0.0,0.8,0.0,1.6,0.8,0.8,0.8,0.8,0.8,0.0,0.8,0.0,0.8,0.8,0.0,0.8,0.0,0.8,0.8,-0.8,0.8,-0.8,0.8,0.0,0.0,0.8,-0.8,0.8,0.8,0.0,0.8,-0.8,0.8,0.0,0.0,0.8,0.0,0.8,0.8,0.8,0.0,1.6,1.6,0.0,0.8,0.8,-0.8,0.8,0.0,0.0,0.8,0.0,1.6,1.6,0.8,0.8,-0.8,0.8,0.0,0.8,0.8,1.6,0.8,0.8,0.8,0.0,0.0,-0.8,0.8,1.6,0.0,0.0,0.0,0.8,-0.8,1.6,0.0,-0.8,1.6,-0.8,0.0,0.0,0.8,0.8,0.8,0.8,0.0,-0.8,1.6,0.8,1.6,-0.8,-0.8,0.8,0.0,0.0,0.8,-0.8,1.6,0.8,1.6,0.0,0.0,0.8,-1.6,0.8,0.0,2.4000000000000004,0.0,0.0,2.4000000000000004,0.0,1.6,1.6,0.0,1.6,0.0,0.0,0.0,0.0,0.8,0.8,1.6,0.8,-0.8,1.6,0.0,1.6,0.0,1.6,0.8,0.0,0.8,-0.8,0.0,0.8,0.0,0.8,0.0,0.0,1.6,0.0,0.8,0.8,0.0,0.8,-0.8,0.0,0.8,1.6,-0.8,-0.8,1.6,0.0,0.0,0.8,0.0,0.8,0.0,0.8,1.6,-0.8,0.8,0.0,0.0,0.0,0.0,0.8,0.0,1.6,0.8,0.0,0.8,0.0,0.8,0.8,0.0,0.8,0.8,0.0,0.8,0.8,0.8,0.0,0.0,0.8,0.8,0.0,0.0,1.6,0.0,0.0,-0.8,0.0,-1.6,0.0,1.6,-0.8,-1.6,3.2,1.6,-1.6,1.6,1.6,-0.8,0.0,0.8,1.6,0.0,0.0,2.4000000000000004,-0.8,0.0,0.0,0.8,0.8,-0.8,0.0,0.0,0.8,1.6,0.0,0.8,-0.8,0.0,0.0,0.0,0.8,0.0,-0.8,0.8,-0.8,0.8,0.0,0.8,0.8,0.0,0.8,-0.8,0.8,0.8,0.0,1.6,-0.8,0.0,0.8,-0.8,1.6,0.0,0.8,0.0,0.8,0.0,0.8,1.6,0.0,-0.8,0.0,0.0,0.0,0.8,0.8,0.0,0.8,-0.8,0.0,0.8,1.6,0.8,-0.8,0.0,0.8,0.0,0.0,-0.8,0.0,0.8,0.8,0.0,0.0,1.6,-0.8,1.6,0.8,0.0,1.6,0.8,0.0,0.0,-0.8,-0.8,-0.8,0.8,0.0,0.8,0.8,-0.8,0.8,0.0,0.0,1.6,0.0,0.0,0.8,0.0,2.4000000000000004,0.0,0.8,0.0,0.0,0.8,0.8,0.8,0.0,0.8,0.0,0.0,0.8,-2.4000000000000004,0.8,0.8,0.0,0.8,-0.8,0.8,0.0,-0.8,1.6,-0.8,1.6,-0.8,-0.8,0.8,0.0,1.6,0.0,-0.8,0.8,0.0,0.8,-0.8,0.0,1.6,0.0,0.8,-0.8,0.8,0.8,0.0,0.8,-0.8,0.0,-0.8,-0.8,0.0,-0.8,0.0,0.8,-0.8,1.6,0.0,0.0,0.0,-0.8,0.0,0.0,1.6,0.0,0.0,0.8,1.6,0.8,0.0,0.0,0.0,1.6,0.0,-0.8,0.8,0.8,0.0,0.0,0.0,0.0,0.8,0.0,0.0,0.8,-0.8,0.0,0.8,0.0,0.8,0.0,0.0,0.8,0.8,0.8,1.6,0.8,0.0,-0.8,0.8,0.8,1.6,0.8,0.0,0.8,0.0,0.8,1.6,-1.6,2.4000000000000004,-0.8,0.0,0.8,-0.8,0.8,1.6,0.8,0.0,-1.6,0.8,-0.8,2.4000000000000004,0.0,0.0,0.0,0.0,0.8,-0.8,0.8,0.0,-0.8,1.6,0.0,0.0,2.4000000000000004,0.8,0.0,0.0,0.8,0.8,-0.8,0.8,-0.8,0.8,1.6,0.0,0.8,-1.6,0.0,0.8,-0.8,0.8,-0.8,0.8,0.8,0.8,0.8,-0.8,0.8,-1.6,0.0,0.8,-0.8,0.8,0.0,0.0,1.6,-0.8,0.8,0.0,0.0,0.8,-0.8,0.0,-0.8,0.0,0.0,-0.8,0.8,0.0,-0.8,-0.8,0.0,0.8,-1.6,0.0,1.6,-0.8,0.8,0.0,-0.8,0.0,0.8,0.0,0.8,0.0,-0.8,0.0,0.8,0.0,2.4000000000000004,0.0,0.0,0.8,1.6,0.0,0.0,0.0,0.0,-0.8,-0.8,0.8,0.8,0.0,1.6,0.0,0.8,0.0,0.8,-0.8,-0.8,0.8,0.8,-1.6,1.6,-0.8,-1.6,1.6,0.8,0.0,-0.8,0.8,0.0,1.6,1.6,-0.8,1.6,-0.8,0.0,0.8,0.0,1.6,0.8,0.0,1.6,-0.8,-0.8,0.0,1.6,0.0,-0.8,0.8,0.0,0.0,0.8,0.0,0.8,-0.8,0.0,-0.8,0.0,0.8,0.8,0.8,0.0,0.8,0.8,0.8,0.8,-1.6,0.8,0.8,-0.8,0.0,0.0,0.8,0.8,0.0,0.8,0.0,0.0,1.6,0.0,0.0,0.0,0.8,0.8,0.0,0.8,0.0,1.6,0.8,0.0,1.6,0.0,0.0,-0.8,0.0,0.8,0.8,0.8,0.0,0.8,1.6,-0.8,0.0,0.0,1.6,0.0,0.8,1.6,-0.8,0.8,2.4000000000000004,-0.8,0.8,0.0,0.8,0.0,0.0,0.0,1.6,0.0,0.0,0.0,0.8,0.0,0.0,1.6,0.0,0.0,0.0,0.0,0.8,0.0,0.0,0.8,0.0,0.0,0.0,1.6,1.6,0.0,0.0,0.8,-0.8,-0.8,0.0,1.6,0.0,0.0,0.8,0.0,0.8,0.0,0.8,1.6,0.0,0.0,-0.8,1.6,0.8,0.0,1.6,0.0,0.8,1.6,-1.6,-0.8,0.8,0.8,-0.8,0.0,0.8,0.0,0.8,0.0,2.4000000000000004,0.8,0.0,1.6,0.8,-0.8,0.0,-0.8,0.8,0.0,0.8,-0.8,0.8,0.8,0.8,0.8,0.8,0.0,0.0,0.0,0.0,1.6,-0.8,0.8,0.8,0.8,-0.8,1.6,0.8,0.8,0.0,0.8,-0.8,0.0,0.0,0.8,0.0,0.0,-0.8,0.8,0.8,0.8,0.8,0.8,0.0,0.0,0.0,0.0,0.0,0.8,0.0,0.8,0.8,0.0,1.6,0.8,0.8,0.8,0.8,0.0,0.0,0.0,0.0,0.8,0.0,0.0,0.8,-0.8,0.8,0.8,-0.8,0.0,0.0,0.8,0.0,0.0,0.8,-0.8,0.8,0.0,0.0,1.6,0.8,0.8,0.8,0.0,2.4000000000000004,0.8,1.6,-0.8,0.8,1.6,0.0,0.0,-1.6,1.6,0.8,0.0,1.6,0.8,0.0,0.0,0.0,1.6,0.0,0.8,0.8,0.8,1.6,0.0,0.8,0.0,0.0,1.6,0.0,0.8,1.6,0.0,0.8,0.0,2.4000000000000004,0.8,0.8,2.4000000000000004,0.0,0.8,0.0,0.0,1.6,-1.6,1.6,0.8,-0.8,0.0,1.6,0.8,0.0,0.0,0.8,-0.8,-0.8,0.0,1.6,0.0,1.6,0.0,0.0,1.6,0.0,1.6,1.6,0.8,0.0,0.8,0.0,0.0,0.8,1.6,0.0,-0.8,0.0,0.0,0.8,0.0,0.8,0.0,-1.6,-0.8,1.6,0.8,0.8,0.0,0.0,0.0,0.8,0.0,0.0,0.0,-0.8,-1.6,0.0,1.6,0.0,0.8,-0.8,0.0,0.8,0.0,0.8,-0.8,0.0,1.6,-0.8,0.8,-0.8,0.8,0.8,0.0,1.6,0.0,0.8,0.8,-0.8,0.0,-0.8,0.8,-0.8,0.0,0.8,-0.8,0.8,0.8,0.0,0.8,-0.8,1.6,-0.8,0.0,2.4000000000000004,0.0,0.0,0.0,0.0,1.6,-0.8,3.2,0.0,0.8,0.8,-2.4000000000000004,0.8,0.0,-0.8,1.6,0.0,1.6,-0.8,0.0,0.0,0.0,0.8,0.0,0.8,0.0,0.8,0.8,-0.8,0.8,3.2,-1.6,-1.6,1.6,2.4000000000000004,-1.6,0.0,0.8,0.0,1.6,-0.8,-0.8,2.4000000000000004,-0.8,-1.6,0.8,0.8,-0.8,-0.8,1.6,0.8,0.0,0.0,0.0,0.8,0.8,1.6,0.8,0.0,-0.8,-0.8,1.6,1.6,-0.8,0.0,1.6,0.0,0.0,1.6,0.0,0.0,0.0,0.0,0.0,0.0,0.8,0.8,0.8,0.0,0.8,0.0,0.8,0.8,0.0,0.0,0.0,0.0,0.0,0.0,1.6,0.0,0.8,-0.8,0.0,0.0,0.8,0.8,0.0,0.8,0.8,1.6,0.0,0.8,0.0,0.8,0.8,0.8,0.8,-0.8,0.8,0.0,-0.8,1.6,0.0,1.6,1.6,-0.8,0.0,0.8,0.0,1.6,0.0,1.6,-0.8,1.6,0.8,-0.8,0.8,-0.8,0.0,0.8,0.0,-0.8,0.8,0.8,-0.8,0.0,1.6,0.0,0.8,0.0,0.8,0.8,-0.8,0.8,0.0,-1.6,0.8,0.8,0.8,0.0,0.0,1.6,0.0,1.6,0.8,0.0,0.8,-0.8,-0.8,0.0,0.8,0.8,0.8,0.8,0.8,0.8,0.8,-0.8,-0.8,0.0,1.6,0.0,0.8,0.8,0.8,1.6,0.8,2.4000000000000004,0.8,0.8,0.0,1.6,-0.8,0.8,0.0,0.0,0.8,-0.8,0.8,1.6,0.0,0.8,0.8,0.8,0.8,-0.8,0.8,0.0,1.6,1.6,0.0,2.4000000000000004,0.8,0.0,0.8,0.0,2.4000000000000004,0.0,-0.8,-0.8,0.8,0.8,0.0,1.6,0.8,0.0,0.8,0.8,1.6,-0.8,1.6,0.8,0.8,1.6,-1.6,0.8,0.8,0.0,1.6,0.0,0.8,1.6,0.8,1.6,0.8,0.8,0.0,-0.8,0.0,0.8,1.6,0.0,1.6,0.8,-0.8,0.8,0.0,1.6,0.0,-0.8,0.8,0.8,0.8,0.0,0.0,1.6,0.0,0.0,0.0,1.6,1.6,0.8,1.6,0.8,1.6,1.6,0.8,-0.8,0.0,0.0,0.8,1.6,1.6,0.8,1.6,0.8,2.4000000000000004,1.6,0.8,0.0,0.8,0.8,0.0,-0.8,0.8,0.8,0.0,0.0,1.6,0.8,0.8,1.6,0.8,0.0,-0.8,0.0,1.6,0.8,0.0,1.6,1.6,0.8,0.0,1.6,0.0,0.8,0.8,-0.8,0.8,0.0,0.8,2.4000000000000004,-0.8,1.6,0.0,1.6,0.8,0.0,0.0,0.8,0.8,0.0,0.8,0.0,-0.8,1.6,1.6,0.8,0.8,-0.8,3.2,1.6,0.0,0.8,0.8,0.8,0.0,-0.8,1.6,0.0,1.6,1.6,0.8,0.0,-0.8,1.6,-0.8,0.8,1.6,0.0,1.6,1.6,0.0,0.0,0.0,1.6,-0.8,0.8,0.8,0.0,1.6,0.0,1.6,0.0,0.0,0.0,0.0,0.8,-0.8,-0.8,0.8,0.0,1.6,0.0,0.0,1.6,0.8,0.8,0.0,0.8,0.8,0.0,0.8,0.0,0.8,0.0,0.8,0.8,1.6
event_17,1625266734.6164534,0.8,1.6,0.0,0.0,0.8,0.0,-0.8,-0.8,4.0,-2.4000000000000004,-0.8,3.2,0.0,-0.8,0.0,0.0,0.8,0.0,1.6,0.0,0.8,0.8,-0.8,1.6,-0.8,-2.4000000000000004,0.8,0.8,1.6,-0.8,0.0,0.0,-1.6,0.0,0.0,1.6,0.8,0.0,0.8,0.0,0.8,0.0,-0.8,2.4000000000000004,0.0,0.0,0.8,0.8,0.8,-0.8,0.8,1.6,0.8,0.8,-0.8,0.0,0.0,0.8,0.0,-0.8,-0.8,0.0,0.8,0.8,0.0,0.8,0.8,0.8,0.8,-0.8,0.8,0.8,0.8,0.8,0.0,0.0,1.6,0.8,1.6,0.8,0.0,0.0,0.0,0.0,0.8,0.8,0.8,0.0,0.0,1.6,0.0,1.6,0.8,0.8,0.0,-1.6,1.6,0.8,0.8,1.6,-0.8,0.0,-8.8,-42.4,-57.60000000000001,-35.2,-12.8,-8.8,-3.2,0.0,-4.0,-3.2,-2.4000000000000004,-0.8,-0.8,1.6,0.8,-2.4000000000000004,0.8,0.0,-1.6,-0.8,-0.8,0.8,-1.6,0.0,2.4000000000000004,0.0,-0.8,0.0,0.0,0.0,-2.4000000000000004,1.6,-0.8,0.0,0.0,0.0,1.6,0.8,0.8,0.0,0.0,0.0,-2.4000000000000004,0.0,0.8,0.8,0.0,-0.8,0.8,0.0,0.8,0.8,-0.8,0.8,0.0,-0.8,0.8,0.8,0.8,0.0,0.0,1.6,0.8,0.8,0.0,1.6,0.0,0.8,1.6,0.8,0.0,-0.8,0.0,2.4000000000000004,0.8,0.8,0.8,0.0,0.0,0.0,0.0,0.8,2.4000000000000004,0.8,0.8,0.8,0.8,0.0,0.8,0.8,0.8,0.0,0.0,0.0,0.8,-0.8,0.8,0.8,0.0,-0.8,0.0,0.8,0.8,-0.8,1.6,0.8,1.6,-0.8,0.0,0.0,0.8,0.8,0.0,0.8,0.0,0.0,0.8,-0.8,0.8,0.0,0.0,0.0,-1.6,0.8,0.8,-0.8,0.8,0.8,0.0,0.0,-0.8,0.0,-0.8,0.8,0.0,0.0,1.6,0.8,-0.8,0.0,-1.6,0.0,-0.8,0.8,0.0,0.0,0.8,0.0,0.8,0.0,0.0,0.0,0.0,0.8,-0.8,0.0,0.0,0.8,0.8,0.8,0.0,0.8,-0.8,0.0,0.8,0.0,-0.8,-0.8,-0.8,0.0,0.8,0.0,0.0,0.0,0.0,0.8,-0.8,0.0,0.8,0.0,0.8,1.6,0.0,1.6,1.6,0.8,-0.8,0.8,0.8,0.0,0.8,-0.8,0.0,0.0,-0.8,0.8,0.8,-1.6,0.0,0.8,-0.8,-0.8,-0.8,0.8,0.0,0.0,0.0,0.8,0.0,0.0,-0.8,0.8,0.0,-0.8,0.0,0.0,0.0,0.0,0.8,0.8,-0.8,0.8,0.8,0.0,0.0,0.0,0.0,-0.8,0.0,-0.8,1.6,0.8,-0.8,0.8,-0.8,0.8,0.8,-0.8,1.6,-1.6,0.0,0.8,0.0,0.8,-0.8,0.8,0.8,-0.8,2.4000000000000004,0.0,0.0,0.0,-0.8,0.8,0.0,1.6,0.0,0.8,0.8,0.0,0.8,0.0,0.0,0.8,-0.8,0.0,-1.6,0.0,0.0,-1.6,0.8,1.6,0.0,0.0,0.0,0.8,-0.8,-0.8,0.8,0.8,3.2,0.0,1.6,0.0,0.8,0.0,0.0,0.8,0.8,0.0,0.0,0.0,0.0,0.0,0.8,0.8,0.8,0.0,0.0,0.0,0.0,0.0,0.0,1.6,0.8,0.8,0.0,0.8,0.0,0.8,0.8,-0.8,-0.8,2.4000000000000004,0.0,0.0,0.0,0.8,0.8,0.0,0.0,0.8,0.0,0.8,1.6,-0.8,0.0,0.0,0.8,0.0,0.0,0.0,0.8,0.8,0.0,0.0,-0.8,0.8,0.0,-0.8,-0.8,1.6,0.8,0.8,-0.8,2.4000000000000004,0.8,0.0,0.0,-0.8,2.4000000000000004,0.8,-0.8,0.8,-0.8,1.6,0.0,-0.8,1.6,0.0,0.8,0.0,0.0,0.0,-1.6,0.0,0.0,0.0,0.0,0.0,1.6,-0.8,0.8,0.8,0.8,0.8,-0.8,0.8,0.0,0.8,1.6,-0.8,2.4000000000000004,1.6,-0.8,1.6,0.0,0.8,0.0,0.0,0.0,-0.8,0.0,0.0,0.8,1.6,-1.6,0.8,0.8,0.0,0.0,0.0,0.0,1.6,0.0,0.8,0.0,0.8,0.8,0.8,0.0,-0.8,0.8,0.8,0.0,0.0,0.8,0.0,-0.8,0.0,0.8,0.8,-0.8,0.0,0.0,0.0,0.0,0.8,1.6,0.0,-0.8,0.8,0.8,0.0,0.8,0.0,1.6,0.0,0.0,-0.8,-0.8,0.8,-0.8,0.8,0.8,0.8,2.4000000000000004,-0.8,0.8,0.0,0.0,0.0,0.0,0.8,0.8,0.8,-0.8,0.8,0.8,-0.8,0.8,0.8,0.8,-0.8,0.8,0.8,0.0,0.0,0.8,1.6,0.0,-0.8,0.8,0.8,0.8,0.0,0.0,0.8,1.6,-0.8,0.8,0.0,1.6,0.8,0.0,1.6,-0.8,0.8,0.0,-0.8,0.0,-1.6,2.4000000000000004,0.8,1.6,0.8,-0.8,1.6,0.0,0.0,0.0,0.0,3.2,-0.8,0.0,0.0,0.8,1.6,0.0,1.6,-0.8,0.8,0.8,0.0,0.0,0.0,0.0,0.8,-0.8,0.8,1.6,0.0,0.8,-0.8,-0.8,0.8,0.0,0.8,0.0,0.0,0.8,-1.6,1.6,-0.8,0.0,0.0,-0.8,-1.6,0.0,1.6,0.8,0.8,0.0,0.8,0.0,0.0,-0.8,0.8,0.8,0.0,0.8,0.8,0.8,0.0,0.8,0.8,0.0,0.0,-0.8,0.0,0.0,-0.8,0.0,0.0,0.8,0.0,0.0,0.8,0.8,0.8,0.0,0.0,0.8,0.8,0.0,1.6,0.0,2.4000000000000004,0.8,1.6,1.6,0.0,0.0,0.0,0.0,1.6,-1.6,0.8,0.0,-0.8,0.8,0.0,2.4000000000000004,0.0,0.0,0.8,-0.8,1.6,-0.8,0.8,-0.8,0.0,0.8,0.0,0.8,-0.8,0.0,1.6,-0.8,0.8,0.8,0.0,0.0,0.0,0.8,0.0,-1.6,0.0,0.8,1.6,-0.8,-0.8,0.8,-1.6,0.0,0.8,0.0,0.8,0.8,0.8,-0.8,0.8,1.6,-1.6,0.8,-0.8,0.0,-0.8,0.8,0.0,0.0,0.0,0.8,0.0,1.6,0.0,0.0,0.0,-0.8,-1.6,0.0,0.8,0.8,0.0,0.8,0.0,0.0,0.0,0.0,0.8,-0.8,-0.8,0.0,0.0,0.0,-0.8,0.0,0.8,0.8,0.8,0.0,0.0,0.0,-1.6,0.0,0.0,0.0,0.8,-0.8,1.6,0.8,-0.8,1.6,-0.8,0.8,0.0,0.0,-0.8,-0.8,0.8,0.0,0.0,0.0,-0.8,0.8,0.0,0.0,0.8,0.0,0.8,0.8,-0.8,0.8,-0.8,0.8,-1.6,0.0,0.0,-0.8,1.6,0.0,0.8,1.6,0.8,2.4000000000000004,-0.8,-0.8,0.8,-0.8,0.0,1.6,-1.6,-2.4000000000000004,2.4000000000000004,0.8,-1.6,0.8,0.8,-0.8,0.8,0.0,1.6,0.0,0.0,0.0,-0.8,0.8,0.8,1.6,0.0,0.0,1.6,-0.8,0.8,-0.8,-0.8,0.8,0.0,-1.6,0.0,0.0,0.0,-0.8,0.8,0.8,0.8,0.0,0.0,0.8,0.0,-0.8,0.0,0.0,0.0,0.0,0.0,1.6,0.0,0.8,0.8,0.0,0.0,-0.8,-0.8,0.8,1.6,0.8,0.8,1.6,1.6,0.0,1.6,1.6,-0.8,0.8,-0.8,0.0,0.8,-1.6,2.4000000000000004,0.8,0.0,0.8,0.0,0.8,0.8,-0.8,1.6,-0.8,0.8,0.0,0.8,1.6,0.0,0.8,0.8,0.8,0.8,1.6,1.6,-0.8,0.0,0.8,-0.8,1.6,0.0,0.8,0.0,0.0,1.6,-1.6,-0.8,0.8,0.8,1.6,-0.8,1.6,0.8,0.0,0.8,-0.8,0.8,1.6,0.8,0.0,-0.8,0.8,0.0,-0.8,0.8,1.6,1.6,0.0,0.0,0.0,0.8,2.4000000000000004,-1.6,0.0,0.8,0.8,1.6,0.0,3.2,0.0,0.0,0.0,0.0,0.8,-0.8,0.0,-0.8,-0.8,0.8,0.0,1.6,0.0,0.0,0.8,-0.8,0.8,0.0,0.8,1.6,1.6,0.8,0.0,0.0,1.6,0.0,0.8,0.0,-0.8,0.0,-0.8,0.0,0.8,0.8,0.8,-0.8,0.8,0.0,0.8,0.0,0.0,0.0,-0.8,0.8,0.0,-0.8,-0.8,0.0,0.8,0.0,0.8,-0.8,-0.8,0.8,0.0,0.0,0.0,0.0,0.0,-0.8,0.0,-0.8,0.0,-0.8,-0.8,0.0,0.0,0.0,-0.8,-0.8,1.6,0.0,1.6,0.0,0.0,0.0,-0.8,0.8,-1.6,-1.6,-0.8,0.0,1.6,-0.8,0.8,0.8,-1.6,1.6,-1.6,0.8,0.0,-1.6,-0.8,0.0,0.8,0.0,-0.8,1.6,0.0,0.8,0.0,-1.6,0.8,-1.6,0.8,0.0,-0.8,0.8,0.8,0.0,0.8,0.0,1.6,0.0,0.0,0.8,-0.8,0.8,-0.8,2.4000000000000004,-0.8,0.0,0.8,-0.8,1.6,1.6,0.8,0.8,0.0,0.8,-0.8,0.8,-0.8,0.0,0.0,0.0,0.0,0.0,0.0,0.8,0.0,0.8,0.0,0.0,0.8,0.8,0.0,0.0,0.0,0.8,0.0,-0.8,0.8,0.8,-0.8,0.8,0.0,0.0,0.8,0.0,0.8,0.0,-1.6,0.0,0.0,0.0,0.8,0.0,-0.8,0.0,0.0,0.8,0.0,1.6,0.8,-0.8,-0.8,-0.8,-1.6,0.8,0.8,0.0,1.6,0.0,1.6,0.0,0.0,1.6,0.0,1.6,0.0,0.0,1.6,-0.8,0.0,0.0,0.0,2.4000000000000004,-0.8,0.0,0.8,1.6,0.8,-0.8,0.8,-0.8,0.0,-0.8,-1.6,1.6,-0.8,0.8,0.0,0.0,1.6,-0.8,1.6,-0.8,0.0,0.8,0.0,0.0,0.8,-0.8,1.6,-0.8,0.8,0.0,0.0,0.0,0.0,0.8,0.8,0.0,0.8,-0.8,1.6,0.0,0.8,0.0,1.6,0.8,0.8,0.0,0.0,0.0,0.8,0.0,0.0,0.8,-0.8,1.6,0.8,0.8,0.8,0.0,-0.8,0.0,-0.8,1.6,0.0,-0.8,0.8,0.0,0.8,0.8,0.8,0.8,0.0,0.0,0.8,0.0,0.0,0.0,0.8,0.8,-1.6,-0.8,0.8,1.6,0.8,-0.8,0.8,1.6,0.0,1.6,0.8,-0.8,0.8,0.8,-0.8,0.8,0.8,0.0,0.8,0.8,0.8,0.0,0.8,1.6,0.0,-0.8,0.0,-0.8,0.8,-0.8,1.6,0.0,0.8,0.8,0.8,0.8,0.8,-0.8,-0.8,0.0,1.6,1.6,-0.8,0.8,-1.6,1.6,0.0,0.0,0.8,0.8,0.0,-0.8,-0.8,0.8,0.0,1.6,0.0,0.8,-0.8,-0.8,0.8,0.0,0.0,0.0,-0.8,1.6,-0.8,-0.8,-0.8,0.0,1.6,0.0,0.0,0.8,1.6,0.0,-0.8,0.0,0.0,1.6,0.0,-0.8,2.4000000000000004,0.0,0.0,0.8,0.0,0.0,1.6,0.8,-0.8,0.8,0.8,0.0,0.0,0.8,0.8,0.0,1.6,-0.8,-0.8,-0.8,0.0,0.0,-0.8,0.0,1.6,0.0,1.6,0.0,0.0,0.8,0.0,0.0,0.0,0.8,0.8,0.0,0.8,0.0,0.8,0.8,0.0,1.6,-1.6,0.0,0.0,0.8,0.8,-1.6,1.6,0.8,0.8,0.8,0.0,1.6,0.0,0.0,0.0,0.8,2.4000000000000004,-0.8,0.8,0.8,0.8,0.8,0.0,0.0,1.6,0.0,1.6,0.0,0.0,0.0,0.8,1.6,0.0,0.0,1.6,0.0,0.8,-1.6,0.8,-0.8,0.8,0.8,0.0,0.8,-0.8,0.0,0.8,0.8,0.0,1.6,0.8,0.0,0.8,0.8,0.0,0.8,-0.8,0.0,1.6,0.0,0.0,-1.6,-1.6,0.0,-0.8,0.8,0.0,0.0,0.8,-0.8,0.8,-0.8,-0.8,1.6,-0.8,0.0,-0.8,0.8,0.0,0.0,0.8,0.0,0.8,0.0,-0.8,0.0,0.8,0.0,-1.6,0.0,0.8,0.8,0.0,0.0,0.0,-0.8,-0.8,0.8,0.8,0.0,0.0,0.8,0.8,0.0,0.0,0.0,0.8,0.8,0.0,1.6,0.0,0.0,-0.8,0.8,0.8,1.6,0.0,0.8,1.6,1.6,-1.6,0.8,0.0,0.8,0.0,0.0,1.6,0.0,0.0,1.6,-0.8,1.6,0.0,0.8,0.0,0.8,0.8,0.0,0.0,0.0,-0.8,0.0,0.8,1.6,0.8,0.0,0.8,-0.8,1.6,0.8,0.8,0.8,-0.8,0.8,0.0,0.0,0.8,0.0,0.8,0.0,0.0,-0.8,0.0,2.4000000000000004,0.8,0.8,0.8,0.0,-0.8,0.0,1.6,-0.8,0.8,0.8,-1.6,1.6,0.8,0.0,1.6,-0.8,1.6,0.0,1.6,0.8,-1.6,0.0,0.0,-0.8,-0.8,0.8,1.6,-0.8,0.8,0.8,0.8,0.0,0.8,1.6,-1.6,-0.8,1.6,-1.6,0.8,1.6,-0.8,0.8,0.8,0.8,-0.8,0.8,0.0,-0.8,2.4000000000000004,0.0,0.8,0.0,0.8,0.8,1.6,0.0,0.8,-0.8,0.0,0.0,0.0,0.0,0.0,0.8,1.6,0.0,0.8,0.0,0.8,0.0,0.0,0.8,0.8,-0.8,0.8,0.0,0.0,0.8,0.0,1.6,0.0,-0.8,-0.8,1.6,0.8,0.0,0.8,1.6,0.8,0.8,0.0,1.6,0.8,-0.8,0.0,0.0,0.0,-0.8,0.0,0.8,0.0,1.6,0.0,0.0,0.8,-0.8,0.8,0.0,-0.8,-0.8,0.0,0.0,0.0,0.0,0.8,0.8,1.6,0.8,0.0,-0.8,0.0,0.0,-0.8,0.8,-0.8,0.0,1.6,-0.8,0.8,0.8,-0.8,0.8,1.6,0.0,0.8,-0.8,1.6,0.8,0.8,0.0,0.8,0.8,0.8,1.6,0.0,0.0,0.0,0.0,1.6,1.6,-0.8,0.8,0.8,1.6,-0.8,1.6,0.8,0.0,0.8,0.0,0.8,0.8,0.0,1.6,0.0,0.8,0.0,0.0,0.0,0.8,0.0,0.8,0.0,1.6,0.0,0.0,0.8,0.8,1.6,0.0,0.0,-0.8,0.8,0.8,0.0,-0.8,0.8,0.0,0.8,0.0,0.0,1.6,-0.8,0.0,0.8,0.0,0.0,0.0,0.0,0.0,0.0,1.6,-0.8,0.8,0.8,0.0,2.4000000000000004,-0.8,0.0,0.0,0.8,0.8,0.8,1.6,0.8,-0.8,0.8,-0.8,-0.8,-0.8,0.8,0.0,-0.8,1.6,0.0,-0.8,0.8,0.8,0.8,0.0,0.8,1.6,-0.8,0.8,0.8,0.8,0.8,0.0,0.8,0.0,0.8,0.8,0.0,0.8,0.8,0.8,0.0,0.0,0.8,-0.8,0.8,0.8,0.8,0.8,0.8,0.0,0.0,0.0,0.0,0.0,0.8,-0.8,0.8,0.0,-0.8,-0.8,0.0,0.0,0.8,0.0,1.6,0.0,0.8,0.0,0.0,0.8,0.8,0.0,0.8,-0.8,0.0,1.6,0.0,0.0,0.8,0.8,1.6,0.0,0.0,0.0,0.8,0.8,0.8,0.8,-0.8,0.0,1.6,0.8,1.6,0.8,0.0,1.6,0.0,0.8,0.0,0.8,0.0,-0.8,0.8,0.8,0.0,0.8,0.0,0.8,-0.8,1.6,0.8,-1.6,1.6,0.0,0.0,0.8,0.0,0.0,-0.8,1.6,0.0,0.8,0.8,-1.6,1.6,0.0,0.0,0.0,0.0,0.8,0.0,0.0,1.6,0.0,0.0,0.8,0.8,1.6,-1.6,0.0,0.8,2.4000000000000004,0.0,0.8,2.4000000000000004,0.8,0.0,2.4000000000000004,0.0,2.4000000000000004,-0.8,0.0,0.8,-0.8,0.8,2.4000000000000004,0.8,0.8,0.0,0.0,-0.8,1.6,-1.6,1.6,1.6,0.0,0.0,0.8,-0.8,0.8,0.8,0.8,0.8,-0.8,1.6,0.8,0.8,0.0,1.6,2.4000000000000004,0.0,0.0,0.0,1.6,0.8,0.0,0.0,-0.8,0.8,0.8,-0.8,0.8,0.8,0.0,0.0,1.6,0.8,0.8,0.8,0.0,0.0,1.6,2.4000000000000004,0.0,0.0,1.6,0.8,0.8,0.8,0.0,0.0,0.8,0.0,-0.8,0.0,1.6,0.0,0.8,0.0,1.6,0.8,0.0,0.8,0.0,0.0,0.0,-0.8,0.8,-0.8,0.0,0.0,0.8,1.6,-0.8,0.8,0.0,1.6,0.8,0.0,1.6,0.0,0.0,2.4000000000000004,-0.8,0.8,0.8,1.6,1.6,-0.8,0.8,0.0,0.0,0.0,0.8,1.6,0.8,0.0,0.8,0.0,0.8,0.8,1.6,0.8,-0.8,0.8,-0.8,0.8,0.0,0.0,1.6,0.0,0.8,0.0,0.8,0.8,-0.8,0.0,0.0,0.0,0.0,0.0,1.6,0.0,-0.8,0.8,0.0,0.0,0.8,1.6,0.0,0.0,1.6,1.6,0.8,1.6,0.0,0.0,1.6,0.0,-0.8,0.0,0.8,1.6,0.0,0.8,0.8,0.8,0.8,0.0,-0.8,0.8,0.0,-0.8,0.0,0.8,0.8,0.8,0.0,1.6,1.6,-0.8,0.8,0.8,0.8,0.8,0.0,0.8,0.8,0.0,0.0,1.6,0.8,0.8,0.0,0.8,0.0,-0.8,0.8,0.0,1.6,0.8,0.8,2.4000000000000004,0.0,0.0,0.8,1.6,0.0,0.0,0.0,-0.8,0.8,0.0,0.0,1.6,0.8,0.0,0.8,0.8,1.6,0.0,1.6,0.0,2.4000000000000004,1.6,-0.8,0.8,0.0,0.0,0.0,-0.8,-0.8,1.6,1.6,0.0,-0.8,0.8,-0.8,-0.8,-0.8,0.0,3.2,-0.8,0.0,0.0,-0.8,0.8,0.0,1.6,1.6,-0.8,1.6,0.0,1.6,0.8,0.0,1.6,-1.6,-1.6,0.0,0.8,0.0,0.0,0.8,0.8,0.8,0.8,0.0,0.0,0.0,0.0,0.0,0.8,1.6,0.8,0.8,1.6,1.6,0.0,0.8,0.0,0.8,0.0,0.0,0.0,0.8,0.8,-0.8,0.0,0.0,0.0,0.8,0.8,0.8,0.8,-0.8,0.8,0.8,1.6,0.0,1.6,1.6,0.0,0.8,1.6,-1.6,0.8,0.0,0.0,0.0,0.0,0.8,0.8,0.0,0.8,-0.8,0.8,0.0,1.6,0.0,-0.8,2.4000000000000004,0.0,0.8,0.8,0.0,0.8,0.8,0.0,0.0,0.8,2.4000000000000004,1.6,1.6,-0.8,0.8,0.8,-0.8,0.0,0.8,0.8,0.0,0.8,0.0,-0.8,0.0,0.8,0.0,1.6,0.0,0.0,0.8,0.0,0.0,0.0,0.0,0.8,-0.8,0.0,0.8,0.0,0.8,-0.8,0.8,0.0,0.8,0.0,-0.8,0.8,0.0,0.0,0.8,0.0,0.8,0.0,0.8,0.8,0.0,0.0,0.8,0.0,0.8,0.0,2.4000000000000004,-0.8,0.0,0.8,-0.8,1.6,0.0,0.0,0.8,-0.8,0.8,-0.8,0.8,0.0,0.0,0.0,0.8,1.6,0.8,0.0,1.6,0.8,0.8,0.0,0.0,-0.8,0.8,-0.8,0.8,0.0,0.0,-0.8,0.8,-0.8,0.8,0.0,0.8,0.0,1.6,-0.8,0.0,0.0,0.8,0.8,0.0,0.8,0.0,0.0,1.6,-0.8,0.8,0.0,0.0,-0.8,-0.8,1.6,-0.8,-0.8,0.8,0.0,-0.8,0.0,0.8,1.6,-1.6,0.8,0.0,-0.8,0.8,0.8,0.0,-0.8,0.0,0.0,0.8,2.4000000000000004,0.0,0.8,-0.8,0.8,1.6,-0.8,0.0,-1.6,0.0,1.6,-0.8,0.8,-0.8,0.8,0.8,0.0,1.6,0.0,0.0,0.0,0.0,0.8,-0.8,0.0,0.0,-0.8,-0.8,-0.8,0.8,0.8,0.0,0.0,0.0,0.8,-0.8,0.0,0.8,0.0,0.0,0.0,1.6,1.6,0.0,0.0,-0.8,0.8,0.0,1.6,0.8,0.0,0.0,0.8,1.6,0.0,0.0,0.8,-0.8,0.8,-1.6,0.8,0.8,0.8,1.6,0.0,0.8,0.0,-0.8,0.8,0.8,0.0,0.8,0.8,0.8,0.8,0.8,0.0,0.8,-0.8,0.0,1.6,-1.6,0.0,0.0,-1.6,1.6,0.8,-0.8,0.8,0.0,0.0,0.0,1.6,0.0,-0.8,1.6,-1.6,-0.8,0.0,1.6,0.0,-0.8,0.8,0.8,0.8,1.6,-0.8,0.0,0.0,0.8,0.0,0.0,1.6,0.0,0.8,0.0,0.8,0.8,-0.8,0.0,0.0,-0.8,0.8,0.0,0.8,0.8,0.0,1.6,0.8,1.6,0.8,0.0,1.6,0.8,-0.8,0.8,0.0,2.4000000000000004,-0.8,0.8,0.8,0.8,0.8,0.8,0.8,0.8,-0.8,-1.6,0.0,0.8,-0.8,1.6,0.0,0.0,-0.8,-0.8,-0.8,0.8,0.0,0.8,-1.6,0.0,0.0,-0.8,0.8,0.8,0.8,0.0,0.0,-0.8,0.0,0.8,-0.8,0.0,0.8,0.8
event_18,1625266738.9226997,0.8,-0.8,0.8,-1.6,0.0,0.0,0.0,0.8,0.0,0.0,1.6,-0.8,0.8,0.0,0.8,-1.6,-1.6,0.8,0.0,0.0,0.0,0.0,1.6,-0.8,0.8,-0.8,-1.6,0.8,-0.8,0.0,-0.8,0.0,0.8,-0.8,0.8,-0.8,0.8,0.8,-1.6,1.6,-2.4000000000000004,-1.6,0.8,0.0,0.0,0.0,0.0,0.8,0.8,0.8,-0.8,0.8,0.0,-0.8,0.0,-0.8,2.4000000000000004,-0.8,0.0,0.8,1.6,0.8,0.8,0.0,0.8,0.0,0.0,0.0,0.8,-0.8,0.8,-0.8,0.0,-0.8,-0.8,0.8,0.0,0.0,0.8,0.8,0.8,0.0,0.8,0.8,0.0,-0.8,0.0,0.8,0.8,0.0,1.6,-0.8,0.8,0.0,0.8,0.0,-0.8,1.6,0.8,0.0,0.8,0.0,-7.200000000000001,-73.6,-132.0,-92.80000000000001,-36.8,-12.0,-7.200000000000001,-3.2,-4.0,-8.8,-6.4,-5.6,-4.0,-0.8,-0.8,0.0,-0.8,0.0,0.0,0.0,-1.6,-0.8,0.0,-3.2,1.6,1.6,-2.4000000000000004,0.8,0.8,0.8,-0.8,-1.6,2.4000000000000004,0.0,-0.8,0.0,1.6,0.8,-1.6,-0.8,1.6,0.0,0.0,-1.6,0.8,0.8,0.8,0.8,1.6,1.6,0.0,0.8,0.8,0.0,0.8,0.0,0.0,0.8,-0.8,0.8,0.0,0.0,0.8,-0.8,0.0,-0.8,0.0,1.6,0.8,-0.8,-0.8,0.8,-0.8,-0.8,0.8,1.6,0.8,0.8,-0.8,0.0,0.0,0.8,-0.8,0.0,0.0,-0.8,0.0,0.0,0.0,1.6,0.8,0.0,0.0,0.0,0.8,0.8,-1.6,0.0,0.0,0.0,0.8,0.8,0.8,-0.8,0.0,1.6,-0.8,0.0,-0.8,0.0,1.6,-0.8,0.8,0.0,0.0,0.8,0.0,0.8,-0.8,0.0,0.8,-0.8,0.0,0.8,0.8,0.8,0.0,0.8,-0.8,0.8,1.6,0.8,0.8,0.0,0.8,-0.8,-0.8,-0.8,-1.6,0.0,-1.6,0.8,0.0,0.0,1.6,0.8,0.8,0.8,0.0,-0.8,0.0,1.6,2.4000000000000004,0.0,0.0,0.8,0.8,0.0,0.0,0.8,0.0,-0.8,-1.6,0.0,0.8,0.0,0.8,0.8,0.8,0.8,0.0,-0.8,0.0,-0.8,0.0,0.0,0.8,-0.8,-0.8,0.8,0.0,0.8,0.0,0.0,0.8,0.8,0.0,-0.8,0.0,0.8,0.8,-0.8,0.0,0.0,0.0,0.0,0.8,0.0,0.0,0.0,0.0,-0.8,0.8,0.0,0.0,-0.8,0.0,0.8,-0.8,0.0,-0.8,-1.6,0.8,-0.8,1.6,0.0,-0.8,1.6,0.0,0.8,-1.6,0.0,1.6,-0.8,0.0,-0.8,-0.8,0.8,-0.8,0.8,0.8,0.0,0.8,-0.8,0.0,-1.6,0.0,0.8,-0.8,0.0,0.0,0.8,0.0,0.0,1.6,0.8,0.8,0.0,0.0,-0.8,-0.8,2.4000000000000004,-1.6,-0.8,2.4000000000000004,0.0,-0.8,0.8,0.8,0.8,0.0,1.6,-0.8,0.0,0.0,0.0,1.6,0.0,0.0,1.6,0.0,1.6,0.0,0.0,0.0,0.0,0.0,-0.8,0.8,0.8,0.0,0.8,1.6,0.0,0.8,0.8,0.0,1.6,0.8,-0.8,0.8,-0.8,0.0,0.0,0.0,0.0,-0.8,-0.8,0.8,0.0,0.0,0.0,1.6,0.8,0.8,0.8,0.0,0.8,0.8,0.0,0.0,-0.8,0.8,-0.8,0.0,-0.8,0.0,0.8,0.0,0.0,-1.6,0.8,0.8,0.0,0.8,0.8,0.0,0.0,-0.8,1.6,-0.8,-0.8,1.6,0.0,0.8,0.0,0.0,0.8,0.0,0.0,-0.8,1.6,0.0,-0.8,1.6,0.0,0.0,0.0,0.0,0.8,0.0,0.0,-0.8,0.0,2.4000000000000004,-1.6,1.6,-0.8,0.0,0.8,-0.8,0.8,0.0,0.0,1.6,-1.6,1.6,-1.6,0.8,0.8,-0.8,0.8,0.0,0.0,0.0,-0.8,0.8,0.0,0.0,-0.8,-0.8,0.8,-0.8,1.6,0.0,0.0,1.6,-0.8,0.8,-0.8,0.0,1.6,0.0,0.8,-0.8,0.0,-0.8,0.8,0.8,0.0,0.8,-0.8,0.0,-1.6,0.0,0.0,0.0,0.0,0.8,-1.6,0.0,0.0,0.8,0.0,0.0,0.8,-0.8,0.8,0.0,0.0,0.0,0.8,-0.8,0.0,1.6,0.0,0.0,0.8,-0.8,0.8,0.0,1.6,0.8,-1.6,0.0,0.0,0.0,0.0,-0.8,0.8,0.8,0.0,0.8,0.0,0.0,-0.8,0.0,0.8,0.0,1.6,-0.8,0.8,0.8,0.8,0.0,0.0,0.8,0.8,0.0,-0.8,0.0,-0.8,0.8,0.8,0.0,0.0,0.0,0.0,0.8,0.8,0.0,0.8,-0.8,0.8,0.0,-0.8,0.0,0.0,0.8,0.0,-0.8,0.0,0.0,0.8,-0.8,0.0,0.8,-0.8,0.8,-0.8,0.0,0.0,-1.6,0.8,-0.8,-1.6,0.0,0.8,0.0,0.0,0.8,0.0,-0.8,0.0,-0.8,-0.8,0.8,-1.6,0.0,0.0,0.8,0.8,0.0,0.0,0.0,0.8,1.6,-1.6,0.0,0.8,0.8,-1.6,0.0,0.8,0.8,0.0,0.0,0.0,0.0,-0.8,0.8,0.0,-0.8,0.0,-0.8,0.8,0.8,-1.6,-0.8,0.8,0.0,0.8,0.0,1.6,0.0,-0.8,2.4000000000000004,0.8,0.8,0.0,0.8,0.8,-0.8,-1.6,1.6,0.0,1.6,0.0,0.8,-0.8,-0.8,0.0,0.8,0.0,-0.8,-0.8,0.0,0.0,1.6,-0.8,0.8,0.8,0.0,0.8,-0.8,-1.6,1.6,0.0,0.0,1.6,-0.8,0.8,0.0,-0.8,-0.8,0.8,0.0,-2.4000000000000004,0.0,0.0,0.0,-0.8,-1.6,0.0,-1.6,0.0,0.8,0.0,-0.8,-1.6,0.8,0.8,0.8,0.8,-0.8,0.8,0.8,-0.8,-0.8,0.8,0.0,0.8,0.0,0.8,0.8,0.8,-0.8,0.0,0.0,0.0,-0.8,-0.8,0.8,0.0,0.8,0.8,0.8,0.0,-0.8,0.8,0.0,0.8,0.0,-0.8,0.8,0.0,0.0,0.0,0.0,0.0,1.6,0.8,0.8,0.8,0.0,-0.8,0.8,0.8,0.8,0.0,0.8,1.6,-1.6,0.8,-0.8,0.0,0.0,-0.8,0.0,-1.6,0.0,1.6,-0.8,1.6,-0.8,-0.8,0.0,0.0,0.0,0.0,0.0,1.6,-0.8,0.0,0.0,0.8,0.8,0.0,0.8,0.0,1.6,0.0,-0.8,0.8,-0.8,1.6,-1.6,0.0,1.6,0.0,1.6,0.8,-0.8,-0.8,-1.6,2.4000000000000004,0.0,0.8,0.8,-0.8,1.6,0.0,0.8,0.0,-0.8,0.0,-1.6,1.6,1.6,-0.8,0.8,-0.8,0.0,0.8,0.8,0.8,0.0,0.8,1.6,-0.8,1.6,0.8,0.8,0.0,0.8,1.6,0.0,0.8,-0.8,0.8,0.0,0.0,0.8,0.0,0.0,-0.8,-0.8,1.6,-0.8,0.0,0.0,0.8,0.8,-0.8,0.0,0.0,1.6,-0.8,0.0,1.6,0.8,0.8,1.6,0.0,0.0,-1.6,-0.8,-0.8,0.8,0.0,0.0,0.0,0.0,0.0,0.0,-0.8,1.6,0.0,1.6,0.0,0.8,0.8,-0.8,1.6,0.0,0.0,1.6,0.8,0.8,0.8,1.6,0.0,-0.8,1.6,0.8,0.0,0.0,0.0,0.8,-0.8,0.0,0.0,0.0,1.6,-0.8,0.8,0.0,0.8,0.8,-0.8,1.6,1.6,0.0,0.8,-0.8,0.8,0.0,1.6,0.0,0.0,0.8,0.0,0.8,0.8,-0.8,0.0,-0.8,-0.8,-0.8,0.0,0.8,0.8,0.8,-0.8,0.8,0.0,0.0,0.0,0.0,0.0,0.0,-1.6,0.8,-0.8,0.0,0.8,0.0,0.8,0.0,0.0,-0.8,0.8,-0.8,0.0,0.0,1.6,0.0,0.0,0.8,0.8,0.0,0.8,0.0,1.6,0.0,-0.8,0.0,0.8,0.8,0.8,0.0,-0.8,-0.8,-0.8,0.0,1.6,0.0,0.0,-0.8,1.6,-0.8,-1.6,0.8,0.0,0.0,0.0,0.0,-0.8,0.8,0.0,0.8,-0.8,1.6,0.0,0.0,0.0,0.8,0.8,0.0,0.0,0.8,-1.6,0.0,1.6,-0.8,0.0,0.0,0.8,-0.8,0.8,0.8,-0.8,1.6,-0.8,-0.8,-0.8,1.6,1.6,-1.6,0.0,0.0,0.0,1.6,-0.8,-1.6,0.8,0.0,0.0,0.8,0.8,0.8,0.0,0.8,0.8,0.0,0.0,0.0,0.8,-0.8,0.0,0.0,-0.8,0.8,-0.8,0.8,1.6,0.0,0.8,0.0,0.8,0.8,-0.8,1.6,0.0,1.6,0.8,0.8,1.6,0.8,-0.8,0.8,0.0,1.6,0.8,-0.8,-0.8,0.8,0.0,0.8,1.6,0.8,0.0,0.8,0.0,0.0,-0.8,0.8,0.8,0.8,0.8,0.0,0.0,0.8,0.8,0.0,0.0,0.0,2.4000000000000004,0.8,0.0,0.8,0.0,0.8,-0.8,0.0,0.8,0.8,0.8,0.0,0.0,0.0,0.0,0.0,1.6,0.0,1.6,0.0,1.6,0.8,0.0,0.0,0.8,0.8,-1.6,0.8,0.8,0.0,0.0,0.8,0.8,0.8,0.0,0.8,-0.8,0.8,-0.8,0.0,1.6,0.0,0.0,0.8,0.8,2.4000000000000004,-0.8,0.8,0.8,0.0,0.0,-0.8,0.8,0.0,0.0,0.8,0.0,0.8,0.0,0.0,0.8,0.0,2.4000000000000004,-0.8,1.6,1.6,0.0,-0.8,0.8,0.8,0.8,0.0,0.8,-1.6,0.8,0.8,-0.8,-0.8,-0.8,0.8,0.8,0.8,0.0,-1.6,0.8,-1.6,0.0,-0.8,0.0,0.0,0.8,-0.8,-0.8,0.0,0.0,0.0,1.6,0.0,0.0,1.6,1.6,0.8,-0.8,0.0,0.0,0.8,-0.8,0.8,0.8,-0.8,0.8,0.0,-0.8,0.8,-0.8,0.8,-0.8,0.0,1.6,-0.8,0.8,-0.8,-0.8,0.8,-0.8,-0.8,-0.8,0.8,0.0,-0.8,0.0,0.0,0.8,0.0,-0.8,2.4000000000000004,0.8,0.0,-0.8,0.0,0.0,0.0,0.8,0.0,0.0,0.0,-0.8,0.8,-0.8,0.0,0.8,-0.8,0.0,0.0,0.0,0.8,0.8,1.6,0.0,0.0,0.8,0.0,0.8,-0.8,0.8,0.0,-0.8,0.8,0.8,0.8,0.0,0.0,1.6,0.0,-0.8,0.8,-0.8,0.8,-1.6,1.6,0.8,-0.8,0.0,-0.8,0.8,0.8,-0.8,2.4000000000000004,-0.8,1.6,-1.6,0.0,0.8,-0.8,0.8,0.0,0.8,0.8,0.8,0.8,-0.8,0.0,0.8,0.8,0.8,0.0,0.8,0.0,-0.8,-0.8,0.0,-0.8,-0.8,0.8,0.8,-0.8,0.8,0.8,0.8,1.6,0.8,0.0,0.0,0.0,-1.6,0.8,1.6,0.0,0.0,-0.8,0.8,0.0,0.0,0.8,-0.8,1.6,0.0,-0.8,0.8,0.0,1.6,0.0,0.8,0.8,-0.8,0.0,-0.8,0.8,0.0,-0.8,1.6,0.0,0.8,0.0,0.0,0.8,0.0,0.8,0.0,0.0,0.8,-0.8,0.8,0.0,1.6,-0.8,-0.8,1.6,0.0,0.0,0.0,-0.8,2.4000000000000004,-0.8,0.8,0.0,-1.6,0.0,0.0,1.6,0.0,0.0,1.6,0.8,1.6,-0.8,0.0,0.0,0.0,0.8,-1.6,0.8,0.0,-1.6,0.0,0.8,0.8,0.8,0.8,0.8,-0.8,0.0,0.8,0.0,0.0,0.0,0.8,0.0,0.0,0.0,-0.8,1.6,1.6,0.8,0.0,0.0,0.0,0.8,0.8,-0.8,0.0,0.8,0.8,-0.8,0.0,1.6,0.0,0.0,0.8,0.8,0.0,2.4000000000000004,0.0,-3.2,1.6,2.4000000000000004,-2.4000000000000004,0.0,3.2,0.8,-1.6,0.8,2.4000000000000004,0.0,0.0,-0.8,2.4000000000000004,0.0,-1.6,1.6,2.4000000000000004,0.0,-0.8,0.0,1.6,1.6,0.0,1.6,0.0,1.6,-0.8,0.8,0.8,2.4000000000000004,0.8,0.0,0.8,1.6,0.0,2.4000000000000004,-0.8,1.6,0.8,-0.8,0.0,-0.8,0.0,2.4000000000000004,0.0,0.8,-0.8,0.8,0.8,1.6,0.8,0.0,0.0,0.8,0.0,0.0,0.0,1.6,0.8,0.8,1.6,-0.8,2.4000000000000004,-0.8,-0.8,0.8,0.0,0.8,0.8,0.0,1.6,0.8,0.0,0.8,0.8,0.0,0.0,0.8,0.0,0.0,0.0,-0.8,0.0,0.0,0.0,0.8,0.0,0.8,0.0,1.6,1.6,0.8,0.8,0.8,0.0,0.0,0.8,0.8,0.0,0.8,1.6,0.0,0.8,0.0,0.8,0.8,-0.8,0.0,0.8,0.0,0.8,1.6,0.0,0.8,0.0,0.8,-0.8,0.0,0.8,0.8,0.0,0.8,0.8,0.8,0.8,0.8,0.0,0.8,1.6,0.0,0.8,0.8,0.8,0.0,0.0,1.6,0.0,0.0,0.0,-0.8,1.6,0.0,1.6,0.8,-0.8,0.8,0.8,1.6,0.8,-0.8,1.6,-0.8,1.6,-0.8,0.0,1.6,-0.8,0.0,0.0,0.0,0.8,0.8,0.8,0.0,1.6,0.8,-0.8,0.8,-1.6,0.0,0.0,0.0,1.6,-0.8,0.0,-0.8,0.0,1.6,0.0,0.8,0.8,0.0,1.6,0.8,0.8,0.0,0.8,-0.8,0.8,1.6,0.0,0.8,0.0,1.6,1.6,0.8,1.6,-0.8,0.0,0.0,0.0,1.6,0.8,0.0,0.8,0.0,1.6,0.8,0.0,0.8,0.8,0.0,0.0,0.8,0.0,0.0,-0.8,0.8,1.6,0.0,0.0,0.8,0.8,0.8,-1.6,0.8,0.8,0.8,0.0,-0.8,0.8,0.8,0.8,0.8,0.0,1.6,-0.8,0.0,0.8,0.0,0.0,1.6,0.0,0.0,-0.8,0.8,-1.6,0.8,0.0,0.0,0.8,0.0,0.8,0.0,0.0,1.6,-0.8,0.8,0.8,0.0,2.4000000000000004,0.0,0.0,0.0,0.8,0.0,-1.6,0.8,0.0,1.6,0.8,0.0,0.8,-0.8,1.6,0.8,-0.8,1.6,-0.8,1.6,0.0,0.8,1.6,0.0,1.6,-0.8,-1.6,1.6,0.8,0.8,0.0,0.8,0.8,-0.8,1.6,-1.6,0.0,0.8,-0.8,0.8,0.8,0.8,0.8,-0.8,0.0,0.8,2.4000000000000004,0.0,-0.8,0.8,-1.6,0.8,-0.8,0.0,0.8,0.8,0.0,0.0,0.0,0.8,0.0,0.8,-0.8,-0.8,-0.8,0.8,2.4000000000000004,-0.8,0.0,3.2,0.0,-1.6,1.6,0.0,0.0,-0.8,0.0,0.8,0.8,-0.8,0.8,0.0,0.0,-1.6,0.8,-0.8,0.0,0.0,0.8,-0.8,0.0,-1.6,0.8,0.0,0.0,-0.8,0.0,0.8,0.0,0.8,0.8,-0.8,-0.8,-0.8,0.0,0.0,0.8,2.4000000000000004,0.0,-0.8,0.8,0.0,0.0,-0.8,1.6,0.8,0.0,0.8,-0.8,0.0,0.0,-0.8,0.0,0.0,-0.8,-0.8,0.0,0.8,-1.6,0.8,-0.8,1.6,1.6,0.0,0.0,-0.8,0.0,0.8,-0.8,0.8,0.8,0.8,0.0,-0.8,0.8,0.0,0.0,-0.8,1.6,0.0,-0.8,0.0,0.0,-0.8,0.8,-0.8,0.8,1.6,0.8,0.8,0.8,0.8,0.0,0.8,0.0,0.8,0.0,0.0,-0.8,1.6,0.0,0.8,0.0,0.0,0.0,-0.8,0.0,0.0,-0.8,0.8,0.8,0.0,-1.6,0.0,0.0,0.0,0.0,0.8,-0.8,0.8,0.0,-0.8,0.8,0.8,0.8,0.0,0.8,0.8,1.6,0.8,-0.8,0.8,0.8,0.0,0.0,0.0,0.8,0.8,-0.8,0.0,-0.8,-0.8,0.0,0.0,0.0,-0.8,1.6,0.0,0.8,1.6,0.0,0.8,0.8,-0.8,0.0,-0.8,1.6,0.8,0.8,1.6,0.0,1.6,1.6,0.0,0.8,-0.8,1.6,0.0,-0.8,0.0,-0.8,0.0,0.8,0.8,0.0,-0.8,0.8,0.8,-0.8,0.0,0.8,0.8,0.0,-0.8,0.8,1.6,1.6,0.0,0.8,0.0,0.0,0.8,0.0,0.0,2.4000000000000004,-0.8,0.0,0.8,1.6,0.8,1.6,1.6,0.0,0.0,-0.8,0.0,0.0,0.8,1.6,0.8,1.6,-0.8,0.0,0.8,0.8,-0.8,0.0,0.8,0.0,0.0,-0.8,0.8,0.8,-0.8,0.8,0.0,0.0,1.6,0.0,0.0,0.8,0.0,2.4000000000000004,0.0,0.8,0.0,0.8,0.8,0.0,0.0,-0.8,1.6,0.0,0.0,1.6,-0.8,0.8,0.0,0.8,1.6,-1.6,1.6,-1.6,-0.8,0.8,0.0,1.6,0.0,0.0,1.6,0.0,1.6,0.8,0.0,1.6,0.0,0.0,0.0,0.8,0.8,0.0,1.6,-0.8,0.8,-0.8,0.0,0.8,-0.8,0.0,0.0,0.0,0.8,0.8,0.8,0.8,0.8,1.6,0.0,1.6,0.8,0.0,0.8,0.8,1.6,0.0,1.6,1.6,1.6,0.0,0.0,1.6,0.8,0.0,0.8,0.0,0.0,0.8,0.8,1.6,0.8,0.0,0.8,0.0,0.0,0.0,1.6,0.8,1.6,0.8,0.0,0.8,0.0,0.8,0.8,0.0,0.0,2.4000000000000004,0.8,0.0,0.8,0.8,0.8,0.8,-0.8,1.6,0.8,0.0,0.8,0.0,0.0,0.0,0.0,0.8,-0.8,0.8,1.6,-0.8,1.6,0.8,0.8,0.8,-1.6,-0.8,0.8,1.6,0.8,0.8,0.8,0.8,0.0,0.0,0.8,-1.6,0.8,0.0,-0.8,0.8,0.0,0.8,1.6,0.0,1.6,-0.8,0.8,0.0,0.0,0.0,0.0,0.8,0.0,0.0,0.8,-1.6,0.8,0.0,0.0,1.6,-0.8,0.8,0.0,0.8,1.6,0.8,0.8,0.8,0.8,2.4000000000000004,-0.8,0.0,0.0,0.8,-1.6,-0.8,3.2,-1.6,-0.8,3.2,0.0,0.0,-0.8,1.6,0.0,0.8,0.0,0.0,2.4000000000000004,-0.8,-1.6,0.8,0.0,0.0,-0.8,0.0,1.6,-0.8,1.6,0.8,0.0,0.0,0.0,1.6,0.0,-0.8,0.8,0.8,0.0,0.8,0.0,-0.8,0.0,0.8,0.8,0.0,0.8,0.8,-0.8,0.0,0.0,-0.8,1.6,0.0,-1.6,0.8,0.8,0.8,-0.8,0.0,0.8,1.6,1.6,0.0,0.0,0.8,0.0,-0.8,0.8,0.8,0.0,0.8,0.0,0.8,0.8,-0.8,0.0,0.0,-0.8,-0.8,0.0,0.8,0.0,0.0,0.0,0.8,0.8,0.0,1.6,0.8,0.8,0.8,0.0,0.8,1.6,0.0,0.8,0.8,1.6,0.0,0.8,0.8,-0.8,0.8,-0.8,-1.6,2.4000000000000004,0.0,0.8,1.6,0.8,0.0,0.8,0.8,0.0,-0.8,-0.8,0.8,1.6,0.0,0.8,1.6,0.8,0.8,0.8,0.0,-0.8,1.6,0.8,0.0,0.8,0.0,-0.8,0.8,0.8,0.8,0.8,0.0,0.8,0.0,0.0,0.8,0.0,0.8,-0.8,0.8,0.0,0.0,0.8,0.8,0.0,1.6,-0.8,0.0,0.0,0.8,0.8,0.8,0.0,1.6,0.0,0.8,-0.8,-1.6,0.8,0.0,0.8,-0.8,0.0,1.6,0.0,0.8,0.8,0.8,0.8,0.8,0.0,0.0,-0.8,0.8,0.0,0.8,0.8,0.8,0.8,0.0,1.6,0.8,0.8,0.8,0.0,1.6,0.0,2.4000000000000004,0.8,0.0,1.6,0.0,0.8,0.0,0.8,0.8,0.0,0.8,0.0,0.0,0.8,0.0,1.6,0.0,0.0,0.8,-0.8,1.6,-1.6,0.0,0.8,0.8,0.8,-0.8,0.0,0.0,-0.8,0.8,-0.8,0.8,0.0,0.8,1.6,0.0,0.0,0.8,0.0,0.0,0.8,0.8,0.0,0.8,-0.8,-1.6,1.6,0.0,0.0,0.0,0.0,0.8,0.0,1.6,0.0,0.8,1.6,0.0,-0.8,0.0,1.6,0.0,0.0,0.0,0.8,0.0,0.8,0.8,-0.8,0.8,0.8,0.0,0.8,0.8,0.0,0.8,0.8,0.8,0.0,0.0,-0.8,0.8,0.0,0.0,0.0,0.8,0.0,1.6,0.0,1.6,0.8,0.0,0.8,0.8,0.8,0.0,0.8,1.6,1.6,0.8,1.6,0.8,1.6,-0.8,1.6,0.0,-0.8,-0.8,-0.8,1.6,-0.8,0.8,0.8,0.8,2.4000000000000004,-0.8,0.0,0.8,0.8,0.8,0.0,0.8,0.8,-1.6,1.6,0.0,0.8,0.8,0.8,1.6,-0.8,3.2,0.8,0.0,1.6,-0.8,0.8,0.0,0.8,1.6,0.0,0.8,0.8,0.0,-0.8,0.0,1.6,0.0,-0.8,0.0,0.0,0.0,0.8,0.8,-1.6,0.0,0.0,-1.6,-0.8,1.6,0.8,0.0,0.0,1.6,0.8,0.8
event_19,1625266741.0728228,1.6,1.6,-0.8,0.8,-1.6,0.0,0.0,0.0,0.8,-1.6,0.0,0.8,0.0,1.6,0.0,0.0,0.8,-1.6,0.0,0.0,1.6,-0.8,-0.8,0.8,1.6,0.0,0.8,0.8,0.0,0.0,0.8,0.0,0.0,1.6,0.8,0.8,0.0,0.8,-0.8,0.8,-0.8,0.8,0.0,0.0,0.0,0.0,0.0,0.0,0.8,0.8,0.8,0.8,0.0,0.8,0.0,-0.8,1.6,0.0,3.2,0.8,0.8,1.6,-0.8,-0.8,1.6,-0.8,0.0,1.6,0.0,-1.6,0.8,1.6,0.0,0.8,-0.8,-0.8,1.6,-0.8,1.6,0.0,0.8,0.0,-0.8,0.0,-0.8,0.0,-0.8,0.0,2.4000000000000004,-0.8,0.8,0.8,1.6,0.0,0.0,0.8,0.0,-0.8,0.8,0.0,0.8,0.0,-3.2,-26.4,-49.60000000000001,-34.4,-12.8,-4.0,-1.6,-1.6,-0.8,-4.0,-1.6,0.0,-2.4000000000000004,1.6,-1.6,-1.6,1.6,0.8,1.6,-0.8,-0.8,1.6,0.0,0.8,-0.8,0.0,-1.6,0.0,0.8,0.0,0.8,0.0,0.8,1.6,0.0,0.0,0.0,-0.8,0.8,0.0,0.0,0.0,0.0,0.8,-0.8,0.8,0.8,0.0,0.8,0.8,0.0,-0.8,0.8,0.0,-0.8,2.4000000000000004,-1.6,-0.8,1.6,0.0,0.0,0.8,0.8,0.8,0.0,0.0,-1.6,0.8,0.8,0.8,0.8,0.8,-0.8,0.0,0.0,0.0,0.8,-0.8,0.0,0.8,-1.6,0.0,0.0,0.8,0.0,-0.8,0.8,0.0,0.8,0.8,0.0,0.0,0.0,0.0,0.0,-0.8,0.0,0.8,-0.8,0.8,-0.8,-0.8,-0.8,2.4000000000000004,0.0,-0.8,0.8,0.0,0.0,0.0,0.0,0.0,0.0,0.8,-1.6,-0.8,1.6,-0.8,0.8,-0.8,0.8,0.8,-0.8,0.0,-1.6,1.6,-0.8,0.0,0.8,-0.8,1.6,0.0,-0.8,2.4000000000000004,-0.8,0.8,0.0,0.8,0.0,-0.8,0.0,-0.8,0.0,0.8,0.0,1.6,0.0,0.8,0.8,0.0,0.8,-0.8,1.6,-0.8,0.8,1.6,-0.8,1.6,0.8,0.0,0.0,-0.8,1.6,0.0,0.0,0.8,-0.8,0.0,0.8,0.8,0.0,-1.6,0.0,0.8,0.8,0.0,0.0,-0.8,0.8,0.0,0.0,0.0,0.0,-0.8,0.0,0.8,-1.6,0.8,0.8,-1.6,0.8,0.0,0.0,-0.8,-0.8,1.6,0.8,-0.8,0.0,-1.6,-0.8,0.0,0.8,0.0,-1.6,0.8,0.8,0.0,0.8,0.0,0.8,0.0,-0.8,-0.8,-0.8,2.4000000000000004,0.0,0.8,1.6,1.6,1.6,0.8,0.0,0.0,0.8,0.0,0.0,0.8,0.8,0.0,0.8,-0.8,0.0,0.0,0.0,0.0,0.0,-0.8,-0.8,0.0,-0.8,-0.8,0.0,0.0,0.8,0.8,0.0,1.6,0.0,0.0,0.0,0.8,0.8,1.6,0.0,1.6,0.0,0.8,-0.8,0.0,0.8,0.0,0.0,-0.8,-0.8,0.0,1.6,0.8,0.8,1.6,0.0,-0.8,0.0,0.8,-0.8,0.8,0.0,0.8,-0.8,0.0,0.8,0.0,0.0,0.8,1.6,-0.8,0.0,1.6,0.8,0.0,0.8,0.8,0.8,1.6,0.0,1.6,1.6,0.8,-0.8,0.0,0.8,0.0,0.8,0.8,1.6,0.8,-0.8,1.6,1.6,0.0,1.6,0.0,-0.8,0.0,0.8,0.0,0.0,0.0,0.8,0.0,2.4000000000000004,0.0,0.0,1.6,0.0,0.0,0.8,0.8,0.0,0.8,0.8,0.8,0.8,0.0,0.8,1.6,-1.6,0.0,0.0,0.0,1.6,-2.4000000000000004,0.8,1.6,0.8,1.6,0.0,0.8,-0.8,-0.8,0.8,0.0,1.6,0.0,1.6,0.8,0.8,0.0,0.0,1.6,1.6,0.0,0.8,0.0,0.8,0.0,0.8,0.8,0.8,0.0,0.0,0.8,0.8,0.0,1.6,-0.8,1.6,0.0,0.0,0.8,0.8,0.8,0.8,-0.8,0.8,0.8,1.6,0.0,0.8,1.6,0.8,0.0,-1.6,0.0,1.6,-0.8,1.6,0.8,-0.8,0.8,0.8,0.8,0.0,0.8,0.0,1.6,0.8,0.8,0.8,0.8,0.0,0.0,0.8,2.4000000000000004,0.0,0.0,1.6,1.6,1.6,0.8,0.0,0.8,0.0,0.0,0.0,0.8,0.8,1.6,0.8,0.8,0.0,0.8,0.8,0.0,0.8,0.0,0.0,0.8,0.8,0.0,-0.8,0.0,1.6,0.8,0.8,1.6,1.6,1.6,-0.8,1.6,1.6,0.8,1.6,0.0,2.4000000000000004,2.4000000000000004,-0.8,2.4000000000000004,0.8,-0.8,0.8,0.0,0.8,-0.8,0.0,2.4000000000000004,0.8,1.6,-0.8,0.8,1.6,0.0,0.0,0.0,0.0,0.8,0.8,0.8,0.8,1.6,-0.8,1.6,1.6,-0.8,2.4000000000000004,0.8,0.0,0.0,0.0,1.6,-0.8,0.0,1.6,-0.8,1.6,0.0,0.8,0.0,0.8,0.8,0.0,1.6,0.8,0.8,0.8,-0.8,1.6,0.8,0.8,0.8,-1.6,0.8,1.6,0.8,0.0,0.8,2.4000000000000004,0.8,0.8,0.0,0.0,1.6,0.0,0.0,0.0,0.8,1.6,-0.8,0.0,0.8,0.0,1.6,0.0,2.4000000000000004,0.0,0.0,0.8,0.8,0.8,0.0,0.8,0.8,0.0,0.8,1.6,0.8,1.6,0.0,1.6,0.8,0.8,0.0,0.0,0.8,0.8,0.8,0.8,0.8,0.0,0.0,0.8,0.8,1.6,0.8,0.8,0.0,0.8,0.0,-0.8,0.8,-0.8,0.8,0.8,0.8,1.6,-0.8,0.0,0.0,0.0,0.8,0.8,0.8,0.0,0.8,0.8,0.0,0.8,0.8,0.8,2.4000000000000004,0.0,1.6,1.6,0.0,0.8,-0.8,0.8,0.8,0.0,0.8,-0.8,1.6,0.8,0.0,1.6,0.8,0.0,0.8,-0.8,0.0,0.8,1.6,0.8,0.8,1.6,0.8,0.8,0.0,0.0,0.0,0.8,0.0,0.0,0.8,0.8,0.8,1.6,0.8,0.8,-0.8,0.0,0.8,0.8,-0.8,0.0,0.0,1.6,0.0,1.6,0.8,1.6,2.4000000000000004,0.0,0.0,0.8,0.8,0.8,0.0,0.8,1.6,-0.8,0.8,0.8,0.8,1.6,1.6,0.8,0.8,0.8,0.8,0.0,0.0,-0.8,0.8,0.0,0.8,0.0,0.8,0.0,0.8,-0.8,0.0,0.8,0.8,0.0,0.8,0.0,1.6,0.0,0.8,0.8,0.8,1.6,0.8,0.0,0.8,-0.8,0.0,0.0,0.0,0.8,0.8,-0.8,0.0,0.0,-0.8,-0.8,0.8,0.8,0.0,0.0,1.6,-0.8,0.0,0.8,0.0,1.6,-0.8,0.0,0.8,0.0,0.8,-1.6,0.0,0.0,-0.8,1.6,-0.8,-0.8,0.0,-0.8,0.8,0.0,0.0,-0.8,-0.8,0.0,0.8,0.8,-0.8,0.0,0.8,0.0,0.0,-1.6,0.0,0.0,-0.8,0.0,-0.8,0.0,1.6,0.0,0.0,-0.8,0.8,1.6,0.8,1.6,0.0,0.0,0.0,0.8,0.0,0.0,0.0,0.0,0.0,-0.8,-0.8,0.0,-0.8,0.8,0.8,-0.8,0.0,0.0,0.0,0.8,0.0,0.8,0.0,0.8,-0.8,0.0,0.0,0.0,-1.6,1.6,0.0,-0.8,1.6,0.0,0.0,0.8,0.8,0.8,-1.6,0.8,0.8,0.0,0.0,-0.8,0.8,-1.6,0.0,0.8,0.0,0.8,-0.8,0.8,0.0,0.0,0.0,-0.8,0.8,-0.8,0.0,1.6,0.0,0.8,0.0,0.0,1.6,0.0,0.8,0.0,-0.8,1.6,-1.6,0.0,0.0,0.0,0.0,0.0,0.8,0.0,-0.8,0.8,0.0,0.8,-0.8,-0.8,0.0,0.0,0.0,0.8,-0.8,1.6,0.0,0.8,0.8,0.8,0.8,-1.6,0.8,1.6,1.6,0.8,-0.8,0.8,0.8,0.0,0.8,0.0,0.8,-0.8,-0.8,1.6,-0.8,0.8,0.8,0.0,0.8,-0.8,0.0,-0.8,0.8,-0.8,0.0,0.8,1.6,0.0,0.0,0.0,0.8,0.8,0.0,0.0,0.0,0.8,0.8,0.8,0.8,0.8,0.8,0.0,0.0,0.0,0.0,0.0,0.0,0.8,-0.8,0.0,0.0,0.0,0.0,0.0,0.8,0.0,0.8,0.8,-0.8,0.0,-0.8,-0.8,0.0,0.0,0.8,-0.8,0.0,0.8,0.0,0.0,-0.8,0.0,0.0,0.0,0.0,0.0,0.0,0.0,0.8,0.0,0.0,0.0,-1.6,0.0,0.0,0.0,0.0,-0.8,1.6,0.8,0.8,0.8,1.6,1.6,0.0,1.6,0.0,0.0,0.0,-1.6,0.8,0.8,-0.8,0.8,-0.8,1.6,0.0,0.0,0.0,0.0,0.8,0.0,0.8,0.0,-0.8,1.6,0.8,0.8,0.0,0.8,0.8,0.0,1.6,-0.8,-0.8,1.6,-0.8,0.8,-0.8,0.0,1.6,-0.8,1.6,0.0,1.6,2.4000000000000004,-0.8,1.6,0.8,-0.8,0.8,0.8,0.0,-0.8,-0.8,0.8,-1.6,0.0,-0.8,0.8,0.8,0.0,1.6,0.0,0.0,1.6,0.0,1.6,-0.8,-0.8,0.0,-0.8,1.6,0.0,0.8,0.0,1.6,0.8,0.8,0.0,0.0,2.4000000000000004,-0.8,-0.8,3.2,0.8,-3.2,1.6,2.4000000000000004,-0.8,-1.6,1.6,0.8,-1.6,0.0,1.6,0.8,-0.8,0.8,1.6,0.8,0.0,0.8,1.6,0.8,0.0,0.0,0.0,0.8,0.0,1.6,0.0,0.8,0.8,0.8,0.0,1.6,0.0,0.8,-0.8,0.0,0.0,0.8,0.8,0.0,1.6,0.8,0.8,0.0,-0.8,1.6,-0.8,1.6,0.0,0.8,0.8,0.0,2.4000000000000004,0.8,0.8,0.8,-0.8,0.8,0.8,0.8,0.8,0.0,1.6,0.0,0.8,0.8,0.8,2.4000000000000004,-0.8,0.0,0.0,0.0,1.6,1.6,0.0,0.8,0.8,0.8,-0.8,0.8,0.8,0.8,1.6,0.0,0.0,0.0,0.8,1.6,0.0,1.6,1.6,-0.8,1.6,-0.8,0.8,0.8,0.0,-0.8,0.8,0.8,0.8,0.8,0.8,0.8,0.8,-0.8,1.6,1.6,0.0,0.0,0.8,0.0,0.8,1.6,0.0,1.6,0.8,0.8,0.8,0.8,0.8,0.0,1.6,0.0,0.8,0.0,0.8,1.6,0.8,0.8,0.0,0.0,1.6,0.8,0.8,0.8,0.0,0.8,0.8,0.0,0.8,0.0,0.8,-0.8,2.4000000000000004,0.0,0.0,0.0,0.8,0.8,-0.8,-0.8,0.8,0.0,0.8,0.8,0.0,2.4000000000000004,0.0,0.0,0.0,0.0,0.8,0.0,0.0,0.0,0.8,-0.8,0.8,1.6,0.0,0.8,0.8,0.0,1.6,0.8,0.8,0.0,0.8,0.8,0.0,1.6,0.0,-0.8,0.8,0.8,0.8,0.8,0.8,1.6,0.8,1.6,0.0,-0.8,0.8,0.8,0.0,0.0,0.8,0.8,0.0,0.8,1.6,-0.8,0.8,0.8,1.6,-0.8,0.0,0.8,1.6,1.6,0.8,0.0,0.8,0.0,0.8,1.6,0.8,1.6,-0.8,0.8,0.8,0.8,0.0,0.8,0.8,0.8,-0.8,1.6,0.8,0.8,0.0,-0.8,0.0,1.6,0.0,1.6,0.0,0.0,0.0,0.8,0.0,0.0,0.0,1.6,0.0,2.4000000000000004,0.0,0.0,0.8,0.8,1.6,0.0,0.8,-1.6,0.8,1.6,0.8,0.8,0.0,0.0,0.0,-0.8,1.6,1.6,-0.8,0.0,-0.8,0.0,-0.8,0.8,0.0,-0.8,0.8,-0.8,0.8,0.0,0.0,0.8,0.8,1.6,0.0,0.0,2.4000000000000004,-1.6,0.8,0.8,0.8,1.6,0.0,0.0,0.0,0.0,1.6,-1.6,0.0,0.0,0.8,0.0,0.0,2.4000000000000004,0.0,0.0,0.8,0.0,0.8,0.0,0.8,0.8,0.0,0.8,0.8,0.8,0.0,0.0,0.8,0.0,0.8,0.8,0.0,0.8,0.8,0.0,0.0,1.6,0.0,0.8,1.6,-1.6,1.6,1.6,-2.4000000000000004,0.8,0.0,0.0,0.8,0.0,1.6,-0.8,0.0,-0.8,1.6,0.8,0.0,0.8,0.0,0.8,0.8,0.0,1.6,0.8,1.6,0.0,0.0,0.8,0.0,0.0,0.8,0.8,0.0,-0.8,0.0,-0.8,1.6,0.8,0.8,-0.8,-0.8,0.8,1.6,0.8,0.8,0.8,0.8,0.8,0.8,0.0,0.8,0.8,-1.6,-0.8,0.8,1.6,1.6,0.0,1.6,0.8,0.8,1.6,0.0,0.0,0.0,0.8,0.0,-0.8,0.8,0.8,0.0,0.8,0.0,1.6,-0.8,0.0,0.8,-0.8,0.8,0.0,1.6,1.6,-1.6,0.8,0.8,0.0,0.0,0.0,2.4000000000000004,0.8,0.0,0.0,0.0,2.4000000000000004,-0.8,0.8,1.6,0.0,0.8,1.6,0.8,0.0,0.0,0.8,0.0,1.6,-0.8,1.6,0.8,-0.8,-0.8,-0.8,0.0,0.8,-1.6,1.6,-0.8,0.8,0.0,-0.8,0.8,0.0,0.8,0.0,0.0,0.0,0.8,0.0,0.0,0.0,0.0,0.8,0.0,-0.8,0.8,0.8,-1.6,0.0,-0.8,0.0,0.0,0.0,0.0,0.0,0.8,0.0,-0.8,0.8,0.8,0.8,0.8,-0.8,-0.8,0.0,0.8,0.0,0.8,0.8,0.0,0.0,0.0,-0.8,0.0,0.0,-0.8,0.0,0.0,0.8,0.8,0.0,0.8,0.8,0.0,1.6,0.0,1.6,0.0,-0.8,0.8,-0.8,0.0,0.8,-0.8,1.6,-1.6,0.8,0.8,-0.8,0.8,-0.8,1.6,0.8,1.6,0.8,0.0,1.6,0.0,-0.8,0.8,0.0,0.8,0.0,-0.8,-0.8,0.0,0.8,0.0,2.4000000000000004,0.0,0.0,0.8,-0.8,1.6,0.0,0.8,0.0,0.8,0.8,-0.8,-0.8,0.0,-0.8,0.0,0.0,0.0,1.6,0.0,0.8,0.0,0.0,0.0,-0.8,0.8,0.8,0.0,0.0,0.0,0.0,-0.8,0.8,0.0,-1.6,0.0,1.6,2.4000000000000004,0.0,0.8,1.6,0.0,0.0,-1.6,-0.8,0.8,0.8,1.6,0.8,-0.8,0.0,0.0,1.6,0.0,-0.8,1.6,0.0,-2.4000000000000004,1.6,0.8,0.8,0.8,0.0,1.6,0.0,0.0,0.0,-0.8,-0.8,-0.8,0.0,0.0,0.0,0.0,-0.8,0.8,0.0,0.0,0.8,0.0,0.8,-2.4000000000000004,0.0,0.8,0.8,0.8,1.6,0.0,2.4000000000000004,0.0,0.8,0.8,0.0,0.8,-1.6,0.8,0.0,0.0,0.8,0.8,0.8,-0.8,0.8,0.8,0.0,0.0,0.0,0.8,0.0,-0.8,0.0,-0.8,1.6,0.0,0.0,0.0,-0.8,1.6,1.6,0.8,1.6,0.0,0.8,-0.8,-0.8,1.6,1.6,0.0,0.0,-0.8,0.0,-0.8,0.0,0.8,-0.8,0.8,0.0,0.8,0.8,0.0,0.8,1.6,0.0,-0.8,0.8,0.8,-0.8,0.8,0.8,1.6,0.8,0.0,-0.8,0.0,0.8,-0.8,0.0,0.8,0.8,0.8,1.6,0.8,1.6,1.6,0.0,0.0,1.6,0.0,0.0,-0.8,1.6,0.8,-0.8,1.6,0.0,0.8,0.8,0.8,0.8,0.0,-0.8,0.8,0.8,1.6,-0.8,1.6,0.8,0.0,2.4000000000000004,0.0,0.0,0.0,-0.8,1.6,-1.6,-0.8,2.4000000000000004,2.4000000000000004,-1.6,0.8,2.4000000000000004,-0.8,-0.8,3.2,-0.8,0.8,0.0,1.6,0.8,-1.6,0.8,0.8,1.6,0.0,0.0,1.6,0.8,1.6,-0.8,-0.8,0.8,-0.8,1.6,0.0,0.8,1.6,-1.6,2.4000000000000004,-0.8,-1.6,0.8,-0.8,1.6,-0.8,0.8,0.8,-1.6,1.6,0.0,0.8,0.8,-0.8,0.0,-1.6,1.6,0.0,-0.8,0.8,0.0,0.8,0.0,-0.8,0.8,-0.8,0.0,-1.6,0.0,0.0,0.0,0.8,0.0,-0.8,0.8,-1.6,1.6,-0.8,-0.8,-0.8,0.0,0.8,-0.8,0.0,0.0,1.6,0.0,0.0,0.8,0.8,0.0,-0.8,0.0,1.6,0.8,-0.8,1.6,0.0,0.0,0.0,0.0,-0.8,0.0,0.8,0.0,0.0,-0.8,0.0,1.6,0.8,0.0,-0.8,0.0,-1.6,0.8,0.0,0.0,0.0,1.6,0.0,0.0,0.8,0.0,0.0,0.0,1.6,0.0,0.8,0.8,0.8,-0.8,0.0,0.8,0.0,0.8,0.8,-0.8,0.0,-0.8,0.0,-2.4000000000000004,0.8,0.0,-0.8,0.0,0.0,0.8,0.0,-0.8,1.6,-0.8,0.0,0.0,-0.8,1.6,1.6,0.0,0.0,-0.8,1.6,-0.8,1.6,0.8,-0.8,0.8,-0.8,0.8,0.0,-0.8,1.6,0.0,1.6,0.0,0.0,0.0,-0.8,0.8,-0.8,-0.8,0.8,-0.8,0.8,0.0,0.8,1.6,-0.8,0.8,0.8,0.0,0.0,-0.8,1.6,-0.8,0.0,-0.8,0.8,0.8,0.0,0.0,0.8,-0.8,0.8,0.0,0.0,0.0,-0.8,-0.8,0.0,1.6,0.8,-0.8,0.0,-0.8,0.8,-0.8,0.8,0.0,0.8,0.0,-0.8,0.0,0.0,0.8,0.0,0.0,0.0,0.0,0.8,-0.8,0.0,1.6,0.8,-0.8,-1.6,0.8,0.8,0.0,0.8,0.0,0.0,0.0,0.8,0.0,-0.8,0.0,-0.8,0.0,1.6,0.0,0.0,0.0,-1.6,-0.8,0.8,0.8,0.0,0.0,0.0,0.8,0.0,-0.8,0.0,0.0,0.0,0.0,-0.8,1.6,0.0,0.8,0.8,-0.8,0.8,-0.8,0.0,0.0,0.0,0.0,-1.6,0.0,0.0,0.0,0.0,0.0,1.6,0.8,0.0,1.6,-0.8,0.8,-0.8,0.0,0.8,0.8,0.0,-0.8,0.8,1.6,-0.8,1.6,0.0,0.0,0.0,-0.8,-0.8,0.0,0.0,0.8,0.0,1.6,-0.8,0.0,0.0,0.8,0.0,0.8,0.0,0.8,0.8,0.0,-0.8,0.8,0.8,0.0,0.0,-0.8,0.8,0.8,-0.8,-0.8,-0.8,0.0,-0.8,0.0,0.8,1.6,0.8,0.8,0.0,0.0,0.8,0.8,0.8,-0.8,0.8,0.8,-0.8,0.8,-0.8,0.0,0.8,0.8,0.0,-0.8,0.8,-0.8,-0.8,0.0,0.0,0.0,0.8,-0.8,0.0,0.8,0.8,-0.8,0.0,1.6,0.0,-0.8,0.0,0.0,0.0,0.0,0.0,1.6,-0.8,0.0,0.0,0.8,-1.6,0.0,0.8,0.0,0.0,-0.8,0.0,0.0,-0.8,0.0,0.8,0.0,0.8,-0.8,0.8,0.8,0.0,0.0,0.0,0.8,0.8,-1.6,-0.8,-0.8,0.0,-0.8,0.0,-0.8,0.0,0.8,-0.8,0.8,0.8,-0.8,1.6,-1.6,1.6,-0.8,-1.6,0.8,-0.8,0.8,0.0,0.0,0.8,-0.8,0.8,0.0,0.8,0.8,0.0,-0.8,-1.6,0.8,0.0,-0.8,0.8,0.0,0.0,-0.8,0.8,1.6,0.8,-0.8,0.0,1.6,1.6,0.0,0.8,0.8,0.0,0.0,0.0,0.8,0.8,0.0,-0.8,0.8,0.8,0.0,-0.8,-1.6,0.0,-0.8,0.0,0.0,0.0,0.0,-0.8,0.0,0.8,0.0,0.0,-0.8,0.8,-0.8,0.0,-0.8,-0.8,1.6,-0.8,0.8,0.8,-0.8,0.8,0.0,0.8,0.0,-2.4000000000000004,1.6,-0.8,0.8,0.0,-0.8,1.6,0.0,0.0,0.8,0.0,2.4000000000000004,-2.4000000000000004,0.8,0.8,-0.8,0.8,0.0,0.0,0.8,0.0,0.8,-0.8,0.8,-1.6,-1.6,0.0,0.0,0.8,-0.8,0.0,1.6,-0.8,0.8,-0.8,0.0,1.6,-0.8,-0.8,-0.8,0.8,0.0,0.0,-0.8,0.0,0.0,0.0,0.0,0.8,-0.8,0.8,0.0,-0.8,0.8,-0.8,0.0,-0.8,-0.8,0.0,-0.8,1.6,-1.6,-1.6,0.0,1.6,0.8,-1.6,-0.8,0.8,0.0,2.4000000000000004,-0.8,-1.6,0.8,-0.8,0.0,-0.8,0.8,0.8,0.0,0.0,0.8,0.8,0.0,0.0,-1.6,-1.6,0.8,-0.8,0.8,-0.8,0.0,0.0,0.0,0.0,0.0,0.8,0.0,0.0,-0.8,0.8,0.0,0.8,0.0,0.0,0.8,0.8,-1.6,0.8,0.8,0.0,-0.8,0.0,0.0,0.8,0.0,1.6,0.8,0.8,-0.8,0.0,-0.8,-0.8,0.0,0.0,0.0,1.6,-0.8,0.0,0.0,0.0,0.8,-0.8,0.8,0.0,1.6,0.8,-1.6,0.8,0.0,0.8,0.0,0.0,1.6,0.8,0.0,-0.8,-0.8,0.0,-0.8,1.6,0.0,0.0,0.0,-0.8,0.8,-0.8,0.8,0.8,0.0,0.0,-1.6,0.0,0.8,0.0,0.8,-0.8,0.8
event_20,1625266743.2239456,2.4000000000000004,-1.6,-0.8,-0.8,0.0,0.0,0.0,0.8,0.0,-0.8,0.0,-0.8,0.8,-0.8,0.8,0.0,0.0,0.8,-0.8,0.8,0.8,0.0,0.0,0.0,0.0,0.8,0.0,-0.8,0.0,0.0,1.6,0.8,0.0,1.6,0.8,-0.8,0.0,0.0,-0.8,0.8,0.0,0.0,-0.8,0.0,0.8,0.0,0.8,1.6,0.0,0.8,-0.8,-0.8,0.8,0.8,0.0,0.0,0.8,0.0,0.8,0.0,-0.8,-0.8,0.0,0.0,-1.6,0.8,1.6,0.0,1.6,-0.8,1.6,0.0,0.0,0.0,0.0,0.0,-0.8,-0.8,0.0,-0.8,0.8,-0.8,0.8,-0.8,-0.8,0.8,-1.6,0.0,-0.8,0.8,1.6,0.0,0.8,1.6,-0.8,1.6,-0.8,1.6,0.8,0.0,0.8,-1.6,-15.2,-49.60000000000001,-48.800000000000004,-25.6,-12.0,-6.4,-4.0,-1.6,-1.6,-4.0,-2.4000000000000004,-2.4000000000000004,-2.4000000000000004,0.8,-0.8,-0.8,-0.8,0.0,0.0,-0.8,0.0,-0.8,0.0,0.0,0.8,-1.6,0.0,1.6,0.0,-0.8,1.6,0.0,-0.8,0.0,-0.8,-1.6,-0.8,-0.8,-0.8,0.0,2.4000000000000004,0.0,0.0,0.8,0.0,0.8,0.0,0.0,-0.8,-0.8,1.6,1.6,0.0,0.8,0.8,0.8,-0.8,-0.8,-0.8,1.6,0.0,-1.6,0.8,1.6,0.8,0.0,0.0,0.8,0.8,-0.8,0.0,0.8,-0.8,0.0,-0.8,0.0,0.0,-0.8,0.8,-0.8,0.0,0.8,0.0,0.0,0.0,-0.8,1.6,0.0,1.6,0.8,0.0,1.6,0.8,0.0,0.0,0.0,0.8,0.8,1.6,0.0,1.6,-0.8,0.8,1.6,-0.8,0.0,0.0,0.0,1.6,-1.6,2.4000000000000004,0.0,0.8,1.6,-0.8,0.8,0.8,1.6,0.0,-1.6,0.8,0.8,1.6,0.8,0.8,1.6,-0.8,-0.8,0.0,0.8,0.8,-1.6,0.8,0.8,-1.6,0.8,0.0,0.8,0.0,-0.8,0.8,0.0,0.8,0.0,0.8,1.6,-0.8,0.0,0.8,0.8,0.8,-0.8,0.8,0.0,0.0,0.8,-0.8,0.0,-0.8,-0.8,0.0,0.0,0.0,0.0,0.8,1.6,0.8,0.0,0.0,0.8,0.8,0.0,0.0,0.0,0.0,0.8,0.8,0.8,1.6,0.0,0.0,0.8,0.8,0.0,-0.8,0.8,1.6,1.6,0.0,0.8,0.8,0.0,0.0,0.8,-0.8,0.8,0.0,-0.8,0.0,0.8,0.8,1.6,0.8,0.8,-0.8,1.6,-0.8,1.6,0.0,0.8,0.8,-0.8,0.0,-0.8,-0.8,0.8,-1.6,0.8,0.0,0.0,1.6,-0.8,0.0,0.0,-0.8,0.8,-0.8,-0.8,0.0,0.8,-0.8,0.0,-0.8,-1.6,0.0,0.8,0.0,0.8,0.8,0.8,0.0,0.8,0.0,0.0,0.0,-0.8,-1.6,0.8,0.8,0.8,0.8,-0.8,0.0,-0.8,0.0,0.0,0.8,0.8,-0.8,0.0,-0.8,-0.8,0.8,0.0,0.8,1.6,0.0,-0.8,0.0,0.8,0.0,-0.8,0.8,-0.8,0.0,0.0,0.0,0.0,0.0,0.0,0.8,0.0,0.0,-1.6,0.0,0.0,0.8,0.0,0.0,0.8,0.8,-0.8,0.0,0.0,0.8,0.0,-0.8,0.0,0.0,0.0,1.6,0.0,0.8,0.0,0.0,0.8,0.8,-0.8,0.8,0.0,1.6,-1.6,1.6,0.8,0.0,1.6,0.0,0.8,0.0,1.6,0.8,-0.8,0.0,-0.8,0.8,0.8,0.0,0.8,-0.8,-0.8,0.0,0.0,-0.8,-0.8,1.6,0.8,-1.6,0.8,-0.8,0.8,0.8,-0.8,-0.8,-0.8,0.0,-1.6,0.8,0.0,0.0,1.6,0.0,0.0,2.4000000000000004,-0.8,1.6,-0.8,-1.6,0.8,0.0,0.8,-0.8,1.6,0.0,-0.8,1.6,0.0,0.8,0.8,0.0,0.8,0.0,-0.8,0.0,0.8,0.8,0.0,0.8,0.8,0.0,0.0,0.0,1.6,-0.8,1.6,0.0,1.6,0.8,0.8,0.8,1.6,-0.8,0.8,0.8,1.6,0.8,0.0,-0.8,-0.8,0.0,0.8,1.6,0.0,0.0,0.0,0.8,1.6,-1.6,-0.8,0.0,0.8,0.0,0.0,2.4000000000000004,-0.8,0.0,0.0,0.0,0.8,0.8,0.8,0.8,-0.8,1.6,-0.8,0.0,-0.8,-0.8,1.6,0.0,0.8,0.8,-0.8,0.8,0.8,0.8,0.0,0.0,0.8,0.0,1.6,0.0,0.0,0.8,-0.8,0.0,-0.8,0.8,0.8,0.0,0.8,0.8,0.0,1.6,0.0,0.8,0.8,0.0,0.8,0.0,1.6,0.0,0.0,0.8,0.8,0.8,-0.8,0.8,0.8,-0.8,0.8,-0.8,0.8,0.8,0.0,0.8,-0.8,0.8,0.0,0.8,1.6,0.0,0.0,0.8,0.8,2.4000000000000004,-0.8,0.0,0.0,0.0,1.6,0.8,0.8,-0.8,-0.8,-0.8,0.0,1.6,-0.8,1.6,0.0,0.0,0.0,-1.6,0.0,0.8,0.0,0.8,0.0,1.6,-0.8,-1.6,0.0,0.8,0.0,0.0,0.8,-1.6,0.8,0.0,-0.8,0.8,0.8,0.0,0.0,0.8,0.0,0.8,-0.8,0.0,0.8,-0.8,-0.8,0.8,0.8,-0.8,0.8,0.0,-0.8,0.0,1.6,0.8,0.8,0.8,-0.8,0.0,0.0,0.8,0.8,0.0,1.6,0.0,1.6,0.8,-0.8,1.6,0.8,0.0,0.0,0.0,0.8,-0.8,-0.8,0.0,0.0,1.6,0.0,2.4000000000000004,0.0,-0.8,1.6,-0.8,-0.8,0.0,0.0,1.6,-0.8,0.0,0.0,0.0,0.0,0.0,0.8,0.0,0.8,0.8,-0.8,1.6,0.8,-0.8,1.6,0.0,1.6,-0.8,-0.8,0.8,0.0,0.0,0.8,0.0,0.8,0.0,0.8,0.0,0.8,-1.6,-0.8,0.0,0.8,0.0,-0.8,0.0,0.8,0.8,0.0,-0.8,-1.6,2.4000000000000004,0.8,-0.8,0.0,0.8,0.8,-0.8,0.0,0.8,0.0,-0.8,0.0,-0.8,0.0,0.0,0.8,0.8,0.0,0.8,0.0,0.0,0.8,0.0,-0.8,-0.8,0.8,-1.6,-0.8,1.6,0.8,0.0,0.8,0.8,0.0,0.8,0.8,-0.8,0.8,0.0,-1.6,0.8,0.0,0.8,1.6,0.0,0.8,-0.8,-0.8,0.0,0.8,0.0,-0.8,0.8,-0.8,-0.8,0.0,0.0,1.6,0.8,0.8,0.8,0.0,1.6,-0.8,0.0,0.8,1.6,0.8,0.0,0.8,0.8,-1.6,0.8,-0.8,1.6,0.8,-0.8,0.8,0.0,0.0,1.6,0.0,0.8,-0.8,0.8,0.8,0.0,0.8,0.0,0.0,0.8,-0.8,0.0,0.0,0.8,0.8,0.0,0.8,0.0,0.0,0.8,-0.8,-0.8,0.8,0.0,0.0,-0.8,0.0,0.0,-0.8,-0.8,-0.8,-1.6,-1.6,0.0,0.0,0.0,0.8,0.0,0.0,0.8,0.0,0.0,0.0,-0.8,-0.8,0.0,1.6,-0.8,0.0,0.8,0.0,0.0,0.8,-0.8,-1.6,0.0,0.0,-0.8,-0.8,0.0,0.8,-1.6,0.8,0.8,0.8,0.0,0.0,-0.8,-1.6,1.6,-0.8,0.0,0.8,0.8,0.0,-0.8,0.0,1.6,0.0,0.8,-0.8,0.0,0.8,-1.6,1.6,-0.8,0.8,-0.8,0.0,0.8,-0.8,0.0,0.8,-0.8,0.0,-0.8,1.6,0.0,0.0,0.8,0.0,0.0,0.0,-1.6,0.0,0.0,0.0,-0.8,0.8,-0.8,-1.6,0.8,-0.8,0.8,0.0,0.0,0.0,0.0,0.8,-0.8,0.0,0.8,0.0,0.8,-0.8,0.8,2.4000000000000004,-0.8,1.6,-1.6,-0.8,0.0,-0.8,0.8,0.0,0.0,0.0,0.0,1.6,-0.8,0.0,0.8,-0.8,0.8,-0.8,0.0,0.0,0.0,0.8,0.0,1.6,0.8,0.0,0.8,0.0,1.6,0.0,-0.8,0.0,0.0,0.8,0.8,0.8,0.0,0.8,0.0,0.8,-0.8,-0.8,0.8,1.6,0.0,0.8,0.0,0.0,1.6,0.0,0.8,0.0,0.0,-0.8,0.0,0.8,0.8,-0.8,-0.8,0.0,0.0,0.0,0.8,-0.8,0.8,0.0,-0.8,0.0,-0.8,0.8,1.6,0.8,0.0,-1.6,0.8,-1.6,0.0,-0.8,-0.8,0.8,0.0,0.0,-0.8,-0.8,1.6,0.0,0.8,0.0,-0.8,2.4000000000000004,-0.8,-0.8,0.8,-0.8,0.8,-0.8,1.6,1.6,0.0,0.8,-0.8,0.0,-0.8,0.0,0.8,-0.8,1.6,0.0,0.0,0.8,-0.8,1.6,-0.8,0.8,-0.8,-1.6,0.8,0.8,0.8,0.0,0.0,0.8,-0.8,1.6,0.0,-0.8,0.8,0.0,-0.8,0.0,0.8,0.8,0.0,0.0,1.6,0.8,0.0,0.0,0.8,0.0,-0.8,0.8,0.8,0.0,-1.6,0.0,1.6,1.6,0.8,0.8,0.0,-0.8,0.0,0.8,0.0,1.6,0.8,0.8,0.8,0.8,0.8,1.6,0.0,0.0,0.0,0.0,0.0,0.8,0.0,0.0,0.0,0.0,0.0,-0.8,0.0,0.0,-0.8,0.0,-0.8,1.6,-0.8,0.0,0.0,0.8,0.0,-0.8,0.0,-0.8,0.8,1.6,0.0,0.0,0.0,0.0,0.0,-0.8,0.0,0.8,0.0,0.0,-0.8,-0.8,0.0,0.0,0.8,0.0,0.8,0.0,0.0,1.6,0.0,0.0,0.8,-0.8,-0.8,0.0,1.6,0.0,0.8,-0.8,-0.8,0.8,0.0,0.8,0.8,0.0,-0.8,-1.6,0.0,-1.6,0.8,0.0,0.0,1.6,0.0,0.0,0.0,-0.8,0.0,-0.8,0.0,0.0,-0.8,0.8,0.0,0.8,0.8,-0.8,0.8,0.0,0.0,0.0,0.0,1.6,1.6,-2.4000000000000004,0.8,2.4000000000000004,0.0,-3.2,3.2,1.6,-2.4000000000000004,0.8,2.4000000000000004,-0.8,-1.6,0.8,1.6,-0.8,-1.6,0.0,0.0,-0.8,0.0,0.0,1.6,-0.8,0.8,0.0,0.0,0.0,-0.8,0.8,-0.8,0.0,-0.8,0.8,0.8,0.0,-0.8,0.8,0.0,-0.8,-0.8,0.8,0.8,0.0,0.0,-0.8,-1.6,0.0,-0.8,0.8,-0.8,0.0,0.8,-0.8,0.0,0.8,-0.8,-0.8,-1.6,0.8,-0.8,1.6,1.6,-1.6,0.8,0.8,-0.8,2.4000000000000004,-1.6,0.0,0.0,-1.6,0.0,-1.6,0.8,0.0,0.0,0.0,-0.8,0.0,0.0,0.0,0.0,-0.8,-0.8,-1.6,-0.8,0.0,-0.8,0.8,0.8,0.8,-0.8,0.8,0.0,-0.8,-0.8,0.0,0.8,1.6,-0.8,0.0,0.8,0.0,0.0,-0.8,0.8,0.0,-0.8,-1.6,0.8,0.0,-0.8,0.8,0.8,-0.8,0.0,0.8,-0.8,0.8,-1.6,-1.6,0.8,0.8,-0.8,0.0,0.0,0.8,0.0,0.8,0.0,0.0,1.6,0.0,0.0,-0.8,-0.8,0.8,-1.6,-1.6,0.8,0.0,0.8,-0.8,0.0,-0.8,0.0,-0.8,0.0,-0.8,0.0,0.8,0.0,0.0,0.0,-0.8,1.6,-0.8,-0.8,0.8,0.8,0.0,0.0,-1.6,1.6,-0.8,0.8,0.0,0.0,2.4000000000000004,0.0,0.0,0.0,0.8,0.0,-0.8,0.8,0.0,0.0,0.8,0.0,0.8,-1.6,-0.8,0.0,-0.8,0.0,-0.8,0.0,0.8,-0.8,0.8,0.8,0.8,0.8,0.0,0.8,-0.8,1.6,0.0,0.0,1.6,-0.8,0.0,1.6,0.0,1.6,0.0,0.8,-0.8,0.0,0.8,0.0,1.6,0.8,-0.8,1.6,-0.8,0.8,-0.8,0.0,0.8,0.8,0.0,0.0,0.8,1.6,0.8,0.8,-1.6,-0.8,0.8,0.8,0.8,0.8,0.8,0.0,0.0,0.0,0.0,1.6,0.0,0.0,0.0,0.0,0.0,1.6,0.8,-0.8,0.8,0.8,0.8,0.0,0.0,0.0,0.8,0.0,0.0,-0.8,0.0,-0.8,-1.6,0.8,0.8,0.8,0.8,-1.6,-1.6,0.8,0.0,-0.8,0.8,0.0,0.0,1.6,-0.8,1.6,-0.8,-1.6,0.0,-0.8,0.0,-1.6,0.0,0.8,-0.8,1.6,0.8,1.6,0.8,0.0,1.6,-0.8,0.8,-0.8,0.0,0.8,0.8,0.0,0.8,0.0,1.6,0.8,0.8,0.0,-0.8,0.8,-0.8,0.8,0.0,0.0,1.6,0.0,0.8,-1.6,-0.8,0.8,0.0,0.0,0.0,0.8,1.6,-1.6,1.6,0.8,0.8,-0.8,-0.8,2.4000000000000004,-1.6,0.8,1.6,0.8,-0.8,0.0,1.6,-1.6,-0.8,2.4000000000000004,0.0,0.0,1.6,-0.8,0.0,0.8,0.0,0.0,0.8,0.8,1.6,0.0,1.6,-0.8,-0.8,0.8,-0.8,-0.8,0.8,1.6,0.0,0.8,0.0,1.6,0.0,0.0,0.8,0.0,0.8,0.0,0.8,0.0,0.8,0.8,0.8,0.0,-0.8,0.8,0.0,0.0,0.8,-0.8,0.0,0.0,-0.8,0.0,0.0,0.0,0.8,0.0,0.0,0.8,0.8,-1.6,-0.8,0.8,0.8,1.6,-0.8,0.8,0.8,0.0,-0.8,-0.8,0.8,0.0,-1.6,-0.8,-0.8,0.0,0.8,0.8,1.6,0.0,0.8,0.0,0.8,1.6,-0.8,0.8,0.0,0.8,-0.8,0.0,1.6,0.0,0.0,0.8,0.8,0.8,0.8,0.0,0.0,0.0,0.8,0.8,1.6,0.0,0.0,1.6,-0.8,0.8,-0.8,-0.8,0.8,-0.8,0.8,0.0,0.8,0.8,-1.6,0.8,0.0,-0.8,0.8,-0.8,0.0,-0.8,1.6,0.8,-0.8,0.0,0.8,0.0,0.8,0.8,0.0,0.8,0.0,-0.8,0.0,0.8,0.8,0.8,0.8,0.0,0.0,-0.8,0.0,0.8,0.0,0.0,0.0,0.0,0.8,-0.8,0.0,0.8,0.0,0.0,0.8,-0.8,0.8,-0.8,0.8,0.0,0.8,0.0,1.6,1.6,1.6,-0.8,0.8,-0.8,0.8,0.0,-0.8,0.0,-0.8,0.8,0.8,0.8,2.4000000000000004,-0.8,1.6,-0.8,-0.8,0.0,0.0,0.0,0.0,-0.8,-0.8,0.0,0.8,-0.8,1.6,-1.6,-0.8,1.6,0.8,0.8,0.0,0.8,0.8,-0.8,0.0,0.0,0.8,0.0,0.0,0.8,-1.6,0.0,0.8,0.0,0.8,0.0,0.8,0.0,0.0,0.8,-0.8,0.8,-0.8,-0.8,0.8,1.6,1.6,-0.8,0.8,0.8,0.0,1.6,-1.6,0.0,0.8,0.0,0.0,0.0,0.0,0.0,0.8,0.8,0.0,0.0,0.8,1.6,0.0,0.0,-0.8,-0.8,0.0,0.0,0.0,0.8,0.0,0.0,0.0,0.8,0.0,0.0,-1.6,0.0,0.0,0.8,0.8,0.0,1.6,0.0,-0.8,1.6,0.0,-0.8,0.8,0.0,0.8,0.0,-0.8,0.8,-0.8,0.8,0.0,0.0,0.0,0.0,0.0,0.0,-0.8,1.6,-0.8,-0.8,1.6,0.8,0.8,0.8,1.6,0.0,1.6,1.6,-0.8,0.8,0.0,0.0,-0.8,0.0,0.8,0.0,0.8,0.0,-1.6,1.6,0.0,0.8,1.6,-1.6,0.8,0.0,0.0,0.8,0.0,0.8,0.8,0.8,-1.6,0.0,0.8,-0.8,0.8,0.8,0.8,1.6,0.0,0.0,-0.8,0.8,2.4000000000000004,-0.8,0.8,0.0,0.8,0.0,0.0,1.6,-0.8,-0.8,0.0,0.8,0.0,-0.8,0.0,0.0,0.0,0.8,-1.6,0.8,-0.8,0.8,0.8,-0.8,2.4000000000000004,0.0,0.8,0.8,0.0,1.6,0.0,0.0,1.6,0.8,1.6,0.0,0.8,0.0,0.8,0.8,0.8,0.8,0.0,0.0,0.8,-0.8,0.8,0.8,0.0,0.0,0.8,0.8,0.0,0.8,-0.8,0.8,0.8,0.8,1.6,0.8,0.0,0.8,0.8,0.8,0.0,0.8,-0.8,0.8,0.0,0.0,4.0,-0.8,-1.6,3.2,1.6,-1.6,-0.8,1.6,-1.6,0.0,0.8,0.0,0.8,0.8,-0.8,2.4000000000000004,-0.8,-0.8,-0.8,1.6,0.8,-1.6,0.0,-0.8,0.0,0.0,-0.8,1.6,0.0,0.0,-0.8,0.0,3.2,-0.8,0.8,0.8,-0.8,0.8,0.0,0.8,0.0,-1.6,0.8,-0.8,0.8,0.8,0.0,0.0,0.8,1.6,1.6,0.0,0.8,0.8,0.0,0.8,0.8,2.4000000000000004,0.0,0.0,0.8,0.0,0.8,1.6,0.8,0.8,0.0,0.0,-0.8,0.8,0.0,1.6,0.0,-0.8,0.0,0.0,0.0,0.8,-0.8,0.8,0.0,0.8,0.8,-0.8,0.0,0.8,0.0,0.8,0.8,0.0,0.8,1.6,0.8,0.0,0.0,0.8,0.0,0.0,0.8,0.0,0.0,-0.8,0.8,0.0,0.0,-0.8,-0.8,-1.6,0.0,0.8,0.0,0.8,0.8,-0.8,0.8,-0.8,-0.8,0.0,0.8,0.8,-0.8,0.0,1.6,0.0,0.8,0.8,0.0,0.8,0.0,0.0,0.8,0.0,0.8,-0.8,0.0,0.8,0.8,0.8,-0.8,0.8,0.0,0.8,0.8,0.0,0.0,-1.6,-0.8,1.6,0.0,0.8,0.8,0.0,1.6,0.0,1.6,0.8,1.6,2.4000000000000004,0.0,0.8,0.8,-0.8,0.8,0.0,0.8,-0.8,0.8,0.0,0.0,0.8,1.6,1.6,0.0,0.0,0.8,-0.8,0.8,0.0,0.0,1.6,0.8,0.8,0.0,0.0,0.8,0.0,0.8,0.0,-0.8,0.8,0.0,0.8,0.8,0.0,0.0,-0.8,0.0,0.8,-0.8,0.0,0.8,0.8,0.0,1.6,1.6,1.6,0.8,0.8,0.0,0.0,0.8,0.0,0.8,0.8,0.0,-0.8,0.0,1.6,0.8,0.0,0.8,1.6,1.6,0.0,0.0,0.0,0.8,-0.8,0.0,0.8,0.0,0.8,0.8,0.8,1.6,0.0,0.8,0.8,0.8,0.8,-0.8,0.8,1.6,0.0,2.4000000000000004,-0.8,1.6,0.0,0.8,1.6,0.0,0.8,-0.8,0.0,0.8,1.6,1.6,0.8,0.0,1.6,0.8,1.6,0.0,0.8,0.0,-0.8,0.8,0.8,0.0,2.4000000000000004,0.8,1.6,0.0,0.8,0.8,1.6,0.0,0.0,0.8,1.6,0.8,0.0,0.0,0.8,0.8,-0.8,0.8,0.0,1.6,0.0,0.8,0.0,0.8,1.6,-0.8,-0.8,0.8,0.0,-0.8,0.8,0.8,-0.8,0.0,0.0,0.0,0.8,0.8,0.0,0.0,0.8,0.8,0.0,0.8,0.8,0.0,1.6,0.8,0.0,0.0,0.8,2.4000000000000004,1.6,0.8,-0.8,0.0,1.6,0.0,0.0,0.0,0.8,0.0,0.0,0.8,0.8,1.6,0.8,0.8,0.8,-0.8,0.8,0.0,0.8,0.0,0.0,0.8,0.8,1.6,0.0,1.6,0.8,0.0,0.0,-0.8,0.0,2.4000000000000004,-1.6,1.6,0.8,0.8,0.8,0.0,0.8,0.8,0.8,0.8,-0.8,0.8,0.0,0.8,1.6,0.0,0.8,0.0,0.0,0.8,0.0,0.8,-0.8,1.6,0.8,0.0,1.6,-0.8,0.8,0.8,0.0,1.6,0.8,2.4000000000000004,-1.6,0.8,0.8,-1.6,0.8,0.0,0.8,0.8,0.0,1.6,-0.8,-0.8,0.0,-0.8,0.8,-0.8,0.0,0.8,0.0,1.6,-0.8,0.0,1.6,-1.6,0.8,0.0,2.4000000000000004,-1.6,0.0,0.8,-0.8,0.8,1.6,0.0,-0.8,-0.8,-0.8,-1.6,0.0,0.8,-0.8,0.8,0.0,1.6,0.0,0.0,0.8,0.0,0.8,0.8,0.8,0.0,0.0,0.8,-1.6,0.8,0.8,0.0,0.8,0.8,0.0,-2.4000000000000004,0.8,1.6,1.6,0.8,0.0,1.6,0.8,-0.8,0.8,0.0,-0.8,0.0,-0.8,0.0,-0.8,0.0,0.0,0.0,0.8,-0.8,1.6,-0.8,0.0,0.0,0.0,0.0,0.0,-0.8,0.0,0.0,0.8,0.8,1.6,0.8,0.0,0.8,0.0,0.8,1.6,0.8,0.8,-0.8,0.8,0.8,0.8,0.0,0.0,1.6,0.0,0.0,1.6,0.8,0.8,0.0,0.0,0.8,0.8,0.8,-1.6,-0.8,0.8,-0.8,0.8,0.8,0.8,0.0,-0.8,1.6,0.0,1.6,0.0,-1.6,0.8,0.0,0.0,0.0,0.0,1.6,0.0,0.8,0.0,0.0,0.8,0.0,0.8,0.0,-0.8,0.8,-0.8,0.0,0.0,0.8,1.6,0.0,0.8,0.0,0.8,0.0,-1.6,0.8,-0.8,0.8,0.8,0.8,0.0,0.8,0.0,0.0,0.0,1.6,-0.8,0.0,0.8,-0.8,0.8,0.8,0.0,1.6,-0.8,0.0,-0.8,0.8,0.0,-0.8,-0.8,0.8,-0.8,0.0,0.0,0.0,0.8,-0.8,0.8,-0.8
event_21,1625266745.3730686,1.6,1.6,-0.8,0.8,0.0,-0.8,-1.6,1.6,0.8,-1.6,-0.8,1.6,0.8,0.8,-0.8,0.8,0.8,0.0,-1.6,0.8,1.6,-1.6,0.0,0.8,0.8,0.0,-1.6,0.8,-0.8,-0.8,-0.8,-1.6,2.4000000000000004,0.8,-1.6,0.0,-0.8,2.4000000000000004,-0.8,0.0,0.0,0.0,0.0,-0.8,1.6,1.6,0.0,1.6,0.0,1.6,0.0,0.8,0.8,0.8,0.0,-0.8,-0.8,0.0,-0.8,0.8,0.0,0.8,-0.8,0.0,1.6,-0.8,-0.8,1.6,-0.8,1.6,-2.4000000000000004,0.0,0.8,0.0,0.0,0.8,0.8,0.0,0.0,0.8,0.0,1.6,0.8,0.8,-0.8,-0.8,0.8,0.8,-0.8,0.8,0.0,-0.8,0.0,0.0,0.8,-0.8,0.0,0.0,0.0,0.8,0.0,0.0,-4.0,-20.800000000000004,-32.800000000000004,-21.6,-9.600000000000001,-5.6,-4.0,-0.8,-0.8,-0.8,0.8,-1.6,-1.6,0.8,-0.8,-0.8,0.8,0.8,0.0,0.0,0.0,0.0,0.0,0.0,0.8,1.6,-0.8,0.8,-0.8,0.0,1.6,-0.8,2.4000000000000004,1.6,-1.6,1.6,0.8,0.8,0.8,-0.8,1.6,0.8,1.6,0.0,0.0,3.2,-0.8,0.0,1.6,-0.8,0.8,0.8,0.8,-0.8,0.0,0.8,0.0,1.6,0.0,-0.8,1.6,-1.6,0.8,-1.6,0.8,0.8,0.0,0.0,0.0,0.8,0.8,0.0,0.8,-0.8,0.8,0.8,0.8,0.8,-0.8,0.8,0.8,0.0,0.8,-0.8,1.6,0.0,0.0,0.8,-1.6,1.6,-0.8,0.8,0.0,0.0,1.6,0.0,0.8,0.0,0.0,1.6,-0.8,-0.8,-0.8,0.8,0.8,-0.8,0.8,2.4000000000000004,1.6,1.6,-0.8,0.8,0.0,0.8,0.0,-1.6,0.8,0.8,0.0,0.8,0.8,0.0,0.0,1.6,0.0,-0.8,0.8,0.0,0.8,-0.8,0.8,0.0,1.6,0.8,0.8,0.8,0.0,2.4000000000000004,0.8,0.0,0.8,0.8,0.0,0.0,1.6,1.6,-0.8,0.8,-0.8,0.0,0.0,0.0,0.0,0.8,0.0,0.8,-0.8,0.8,-0.8,0.0,0.0,-0.8,0.0,-0.8,0.8,1.6,0.0,0.8,0.0,1.6,0.0,0.0,1.6,-1.6,1.6,0.8,0.0,1.6,0.8,0.8,0.0,0.0,0.8,-0.8,0.0,0.0,0.0,-0.8,-0.8,0.8,0.0,0.0,0.8,0.0,0.8,0.8,0.8,0.0,0.0,0.0,-1.6,0.8,1.6,0.8,0.0,0.8,0.8,0.0,0.8,0.0,-0.8,0.8,-0.8,-0.8,0.8,0.0,0.0,0.8,0.8,0.0,0.0,0.0,0.8,0.0,-1.6,0.0,0.8,0.8,0.0,1.6,0.0,1.6,0.0,0.0,0.8,0.0,0.8,-1.6,0.0,0.8,1.6,0.0,0.8,0.8,1.6,0.8,1.6,0.0,1.6,1.6,0.0,0.0,1.6,0.0,1.6,0.0,0.8,-0.8,0.8,0.8,0.0,0.0,0.8,0.0,0.0,-0.8,0.0,-0.8,0.0,-0.8,0.0,0.0,0.8,0.8,1.6,0.0,0.8,0.8,0.0,-0.8,-0.8,1.6,0.0,-0.8,0.0,-0.8,0.0,-0.8,0.0,0.8,0.0,0.8,0.0,0.0,1.6,0.8,0.8,0.0,-0.8,-0.8,-0.8,1.6,0.0,0.8,0.0,0.0,1.6,0.8,0.8,-0.8,0.0,-0.8,-0.8,0.8,0.0,-0.8,0.0,-0.8,2.4000000000000004,0.8,-1.6,0.8,0.0,0.0,0.8,0.8,-0.8,0.0,0.8,-0.8,0.0,1.6,0.8,0.0,-0.8,0.8,-0.8,0.8,0.0,0.8,0.8,0.8,0.8,1.6,0.0,0.0,0.0,0.0,0.0,0.0,0.0,0.8,0.0,0.8,1.6,0.0,0.0,0.8,0.0,1.6,-0.8,1.6,1.6,0.0,0.0,0.0,0.0,0.0,0.8,0.0,0.0,1.6,0.8,0.0,1.6,-0.8,0.8,0.8,-0.8,-0.8,0.8,0.8,-0.8,0.0,0.0,0.0,0.8,-0.8,0.8,0.8,0.0,2.4000000000000004,0.0,0.8,0.0,-0.8,2.4000000000000004,-0.8,0.0,0.0,0.0,0.8,-1.6,0.8,0.8,0.8,0.8,-0.8,1.6,0.8,-0.8,0.0,0.0,2.4000000000000004,-0.8,0.0,2.4000000000000004,0.8,0.8,0.8,0.0,0.0,-1.6,0.0,0.0,1.6,0.0,0.0,0.0,0.0,0.8,0.8,0.8,1.6,0.8,0.0,0.8,0.0,2.4000000000000004,0.0,-0.8,0.0,1.6,0.0,0.0,0.8,0.0,0.0,-0.8,0.0,0.0,0.8,1.6,-0.8,0.8,0.0,-0.8,-0.8,0.8,0.0,0.0,0.0,0.8,0.8,0.0,0.0,0.8,0.8,-0.8,0.0,0.8,1.6,0.0,-0.8,0.0,0.8,0.8,-0.8,0.0,0.8,0.0,0.0,0.8,0.0,-0.8,-0.8,0.0,-1.6,0.0,1.6,0.0,0.0,0.0,0.8,0.0,0.8,-0.8,-0.8,0.8,0.8,0.0,0.0,-0.8,2.4000000000000004,0.0,1.6,0.0,-0.8,1.6,0.8,-0.8,-0.8,0.0,1.6,0.0,0.8,1.6,0.0,0.8,-1.6,0.8,-0.8,-1.6,1.6,-0.8,1.6,0.0,0.0,2.4000000000000004,0.0,1.6,0.8,0.8,1.6,-0.8,0.8,0.0,1.6,1.6,0.0,1.6,-0.8,0.8,0.8,-1.6,1.6,-0.8,0.8,0.0,-0.8,1.6,0.8,1.6,0.8,-0.8,0.8,-0.8,0.0,-0.8,-0.8,0.0,0.0,0.0,-0.8,0.8,0.8,-0.8,1.6,0.0,0.0,2.4000000000000004,1.6,0.0,0.0,0.0,0.0,0.0,0.0,0.8,0.0,0.0,0.0,-0.8,-0.8,0.0,-0.8,-0.8,0.0,1.6,-0.8,0.0,0.8,-0.8,0.8,0.8,0.0,0.8,-0.8,1.6,0.0,0.8,0.0,0.0,0.0,0.0,-0.8,-0.8,0.0,0.8,-0.8,0.0,0.0,0.8,0.8,0.0,2.4000000000000004,-0.8,0.0,0.8,-0.8,0.0,0.0,0.8,0.8,0.8,0.8,-0.8,0.8,0.8,-0.8,0.8,0.0,0.0,0.0,0.0,1.6,1.6,0.0,0.0,0.0,0.8,-0.8,1.6,0.8,0.0,0.0,-0.8,0.8,0.8,-0.8,2.4000000000000004,0.0,0.0,0.0,0.0,-0.8,-0.8,0.0,0.8,0.0,0.8,-0.8,0.8,0.0,0.0,0.8,-0.8,0.8,0.0,0.8,0.0,0.0,1.6,0.8,1.6,0.0,0.0,1.6,0.8,-0.8,0.8,0.0,0.0,0.8,0.8,-0.8,0.0,2.4000000000000004,0.0,-0.8,0.8,0.8,1.6,0.0,0.0,0.0,0.0,0.8,0.8,1.6,0.0,0.8,0.8,1.6,0.0,0.0,1.6,0.8,0.0,-0.8,1.6,0.8,0.0,0.0,0.8,0.8,-0.8,0.8,1.6,0.0,0.0,0.0,0.0,0.8,0.8,0.8,0.8,0.8,0.0,0.8,0.8,0.0,0.0,2.4000000000000004,0.8,2.4000000000000004,0.0,1.6,1.6,1.6,0.0,0.0,1.6,1.6,0.8,0.8,0.0,0.8,0.8,2.4000000000000004,0.8,0.8,0.8,0.8,1.6,0.8,-1.6,0.0,-0.8,2.4000000000000004,0.0,-0.8,0.8,0.0,0.8,1.6,0.0,0.8,2.4000000000000004,0.8,0.0,0.8,1.6,0.0,0.8,0.0,0.8,1.6,0.0,0.8,0.8,-0.8,0.0,0.0,0.0,0.0,1.6,0.8,0.0,0.8,0.0,-0.8,0.8,0.0,-0.8,0.0,1.6,0.8,0.8,0.0,0.0,0.0,1.6,0.0,0.8,1.6,0.0,-0.8,1.6,0.8,1.6,0.0,1.6,1.6,0.8,0.8,0.8,1.6,-1.6,-0.8,0.0,0.0,0.8,0.8,0.8,1.6,-0.8,0.8,0.0,0.8,0.8,0.0,1.6,0.0,1.6,0.0,0.8,1.6,0.0,0.0,1.6,0.8,2.4000000000000004,-0.8,1.6,-0.8,-0.8,0.8,0.8,1.6,0.8,-0.8,0.8,0.8,1.6,-0.8,0.8,0.8,0.0,1.6,-0.8,0.0,1.6,-0.8,1.6,0.0,-0.8,2.4000000000000004,0.0,1.6,0.0,0.8,0.8,-0.8,0.8,0.8,1.6,0.0,0.0,0.0,0.0,1.6,0.8,-0.8,0.8,0.0,1.6,0.0,0.8,0.8,0.0,1.6,-0.8,-0.8,0.8,0.8,0.8,0.8,0.8,1.6,0.8,0.0,-0.8,0.8,1.6,-0.8,0.0,0.0,0.8,0.0,0.0,1.6,0.0,0.0,0.8,0.8,1.6,0.0,0.8,0.0,0.8,0.0,0.0,0.8,0.8,0.8,0.8,0.0,1.6,0.0,0.0,0.8,0.8,2.4000000000000004,0.8,0.8,0.8,0.8,-0.8,0.8,0.8,0.8,0.8,0.8,0.8,0.0,0.8,1.6,-0.8,0.8,-0.8,-0.8,0.8,0.0,0.0,0.0,0.0,0.8,-0.8,0.8,0.0,0.0,0.8,-0.8,0.8,-0.8,1.6,1.6,-0.8,0.8,-0.8,0.8,-0.8,0.8,0.8,-0.8,2.4000000000000004,0.0,0.0,0.8,-1.6,2.4000000000000004,0.8,0.8,0.0,-0.8,1.6,0.0,0.0,1.6,-0.8,-0.8,-1.6,0.8,0.8,0.8,0.8,0.0,0.0,0.8,0.8,0.8,-0.8,0.8,0.0,0.0,1.6,0.0,0.8,0.8,1.6,2.4000000000000004,0.0,0.0,-0.8,1.6,0.0,0.0,0.8,-0.8,0.0,0.8,0.0,0.8,0.0,0.0,0.0,0.8,0.8,-0.8,0.8,0.8,2.4000000000000004,0.0,0.8,0.8,1.6,-0.8,0.8,0.0,0.0,-0.8,0.0,0.8,0.8,-0.8,0.8,0.0,0.0,0.8,0.0,0.0,0.8,0.0,1.6,0.8,1.6,0.8,0.0,0.8,0.8,1.6,0.8,0.8,-0.8,0.8,1.6,0.0,0.0,0.0,1.6,-0.8,-0.8,0.8,0.8,-0.8,0.0,0.0,0.0,0.0,-0.8,0.8,0.0,0.0,0.0,-0.8,1.6,1.6,0.0,0.8,-0.8,-0.8,0.8,2.4000000000000004,0.8,0.0,0.8,1.6,0.8,0.8,0.0,0.8,-0.8,0.8,0.0,-0.8,0.8,0.8,0.8,0.8,2.4000000000000004,1.6,0.0,0.8,0.8,0.0,0.8,-0.8,0.8,-0.8,0.8,0.0,0.8,1.6,0.8,0.8,0.8,0.8,0.8,0.0,1.6,0.8,-0.8,0.8,0.8,0.8,0.8,0.8,1.6,0.8,0.0,-0.8,-0.8,0.0,0.8,0.0,0.8,0.0,0.0,-0.8,-0.8,1.6,-0.8,0.0,0.8,0.8,0.8,0.0,0.0,0.0,0.8,1.6,0.0,-0.8,1.6,1.6,0.0,-0.8,0.0,0.0,-1.6,0.0,1.6,0.8,-0.8,-0.8,1.6,-1.6,0.0,0.0,0.0,1.6,0.0,0.8,0.0,0.8,0.0,-1.6,2.4000000000000004,0.0,-1.6,0.0,1.6,2.4000000000000004,-1.6,0.8,1.6,0.8,1.6,-0.8,-0.8,1.6,0.0,0.0,0.0,1.6,0.8,0.0,2.4000000000000004,0.8,1.6,-0.8,0.0,0.8,-1.6,0.0,-0.8,0.0,0.8,-1.6,0.8,0.8,0.8,1.6,0.8,0.8,0.0,-0.8,0.8,0.8,1.6,0.0,0.8,0.8,0.8,0.0,0.0,0.8,0.0,-0.8,-0.8,-0.8,0.0,0.0,1.6,0.8,-0.8,-0.8,0.0,0.8,0.8,0.0,0.8,0.8,0.8,0.0,0.0,0.0,0.8,0.8,0.0,0.0,-0.8,1.6,0.8,0.8,0.8,0.0,1.6,-0.8,0.0,0.8,0.8,-0.8,0.0,0.0,0.0,-0.8,0.8,0.0,0.0,0.8,0.8,1.6,0.8,0.0,-0.8,0.8,0.0,-1.6,0.0,0.8,-0.8,0.8,0.8,1.6,-0.8,0.0,-0.8,-0.8,0.8,0.0,-0.8,0.8,0.8,0.8,0.0,1.6,2.4000000000000004,0.0,2.4000000000000004,0.0,0.8,0.0,-1.6,0.8,0.0,0.8,0.0,-0.8,0.8,-0.8,0.8,0.8,0.8,1.6,-2.4000000000000004,0.8,0.8,0.8,0.8,0.0,0.8,0.8,0.0,0.8,-0.8,1.6,0.8,0.0,0.0,-0.8,1.6,1.6,0.8,0.8,-1.6,1.6,-1.6,0.8,0.0,0.0,1.6,-0.8,0.0,0.0,-0.8,0.8,0.0,0.8,0.8,-0.8,1.6,0.0,0.8,-0.8,0.0,0.0,-0.8,-0.8,0.0,0.8,-0.8,0.8,0.8,-0.8,-0.8,-0.8,0.0,0.0,0.0,0.8,0.0,1.6,0.0,0.8,1.6,-1.6,-0.8,0.8,0.8,0.0,0.0,0.8,0.8,0.8,0.0,0.0,1.6,0.8,0.0,-0.8,-0.8,-0.8,0.0,1.6,0.0,0.8,0.8,-0.8,1.6,-0.8,0.0,0.0,0.0,0.0,0.0,-1.6,1.6,1.6,0.0,-1.6,4.800000000000001,-0.8,-2.4000000000000004,1.6,1.6,0.0,0.0,0.8,1.6,-0.8,0.8,0.0,0.8,0.8,0.0,0.8,0.0,0.0,0.8,-0.8,2.4000000000000004,-0.8,0.8,0.8,0.0,0.8,0.8,0.0,1.6,0.0,2.4000000000000004,0.0,1.6,0.0,0.0,0.8,-0.8,2.4000000000000004,0.0,2.4000000000000004,0.8,-0.8,0.8,0.0,0.8,0.8,-0.8,2.4000000000000004,-0.8,0.0,0.8,-1.6,0.0,-0.8,0.8,2.4000000000000004,-0.8,0.8,0.8,0.0,1.6,1.6,-0.8,0.0,-0.8,-0.8,0.8,1.6,0.8,0.0,-0.8,0.8,0.8,0.8,0.0,-0.8,0.8,0.0,-0.8,0.0,0.0,0.0,0.0,0.8,0.8,0.0,0.0,0.8,0.0,0.0,-0.8,0.8,0.0,0.0,-1.6,0.0,0.0,-0.8,0.0,0.8,0.8,0.0,-1.6,0.8,0.8,0.0,0.0,0.0,0.8,0.0,0.0,-0.8,-0.8,0.8,-0.8,0.8,-0.8,-0.8,0.0,0.0,1.6,0.0,0.8,0.0,-0.8,0.8,-1.6,0.0,-0.8,0.0,1.6,-0.8,0.8,0.0,0.0,0.8,0.0,0.0,0.0,1.6,0.0,0.0,0.8,-0.8,0.0,-0.8,0.0,1.6,-0.8,0.8,0.0,-0.8,1.6,0.0,0.8,0.0,0.0,0.0,-1.6,0.8,0.0,-1.6,0.8,-1.6,-0.8,0.8,1.6,1.6,0.0,0.8,0.8,0.0,1.6,-0.8,0.8,0.8,0.0,0.0,0.8,1.6,0.8,0.0,0.0,0.8,0.0,0.0,0.0,0.8,0.0,0.0,0.8,0.0,0.8,0.8,0.0,1.6,0.8,0.0,0.8,0.8,1.6,0.0,0.8,0.8,1.6,0.8,-0.8,0.8,0.8,0.0,0.8,-0.8,1.6,-0.8,0.0,0.8,0.0,0.0,1.6,0.8,0.8,-0.8,0.8,-1.6,0.8,-0.8,0.0,1.6,0.0,0.8,0.0,0.0,1.6,0.0,0.0,0.8,-0.8,0.8,0.0,0.0,0.0,0.8,0.0,-2.4000000000000004,0.0,0.0,0.8,0.0,-0.8,0.8,-0.8,0.8,0.0,0.0,0.0,0.0,0.8,0.0,0.8,-0.8,0.0,0.8,-0.8,0.0,0.0,0.8,0.8,0.8,0.8,0.8,-0.8,0.8,0.0,0.0,0.8,0.0,0.0,0.8,0.8,0.8,-0.8,0.0,0.0,0.0,0.8,0.0,1.6,0.0,-0.8,0.8,0.0,-0.8,0.0,0.0,0.8,0.0,-0.8,0.0,0.0,0.8,-1.6,0.8,0.0,0.8,1.6,0.0,0.8,0.8,-0.8,1.6,0.0,0.8,0.0,0.0,0.0,0.0,0.0,1.6,-0.8,0.8,0.0,0.8,0.8,-0.8,-0.8,2.4000000000000004,0.0,0.8,0.8,1.6,-0.8,0.8,2.4000000000000004,-0.8,0.8,0.0,1.6,1.6,0.0,1.6,0.0,0.8,-0.8,-0.8,0.8,0.0,0.0,0.8,-1.6,0.0,-1.6,0.8,1.6,-0.8,0.8,0.8,0.8,0.8,0.0,1.6,0.8,0.8,-1.6,0.8,2.4000000000000004,0.0,0.0,-0.8,1.6,1.6,0.0,1.6,-0.8,0.8,-0.8,-0.8,1.6,0.8,1.6,0.8,0.8,2.4000000000000004,-0.8,0.8,-0.8,0.0,0.8,0.0,1.6,-0.8,0.0,0.8,0.0,1.6,0.8,0.0,0.8,0.0,1.6,-0.8,0.8,0.8,1.6,0.8,0.0,0.8,0.8,0.0,0.8,0.0,3.2,0.0,0.0,0.8,0.8,0.0,0.0,1.6,0.8,-0.8,0.8,0.0,0.8,-0.8,0.0,0.8,-0.8,-0.8,-0.8,0.8,0.0,0.8,0.8,0.0,0.8,0.8,0.0,0.0,-0.8,-0.8,-0.8,0.0,-0.8,0.0,0.8,-0.8,0.0,-0.8,-0.8,0.0,-1.6,0.0,-0.8,-0.8,0.0,-0.8,1.6,0.0,0.0,1.6,-2.4000000000000004,-0.8,0.0,0.8,0.8,0.0,1.6,0.8,0.8,1.6,-1.6,0.0,0.0,0.0,0.0,-0.8,0.8,-0.8,0.0,0.0,0.8,2.4000000000000004,0.0,0.8,0.0,-0.8,0.0,-0.8,0.8,-0.8,-0.8,0.0,0.0,0.0,0.8,0.8,0.8,-0.8,0.0,0.0,0.0,0.8,-0.8,0.0,0.0,0.8,-0.8,-0.8,0.0,0.0,-0.8,0.8,0.8,1.6,0.0,0.8,0.0,-0.8,-0.8,-0.8,-1.6,-0.8,-1.6,0.8,0.0,0.8,0.0,-0.8,0.0,-0.8,0.0,0.8,0.0,0.0,0.8,0.8,-0.8,0.0,0.0,-0.8,-0.8,0.8,1.6,0.8,0.0,-0.8,0.8,-0.8,0.0,1.6,0.8,0.8,0.0,0.0,0.0,0.0,-0.8,-0.8,0.8,-0.8,-1.6,0.8,0.8,0.0,0.8,0.0,0.8,0.0,1.6,0.0,0.0,1.6,0.0,0.0,0.8,0.0,0.8,-0.8,0.8,0.8,-0.8,0.8,-0.8,0.8,-2.4000000000000004,-0.8,0.0,0.0,0.0,-0.8,-0.8,0.0,0.0,1.6,0.0,0.8,1.6,-1.6,1.6,-1.6,1.6,0.0,0.0,1.6,0.8,0.0,1.6,-0.8,1.6,-1.6,-0.8,0.8,0.8,-0.8,0.0,0.8,0.0,-0.8,0.8,-0.8,0.0,0.0,0.0,-0.8,0.0,0.8,-1.6,0.8,0.8,0.8,1.6,0.0,-0.8,1.6,0.8,0.0,0.0,0.8,0.8,0.0,-0.8,0.0,1.6,0.0,-0.8,0.0,-0.8,0.0,0.0,-0.8,-0.8,0.8,0.0,0.8,0.8,0.8,0.8,0.0,0.0,-0.8,0.8,1.6,0.8,0.0,-0.8,0.8,0.0,0.8,0.8,0.0,0.0,0.0,-0.8,0.0,0.0,0.0,0.8,0.0,0.8,-0.8,0.8,-0.8,-0.8,0.0,-1.6,0.8,0.0,-0.8,0.0,-0.8,0.8,0.8,0.0,0.8,-0.8,0.0,-0.8,0.8,0.0,0.0,0.0,-0.8,0.0,0.8,0.0,1.6,-0.8,0.0,0.0,-1.6,0.8,-0.8,-0.8,0.8,0.0,1.6,-2.4000000000000004,0.0,0.8,0.0,-0.8,-0.8,0.0,0.0,-1.6,0.0,-0.8,-0.8,0.8,2.4000000000000004,-1.6,-2.4000000000000004,4.0,1.6,-2.4000000000000004,0.8,0.8,0.0,-0.8,0.0,0.8,0.8,-0.8,-0.8,0.8,0.0,-0.8,0.0,0.0,0.0,0.0,-0.8,0.8,1.6,0.0,-0.8,1.6,-0.8,-1.6,-1.6,0.8,0.8,-0.8,0.0,0.8,0.0,0.8,0.0,-0.8,0.8,0.0,-1.6,-0.8,0.0,-0.8,0.8,0.0,0.0,0.8,-0.8,0.0,0.8,-1.6,0.0,-1.6,0.0,0.0,0.0,0.8,0.8,0.8,0.8,0.8,0.0,-0.8,0.8,0.0,0.8,0.8,-0.8,1.6,0.0,1.6,-0.8,0.0,1.6,-0.8,0.0,0.0,0.0,0.0,-0.8,0.8,-0.8,0.0,0.0,-0.8,0.0,-0.8,0.0,2.4000000000000004,-1.6,0.8,0.0,0.0,-0.8,-1.6,0.8,0.0,0.8,0.0,0.0,1.6,0.0,1.6,-0.8,0.0,0.0,-0.8,1.6,0.8,0.0,0.8,-0.8,-0.8,-1.6,0.0,0.0,-0.8,0.0,0.0,0.0,0.8,0.8,0.0,0.0,-0.8,0.0,0.0,1.6,0.0,-0.8,0.0,0.8,-0.8,0.8,0.0,-1.6,0.0,-0.8,0.8,0.8,0.8,0.8,0.8,0.0,0.0,0.0,0.8,-0.8,0.0,-0.8,-0.8,0.0,-0.8,1.6,0.0,0.0,1.6,0.8,0.8,0.8,0.0,0.0,-0.8,1.6,0.0,1.6,0.0,-0.8,0.8,0.8,0.0,0.8,0.0,0.8,-0.8,0.8,-1.6,0.8,0.0,0.0,1.6,0.0,-0.8,0.0,0.0,1.6,-1.6,0.0,0.8,0.0,-0.8,-1.6,0.8,0.0,-0.8,1.6,-0.8,0.0,1.6,0.8,1.6,-1.6,0.8,0.0,-0.8,0.0,-0.8,0.8,0.0,0.8,0.0,-1.6,0.0,-0.8,0.0,0.0,-1.6,1.6,-0.8,0.0,0.8,-0.8,1.6,-1.6,-0.8,0.0,0.8,1.6,-1.6,0.0,1.6,0.8,2.4000000000000004,-0.8,0.8,0.8,0.0,0.0,0.8,0.8,0.0,0.8,0.8,1.6
event_22,1625266747.5231915,0.0,0.8,0.0,0.8,-0.8,0.8,0.0,0.8,0.0,-0.8,0.8,-1.6,0.0,0.8,0.0,0.8,-1.6,0.8,1.6,0.0,1.6,0.8,0.8,-0.8,0.8,1.6,-0.8,0.8,0.8,0.8,0.0,0.8,0.0,-0.8,0.8,0.8,-0.8,0.0,0.8,0.8,-0.8,0.0,0.0,1.6,0.8,0.0,0.0,-0.8,0.0,0.0,0.8,0.8,0.0,0.0,0.8,0.0,0.8,0.0,0.0,-0.8,-0.8,0.8,0.8,0.8,-0.8,0.8,0.8,0.8,0.0,0.8,0.8,0.0,-1.6,0.8,-0.8,0.8,0.8,0.8,0.8,0.8,0.0,0.0,-0.8,0.0,-1.6,1.6,0.0,0.8,0.8,0.0,0.8,0.0,0.8,0.8,0.0,0.8,0.0,0.8,-0.8,0.8,0.0,-1.6,-11.2,-35.2,-39.199999999999996,-23.200000000000003,-12.0,-4.800000000000001,-3.2,-1.6,-0.8,-1.6,-1.6,-1.6,-0.8,0.8,-0.8,0.8,-0.8,0.0,0.8,-0.8,-0.8,0.0,0.8,0.0,0.0,0.0,-0.8,0.8,1.6,-0.8,0.0,0.8,2.4000000000000004,0.0,0.0,0.8,0.0,0.8,0.0,0.0,0.8,0.0,0.0,0.8,0.0,0.8,0.8,0.8,0.8,0.0,0.0,0.8,0.0,0.8,0.8,0.0,0.8,-0.8,0.0,-0.8,1.6,0.0,0.0,0.8,0.0,0.8,1.6,0.8,0.8,-0.8,0.0,0.0,0.0,0.8,0.8,0.8,0.8,-0.8,0.8,-1.6,0.8,-0.8,0.0,0.0,0.0,0.8,0.0,0.0,0.8,0.0,0.8,0.0,-0.8,2.4000000000000004,0.0,0.0,0.0,1.6,0.8,0.0,0.8,0.0,0.8,0.0,0.0,0.8,-0.8,0.8,-0.8,-0.8,0.8,-0.8,0.0,0.0,0.0,0.8,0.0,2.4000000000000004,-0.8,0.0,0.0,-1.6,2.4000000000000004,0.8,-2.4000000000000004,0.8,2.4000000000000004,0.8,-0.8,1.6,0.8,-0.8,0.8,0.8,0.8,-0.8,-0.8,1.6,0.8,0.0,0.0,0.0,1.6,-0.8,-0.8,0.8,0.8,0.8,-1.6,0.8,0.8,0.0,0.8,0.8,0.8,0.0,0.0,0.0,0.0,1.6,0.0,0.8,1.6,0.8,-0.8,1.6,0.8,0.0,0.0,0.0,0.8,0.0,-0.8,1.6,0.8,0.8,0.0,-0.8,0.0,0.0,-0.8,0.0,-0.8,0.8,-0.8,0.8,0.8,0.0,0.8,-0.8,0.8,0.0,1.6,1.6,-0.8,0.0,0.0,1.6,-0.8,-0.8,1.6,0.0,0.0,0.8,-0.8,0.8,-0.8,0.8,0.0,-1.6,0.8,-1.6,0.0,0.0,0.0,0.0,0.0,0.0,-0.8,-0.8,0.8,0.0,1.6,0.0,0.0,0.0,0.0,0.8,-1.6,1.6,-0.8,-0.8,0.8,-0.8,1.6,1.6,0.0,1.6,0.0,0.8,0.8,0.0,0.8,-1.6,0.0,0.8,0.8,1.6,0.0,0.8,0.0,0.8,1.6,0.0,0.8,-0.8,1.6,0.8,1.6,0.8,0.8,0.8,0.8,-0.8,1.6,0.0,0.8,0.0,-1.6,0.8,-0.8,0.8,1.6,0.0,1.6,-0.8,0.0,-0.8,0.0,0.8,0.8,0.8,0.8,0.0,-0.8,0.0,0.0,0.0,0.0,0.0,-0.8,0.0,0.8,0.8,0.8,0.8,0.0,-0.8,-0.8,0.8,0.8,0.0,0.0,-0.8,-0.8,0.0,-0.8,0.0,0.0,-0.8,0.8,-0.8,0.8,0.8,0.0,0.8,-0.8,-0.8,-0.8,1.6,0.8,-0.8,0.8,0.8,0.0,1.6,-0.8,-0.8,0.0,0.0,0.0,0.8,1.6,0.0,0.8,0.0,0.0,0.8,-0.8,0.8,0.0,-1.6,1.6,-0.8,0.0,-0.8,0.0,1.6,0.0,0.8,0.0,1.6,0.8,-0.8,0.0,-0.8,0.8,0.8,0.0,0.8,0.0,0.8,0.0,0.0,-0.8,0.0,0.8,0.0,0.0,0.0,-0.8,0.8,0.0,0.0,0.0,0.0,0.8,0.8,-0.8,0.8,0.0,0.8,-0.8,-1.6,0.8,0.8,0.8,0.8,0.0,0.0,0.8,0.0,0.8,0.0,0.0,-0.8,-0.8,-0.8,1.6,1.6,-0.8,0.8,0.8,0.0,0.8,0.0,0.0,0.0,-0.8,1.6,0.0,0.0,0.0,-0.8,0.0,-0.8,-0.8,0.0,0.8,1.6,-1.6,0.8,2.4000000000000004,0.8,0.8,0.0,0.8,1.6,-0.8,-0.8,0.0,1.6,0.0,0.0,0.0,0.0,1.6,0.8,0.0,2.4000000000000004,0.0,0.8,0.0,0.0,1.6,0.0,0.8,0.8,0.0,0.8,0.8,0.8,0.0,0.0,0.8,0.0,1.6,0.0,0.0,1.6,1.6,0.8,0.8,0.8,1.6,-0.8,-0.8,0.0,0.0,0.8,0.8,0.8,0.8,-0.8,0.0,-0.8,0.8,0.0,0.0,0.0,1.6,0.0,-0.8,0.0,0.0,0.8,0.8,0.0,0.8,0.8,0.8,0.8,0.0,0.8,0.8,0.0,-0.8,-0.8,0.8,0.0,-0.8,0.0,0.0,0.0,1.6,0.8,0.0,0.0,0.8,0.8,0.0,0.8,0.0,0.0,0.8,-0.8,-1.6,0.0,-0.8,-0.8,0.0,0.8,0.0,0.8,0.0,-0.8,0.8,1.6,-0.8,0.0,-1.6,1.6,0.0,-0.8,2.4000000000000004,-0.8,0.0,0.8,-0.8,0.8,-0.8,-0.8,0.0,0.0,0.0,0.8,2.4000000000000004,0.0,0.8,0.8,-0.8,1.6,-2.4000000000000004,1.6,-0.8,0.8,0.8,-1.6,0.8,0.8,0.0,0.8,-0.8,0.8,0.8,-0.8,0.8,-0.8,-0.8,0.8,0.0,0.8,-1.6,0.8,0.0,0.0,-0.8,-0.8,1.6,0.8,-0.8,-0.8,-0.8,1.6,-0.8,1.6,0.8,-0.8,1.6,-0.8,0.0,0.0,0.0,0.8,-0.8,0.8,0.0,0.8,0.8,0.8,0.0,-0.8,0.8,1.6,0.0,0.0,0.0,0.8,0.0,0.0,0.0,0.0,0.0,-1.6,-1.6,-0.8,0.8,0.0,0.0,-0.8,0.8,0.8,0.0,-0.8,0.8,0.8,0.0,0.0,0.0,1.6,0.0,0.8,0.0,0.0,0.0,0.0,0.0,0.0,-1.6,-0.8,0.0,0.8,-1.6,0.0,0.0,-0.8,0.0,-0.8,0.8,0.8,-1.6,0.0,0.0,0.0,1.6,-0.8,1.6,-1.6,1.6,-0.8,0.8,0.8,-0.8,0.0,-0.8,0.0,0.8,0.0,2.4000000000000004,0.8,0.8,0.0,-0.8,0.8,0.0,0.0,1.6,0.0,0.8,-1.6,0.0,1.6,0.0,0.8,0.8,0.8,0.0,0.0,0.8,-0.8,0.8,0.0,0.8,0.0,-0.8,0.8,0.8,-0.8,2.4000000000000004,-1.6,0.0,-0.8,-0.8,0.8,-0.8,0.8,0.8,-0.8,0.8,0.8,-0.8,-0.8,-1.6,-0.8,-1.6,0.8,-0.8,0.8,0.0,0.0,1.6,0.0,0.8,-0.8,0.0,0.0,-0.8,0.8,0.8,0.0,0.0,-0.8,0.8,0.0,-1.6,-0.8,-0.8,0.0,-1.6,-0.8,-0.8,0.0,0.0,-1.6,1.6,0.8,-0.8,0.8,-0.8,0.0,-1.6,0.8,0.8,0.0,0.0,0.8,0.8,0.8,-0.8,1.6,0.8,0.8,-0.8,-0.8,0.0,0.0,0.8,0.0,0.8,0.8,0.0,0.8,0.0,0.8,0.0,1.6,0.8,0.0,-0.8,-0.8,0.0,1.6,-1.6,1.6,-0.8,0.0,1.6,0.8,0.8,0.0,1.6,1.6,-0.8,0.8,-0.8,0.8,-0.8,0.0,0.8,-0.8,1.6,-0.8,1.6,0.0,-0.8,0.8,0.0,-0.8,0.0,-0.8,0.8,0.0,0.8,0.8,2.4000000000000004,1.6,0.0,0.8,-0.8,0.8,2.4000000000000004,-0.8,0.8,0.0,-1.6,0.0,0.0,0.8,0.0,-0.8,0.8,0.8,1.6,0.0,0.8,1.6,0.0,0.0,-0.8,0.8,0.0,0.0,0.8,0.8,0.0,0.8,0.8,0.0,0.8,-0.8,0.8,0.8,1.6,0.8,-0.8,1.6,1.6,0.8,0.8,1.6,1.6,-1.6,0.0,0.8,-0.8,0.0,0.8,0.8,1.6,-0.8,0.0,-0.8,1.6,-0.8,0.0,0.0,0.0,0.0,0.0,0.8,1.6,0.0,0.0,0.8,0.8,0.8,0.0,0.8,0.0,0.0,0.0,-0.8,0.8,0.0,0.0,0.0,0.8,0.0,-0.8,0.8,0.8,0.8,0.0,0.8,0.8,-0.8,0.0,1.6,0.0,0.8,0.0,-0.8,0.0,0.8,0.8,-0.8,0.0,0.8,0.8,0.8,0.0,0.0,1.6,0.0,0.0,0.0,0.0,1.6,0.0,1.6,0.8,0.0,0.8,0.8,1.6,0.0,0.0,0.8,0.0,0.0,0.8,0.0,0.8,0.0,-0.8,-0.8,0.8,0.8,-1.6,1.6,1.6,0.0,0.0,0.8,1.6,0.8,0.8,0.8,0.8,0.0,0.0,0.8,0.0,0.8,0.0,0.8,0.0,0.8,-0.8,-0.8,0.0,0.0,0.8,0.8,0.0,0.8,-0.8,-0.8,0.0,0.0,0.8,-0.8,0.0,-0.8,0.8,0.8,-0.8,0.0,0.8,0.0,1.6,0.0,0.8,-0.8,-0.8,0.8,-0.8,0.0,0.0,0.0,0.8,-0.8,0.8,0.0,0.8,0.8,0.8,0.8,-0.8,0.0,0.0,0.0,2.4000000000000004,-0.8,0.0,0.8,-0.8,0.8,-1.6,0.8,-0.8,0.8,0.8,-1.6,0.8,0.8,0.8,1.6,-0.8,1.6,-0.8,0.0,1.6,-0.8,0.0,-1.6,0.0,0.8,0.0,1.6,-0.8,1.6,0.8,0.0,1.6,0.0,1.6,-0.8,0.0,0.8,0.8,0.8,0.8,0.8,0.8,0.0,1.6,0.8,0.8,0.8,-0.8,-0.8,0.8,0.0,0.0,0.0,1.6,-1.6,-0.8,1.6,0.0,0.0,0.0,1.6,0.0,0.8,0.0,0.0,1.6,0.0,0.8,0.8,0.8,0.0,0.8,0.0,0.0,0.0,0.8,-0.8,0.0,0.0,0.8,0.0,-0.8,0.0,0.8,0.0,-0.8,0.0,-0.8,0.0,0.0,0.0,0.0,0.8,-0.8,1.6,-1.6,-0.8,0.0,0.8,0.8,0.8,0.8,0.0,0.0,0.8,-0.8,0.0,0.8,-0.8,0.8,0.0,0.8,0.0,0.8,-0.8,1.6,0.8,-0.8,0.0,0.8,0.0,1.6,-0.8,0.0,0.0,-1.6,0.8,-0.8,0.8,0.8,0.0,1.6,1.6,0.0,0.8,0.0,1.6,-0.8,0.8,0.0,1.6,0.0,-0.8,0.0,-0.8,-0.8,0.0,-0.8,0.0,-0.8,1.6,2.4000000000000004,-0.8,1.6,0.8,0.8,1.6,-0.8,0.8,0.0,0.8,0.0,-1.6,0.8,-0.8,0.8,0.8,-0.8,1.6,0.8,0.8,0.0,0.0,0.8,0.0,-0.8,-1.6,1.6,0.8,-2.4000000000000004,0.8,0.0,-0.8,0.0,0.0,0.0,0.0,-0.8,0.0,0.0,0.0,0.0,0.0,0.8,-0.8,0.0,0.8,0.0,0.8,-0.8,-0.8,1.6,0.8,0.0,0.0,0.0,1.6,-0.8,0.8,0.8,0.8,0.8,0.8,0.8,1.6,0.8,0.8,0.0,0.8,-1.6,-0.8,0.8,0.0,0.0,0.0,0.0,0.8,-0.8,0.8,0.0,0.0,0.0,-0.8,2.4000000000000004,0.0,1.6,0.8,-0.8,0.8,0.0,0.8,1.6,0.0,1.6,-0.8,0.0,0.0,0.0,1.6,0.0,1.6,0.0,-0.8,0.8,-2.4000000000000004,0.8,0.0,-0.8,0.0,1.6,0.8,-0.8,0.8,0.8,0.0,0.0,0.0,0.8,1.6,0.0,0.0,-0.8,0.0,0.8,-0.8,0.0,1.6,-0.8,0.0,0.0,0.8,-1.6,0.0,0.0,-0.8,1.6,0.0,0.0,0.0,0.8,0.0,-0.8,0.0,0.0,0.0,0.0,0.8,0.8,-0.8,-0.8,1.6,0.8,0.0,0.0,-0.8,0.8,0.0,-0.8,0.0,0.0,0.8,0.0,0.8,0.8,0.0,0.8,-0.8,0.8,0.0,0.0,0.0,0.0,0.0,0.0,0.8,0.8,0.8,0.0,1.6,0.0,0.8,0.0,0.0,1.6,1.6,0.8,0.8,0.8,0.8,0.0,0.8,-0.8,1.6,0.8,0.0,0.8,-1.6,0.8,1.6,0.8,1.6,-0.8,0.0,-0.8,0.0,0.8,-0.8,0.0,0.8,-0.8,1.6,0.0,0.8,0.8,0.0,0.8,0.0,0.8,1.6,-0.8,0.8,-0.8,0.0,-0.8,0.0,1.6,0.0,0.0,0.0,0.0,0.8,-0.8,0.0,0.0,0.0,0.8,0.0,0.8,0.0,-0.8,0.0,1.6,0.8,-0.8,0.0,0.0,-0.8,0.0,-0.8,0.8,0.8,0.0,0.0,0.0,0.8,0.0,-0.8,0.8,0.0,0.0,0.8,0.0,0.8,0.0,-0.8,0.8,0.8,-0.8,-0.8,0.0,-1.6,-0.8,-0.8,0.0,0.8,0.0,0.0,0.8,0.8,0.0,-1.6,0.8,0.0,0.8,-0.8,0.0,0.0,1.6,0.0,0.0,0.8,0.0,0.0,-0.8,0.0,1.6,-0.8,1.6,0.0,0.0,0.8,-0.8,0.0,0.0,-0.8,1.6,-0.8,1.6,0.0,-1.6,0.8,-0.8,0.8,-0.8,0.0,0.8,0.0,1.6,-0.8,0.8,1.6,-0.8,0.8,-0.8,0.8,0.8,-1.6,1.6,-2.4000000000000004,-0.8,1.6,0.8,1.6,0.0,0.8,0.8,0.0,1.6,0.0,0.8,0.8,0.0,0.8,-0.8,1.6,1.6,0.0,0.0,0.0,1.6,0.8,0.8,-0.8,0.8,0.8,0.0,0.8,0.8,-0.8,0.0,0.8,0.0,0.8,-1.6,0.8,0.0,-0.8,0.0,0.8,0.8,0.8,0.0,0.0,1.6,0.0,0.0,0.8,0.8,0.0,-0.8,0.8,0.0,0.8,0.0,0.0,0.8,1.6,-0.8,0.0,-0.8,1.6,0.0,-0.8,0.8,0.0,0.0,1.6,0.0,0.8,0.0,0.8,0.8,0.8,0.0,0.8,-0.8,0.8,-0.8,0.0,0.0,0.8,0.8,0.0,0.0,0.0,0.8,0.0,0.0,-0.8,0.0,0.0,-0.8,0.0,0.0,0.8,-0.8,0.8,0.8,-0.8,0.8,0.0,0.0,0.8,0.8,0.8,0.8,0.8,0.8,-1.6,1.6,0.0,-1.6,0.0,0.0,0.8,0.0,-0.8,1.6,0.0,1.6,-0.8,0.0,1.6,0.0,0.8,0.8,0.8,1.6,-0.8,1.6,0.0,0.8,0.0,0.0,2.4000000000000004,-1.6,0.8,0.0,0.8,1.6,-1.6,0.8,1.6,0.0,0.8,0.0,1.6,0.8,0.8,0.8,0.0,2.4000000000000004,-0.8,0.8,0.8,0.8,0.0,1.6,0.8,0.0,0.0,0.0,0.0,0.0,0.8,1.6,0.0,-0.8,-0.8,-0.8,0.0,0.8,0.0,0.8,0.8,0.8,0.8,0.0,0.8,1.6,0.8,0.0,0.0,0.0,0.8,0.8,0.8,0.0,0.0,0.8,-0.8,-0.8,0.8,0.8,0.8,0.0,0.0,-0.8,0.0,1.6,0.0,0.0,0.0,-0.8,0.0,0.0,0.8,0.8,1.6,1.6,-0.8,0.8,1.6,0.8,0.8,0.8,2.4000000000000004,0.8,1.6,-0.8,-0.8,0.0,0.0,0.0,1.6,0.8,0.8,-0.8,0.0,0.8,0.0,0.0,0.0,0.8,0.8,0.0,1.6,0.0,0.0,0.0,0.0,0.8,0.8,1.6,0.0,0.0,1.6,-0.8,0.0,0.8,0.8,0.8,0.0,0.8,0.8,-0.8,0.8,0.0,0.0,-0.8,-0.8,0.8,0.8,0.0,0.8,0.8,0.0,-0.8,-0.8,-0.8,0.8,-0.8,0.0,0.0,0.8,0.0,0.0,0.8,0.0,0.8,0.0,0.0,0.0,1.6,1.6,-0.8,1.6,0.8,0.0,0.0,0.8,0.8,0.0,0.0,1.6,0.0,-1.6,-0.8,1.6,0.8,-0.8,0.8,0.0,0.8,2.4000000000000004,-0.8,0.8,0.8,-0.8,-0.8,-0.8,1.6,0.0,0.0,0.0,0.0,1.6,1.6,0.8,0.8,0.0,0.8,-0.8,0.8,0.0,0.0,0.8,0.0,1.6,0.8,-0.8,0.8,0.0,0.0,0.0,-0.8,0.0,-0.8,0.0,0.8,0.8,1.6,0.0,0.8,1.6,0.8,0.0,0.0,1.6,0.8,0.0,0.8,0.0,1.6,-0.8,1.6,0.8,0.0,0.0,-0.8,0.0,0.8,-1.6,2.4000000000000004,0.0,1.6,0.0,0.0,0.8,0.8,0.0,0.8,0.0,1.6,0.0,0.8,0.8,0.8,1.6,0.0,0.8,0.0,2.4000000000000004,0.8,0.0,0.8,0.0,1.6,0.8,-0.8,0.8,1.6,0.8,0.0,0.0,-0.8,0.8,-0.8,0.8,0.0,0.8,0.0,0.0,1.6,1.6,-0.8,0.8,0.0,-0.8,1.6,1.6,0.8,0.8,0.8,1.6,0.0,1.6,0.0,0.0,-1.6,0.8,1.6,-3.2,0.8,4.0,-1.6,-1.6,2.4000000000000004,2.4000000000000004,-0.8,0.0,3.2,0.0,-0.8,0.0,0.8,0.8,0.0,0.0,1.6,0.0,0.0,0.0,1.6,0.0,-0.8,0.8,0.0,2.4000000000000004,-0.8,-0.8,0.8,-0.8,0.8,0.8,0.8,0.8,0.0,0.0,-0.8,0.8,0.8,0.0,2.4000000000000004,0.0,0.0,0.0,0.0,1.6,-1.6,1.6,-0.8,0.8,0.8,-1.6,0.8,0.0,0.0,0.8,-0.8,1.6,1.6,0.8,0.8,0.0,0.8,-0.8,0.0,0.8,0.0,0.0,-0.8,0.0,0.8,-0.8,0.0,0.0,0.0,0.0,0.8,0.8,0.0,1.6,0.8,0.0,1.6,-1.6,0.0,-0.8,0.0,0.8,-0.8,0.0,1.6,0.8,0.8,0.8,0.0,0.0,0.8,0.0,0.8,1.6,1.6,0.8,1.6,0.8,0.8,0.0,0.0,0.0,0.8,0.0,0.0,0.0,0.8,-0.8,-0.8,1.6,0.8,0.8,0.8,0.0,0.8,0.0,0.8,1.6,1.6,1.6,0.0,1.6,1.6,-0.8,0.8,0.8,0.0,0.0,-1.6,0.8,0.8,0.8,0.0,0.8,1.6,-1.6,0.8,0.8,1.6,0.8,0.8,1.6,0.8,0.8,0.0,0.0,1.6,0.0,0.0,0.0,0.8,2.4000000000000004,0.8,0.8,0.8,0.8,1.6,-0.8,0.0,0.8,1.6,0.0,0.8,0.0,-0.8,0.8,1.6,0.8,0.8,0.8,0.8,0.8,0.8,1.6,0.8,0.8,0.8,-1.6,0.8,0.8,0.0,0.8,0.0,0.8,1.6,0.8,-0.8,-0.8,0.8,0.0,-0.8,0.0,0.8,0.8,0.8,0.0,1.6,0.0,0.8,1.6,0.0,0.0,-0.8,0.0,0.8,0.0,0.0,-0.8,1.6,0.8,0.0,1.6,0.0,0.8,-0.8,0.0,0.8,1.6,0.0,0.8,0.8,0.0,0.0,0.8,0.0,0.8,0.0,-0.8,-0.8,0.0,0.0,1.6,0.0,0.8,0.0,0.8,0.8,0.0,0.0,0.0,0.8,0.8,0.8,0.0,0.8,0.0,0.8,0.0,0.8,0.0,1.6,2.4000000000000004,0.0,0.0,0.0,0.0,0.8,-1.6,0.8,0.0,0.8,1.6,-0.8,-0.8,0.0,0.8,0.8,-0.8,1.6,0.0,-0.8,0.8,0.8,0.8,0.0,0.0,-0.8,0.0,1.6,0.8,0.8,0.8,0.8,0.8,0.0,0.0,0.0,1.6,0.8,0.0,0.0,0.0,0.8,0.8,0.0,1.6,0.8,-0.8,0.8,0.0,0.0,-0.8,0.8,-0.8,0.0,0.0,0.0,0.8,0.8,0.8,0.8,0.8,0.8,-0.8,1.6,0.0,1.6,0.8,0.0,1.6,2.4000000000000004,0.0,-0.8,3.2,1.6,-1.6,1.6,0.0,0.0,0.0,1.6,1.6,0.0,0.0,0.0,0.0,1.6,-0.8,2.4000000000000004,0.0,2.4000000000000004,1.6,0.0,0.8,0.8,0.8,0.0,0.0,0.0,0.8,0.8,0.0,0.0,0.8,0.0,1.6,0.8,0.8,1.6,-1.6,0.0,0.0,-1.6,1.6,-0.8,0.8,0.0,0.0,1.6,-1.6,1.6,0.8,-0.8,1.6,0.0,0.0,0.8,1.6,2.4000000000000004,0.0,1.6,0.8,1.6,2.4000000000000004,0.0,1.6,-0.8,0.8,0.0,0.0,0.8,0.0,1.6,0.8,1.6,1.6,-0.8,0.8,0.0,0.8,0.0,0.0,0.8,-0.8,0.0,1.6,0.8,0.8,0.8,0.0,0.8,0.8,0.8,0.0,0.8,0.8,-0.8,0.8,-0.8,1.6,0.0,0.8,0.0,0.8,0.0,0.0,0.8,0.0,0.0,0.8,0.8,0.8,-0.8,0.0,0.0,0.0,-0.8,-0.8,0.0,0.8,0.0,0.8,0.0,0.0,0.0,0.0,0.0,0.0,0.8,0.8,0.0,0.8,0.8,1.6,0.0,0.0,0.8,0.8,0.0,-0.8,0.8,-0.8,0.0,1.6,-0.8,0.8,0.0,0.8,1.6,0.8,0.8,0.0,0.8,0.0,-2.4000000000000004,0.8
event_23,1625266749.6803148,-0.8,0.0,0.0,0.0,0.8,0.0,0.0,0.8,-1.6,0.8,0.0,-1.6,0.0,0.0,-0.8,0.0,0.0,0.0,-0.8,0.0,-0.8,-1.6,0.0,-0.8,0.0,0.8,0.0,0.8,0.0,0.8,0.8,0.0,0.8,-0.8,0.0,-0.8,-1.6,0.8,-0.8,0.8,0.8,0.0,1.6,0.8,2.4000000000000004,0.0,0.0,0.8,-0.8,0.8,-0.8,2.4000000000000004,0.0,-0.8,1.6,0.0,0.8,1.6,-0.8,1.6,0.0,0.0,0.0,-0.8,0.8,0.8,0.8,0.0,-0.8,0.8,-0.8,0.8,-0.8,0.0,0.8,-0.8,0.0,0.0,-0.8,1.6,-0.8,1.6,0.8,-0.8,1.6,1.6,0.8,0.0,0.0,0.0,-0.8,0.0,0.8,0.0,0.0,0.0,0.8,0.0,0.0,0.0,0.8,0.0,0.8,-20.0,-78.39999999999999,-82.4,-40.0,-12.8,-8.8,-4.0,-0.8,-4.0,-5.6,-4.0,-3.2,-2.4000000000000004,0.8,1.6,-0.8,1.6,-0.8,0.8,0.0,0.0,2.4000000000000004,-0.8,0.8,1.6,0.0,0.0,0.0,0.0,0.8,0.0,0.0,0.0,-0.8,-1.6,0.0,0.8,-0.8,1.6,0.0,1.6,2.4000000000000004,0.0,0.0,0.8,0.8,0.0,0.8,1.6,1.6,1.6,0.8,0.0,1.6,0.0,0.8,0.8,0.0,0.8,0.0,0.8,1.6,0.8,1.6,0.0,0.8,0.0,0.0,0.8,0.8,0.8,0.8,0.0,0.0,-0.8,0.8,0.0,0.8,0.8,-1.6,1.6,1.6,0.0,0.0,0.0,0.0,-0.8,0.0,0.8,0.8,0.0,0.0,0.8,0.8,0.0,0.8,0.0,0.8,0.0,0.0,-0.8,0.0,0.0,0.0,0.8,-0.8,0.0,0.8,0.8,-1.6,0.0,-0.8,0.8,0.0,0.8,-0.8,0.0,0.8,-0.8,0.0,-0.8,0.8,1.6,0.8,1.6,0.0,0.8,0.0,0.8,1.6,0.0,0.8,-0.8,0.8,0.8,-0.8,0.8,0.0,0.0,0.8,0.0,1.6,0.0,-0.8,0.8,0.8,2.4000000000000004,0.8,0.0,1.6,1.6,0.8,0.0,1.6,0.0,-0.8,0.0,0.0,0.8,0.0,0.8,1.6,0.0,0.0,0.0,0.0,0.8,0.0,1.6,-0.8,1.6,0.8,-0.8,0.0,-0.8,0.8,0.0,0.8,1.6,1.6,0.0,-0.8,1.6,1.6,-2.4000000000000004,1.6,2.4000000000000004,-0.8,-0.8,0.8,1.6,-2.4000000000000004,0.0,2.4000000000000004,0.0,0.0,-0.8,3.2,0.8,-0.8,0.8,0.0,-0.8,0.8,-0.8,0.8,0.0,0.8,0.0,0.0,1.6,1.6,1.6,1.6,0.0,0.0,0.8,0.8,-0.8,0.0,0.8,0.8,0.8,0.8,0.8,0.0,-0.8,0.0,0.8,0.0,0.0,0.0,0.0,0.8,0.0,-0.8,0.8,0.8,1.6,2.4000000000000004,1.6,0.8,-0.8,0.0,1.6,2.4000000000000004,0.0,0.8,1.6,1.6,0.8,0.8,0.0,1.6,0.0,-0.8,0.8,-1.6,0.8,1.6,0.8,1.6,-0.8,1.6,-0.8,0.8,0.0,-0.8,0.0,0.0,0.8,-0.8,0.0,0.8,-0.8,1.6,0.0,-0.8,3.2,0.0,-0.8,0.8,1.6,0.8,0.0,0.8,0.0,0.0,0.8,-0.8,0.8,-1.6,-1.6,0.0,-0.8,0.0,0.0,0.0,0.0,0.0,0.0,-0.8,1.6,-0.8,-0.8,0.8,0.8,0.0,0.8,-0.8,1.6,0.0,0.8,0.0,-1.6,0.8,-0.8,0.0,0.0,0.8,0.0,-1.6,0.0,0.8,-0.8,0.0,0.0,0.8,-0.8,0.8,0.8,0.0,0.8,0.0,0.0,0.8,0.8,0.0,0.8,0.8,0.8,-2.4000000000000004,0.8,0.0,1.6,0.0,0.8,0.8,0.8,0.0,0.8,-0.8,0.0,-0.8,0.0,0.0,0.8,-0.8,0.0,-0.8,0.8,-0.8,-0.8,0.0,0.8,0.0,0.8,0.0,0.0,-0.8,0.0,0.0,0.0,0.0,-1.6,0.8,0.0,0.8,0.8,0.0,0.8,0.0,0.0,-0.8,-0.8,0.8,0.0,0.8,-0.8,-0.8,-0.8,-0.8,0.8,0.0,-0.8,0.8,-0.8,0.0,0.0,0.0,0.0,0.0,0.0,-1.6,0.0,0.8,0.0,0.8,0.0,0.8,-0.8,0.0,0.8,-1.6,0.0,0.8,-0.8,0.0,0.8,1.6,0.0,0.0,0.8,0.0,0.0,0.8,0.8,-0.8,0.0,1.6,0.0,0.0,0.0,0.0,0.8,0.0,0.0,0.0,0.0,0.0,0.0,0.8,0.0,1.6,-0.8,0.8,1.6,1.6,-1.6,0.8,0.0,0.8,-0.8,-0.8,0.8,0.0,-0.8,1.6,-0.8,1.6,0.0,0.0,0.0,0.8,-0.8,0.0,0.0,1.6,-0.8,-0.8,-0.8,-1.6,1.6,-0.8,0.0,0.8,0.8,0.8,0.0,-0.8,0.8,0.0,0.8,-0.8,0.8,1.6,-0.8,0.8,-0.8,-0.8,0.0,0.0,0.8,0.0,0.8,0.0,0.0,0.8,0.8,0.0,0.8,-1.6,0.0,-0.8,0.8,0.8,-1.6,1.6,-0.8,-0.8,0.8,0.0,0.8,0.0,1.6,-1.6,-1.6,2.4000000000000004,0.0,-1.6,0.8,0.8,0.8,-0.8,0.8,-0.8,-0.8,0.8,-1.6,1.6,0.0,0.0,0.0,0.8,0.8,0.0,0.0,0.8,-0.8,0.8,0.0,0.8,0.8,-0.8,1.6,1.6,0.8,-0.8,0.8,1.6,0.0,-0.8,0.0,0.8,0.8,0.8,1.6,0.8,0.0,-0.8,0.0,0.0,0.8,0.0,0.0,0.8,1.6,0.0,0.0,-0.8,1.6,0.8,0.0,0.8,-1.6,1.6,0.0,0.8,0.8,-0.8,0.8,-0.8,-0.8,1.6,0.8,0.0,0.8,-0.8,-0.8,0.0,0.8,-0.8,0.8,0.8,-0.8,0.0,0.8,0.0,-1.6,0.8,0.0,-0.8,0.8,0.0,0.0,0.8,-0.8,1.6,-0.8,0.8,-0.8,-0.8,0.0,-1.6,0.0,-1.6,-0.8,0.0,-0.8,1.6,0.0,0.0,0.0,0.8,0.8,-0.8,0.8,-0.8,-0.8,1.6,-0.8,0.8,0.8,-0.8,2.4000000000000004,0.0,0.8,1.6,-0.8,0.8,-0.8,1.6,0.0,0.0,0.8,0.0,0.0,0.8,-0.8,0.8,-0.8,0.0,-0.8,0.0,1.6,0.0,0.8,0.0,-0.8,0.8,-0.8,1.6,0.0,0.0,-0.8,0.0,0.8,-1.6,0.8,0.8,0.0,1.6,0.0,0.0,1.6,0.0,0.0,0.0,1.6,0.0,-1.6,0.0,0.0,0.8,0.8,1.6,-0.8,-0.8,0.0,0.8,0.8,1.6,0.8,0.0,0.0,1.6,0.8,0.8,0.8,-1.6,-1.6,0.8,1.6,0.8,0.0,0.0,0.0,0.8,1.6,0.8,0.0,1.6,0.8,0.0,0.8,0.0,0.0,0.8,0.0,0.8,0.0,-0.8,0.8,0.0,0.0,-0.8,-0.8,0.8,0.0,0.0,-0.8,0.8,0.0,-0.8,0.8,0.8,1.6,-0.8,0.0,1.6,1.6,0.0,0.8,2.4000000000000004,2.4000000000000004,-1.6,2.4000000000000004,0.0,1.6,0.8,0.0,0.0,0.8,-0.8,0.8,0.8,1.6,-1.6,0.8,-0.8,-0.8,0.0,0.0,0.8,1.6,-1.6,2.4000000000000004,0.0,0.8,1.6,0.0,1.6,0.0,0.8,0.8,-0.8,1.6,0.0,1.6,0.0,0.8,0.8,-0.8,-0.8,0.0,0.8,0.0,0.8,0.0,-0.8,0.0,0.8,0.8,0.0,1.6,1.6,0.0,0.8,0.0,-1.6,0.8,2.4000000000000004,0.0,-0.8,0.8,0.8,0.0,1.6,-0.8,0.0,0.8,0.0,0.0,0.8,1.6,1.6,1.6,0.0,0.0,0.0,-0.8,0.0,0.0,-0.8,0.0,0.0,0.8,0.0,0.8,0.0,0.0,0.0,-0.8,0.0,0.8,0.8,-0.8,-0.8,0.0,0.8,-0.8,0.8,0.8,0.8,0.8,0.0,1.6,0.0,0.8,0.0,-0.8,0.8,0.8,2.4000000000000004,1.6,0.0,0.8,0.0,0.8,0.8,-1.6,0.8,0.8,1.6,0.0,0.0,1.6,0.0,1.6,0.0,0.0,0.8,0.8,0.8,0.0,0.8,1.6,0.0,0.0,0.0,0.8,1.6,0.0,0.8,0.8,-0.8,1.6,0.0,0.0,0.0,0.8,2.4000000000000004,0.0,1.6,0.8,0.0,0.8,-0.8,-0.8,0.0,1.6,0.8,-0.8,1.6,0.0,0.0,0.8,-0.8,-0.8,0.0,0.0,0.0,0.8,0.0,1.6,2.4000000000000004,-1.6,0.8,3.2,-1.6,-0.8,2.4000000000000004,0.8,0.0,0.0,-0.8,1.6,0.0,-0.8,2.4000000000000004,1.6,0.8,0.0,0.8,0.8,-0.8,0.8,0.8,2.4000000000000004,0.8,0.0,3.2,1.6,0.0,0.0,0.8,2.4000000000000004,-0.8,0.0,0.8,0.8,0.8,0.8,1.6,0.0,-0.8,0.8,-0.8,0.8,-0.8,0.8,0.8,0.0,0.8,-0.8,0.8,1.6,-0.8,0.8,-0.8,0.0,1.6,0.8,1.6,0.8,0.0,0.0,-1.6,0.0,0.0,2.4000000000000004,0.0,0.0,0.8,-1.6,0.8,-0.8,1.6,1.6,0.8,1.6,0.0,0.8,1.6,-0.8,2.4000000000000004,0.0,-0.8,0.0,0.0,1.6,0.0,1.6,1.6,0.0,1.6,0.8,0.0,0.8,0.0,-0.8,0.8,1.6,0.0,1.6,0.8,0.0,1.6,0.8,0.8,0.8,-0.8,0.8,0.0,1.6,0.0,0.0,0.0,2.4000000000000004,0.8,0.0,0.8,1.6,1.6,0.0,0.0,1.6,1.6,0.0,1.6,0.8,1.6,0.0,0.8,0.8,0.8,0.0,0.0,0.8,0.0,0.8,2.4000000000000004,0.8,0.8,0.0,0.8,0.8,0.8,0.8,0.0,0.0,0.8,0.0,0.8,0.8,0.0,0.8,-0.8,0.8,0.0,2.4000000000000004,1.6,0.0,0.8,-1.6,0.8,0.0,-0.8,0.8,0.0,0.0,0.8,-0.8,0.0,-0.8,0.8,0.0,-0.8,0.8,-0.8,0.8,0.0,0.0,0.8,-0.8,0.0,-2.4000000000000004,0.8,0.8,-0.8,0.8,-0.8,1.6,-0.8,0.0,-0.8,-0.8,0.8,0.0,-2.4000000000000004,0.0,0.0,0.0,0.8,0.0,2.4000000000000004,0.0,0.0,0.0,-0.8,0.0,-0.8,2.4000000000000004,-0.8,0.0,0.8,-0.8,0.8,0.8,0.0,0.8,0.0,0.8,-0.8,0.8,0.0,0.0,0.8,0.0,1.6,0.8,-1.6,0.8,0.8,1.6,0.8,0.0,0.0,0.0,0.8,2.4000000000000004,0.8,0.8,0.0,0.8,0.8,0.8,0.0,0.8,0.0,0.8,-0.8,0.0,0.8,0.0,0.0,0.0,-1.6,0.8,0.0,0.8,0.0,-0.8,0.8,-0.8,0.0,0.0,0.0,0.0,-2.4000000000000004,0.8,-0.8,-1.6,0.8,0.0,1.6,-0.8,0.0,0.8,-0.8,1.6,0.0,-0.8,0.0,-0.8,0.0,0.0,1.6,0.8,-1.6,0.0,0.0,0.8,0.0,0.0,1.6,-1.6,0.8,0.0,-1.6,0.8,0.0,0.0,0.0,1.6,0.8,0.0,1.6,0.8,0.0,0.0,0.0,0.8,0.0,0.8,0.0,0.8,1.6,0.0,0.8,0.0,0.8,0.0,0.8,0.0,1.6,-0.8,0.8,0.8,0.8,0.0,0.0,0.0,0.8,0.0,1.6,0.8,0.8,0.0,1.6,1.6,0.0,0.0,0.8,1.6,1.6,-0.8,0.8,0.8,1.6,0.0,-0.8,1.6,0.0,0.0,0.0,0.8,0.8,0.8,0.8,0.8,0.0,1.6,0.0,0.8,0.0,-0.8,1.6,0.0,0.8,0.0,0.0,0.8,0.0,0.8,0.0,0.0,0.8,0.0,0.8,0.8,-0.8,1.6,-0.8,-0.8,0.8,0.8,0.8,0.0,0.8,1.6,0.0,0.8,0.0,0.0,0.8,0.8,0.0,1.6,1.6,1.6,0.8,0.8,-0.8,1.6,0.0,-0.8,0.8,-0.8,0.8,0.0,0.0,0.8,-0.8,0.0,1.6,0.8,1.6,0.8,2.4000000000000004,0.0,-0.8,0.8,0.8,0.0,0.8,-0.8,0.0,1.6,0.8,0.0,0.8,0.0,-0.8,0.0,-0.8,0.0,0.0,0.0,1.6,0.0,0.8,0.8,0.0,2.4000000000000004,-0.8,0.8,0.0,-0.8,0.8,0.0,-0.8,1.6,1.6,0.8,0.0,-0.8,0.8,0.0,-0.8,0.0,0.8,0.0,-0.8,0.0,0.8,0.0,0.0,0.8,0.0,0.0,0.0,0.8,0.8,0.0,0.0,0.0,0.0,0.0,-0.8,0.8,0.8,0.0,-0.8,0.0,2.4000000000000004,0.0,0.8,0.0,0.8,0.8,0.0,0.8,-0.8,0.8,0.0,-0.8,1.6,0.0,0.8,0.8,-1.6,0.8,0.0,1.6,0.8,0.8,0.8,-0.8,0.0,0.0,-0.8,0.8,-0.8,1.6,0.8,0.8,0.8,0.0,2.4000000000000004,0.0,0.8,0.8,0.8,1.6,0.0,0.8,1.6,-1.6,1.6,0.0,1.6,-0.8,-1.6,0.8,0.8,0.0,0.0,0.0,0.8,0.0,0.8,0.8,2.4000000000000004,-0.8,0.0,0.8,0.8,0.0,0.0,0.0,1.6,0.0,0.0,0.8,0.0,2.4000000000000004,0.0,0.0,0.8,-0.8,0.8,0.8,0.0,0.0,0.0,0.0,0.0,0.0,0.0,0.0,0.8,0.8,0.8,0.0,0.0,0.0,1.6,-0.8,0.0,0.8,-0.8,-0.8,0.0,0.8,0.8,0.0,0.0,0.0,0.8,1.6,0.8,0.8,0.0,0.0,0.8,0.8,2.4000000000000004,0.8,1.6,0.8,0.8,0.8,-1.6,0.0,1.6,-0.8,0.8,0.8,0.0,0.8,0.8,1.6,0.0,0.8,0.0,0.8,0.8,0.0,-0.8,0.0,0.8,1.6,0.0,0.8,0.8,0.8,0.8,0.0,0.8,0.8,0.0,1.6,-0.8,1.6,0.8,0.8,0.8,0.8,1.6,0.0,0.8,0.8,-0.8,1.6,-0.8,0.8,-0.8,-0.8,1.6,0.8,0.8,0.8,0.0,0.0,0.8,0.8,-0.8,0.8,0.0,0.0,1.6,-1.6,0.8,1.6,-0.8,0.0,-0.8,-0.8,0.8,0.8,0.8,0.8,0.8,0.0,0.0,0.8,0.0,0.0,0.8,-0.8,-1.6,-0.8,1.6,0.0,-0.8,0.8,0.8,0.8,0.8,0.0,-0.8,0.8,1.6,0.8,0.0,0.0,0.8,0.8,0.0,0.8,0.8,0.8,-0.8,0.8,0.0,-0.8,0.8,1.6,0.0,0.8,-0.8,0.8,0.0,0.8,0.8,0.8,0.0,-0.8,1.6,0.0,0.8,-0.8,0.8,1.6,0.0,-0.8,0.0,0.0,0.8,-1.6,1.6,-0.8,0.8,1.6,0.8,0.8,0.0,-0.8,1.6,-1.6,0.8,0.8,0.8,0.0,0.0,0.0,0.0,0.0,0.0,0.0,1.6,0.8,0.0,0.8,0.8,0.8,0.0,0.8,0.0,0.0,0.8,0.8,1.6,0.0,-0.8,0.8,-0.8,0.0,0.8,0.0,0.8,0.8,0.8,0.0,0.0,0.0,-1.6,1.6,-0.8,-0.8,0.8,0.8,0.8,0.8,0.0,1.6,0.0,1.6,0.8,0.0,0.8,0.8,0.8,0.8,0.8,0.0,0.0,0.0,0.0,0.8,1.6,0.8,0.8,-0.8,0.0,0.0,0.8,0.0,0.0,0.0,0.8,0.0,0.8,0.8,0.8,0.8,-1.6,2.4000000000000004,1.6,-2.4000000000000004,0.8,2.4000000000000004,-0.8,0.0,1.6,1.6,-0.8,1.6,-0.8,0.0,0.8,-1.6,1.6,1.6,-0.8,0.0,-0.8,1.6,0.0,0.8,0.0,0.0,0.0,-0.8,-0.8,0.0,-0.8,0.8,0.8,0.0,1.6,-0.8,1.6,0.0,-0.8,0.8,0.0,1.6,-0.8,0.0,1.6,0.0,0.8,0.8,0.8,-0.8,-0.8,1.6,0.0,0.8,0.8,0.0,0.8,0.0,1.6,0.8,0.0,0.0,-0.8,0.8,0.8,0.8,0.8,0.0,1.6,0.8,0.8,0.8,-1.6,0.8,0.8,0.0,0.0,0.8,0.8,-0.8,0.8,1.6,0.0,0.0,0.0,0.8,0.0,0.0,0.8,0.0,0.0,-0.8,0.0,1.6,0.0,0.8,0.8,0.0,1.6,0.0,0.8,0.8,2.4000000000000004,-0.8,0.8,1.6,0.8,0.0,1.6,0.8,0.0,0.8,-0.8,-0.8,0.8,-1.6,0.8,0.8,0.8,-0.8,-0.8,-0.8,0.8,0.0,1.6,0.0,1.6,0.0,0.8,0.0,0.0,0.8,0.0,0.0,0.8,0.0,2.4000000000000004,-0.8,0.8,0.8,0.0,0.8,-0.8,0.8,0.8,-0.8,1.6,0.8,0.8,0.0,-0.8,0.8,0.0,0.0,0.0,-0.8,1.6,0.8,0.0,0.8,-0.8,-0.8,-0.8,1.6,0.0,0.0,0.0,0.0,1.6,0.0,0.0,0.0,-0.8,0.8,-0.8,0.8,0.8,-0.8,0.0,-1.6,0.0,0.8,-0.8,0.8,0.0,0.0,-0.8,-0.8,0.0,-0.8,1.6,0.0,0.0,0.8,-0.8,2.4000000000000004,-0.8,0.0,0.8,0.0,2.4000000000000004,0.8,0.0,0.0,0.8,1.6,-0.8,0.8,0.8,0.8,0.0,0.0,0.8,0.0,0.8,1.6,0.0,0.0,0.0,0.8,0.0,0.0,0.8,0.8,0.0,0.8,-0.8,0.0,0.8,0.8,-0.8,0.0,0.0,-0.8,0.8,0.0,0.0,0.8,-0.8,0.8,-0.8,0.0,0.8,0.8,0.8,-0.8,0.8,-0.8,0.0,0.0,-0.8,0.0,-0.8,1.6,-0.8,0.0,1.6,-1.6,1.6,-0.8,-1.6,0.8,0.0,0.8,0.0,0.0,2.4000000000000004,-0.8,1.6,-0.8,-1.6,0.8,-1.6,0.8,0.0,0.8,0.8,0.0,1.6,0.0,0.0,0.0,-0.8,0.8,-1.6,0.0,0.0,-0.8,1.6,-0.8,0.8,0.8,0.0,-0.8,0.8,1.6,-0.8,0.0,2.4000000000000004,0.0,2.4000000000000004,0.0,0.0,0.8,-0.8,0.8,0.8,0.0,0.8,-1.6,0.0,0.0,0.0,0.0,0.8,1.6,0.0,-1.6,0.8,0.0,0.8,0.0,0.8,0.8,0.0,0.0,-0.8,0.8,0.8,0.8,0.8,0.0,0.0,0.8,0.8,0.0,0.0,-0.8,0.0,0.0,-0.8,0.8,0.8,0.0,0.0,-0.8,0.0,0.0,0.8,-0.8,0.0,0.0,0.0,0.8,0.0,0.0,0.0,0.8,-0.8,-0.8,0.0,0.8,0.8,-0.8,0.0,1.6,0.0,0.8,0.8,-0.8,0.8,0.8,0.0,0.8,0.0,0.8,0.8,0.8,1.6,-0.8,0.8,0.0,0.0,0.8,-0.8,0.0,0.0,0.0,0.0,0.0,0.8,0.8,-0.8,0.8,0.8,0.8,0.0,0.0,0.8,0.8,1.6,0.0,1.6,1.6,0.0,2.4000000000000004,0.0,0.8,0.0,-0.8,0.8,0.0,0.8,1.6,0.0,1.6,-0.8,0.8,0.8,0.8,-0.8,0.8,0.8,0.8,-1.6,0.8,0.0,0.8,0.8,0.8,0.8,-0.8,1.6,1.6,-0.8,0.8,0.8,0.8,0.8,0.0,0.8,0.8,0.8,0.0,0.0,0.0,0.8,0.8,0.8,0.0,0.8,0.8,0.8,0.8,0.8,-0.8,0.0,0.0,-0.8,-0.8,0.8,0.0,-0.8,0.8,0.8,1.6,0.8,-0.8,-0.8,0.8,0.0,-0.8,0.0,1.6,0.8,0.8,0.0,1.6,0.8,-0.8,0.8,0.0,0.0,-0.8,-0.8,1.6,-0.8,0.0,0.8,0.8,0.8,0.0,0.8,0.8,0.8,0.0,0.0,2.4000000000000004,1.6,0.0,0.0,-0.8,1.6,1.6,0.0,0.0,-0.8,0.8,0.0,0.8,0.0,0.0,1.6,-0.8,0.0,0.0,0.0,1.6,0.0,-0.8,1.6,0.0,0.8,-0.8,0.0,0.8,0.0,0.0,0.0,0.0,-0.8,0.8,0.8,0.0,0.8,0.0,0.0,-0.8,-0.8,1.6,0.8,0.0,0.8,-0.8,-0.8,1.6,1.6,0.8,0.0,0.0,1.6,-0.8,0.8,0.0,0.8,0.8,-0.8,-0.8,0.8,0.8,0.0,0.0,-0.8,0.8,0.0,0.8,0.0,0.0,0.8,0.0,0.0,0.0,0.8,0.0,0.0,0.8,0.0,1.6,-0.8,-0.8,0.8,-0.8,0.0,0.0,0.0,-0.8,-0.8,0.0,0.8,0.0,0.8,0.0,1.6,0.0,-0.8,1.6,0.0,2.4000000000000004,-0.8,0.8,1.6,-0.8,0.8,0.8,0.0,1.6,-1.6,0.8,0.8,0.8,0.8,0.8,2.4000000000000004,0.0,0.8,-0.8,-1.6,1.6,-1.6,1.6,0.0,0.8,0.8,-0.8,0.8,0.0,-0.8,0.8,0.0,0.8,1.6,0.8,1.6,0.0,0.8,0.8,0.0,-0.8,0.8,1.6,-0.8,0.8,0.0,-1.6,0.8,0.8,0.0,0.8,0.8,2.4000000000000004,-1.6,1.6,1.6,-1.6,1.6,-1.6,-0.8,-0.8,0.8,0.8,-0.8,1.6,0.8,-0.8,1.6,-0.8,-0.8,1.6,0.0,0.8
event_24,1625266753.9845612,-0.8,-0.8,0.8,0.0,0.0,0.0,0.0,1.6,-0.8,-0.8,0.0,0.0,0.0,0.0,0.0,0.8,0.8,0.0,-0.8,0.8,1.6,0.0,-0.8,1.6,0.8,0.0,-0.8,0.8,0.0,1.6,0.8,-1.6,0.8,0.0,-1.6,0.8,-0.8,0.0,0.0,-0.8,0.0,-0.8,0.8,0.0,0.0,1.6,0.8,1.6,0.8,-1.6,0.8,1.6,1.6,1.6,0.0,0.0,0.8,0.8,0.0,0.0,-0.8,0.8,0.0,-0.8,0.0,0.8,-0.8,0.8,0.0,0.8,0.8,0.8,1.6,0.0,0.0,0.8,0.0,1.6,0.0,0.8,0.0,0.8,0.0,0.8,0.0,0.8,-0.8,-0.8,1.6,0.8,1.6,-0.8,1.6,0.8,1.6,0.0,0.8,1.6,0.8,0.0,0.0,0.0,-8.8,-38.400000000000006,-45.6,-28.800000000000004,-12.0,-4.800000000000001,-1.6,-1.6,-1.6,-3.2,-1.6,-2.4000000000000004,-1.6,0.0,0.0,0.0,-0.8,0.0,0.8,-0.8,-0.8,0.8,0.0,0.0,0.8,0.0,0.0,-0.8,0.0,1.6,0.8,0.0,0.8,0.8,-0.8,0.8,1.6,1.6,0.0,0.0,0.0,0.0,0.0,0.0,-0.8,1.6,-1.6,-0.8,0.0,0.0,0.8,-0.8,-0.8,1.6,-0.8,2.4000000000000004,-0.8,-0.8,0.8,0.0,0.0,0.0,0.8,0.8,-0.8,0.8,0.0,0.0,1.6,-0.8,0.0,-0.8,1.6,0.0,-0.8,0.8,-0.8,-0.8,1.6,-0.8,1.6,0.0,1.6,0.0,0.0,1.6,-0.8,2.4000000000000004,0.0,-0.8,1.6,0.0,0.8,1.6,0.0,2.4000000000000004,-0.8,0.0,-1.6,0.0,0.0,0.0,1.6,0.0,0.0,2.4000000000000004,-2.4000000000000004,1.6,0.8,0.0,-2.4000000000000004,3.2,1.6,-3.2,1.6,3.2,-1.6,0.0,0.0,1.6,0.0,0.0,0.8,0.8,0.0,-0.8,0.8,-0.8,0.8,0.0,-0.8,0.0,0.0,-1.6,0.8,0.0,0.0,0.0,0.8,0.8,-0.8,0.0,0.8,0.0,0.8,-0.8,-0.8,-0.8,0.8,0.8,0.8,1.6,0.0,0.8,0.8,0.0,0.0,0.0,1.6,-1.6,0.0,0.8,0.0,1.6,-0.8,0.8,0.0,0.0,0.0,0.8,0.0,-0.8,1.6,0.0,0.0,0.0,0.0,0.8,0.8,0.8,1.6,0.0,0.8,0.0,0.0,0.8,1.6,0.0,0.0,0.8,0.8,-0.8,1.6,0.0,0.8,0.8,-1.6,0.8,0.8,-0.8,0.8,-0.8,0.8,-0.8,0.8,-0.8,0.0,0.8,-0.8,0.0,1.6,-0.8,0.0,-0.8,0.8,0.8,-0.8,0.0,-0.8,1.6,0.8,-0.8,0.8,-0.8,0.8,-1.6,-0.8,1.6,-0.8,-0.8,-0.8,0.0,0.0,-1.6,0.8,-0.8,0.0,2.4000000000000004,-0.8,0.0,0.8,1.6,0.0,0.0,-1.6,-1.6,0.8,-0.8,-0.8,0.0,-0.8,0.0,0.8,0.8,0.0,-0.8,0.8,-0.8,-0.8,0.0,0.0,0.8,0.8,0.0,0.0,0.0,-0.8,0.0,0.0,-0.8,-0.8,0.0,0.0,0.0,0.0,0.0,0.0,-0.8,0.0,0.8,0.0,0.0,0.0,-0.8,0.8,1.6,0.0,0.0,1.6,0.8,0.0,0.0,1.6,-0.8,-0.8,0.8,0.0,-0.8,0.0,0.0,0.0,-0.8,0.0,-0.8,0.0,0.8,0.0,1.6,0.0,0.8,0.0,0.8,0.0,0.0,0.8,0.0,0.8,0.0,0.0,1.6,0.0,1.6,0.0,0.0,0.0,-0.8,0.0,0.8,0.0,0.0,-0.8,-1.6,-0.8,-0.8,0.0,0.0,0.0,0.8,-0.8,1.6,0.8,-0.8,0.0,-0.8,-0.8,0.0,1.6,0.0,0.0,0.0,1.6,0.0,1.6,-0.8,0.0,0.8,0.0,0.8,0.8,0.0,1.6,0.8,0.8,-0.8,-0.8,-0.8,0.0,0.0,-0.8,0.0,-0.8,-0.8,0.8,-0.8,0.8,0.0,0.0,0.8,0.8,0.0,-0.8,-1.6,0.8,0.0,1.6,0.0,0.0,0.8,1.6,0.0,0.0,0.0,0.0,0.0,0.8,-0.8,-1.6,0.8,0.8,0.0,0.0,0.0,0.8,-1.6,2.4000000000000004,-1.6,-0.8,0.8,-0.8,0.8,-0.8,0.8,0.8,0.0,1.6,-0.8,0.0,0.8,0.0,0.0,-0.8,0.8,-0.8,-0.8,0.0,0.8,1.6,0.0,0.8,0.8,-1.6,0.0,0.0,0.8,0.0,-1.6,2.4000000000000004,0.0,-0.8,0.8,0.0,0.0,-0.8,0.8,0.8,0.8,0.8,0.0,0.8,1.6,0.0,2.4000000000000004,-0.8,0.8,0.8,0.8,-0.8,0.0,0.8,0.0,0.8,0.0,0.0,0.8,0.0,-0.8,0.8,-1.6,0.0,-0.8,0.8,0.8,0.0,0.0,1.6,0.8,0.0,2.4000000000000004,0.0,0.8,0.8,0.0,0.0,1.6,-0.8,0.8,0.0,1.6,0.0,0.8,0.8,0.0,0.8,-1.6,0.0,0.0,0.8,0.0,0.0,0.8,-0.8,0.0,0.8,0.0,0.8,-0.8,0.8,1.6,-0.8,0.8,0.0,0.8,0.8,0.0,0.8,0.0,1.6,0.8,0.0,0.8,0.0,0.0,0.0,-0.8,0.8,0.8,0.8,0.0,0.0,0.0,-0.8,1.6,-0.8,-0.8,0.0,-0.8,1.6,0.0,0.0,0.0,0.8,0.8,-1.6,0.0,0.0,0.0,0.8,-1.6,0.8,0.8,0.8,0.8,-0.8,1.6,0.0,0.0,0.8,0.0,1.6,0.0,0.8,2.4000000000000004,-1.6,0.0,0.0,0.8,0.0,-0.8,0.8,0.0,0.0,0.8,0.8,2.4000000000000004,0.0,0.8,0.8,0.0,1.6,-1.6,2.4000000000000004,0.8,1.6,1.6,-0.8,0.8,0.0,0.0,0.8,0.0,1.6,0.8,0.0,0.0,0.0,0.0,2.4000000000000004,0.0,0.0,-0.8,0.0,0.8,0.0,-1.6,0.0,0.0,0.8,0.0,0.0,0.0,0.0,0.0,0.0,0.8,-0.8,1.6,0.8,-0.8,0.0,0.0,0.0,0.0,-0.8,1.6,0.0,-0.8,0.8,-0.8,-1.6,0.8,0.8,0.0,0.8,0.8,1.6,-1.6,1.6,0.0,0.0,0.8,-1.6,0.8,-0.8,0.8,2.4000000000000004,0.0,0.8,0.0,0.8,0.8,0.0,0.8,0.8,0.8,0.8,-0.8,2.4000000000000004,0.0,1.6,-0.8,0.0,0.8,-0.8,1.6,0.0,-0.8,0.8,0.8,0.8,0.0,0.0,0.0,1.6,1.6,0.8,0.8,0.8,0.8,0.8,0.8,0.8,1.6,0.0,1.6,0.0,2.4000000000000004,0.8,0.0,0.8,-0.8,-0.8,-0.8,-0.8,0.0,-0.8,1.6,1.6,0.8,0.8,-0.8,0.0,0.8,0.0,0.0,0.8,0.8,0.0,0.0,0.0,0.8,0.0,0.0,0.8,0.0,0.0,0.0,0.0,-0.8,0.0,1.6,0.0,0.0,0.0,0.8,0.0,0.0,0.8,-0.8,0.0,0.8,0.0,-0.8,0.0,1.6,-0.8,0.8,1.6,-1.6,0.8,0.0,-1.6,0.0,0.8,0.0,0.8,0.8,1.6,0.8,1.6,-0.8,0.8,0.8,-0.8,0.8,-1.6,0.8,1.6,0.0,0.8,0.8,0.8,-0.8,0.0,0.8,-0.8,0.0,0.0,0.0,0.8,-0.8,0.8,1.6,0.8,1.6,0.8,-0.8,0.0,-0.8,0.0,0.8,1.6,0.8,0.8,2.4000000000000004,0.8,1.6,0.8,0.0,0.8,-0.8,-0.8,-0.8,0.0,0.0,0.8,-0.8,0.8,0.0,-0.8,0.0,0.8,0.0,1.6,0.8,0.0,0.0,0.0,0.0,0.8,0.0,0.0,-0.8,-0.8,1.6,0.0,0.0,1.6,0.0,0.8,-1.6,-0.8,0.0,0.0,0.0,0.8,0.0,-0.8,0.0,1.6,0.8,0.0,0.8,0.0,0.0,0.8,0.0,0.0,0.0,-0.8,-2.4000000000000004,3.2,0.8,-2.4000000000000004,2.4000000000000004,0.8,-0.8,1.6,0.8,-0.8,-0.8,0.0,-0.8,-0.8,0.8,-0.8,1.6,1.6,-0.8,0.0,0.0,0.8,0.0,0.0,0.0,-0.8,-1.6,0.0,1.6,0.0,-0.8,0.0,-0.8,0.8,0.8,-0.8,0.8,-1.6,-0.8,0.8,0.8,1.6,-1.6,0.8,1.6,-1.6,1.6,0.0,0.8,0.0,-1.6,-1.6,-1.6,-0.8,1.6,0.0,0.8,-0.8,0.8,0.0,0.8,-0.8,0.0,0.0,0.8,0.0,0.8,0.0,0.0,-0.8,0.0,0.0,0.0,1.6,0.0,0.8,0.0,0.0,0.0,-0.8,0.0,0.0,0.0,0.0,-0.8,0.0,0.0,0.0,0.0,1.6,-0.8,0.0,1.6,0.0,0.0,0.0,0.0,0.8,-1.6,-0.8,-0.8,0.8,0.8,-1.6,1.6,0.8,0.0,0.8,-0.8,0.0,0.0,0.0,-0.8,-0.8,0.8,0.0,0.0,-0.8,0.0,0.8,-0.8,0.8,0.8,0.0,0.8,-0.8,0.0,-0.8,-0.8,0.8,0.0,0.8,0.0,0.0,0.0,0.8,0.8,0.0,0.8,0.8,-0.8,0.8,-0.8,1.6,0.0,-0.8,0.8,-0.8,0.0,0.8,-0.8,0.8,-1.6,0.8,-0.8,0.0,0.8,0.0,0.8,-0.8,0.0,0.8,0.0,0.0,-0.8,0.0,0.0,1.6,0.8,0.0,0.8,-0.8,0.8,1.6,0.0,0.8,0.8,-0.8,0.8,-0.8,0.8,0.0,0.0,0.8,-0.8,0.8,-0.8,-0.8,0.8,-0.8,0.8,0.0,0.8,0.8,0.0,0.0,0.0,-1.6,-0.8,-1.6,1.6,0.0,0.0,1.6,0.0,0.8,0.8,0.0,0.0,0.8,-0.8,-0.8,0.8,0.8,0.8,0.0,0.0,0.0,-1.6,0.8,0.8,0.0,0.0,-1.6,0.8,0.0,0.8,0.8,0.0,0.8,0.0,0.8,0.8,0.0,0.8,-1.6,0.8,-0.8,0.8,0.8,0.8,0.8,0.8,0.8,0.8,0.0,1.6,0.0,0.0,-0.8,0.0,0.8,-0.8,1.6,0.0,-0.8,0.8,-0.8,1.6,0.8,1.6,1.6,0.0,1.6,-0.8,0.0,0.8,-1.6,0.8,0.0,0.0,1.6,0.8,0.8,-0.8,0.8,0.0,-0.8,0.0,0.8,0.8,0.0,0.8,0.0,-0.8,0.8,0.8,0.0,0.0,-0.8,0.8,0.8,0.0,0.8,0.0,1.6,-1.6,0.8,0.8,0.0,0.0,0.0,0.8,1.6,0.8,0.0,0.8,-0.8,-0.8,-0.8,0.0,0.8,0.0,0.0,0.0,0.8,1.6,1.6,0.0,0.0,0.8,0.0,-0.8,-0.8,-0.8,0.0,0.0,-0.8,1.6,0.0,0.0,0.8,-0.8,0.0,0.0,0.8,0.8,0.0,1.6,0.0,0.8,1.6,-0.8,0.0,0.0,0.8,0.0,0.0,0.0,0.0,0.8,1.6,1.6,0.0,-1.6,0.0,-0.8,-0.8,0.0,0.0,0.8,0.8,-0.8,0.8,0.8,0.8,0.0,0.0,0.8,-0.8,1.6,0.0,0.8,1.6,1.6,0.0,-0.8,0.0,0.0,0.0,0.0,-0.8,0.8,-0.8,0.8,0.8,0.0,0.0,0.8,0.8,0.8,0.0,0.0,0.0,0.8,-0.8,0.0,0.8,0.8,0.0,-0.8,0.0,0.8,0.0,0.0,0.8,0.0,0.8,0.0,0.0,0.0,-0.8,0.8,0.0,0.0,1.6,0.8,-0.8,1.6,0.0,-0.8,0.0,0.0,0.8,0.0,0.8,-0.8,0.8,0.0,0.0,0.8,1.6,0.0,0.0,1.6,0.0,2.4000000000000004,1.6,0.8,0.8,1.6,0.0,0.0,0.0,-0.8,0.0,0.0,0.8,0.8,0.8,0.8,0.0,0.0,0.0,0.0,-0.8,0.0,-0.8,0.8,-0.8,1.6,-0.8,-0.8,0.8,-0.8,1.6,-0.8,0.0,0.8,1.6,0.8,-0.8,0.0,1.6,-0.8,0.8,-0.8,1.6,1.6,-0.8,0.8,0.0,0.0,0.0,0.0,0.0,0.0,0.8,0.0,0.0,1.6,-0.8,1.6,0.8,0.0,0.8,-0.8,1.6,0.0,0.0,0.8,0.8,2.4000000000000004,0.8,0.8,0.0,0.8,0.8,-1.6,-0.8,0.8,0.0,0.8,0.0,0.8,0.0,0.0,0.8,0.8,0.0,-1.6,-0.8,0.8,-0.8,0.0,0.0,0.8,0.0,0.8,0.8,0.8,0.0,-0.8,-0.8,0.0,1.6,-0.8,0.8,1.6,0.8,0.0,0.8,-0.8,0.0,-0.8,-0.8,0.0,-0.8,0.0,0.0,0.0,0.0,-0.8,0.8,-0.8,0.8,0.0,-0.8,-0.8,0.8,0.8,-0.8,0.8,0.0,-0.8,1.6,0.0,0.8,0.8,1.6,0.0,0.0,1.6,0.0,-0.8,0.0,-0.8,0.0,0.0,0.0,0.8,-0.8,0.8,-0.8,0.0,0.8,-0.8,0.8,0.8,0.0,0.8,-0.8,0.8,-1.6,0.0,0.0,0.0,0.0,-0.8,0.0,0.8,0.0,0.8,-0.8,-0.8,0.0,-0.8,0.8,0.0,0.0,0.0,0.0,0.8,0.8,0.0,-0.8,0.8,0.8,-0.8,0.8,0.8,0.8,1.6,0.0,1.6,0.0,0.0,1.6,0.8,0.8,0.0,-0.8,0.8,-0.8,2.4000000000000004,0.0,0.0,1.6,0.8,0.8,0.0,-0.8,0.8,-0.8,-0.8,0.0,0.8,0.0,0.0,0.0,0.8,0.0,0.0,0.8,0.0,0.0,1.6,0.0,0.8,-1.6,0.0,1.6,0.0,0.8,-0.8,0.8,-0.8,0.0,0.0,-0.8,0.0,-0.8,0.8,0.8,0.0,1.6,0.0,-0.8,0.0,-0.8,0.0,0.0,0.8,0.0,-0.8,0.0,-0.8,0.8,0.8,0.0,0.0,-0.8,0.0,-0.8,0.0,0.8,-0.8,0.0,0.8,0.0,-0.8,0.8,0.8,-1.6,0.8,0.8,-1.6,0.0,0.0,0.8,-0.8,-0.8,0.8,0.0,0.0,0.0,0.0,0.0,-0.8,1.6,-0.8,0.8,0.0,0.8,1.6,-0.8,-0.8,0.8,0.0,0.0,-1.6,0.8,-0.8,0.0,0.0,0.8,1.6,0.8,0.0,0.8,0.0,1.6,0.0,-0.8,0.8,-0.8,0.8,1.6,-0.8,1.6,0.0,0.8,0.8,1.6,0.8,0.8,0.8,1.6,-0.8,0.0,0.8,0.8,0.8,-0.8,0.8,0.0,0.8,0.8,0.0,0.0,0.0,0.0,0.8,0.0,0.8,1.6,0.0,0.0,0.8,-0.8,0.0,0.8,0.0,0.8,1.6,0.0,0.0,0.8,0.0,0.8,1.6,0.0,-0.8,-0.8,1.6,0.0,-0.8,0.0,0.0,0.8,0.8,0.8,0.0,0.0,0.0,0.0,0.0,0.8,0.8,0.8,0.0,1.6,0.8,-2.4000000000000004,0.8,2.4000000000000004,-0.8,-3.2,1.6,1.6,-1.6,0.8,0.8,0.0,0.0,0.8,0.8,0.8,0.0,0.0,1.6,0.8,1.6,0.0,1.6,0.8,1.6,-0.8,1.6,0.8,-0.8,0.8,0.0,0.0,0.8,0.0,2.4000000000000004,-0.8,0.0,0.8,0.0,0.8,0.8,0.0,1.6,0.0,1.6,0.8,-0.8,0.8,0.8,1.6,1.6,0.8,0.0,0.8,2.4000000000000004,0.8,0.0,0.0,0.8,0.8,0.0,0.8,1.6,-0.8,-0.8,0.8,0.0,0.0,0.0,0.0,0.8,0.0,1.6,0.8,0.8,1.6,0.8,1.6,0.0,-0.8,0.8,0.8,0.8,0.8,0.0,1.6,0.8,1.6,0.0,0.8,1.6,0.0,0.0,-1.6,0.8,1.6,-0.8,1.6,0.8,0.8,0.0,-0.8,1.6,-0.8,0.8,0.8,0.8,1.6,-0.8,0.8,0.0,0.0,1.6,0.0,1.6,1.6,-0.8,0.8,0.0,3.2,0.0,2.4000000000000004,2.4000000000000004,0.8,0.8,0.8,0.0,0.8,-0.8,0.8,0.0,0.0,0.0,1.6,1.6,0.0,-0.8,0.8,-1.6,0.8,0.0,1.6,0.0,0.8,0.8,-1.6,1.6,0.0,0.8,1.6,0.0,0.8,1.6,1.6,0.0,0.8,1.6,0.8,-0.8,0.0,0.8,0.8,0.0,1.6,0.0,-0.8,0.0,0.0,0.8,0.8,0.0,1.6,0.8,2.4000000000000004,0.8,0.8,0.8,-1.6,0.0,1.6,0.8,0.0,0.0,0.8,0.8,0.8,0.8,0.8,0.0,0.8,0.0,0.0,0.8,0.8,0.0,0.0,0.8,0.0,0.0,-0.8,0.8,0.8,-0.8,-1.6,0.8,0.0,0.8,0.8,0.0,1.6,0.0,-0.8,0.8,0.8,1.6,-0.8,-0.8,1.6,0.8,0.0,-0.8,0.8,1.6,-0.8,0.8,-0.8,0.0,0.0,-3.2,0.8,0.0,-0.8,0.8,-0.8,1.6,-1.6,0.8,0.0,1.6,0.0,0.0,0.8,0.8,-0.8,0.0,0.0,0.8,0.0,0.0,1.6,-0.8,1.6,0.8,0.0,0.0,0.0,1.6,-0.8,0.8,0.8,-0.8,0.8,-0.8,0.8,0.0,-0.8,0.0,-0.8,0.8,0.8,-0.8,0.0,0.0,1.6,0.8,0.8,0.0,-1.6,1.6,1.6,0.8,0.8,0.8,2.4000000000000004,0.0,0.8,-0.8,-0.8,0.0,-0.8,0.0,0.0,0.8,1.6,0.0,0.8,1.6,0.8,0.0,0.0,1.6,0.0,-0.8,-0.8,-0.8,0.0,0.8,-0.8,0.8,0.0,0.0,0.8,-0.8,0.0,0.8,0.8,0.0,0.8,-0.8,0.8,0.8,1.6,0.8,0.8,0.8,-0.8,0.0,0.0,0.0,1.6,0.0,0.8,1.6,-0.8,0.8,-0.8,0.0,1.6,-0.8,1.6,-0.8,1.6,0.8,-0.8,0.0,-0.8,0.8,0.0,0.0,0.0,0.8,0.8,0.0,0.8,0.8,-0.8,0.0,0.0,0.8,0.0,-1.6,0.0,0.8,-1.6,0.0,0.8,0.0,-0.8,0.8,1.6,0.0,0.8,0.0,0.0,1.6,-0.8,0.0,0.0,2.4000000000000004,0.8,-1.6,0.0,0.0,0.0,0.8,-0.8,-0.8,0.8,0.0,-0.8,0.8,1.6,1.6,1.6,1.6,0.8,0.8,-0.8,0.0,0.0,0.0,0.8,0.0,0.0,0.8,0.0,0.0,0.8,0.8,0.8,0.0,0.0,0.0,-0.8,0.8,0.0,1.6,0.8,0.0,1.6,1.6,-1.6,0.8,1.6,0.0,-0.8,0.0,0.0,0.8,0.8,0.8,0.8,0.8,-1.6,0.0,0.0,0.8,-1.6,1.6,0.8,0.8,0.8,-1.6,0.0,1.6,0.0,0.8,0.0,-0.8,1.6,0.8,0.8,0.8,0.0,0.0,-0.8,0.0,0.0,1.6,-0.8,0.0,0.8,-1.6,0.0,-0.8,0.0,0.0,0.0,1.6,0.0,0.8,0.8,0.0,2.4000000000000004,-0.8,0.0,0.0,0.8,1.6,0.0,0.8,2.4000000000000004,0.0,0.8,-0.8,-0.8,0.0,0.0,-0.8,0.0,1.6,0.0,0.0,0.0,0.8,1.6,0.0,0.0,0.8,0.0,-0.8,0.0,0.0,0.0,0.0,0.8,0.8,0.8,0.8,0.8,0.8,0.0,-0.8,0.8,1.6,0.0,0.8,0.8,0.8,1.6,0.0,0.8,-0.8,0.0,0.8,-0.8,0.0,0.0,1.6,1.6,-0.8,1.6,-0.8,0.8,-0.8,0.0,0.0,-0.8,0.8,0.0,0.0,0.0,-0.8,1.6,-0.8,0.0,0.8,0.0,1.6,0.0,0.0,0.0,-1.6,0.0,-0.8,-0.8,1.6,0.8,0.0,0.0,-0.8,-0.8,-0.8,0.0,-2.4000000000000004,-0.8,0.0,-0.8,1.6,0.0,0.0,0.0,0.8,0.0,-2.4000000000000004,0.8,1.6,-0.8,0.0,-1.6,0.8,-0.8,0.8,-0.8,-0.8,1.6,-0.8,-1.6,0.0,-0.8,0.0,-0.8,0.8,1.6,0.0,0.0,0.0,0.0,0.8,0.0,1.6,-1.6,0.0,0.0,0.0,1.6,0.0,0.8,0.8,-0.8,0.0,-0.8,0.8,0.0,0.8,0.8,0.0,0.8,0.8,0.0,0.0,0.0,0.8,-0.8,0.0,0.0,0.0,-0.8,0.8,0.8,0.0,0.0,0.8,-0.8,1.6,0.0,1.6,0.8,0.0,0.8,0.8,0.8,0.0,0.8,0.0,-0.8,0.0,1.6,0.8,-0.8,0.0,2.4000000000000004,0.8,-0.8,-0.8,1.6,1.6,-1.6,0.8,0.8,-1.6,-1.6,-0.8,1.6,-0.8,0.0,0.0,-0.8,2.4000000000000004,-0.8,-1.6,0.8,0.8,-0.8,-1.6,2.4000000000000004,1.6,-0.8,0.0,0.0,1.6,0.8,0.0,0.0,-0.8,1.6,0.8,0.0,0.0,0.0,1.6,0.0,1.6,0.8,0.0,0.0,-0.8,0.0,0.0,-0.8,1.6,0.0,0.0,0.8,0.8,0.0,0.0,0.0,0.0,0.0,0.0,0.0,0.0,0.8,-0.8,0.8,0.0,0.8,-0.8,0.0,-0.8,0.0,0.0,-0.8,-0.8,-0.8,-0.8,0.8,0.8,0.0,0.8,0.0,0.0,0.8,0.0,-0.8,0.0,0.8,0.0,-0.8,0.8,-1.6,-0.8,1.6,0.0,-1.6,1.6
event_25,1625266756.1366842,-0.8,0.8,0.8,0.8,0.8,-0.8,-0.8,0.0,1.6,0.0,0.0,0.0,0.8,0.0,0.0,0.0,-0.8,0.0,0.0,-0.8,-0.8,0.0,0.8,0.0,0.0,0.8,0.0,0.8,0.0,0.0,-0.8,-0.8,0.0,0.0,1.6,1.6,0.0,2.4000000000000004,-0.8,-0.8,1.6,0.0,0.0,0.0,2.4000000000000004,-0.8,0.8,0.8,0.0,1.6,-0.8,0.0,1.6,0.8,0.8,0.0,0.0,0.0,0.0,0.8,0.0,1.6,0.0,-0.8,0.8,0.0,1.6,-0.8,0.8,0.8,0.0,1.6,-0.8,0.0,0.0,0.0,1.6,-0.8,0.0,1.6,0.0,1.6,-0.8,1.6,0.8,-0.8,0.8,0.0,0.8,0.0,0.0,1.6,-1.6,0.8,0.0,-0.8,0.8,0.8,2.4000000000000004,-0.8,0.8,-0.8,-17.6,-24.800000000000004,-19.200000000000003,-8.0,-1.6,-0.8,0.8,-1.6,-0.8,0.8,0.0,0.8,-1.6,0.0,0.8,0.0,0.0,0.8,1.6,0.8,0.0,0.8,0.8,0.0,0.0,0.0,0.8,-1.6,0.0,0.0,-0.8,0.8,-1.6,0.8,1.6,1.6,1.6,0.0,0.0,0.8,-0.8,0.8,0.0,2.4000000000000004,0.0,0.8,1.6,0.8,0.0,0.8,0.8,-0.8,0.8,0.8,0.8,0.8,0.8,0.8,0.8,2.4000000000000004,0.0,-0.8,1.6,0.8,0.0,0.0,2.4000000000000004,0.8,-0.8,0.0,0.8,1.6,0.0,0.0,0.0,0.0,1.6,1.6,1.6,0.8,0.0,0.8,-0.8,-0.8,0.8,0.0,0.0,0.8,-0.8,0.0,-1.6,0.0,0.8,0.0,0.8,0.8,0.8,0.8,0.8,-0.8,0.0,0.8,-1.6,0.8,1.6,0.0,1.6,0.0,1.6,2.4000000000000004,0.0,-0.8,-0.8,0.8,-0.8,-0.8,0.8,0.8,0.8,0.0,0.0,2.4000000000000004,-0.8,0.8,0.8,0.8,0.0,-0.8,0.0,0.8,0.8,0.0,0.0,1.6,0.0,0.0,0.8,0.0,0.8,-1.6,0.0,0.8,0.0,0.8,1.6,0.8,1.6,0.8,1.6,-0.8,0.8,0.8,0.0,0.0,-0.8,0.8,0.8,0.0,0.0,-0.8,0.8,-0.8,1.6,0.0,0.8,1.6,-0.8,0.8,0.0,0.8,0.0,-0.8,0.8,-0.8,0.8,0.8,1.6,0.0,0.0,0.0,-0.8,0.0,-0.8,0.8,1.6,-0.8,0.0,-1.6,-1.6,0.0,-0.8,0.8,-0.8,0.8,0.0,-0.8,0.8,-1.6,0.0,0.0,-1.6,-0.8,-0.8,2.4000000000000004,0.0,-0.8,-0.8,-0.8,0.8,-0.8,-0.8,0.8,0.0,0.8,-1.6,-0.8,0.0,-1.6,0.8,0.0,0.8,0.0,-0.8,0.8,0.0,0.8,-0.8,0.8,0.0,0.0,1.6,-0.8,1.6,0.8,0.0,0.0,0.8,0.8,0.0,0.0,0.0,1.6,0.8,0.0,0.8,0.0,-0.8,0.8,0.8,0.8,0.8,0.8,0.0,0.0,-0.8,2.4000000000000004,0.8,0.0,-0.8,0.0,-0.8,0.8,0.0,0.8,0.0,1.6,0.0,0.0,1.6,0.0,0.0,0.0,0.0,0.8,1.6,0.0,0.8,0.0,0.8,0.0,-0.8,0.8,0.0,1.6,-0.8,-0.8,0.8,-1.6,0.8,-0.8,0.0,-0.8,0.0,0.8,-0.8,0.8,0.8,-0.8,0.8,0.0,-0.8,1.6,1.6,0.8,0.0,0.8,0.8,0.0,0.8,-0.8,0.0,0.8,0.0,0.8,-0.8,0.0,0.8,-0.8,0.8,0.0,0.0,0.0,0.8,1.6,-1.6,0.8,0.8,0.0,0.8,-0.8,0.0,0.8,0.8,0.0,0.0,1.6,0.0,0.0,0.8,-0.8,1.6,-0.8,0.8,1.6,0.0,0.8,0.0,0.0,1.6,0.0,0.8,-0.8,0.0,0.0,0.8,1.6,0.0,0.8,0.8,0.0,0.8,-1.6,0.8,0.0,1.6,0.8,-0.8,0.8,0.0,1.6,0.0,0.8,0.0,0.8,0.8,-0.8,0.0,0.8,-0.8,0.8,-1.6,0.8,0.8,-0.8,0.8,0.0,0.0,0.8,0.0,0.0,-0.8,0.8,0.0,0.8,0.8,-0.8,0.0,-0.8,0.0,-0.8,0.8,1.6,0.0,0.0,-1.6,0.8,0.0,0.0,0.8,-1.6,1.6,0.0,0.0,2.4000000000000004,-0.8,2.4000000000000004,0.0,-0.8,1.6,0.8,0.8,0.0,0.0,0.0,-0.8,1.6,0.0,0.0,0.8,-0.8,1.6,0.0,-0.8,0.8,0.0,1.6,-0.8,0.0,0.0,0.8,0.8,-1.6,1.6,0.8,-0.8,1.6,-0.8,1.6,0.0,-2.4000000000000004,1.6,0.0,0.8,1.6,0.0,1.6,-0.8,0.8,-3.2,2.4000000000000004,0.8,-3.2,0.8,2.4000000000000004,-0.8,-0.8,1.6,1.6,0.0,0.8,1.6,-0.8,0.8,-0.8,0.0,0.8,0.0,0.0,0.0,-0.8,0.0,0.8,0.0,1.6,0.8,-0.8,0.8,0.0,0.0,0.0,0.8,0.0,0.0,0.8,0.0,0.8,0.8,0.0,-0.8,-0.8,0.8,0.0,0.8,0.8,0.8,0.8,0.8,0.0,0.0,0.0,0.0,0.0,0.0,1.6,1.6,0.8,0.0,0.0,0.8,0.8,1.6,0.8,-0.8,0.0,0.0,0.0,-1.6,0.0,0.0,0.8,0.0,-0.8,0.8,0.0,0.0,0.8,0.8,0.0,0.8,0.8,0.8,0.8,0.8,-0.8,0.8,0.8,0.0,0.0,0.0,0.0,0.8,0.0,1.6,-0.8,0.8,0.8,-0.8,0.8,0.0,0.0,1.6,-2.4000000000000004,1.6,-1.6,-2.4000000000000004,0.8,-0.8,0.0,0.8,0.8,0.0,0.8,0.8,-1.6,0.8,0.0,-2.4000000000000004,0.8,0.0,0.8,0.0,-1.6,1.6,-1.6,-0.8,0.0,0.8,0.8,0.8,0.8,0.8,0.8,1.6,-0.8,0.8,0.8,-0.8,-0.8,0.8,1.6,0.0,0.8,0.0,0.0,0.8,0.8,0.0,-0.8,0.8,-0.8,0.0,0.0,0.8,1.6,0.0,0.8,0.8,0.8,0.0,-0.8,0.8,-1.6,0.0,0.0,0.0,1.6,0.0,0.8,0.0,0.0,0.0,0.8,0.8,0.8,-0.8,0.8,0.0,2.4000000000000004,0.0,0.0,0.8,-0.8,0.8,0.0,0.8,1.6,-1.6,0.0,-0.8,0.8,0.0,0.0,0.8,0.0,0.0,-0.8,0.0,0.8,-0.8,0.8,0.0,0.0,0.0,-1.6,1.6,1.6,0.0,1.6,0.0,0.8,0.8,0.8,0.8,-0.8,0.8,0.0,0.0,-0.8,0.0,1.6,-0.8,0.0,-0.8,-1.6,0.0,0.8,-0.8,0.0,0.8,0.0,-0.8,0.8,0.0,-0.8,0.8,-0.8,-1.6,-0.8,0.8,0.8,-0.8,0.8,0.0,0.0,0.8,-0.8,-0.8,0.8,0.8,0.0,0.0,-0.8,0.0,0.0,0.0,0.0,0.8,0.0,0.0,0.0,-0.8,0.0,0.8,0.0,0.8,0.8,-0.8,0.8,-0.8,0.8,0.8,-0.8,0.0,-2.4000000000000004,0.8,0.0,0.8,0.8,0.0,0.0,1.6,-1.6,0.8,0.8,0.8,0.0,0.8,1.6,-0.8,0.8,0.8,-0.8,0.8,-0.8,0.0,-0.8,0.0,-0.8,0.0,0.8,0.0,0.8,1.6,-0.8,0.8,0.0,1.6,0.8,0.0,0.8,0.0,0.8,0.8,-0.8,0.8,-0.8,1.6,0.8,0.0,0.8,0.0,0.0,-0.8,0.0,2.4000000000000004,0.0,0.8,0.0,0.0,0.0,-0.8,0.0,-0.8,0.0,-0.8,-2.4000000000000004,0.0,0.8,0.0,0.8,0.8,1.6,-0.8,1.6,0.0,-0.8,1.6,0.0,0.0,0.0,0.0,0.0,-1.6,0.0,0.8,-0.8,0.0,-0.8,0.8,-0.8,0.0,0.8,0.8,0.8,-0.8,0.8,1.6,0.0,0.8,0.8,0.0,0.0,0.0,0.8,0.0,1.6,0.8,0.8,0.0,0.8,0.0,1.6,0.8,0.8,-0.8,-0.8,0.8,1.6,0.0,1.6,0.8,0.8,0.8,0.0,-0.8,0.0,-0.8,0.0,-1.6,0.8,0.8,-0.8,0.8,0.0,0.8,0.0,0.0,-0.8,1.6,0.8,-1.6,1.6,0.0,0.8,0.0,-2.4000000000000004,1.6,0.0,-1.6,1.6,0.0,-0.8,-0.8,0.0,0.8,-2.4000000000000004,1.6,0.0,0.0,0.8,-0.8,0.0,0.0,-0.8,0.0,-0.8,2.4000000000000004,0.8,0.0,0.8,0.0,0.8,0.0,0.0,0.0,-0.8,0.8,-0.8,0.8,0.0,-0.8,0.0,-0.8,0.8,-0.8,0.0,1.6,0.0,-0.8,-0.8,0.8,0.0,0.0,-0.8,0.0,0.0,0.0,0.0,0.8,-1.6,-0.8,0.0,0.0,0.0,1.6,0.8,1.6,0.0,1.6,0.8,0.8,1.6,0.8,0.8,-1.6,0.0,0.0,0.0,0.8,0.0,0.0,0.8,0.8,0.0,0.8,-0.8,0.8,0.0,0.8,0.0,-0.8,0.8,0.0,0.8,0.0,0.8,0.0,0.8,0.0,0.8,0.0,0.8,0.0,0.8,-0.8,0.0,0.0,-0.8,0.8,0.0,-0.8,1.6,0.8,0.0,0.8,0.0,0.0,-0.8,0.0,0.8,-1.6,1.6,-0.8,-1.6,0.0,0.0,1.6,0.0,-0.8,0.8,-0.8,0.8,-0.8,0.0,0.0,-0.8,0.8,-0.8,0.0,0.0,0.0,0.8,-0.8,0.8,0.0,0.0,0.8,-0.8,0.0,-0.8,0.0,0.0,0.0,0.8,0.0,-0.8,0.0,0.8,0.0,0.0,0.8,0.0,0.8,0.8,-1.6,0.0,0.0,0.8,-1.6,0.0,0.8,0.0,-0.8,0.0,-0.8,-0.8,0.0,0.0,0.8,0.0,0.0,0.0,-1.6,0.0,-0.8,0.8,0.0,0.8,0.0,-0.8,0.0,1.6,0.0,0.8,0.0,-1.6,1.6,0.0,0.0,0.8,-0.8,0.0,-1.6,-0.8,0.0,0.0,0.8,-1.6,0.0,-0.8,-1.6,0.0,0.0,-0.8,-1.6,0.8,-0.8,-0.8,1.6,0.0,0.8,-0.8,-2.4000000000000004,0.0,0.0,0.0,0.0,0.0,1.6,-1.6,0.8,0.0,-1.6,0.8,-1.6,1.6,0.0,-2.4000000000000004,1.6,0.0,0.8,0.8,-1.6,0.8,-1.6,0.8,-0.8,-0.8,0.0,-1.6,0.0,-1.6,0.0,0.8,-0.8,0.8,0.0,0.0,-0.8,-1.6,0.8,0.0,1.6,0.8,0.0,0.8,0.0,-0.8,0.8,-1.6,1.6,-0.8,0.0,0.0,-1.6,0.0,0.8,0.8,-0.8,-0.8,0.8,-0.8,1.6,0.0,-1.6,-0.8,0.8,0.0,-1.6,0.8,0.8,-0.8,0.8,0.0,-0.8,0.0,0.8,0.0,-0.8,0.0,0.0,0.8,0.0,1.6,1.6,0.0,0.8,0.0,-0.8,0.0,0.8,0.0,-1.6,0.0,0.0,0.0,0.0,0.0,-0.8,0.0,-0.8,-0.8,-0.8,1.6,0.8,0.0,0.8,0.8,-0.8,0.8,0.0,0.0,0.8,0.8,-1.6,1.6,0.8,-0.8,0.8,0.0,1.6,0.0,0.0,0.8,0.0,-0.8,-1.6,0.0,2.4000000000000004,-1.6,0.0,-0.8,0.8,0.8,-0.8,1.6,-0.8,0.0,0.0,0.8,0.8,0.8,0.8,0.8,0.0,1.6,-0.8,1.6,0.0,0.0,1.6,-0.8,-0.8,0.0,-0.8,2.4000000000000004,-0.8,1.6,-0.8,0.0,0.8,-0.8,0.8,-0.8,0.0,1.6,-1.6,0.8,-0.8,0.0,0.8,0.0,0.0,-1.6,0.8,0.8,-0.8,0.8,0.0,0.0,-0.8,-0.8,0.8,0.8,0.0,0.0,-0.8,0.0,-0.8,0.8,0.8,-0.8,-0.8,1.6,0.8,-1.6,1.6,0.8,0.0,-0.8,0.0,0.8,0.0,0.8,0.0,-0.8,1.6,-0.8,1.6,0.0,-0.8,0.8,0.0,-0.8,0.8,0.8,0.8,0.0,0.0,0.0,0.8,-0.8,0.0,1.6,0.0,0.8,-1.6,0.0,0.8,0.0,0.8,0.0,0.0,0.8,0.8,0.8,0.8,-0.8,0.8,0.0,2.4000000000000004,-0.8,0.0,0.8,0.8,0.8,0.8,1.6,-0.8,0.0,1.6,-0.8,0.0,0.0,2.4000000000000004,0.8,-1.6,0.8,-1.6,0.0,0.8,-1.6,0.0,0.8,1.6,0.0,-0.8,0.8,-0.8,0.0,0.8,-0.8,0.8,0.0,0.8,0.0,0.0,0.0,0.0,-0.8,-0.8,1.6,0.8,-2.4000000000000004,1.6,0.0,-2.4000000000000004,1.6,0.0,0.0,-0.8,0.8,-0.8,-0.8,0.8,0.0,-0.8,0.0,-0.8,-0.8,0.0,0.8,0.8,-0.8,0.8,1.6,0.0,0.0,-0.8,-0.8,0.8,0.0,0.8,0.8,0.0,0.8,0.8,0.0,0.8,0.0,0.0,0.0,0.0,-0.8,0.0,0.0,0.8,0.8,0.0,0.8,0.0,-0.8,0.0,0.0,0.8,0.0,0.0,1.6,0.0,1.6,0.0,0.8,1.6,0.8,-0.8,1.6,0.8,0.0,-0.8,0.0,0.0,-0.8,0.8,1.6,1.6,0.8,-0.8,1.6,0.0,0.0,-0.8,0.0,0.8,0.0,0.0,0.0,0.8,0.8,-0.8,0.8,0.0,0.0,1.6,0.0,0.8,0.0,0.0,1.6,-0.8,0.8,0.8,0.8,0.0,0.8,-0.8,-1.6,0.0,-0.8,-0.8,0.8,0.0,0.0,0.0,0.0,1.6,-0.8,0.0,-0.8,0.0,0.0,0.8,0.0,0.0,0.8,0.8,-0.8,1.6,0.8,-0.8,1.6,0.0,0.0,0.8,0.8,0.8,0.0,0.8,0.8,0.0,-0.8,-0.8,0.8,-0.8,0.0,0.0,0.0,0.0,-1.6,0.8,0.8,0.8,0.0,1.6,-0.8,0.8,-1.6,-0.8,2.4000000000000004,0.0,0.0,1.6,0.8,0.8,-0.8,1.6,0.0,0.8,0.0,-1.6,0.0,-0.8,0.0,1.6,0.0,1.6,0.0,0.8,0.8,-0.8,0.8,0.8,0.0,0.8,-1.6,0.8,0.8,0.8,0.0,-0.8,0.0,-0.8,1.6,0.0,-1.6,1.6,0.0,2.4000000000000004,0.8,-1.6,0.8,-0.8,0.8,0.8,0.0,-0.8,-0.8,1.6,0.0,-0.8,0.8,-1.6,0.8,0.0,0.0,-0.8,0.0,0.0,-0.8,0.0,2.4000000000000004,0.0,0.8,-0.8,0.8,0.8,0.8,0.8,0.8,-0.8,0.0,-0.8,0.0,0.8,1.6,0.0,0.8,0.8,0.0,0.8,0.8,0.8,-0.8,-0.8,-0.8,0.0,0.0,0.8,0.8,0.8,0.8,0.0,1.6,0.0,0.8,0.0,0.0,0.8,1.6,0.0,0.0,1.6,1.6,0.8,1.6,0.8,1.6,0.0,0.8,0.8,0.0,0.0,0.8,0.0,0.8,0.0,0.8,0.0,0.8,-0.8,1.6,0.0,0.8,0.8,0.0,0.8,0.8,-0.8,0.0,-0.8,1.6,1.6,1.6,0.8,0.0,1.6,0.0,0.0,-0.8,0.8,1.6,0.0,1.6,-0.8,-0.8,0.8,0.0,1.6,0.0,0.8,1.6,-0.8,0.8,0.8,0.0,1.6,-0.8,-0.8,-0.8,0.8,0.8,-1.6,0.8,1.6,0.8,1.6,-1.6,0.8,0.8,0.8,0.8,-0.8,0.8,0.0,0.8,0.8,0.8,1.6,-0.8,1.6,0.8,0.0,0.8,0.0,1.6,0.0,-0.8,0.8,1.6,0.8,0.0,1.6,0.0,0.8,0.8,0.8,0.8,0.8,0.0,0.8,0.8,1.6,0.8,0.8,0.8,0.0,0.0,0.8,0.0,0.8,-0.8,0.8,0.0,1.6,0.8,0.0,0.0,0.8,0.8,0.0,0.8,0.8,-0.8,-0.8,0.0,0.8,0.0,0.8,0.8,-0.8,1.6,0.8,0.0,0.0,0.0,0.8,0.8,0.8,0.0,0.0,-0.8,0.0,0.8,-0.8,0.8,0.8,-0.8,0.8,1.6,0.8,1.6,0.0,0.8,-0.8,0.0,0.0,-1.6,0.8,0.0,0.8,0.0,-0.8,1.6,-0.8,0.8,0.0,-0.8,1.6,-1.6,-0.8,0.8,0.0,0.8,0.8,1.6,0.8,0.8,0.8,0.0,1.6,-1.6,-0.8,1.6,-0.8,0.8,0.0,0.0,1.6,0.8,1.6,0.8,-0.8,0.0,-0.8,0.0,-0.8,1.6,0.0,0.0,1.6,0.0,0.8,0.8,-0.8,0.8,0.8,0.0,-0.8,0.0,0.0,0.0,0.8,0.0,-0.8,0.0,-0.8,1.6,-0.8,0.0,0.8,0.0,0.0,0.0,0.0,0.8,-0.8,0.8,0.8,-0.8,1.6,1.6,0.0,0.8,-0.8,0.0,-1.6,0.0,1.6,-0.8,-0.8,-1.6,0.0,0.0,-0.8,0.0,0.0,0.0,0.0,0.0,0.0,0.8,0.0,0.0,0.0,-0.8,-0.8,0.0,0.8,0.0,0.8,0.0,0.8,0.8,0.8,1.6,-0.8,0.0,0.0,-0.8,0.8,-0.8,0.8,0.0,-0.8,1.6,0.0,-0.8,-0.8,0.8,0.8,-0.8,0.0,0.0,0.0,0.0,-0.8,1.6,0.0,0.0,1.6,-0.8,0.8,-0.8,0.8,0.8,0.8,0.8,1.6,0.8,1.6,0.0,0.8,-0.8,0.8,0.8,0.0,0.8,0.8,0.0,1.6,0.8,1.6,0.0,0.0,0.0,0.8,0.0,0.8,0.8,0.0,-1.6,0.0,0.0,0.0,0.0,0.8,0.8,-0.8,0.0,0.0,0.0,0.8,0.0,0.0,-0.8,0.0,0.0,0.8,-0.8,0.8,0.0,-1.6,0.8,-0.8,1.6,0.0,0.0,0.8,0.0,0.8,-0.8,0.0,1.6,-0.8,0.0,0.0,1.6,0.8,-0.8,0.8,1.6,0.8,0.8,-0.8,0.0,0.8,0.0,0.0,0.0,1.6,-0.8,0.0,0.0,0.0,0.8,-0.8,0.8,0.8,0.0,0.0,-1.6,0.8,-0.8,-0.8,0.8,-0.8,-0.8,0.0,0.0,0.8,-0.8,-0.8,0.0,0.8,2.4000000000000004,0.0,0.8,-0.8,1.6,0.8,0.0,0.8,0.8,-0.8,-0.8,0.0,0.8,-0.8,0.8,0.0,0.8,0.0,0.0,-0.8,1.6,-0.8,0.8,0.0,1.6,0.0,0.0,0.8,0.8,0.8,-0.8,0.0,0.8,0.8,0.0,0.8,0.0,0.0,0.8,0.8,-0.8,0.8,0.0,0.0,0.8,-0.8,0.0,0.0,-0.8,0.0,0.0,0.8,0.0,0.0,0.8,0.0,0.0,0.8,0.8,-0.8,-1.6,0.8,-0.8,-0.8,0.0,0.8,1.6,0.8,0.0,-0.8,1.6,0.0,-0.8,-0.8,-0.8,0.8,-0.8,0.8,0.8,0.0,0.8,-0.8,0.8,-0.8,-0.8,1.6,0.0,0.0,0.8,0.0,0.8,0.8,0.8,0.0,0.8,0.8,-1.6,0.8,-0.8,0.8,0.0,-0.8,1.6,0.0,0.8,0.8,-1.6,0.8,-1.6,0.0,0.0,-0.8,0.8,0.0,1.6,0.8,-0.8,1.6,-1.6,2.4000000000000004,-0.8,0.0,0.8,0.0,0.8,-0.8,0.0,0.0,-1.6,0.8,-0.8,-0.8,1.6,0.8,0.8,0.0,1.6,0.8,-1.6,0.8,-0.8,0.0,0.0,-0.8,-0.8,-1.6,0.0,0.0,0.0,0.8,0.0,0.8,0.0,1.6,0.0,-1.6,0.8,-1.6,0.0,0.8,0.8,0.0,0.0,-0.8,0.8,0.8,1.6,0.0,-1.6,0.8,0.0,0.8,-0.8,0.8,0.0,0.8,0.0,1.6,-0.8,-0.8,0.8,-0.8,-0.8,0.0,0.8,0.0,-0.8,-0.8,0.0,0.8,-0.8,-0.8,0.8,-0.8,0.0,0.8,-0.8,0.0,1.6,0.0,0.0,1.6,0.8,-1.6,0.8,0.0,0.0,0.0,-1.6,0.0,0.0,0.0,0.8,0.0,1.6,-0.8,0.0,0.0,0.0,0.0,0.0,0.0,0.8,-0.8,0.8,0.8,-1.6,3.2,0.8,-1.6,-0.8,4.0,-0.8,-2.4000000000000004,2.4000000000000004,0.8,0.0,-0.8,0.8,0.8,-0.8,0.0,0.8,-0.8,-0.8,0.0,1.6,0.8,-0.8,0.0,-0.8,0.0,0.0,0.0,0.0,-0.8,0.0,-1.6,-0.8,1.6,0.8,0.8,-0.8,0.8,0.8,0.8,1.6,-0.8,0.8,0.8,-1.6,0.0,0.0,0.8,0.8,0.0,0.0,0.0,-0.8,0.8,0.8,0.0,0.0,0.8,0.0,0.0,-0.8,0.0,1.6,0.0,0.8,0.0,0.8,-0.8,-0.8,0.0,0.0,0.8,0.0,0.8,0.8,0.8,-0.8,0.8,0.0,0.8,-0.8,0.8,0.8,0.8,0.0,1.6,0.0,0.0,0.0,0.0,0.0,0.8,0.0,0.8,-0.8,0.8,-0.8,0.0,0.0,-0.8,0.8,0.8,-0.8,0.8,-0.8,0.8,-0.8,0.0,0.8,-0.8,0.0,-0.8,0.8,0.8,-0.8,0.8,0.0,-1.6,-0.8,0.0,0.0,-0.8,1.6,0.0,-0.8,1.6,-0.8,0.0,1.6,-0.8,0.0,-0.8,1.6,0.8,0.0,0.8,0.0,0.8,1.6,-0.8,0.8,-0.8,0.8,-0.8,0.8,-0.8,-0.8,0.0,0.0
event_26,1625266758.2878072,-0.8,0.0,0.0,-0.8,-0.8,0.0,0.8,0.8,0.0,0.0,0.8,0.0,0.8,0.8,1.6,0.8,0.0,-0.8,0.0,0.8,0.0,0.0,0.8,0.8,0.8,0.8,0.8,0.8,-0.8,0.8,0.8,0.8,0.0,0.8,1.6,0.8,0.8,1.6,0.0,1.6,0.0,-0.8,0.0,0.0,0.8,0.8,0.8,0.8,-0.8,1.6,0.0,1.6,0.0,0.0,1.6,0.0,0.8,0.0,0.0,1.6,0.0,0.8,-0.8,0.8,1.6,0.0,0.8,0.0,0.0,0.8,-0.8,0.0,0.8,0.8,-0.8,0.0,0.0,-0.8,0.8,0.0,0.8,0.8,0.8,0.8,0.0,0.0,0.8,0.0,0.8,0.8,-1.6,0.0,1.6,0.0,-0.8,0.0,1.6,-0.8,0.0,0.0,0.8,0.8,-9.600000000000001,-40.0,-48.800000000000004,-30.4,-13.600000000000001,-5.6,-3.2,-0.8,-3.2,-4.0,-2.4000000000000004,-2.4000000000000004,-2.4000000000000004,-0.8,0.0,-1.6,-0.8,0.0,0.0,-0.8,0.8,0.0,0.8,0.0,0.0,0.0,-0.8,0.8,1.6,0.0,0.0,0.8,0.8,-0.8,0.0,0.0,0.8,0.8,0.0,-0.8,0.0,-0.8,1.6,-0.8,0.0,-0.8,0.0,0.8,0.8,0.8,0.8,0.0,2.4000000000000004,-0.8,1.6,0.0,0.8,0.8,0.0,1.6,-0.8,1.6,0.8,-0.8,0.8,0.0,0.8,0.0,0.8,0.8,-0.8,-0.8,-0.8,-1.6,0.0,0.0,0.8,0.0,-1.6,0.8,-0.8,-0.8,0.0,0.8,0.8,-0.8,0.8,-0.8,0.0,2.4000000000000004,0.0,0.8,0.0,0.8,0.8,0.0,0.0,-0.8,0.0,-0.8,-0.8,0.8,-0.8,0.0,0.0,0.0,1.6,-0.8,0.0,0.0,0.8,0.0,0.0,0.0,0.0,0.0,-0.8,-0.8,0.8,0.8,0.0,0.0,0.0,0.8,0.0,0.8,0.0,0.8,0.0,0.8,0.8,0.8,-0.8,0.0,0.8,0.8,0.0,0.0,0.0,0.8,0.0,0.8,1.6,-0.8,0.8,0.8,0.0,1.6,-1.6,0.0,0.0,0.8,1.6,-0.8,1.6,-1.6,0.0,0.8,-0.8,0.0,1.6,0.8,0.0,-0.8,2.4000000000000004,-0.8,-0.8,0.0,-0.8,0.8,-0.8,0.8,-0.8,-0.8,1.6,-0.8,0.8,0.0,-0.8,1.6,0.0,0.8,-0.8,-0.8,1.6,-2.4000000000000004,-0.8,-0.8,1.6,0.8,0.8,-0.8,1.6,0.8,0.8,-0.8,2.4000000000000004,0.8,0.0,0.0,0.0,2.4000000000000004,-0.8,0.8,0.0,0.8,1.6,-0.8,0.8,0.0,-1.6,0.0,-1.6,0.0,-0.8,0.8,0.8,0.0,0.0,-0.8,2.4000000000000004,0.8,0.0,-0.8,0.0,0.0,1.6,0.0,0.8,0.0,0.0,0.0,0.8,-0.8,0.8,0.0,-0.8,0.0,0.0,-0.8,0.8,0.0,0.0,0.8,0.0,-0.8,0.0,-0.8,-0.8,0.0,0.0,0.0,0.0,0.0,2.4000000000000004,0.8,-0.8,0.8,-0.8,0.8,0.0,0.0,0.0,0.0,0.8,0.0,1.6,0.8,0.0,-0.8,0.8,0.8,-1.6,0.8,0.0,-0.8,0.8,0.8,1.6,0.0,0.0,0.8,-0.8,0.8,0.0,-1.6,0.0,0.0,0.8,0.0,-0.8,0.8,0.0,1.6,0.8,-2.4000000000000004,1.6,0.0,0.0,0.0,1.6,0.8,-0.8,0.0,-0.8,-0.8,0.8,0.8,0.0,0.0,0.0,1.6,-0.8,0.8,0.0,0.0,1.6,0.0,0.0,0.0,-0.8,0.8,-0.8,0.8,0.0,0.8,0.0,-0.8,0.8,-0.8,-0.8,1.6,0.8,1.6,-1.6,-0.8,0.0,0.0,0.0,0.8,0.0,0.8,0.0,0.0,-0.8,0.8,0.0,0.8,0.0,0.8,0.0,0.0,0.8,-0.8,-0.8,0.0,0.0,0.0,2.4000000000000004,1.6,-0.8,0.0,0.0,-0.8,0.0,-0.8,0.8,0.0,0.0,0.8,-1.6,-0.8,-0.8,0.0,1.6,0.0,0.8,0.8,0.8,1.6,-0.8,0.8,0.8,0.8,-0.8,-1.6,1.6,-0.8,0.8,0.0,0.0,1.6,0.0,1.6,-0.8,0.0,0.0,-0.8,0.8,0.0,0.8,0.8,-0.8,0.8,0.0,0.0,0.8,1.6,0.0,-0.8,1.6,0.0,0.0,0.0,0.0,1.6,0.8,0.8,0.8,0.0,0.8,-1.6,0.8,0.8,1.6,0.8,-0.8,1.6,0.8,0.0,1.6,-0.8,1.6,0.8,-0.8,0.8,-0.8,0.0,1.6,0.0,0.8,-0.8,0.8,0.0,0.8,-0.8,0.0,0.8,0.8,-0.8,0.8,0.0,0.8,0.8,0.0,-0.8,1.6,0.8,0.8,0.0,0.0,1.6,0.0,0.0,0.0,0.0,0.8,0.0,0.0,0.0,-0.8,0.8,0.0,-0.8,0.8,0.8,0.0,-0.8,0.8,0.8,0.0,1.6,-0.8,-0.8,0.8,0.8,0.0,-0.8,0.8,0.0,1.6,1.6,-1.6,0.0,0.8,0.0,0.0,0.0,0.8,0.0,0.8,0.0,0.0,0.8,-0.8,0.8,-0.8,-0.8,2.4000000000000004,-2.4000000000000004,1.6,2.4000000000000004,0.0,-2.4000000000000004,1.6,0.8,-2.4000000000000004,1.6,3.2,-1.6,-2.4000000000000004,0.8,1.6,0.8,-0.8,1.6,0.8,0.0,-0.8,0.8,0.8,0.0,0.0,0.8,0.0,1.6,-0.8,1.6,1.6,0.0,0.0,-0.8,-1.6,0.0,-1.6,1.6,-0.8,0.8,0.0,-0.8,0.8,0.0,0.0,0.8,0.0,0.0,0.0,1.6,-0.8,0.0,0.0,0.8,0.0,0.0,0.0,0.8,0.8,0.0,0.0,-0.8,0.8,1.6,0.8,0.0,1.6,0.8,-0.8,0.0,0.0,0.0,0.0,0.0,-1.6,1.6,0.0,-0.8,1.6,0.0,1.6,0.0,0.0,-0.8,-0.8,0.8,0.8,0.0,0.0,0.0,0.8,-0.8,0.8,0.8,-0.8,1.6,-1.6,0.8,0.0,-1.6,0.0,0.0,1.6,0.0,0.0,2.4000000000000004,-0.8,1.6,0.0,0.8,1.6,-0.8,1.6,-0.8,2.4000000000000004,1.6,0.0,1.6,0.0,0.8,1.6,0.0,1.6,0.0,0.0,1.6,-0.8,0.8,0.8,0.8,0.8,0.0,0.8,-1.6,0.8,0.0,-0.8,0.0,0.0,0.8,-1.6,0.8,0.8,-0.8,1.6,0.0,0.8,0.8,0.0,0.8,0.8,0.8,0.0,0.0,0.8,1.6,0.8,0.8,0.8,0.8,0.0,0.8,0.0,-0.8,0.8,0.8,0.0,0.8,0.8,0.8,0.0,0.8,0.0,0.0,0.0,1.6,0.8,0.0,0.8,1.6,0.0,0.8,0.0,0.0,0.0,0.0,-0.8,0.0,-0.8,0.8,-0.8,0.8,1.6,0.0,0.0,0.0,0.8,-0.8,-0.8,0.8,0.0,0.0,0.0,0.8,1.6,0.0,1.6,0.8,-0.8,0.0,0.0,0.8,0.0,1.6,0.8,0.0,0.8,1.6,0.0,1.6,0.8,0.8,0.8,-0.8,0.8,0.0,-0.8,1.6,0.0,0.8,-0.8,0.0,-0.8,0.0,0.0,0.8,0.8,1.6,-0.8,0.0,0.0,0.0,0.8,-0.8,0.8,0.0,1.6,1.6,0.0,0.0,0.8,1.6,0.0,0.0,0.8,1.6,0.0,0.8,0.0,0.0,0.8,0.8,0.8,-0.8,0.8,0.0,0.0,0.8,0.8,0.0,0.8,-0.8,-0.8,-0.8,1.6,-0.8,0.8,0.0,0.0,0.8,0.0,0.8,-0.8,0.8,0.8,-1.6,0.0,0.8,0.0,0.8,0.8,0.0,0.0,0.8,0.0,1.6,0.0,-0.8,-1.6,1.6,0.8,0.0,1.6,-0.8,0.8,0.0,0.0,1.6,-0.8,0.0,0.0,0.8,1.6,0.0,1.6,0.8,1.6,0.8,0.0,1.6,0.8,0.0,0.0,0.0,0.0,0.0,0.8,0.8,0.8,0.0,-0.8,0.8,1.6,-2.4000000000000004,3.2,0.0,0.0,0.0,0.8,0.8,-0.8,1.6,0.0,0.8,0.8,0.8,1.6,0.0,0.8,1.6,0.8,-0.8,-1.6,0.8,0.8,0.0,0.8,-1.6,0.8,-1.6,-0.8,1.6,0.0,0.8,0.0,0.0,1.6,0.0,0.0,0.8,-1.6,-0.8,0.0,1.6,0.8,0.0,0.0,0.8,0.0,1.6,0.0,-0.8,0.0,0.0,0.0,0.8,0.8,0.8,0.8,-0.8,1.6,0.0,0.8,0.0,0.0,0.0,0.0,0.0,-0.8,0.0,0.0,0.0,0.8,0.0,0.0,0.8,0.8,-0.8,-0.8,0.0,0.8,1.6,0.8,0.0,0.8,0.8,0.0,0.8,-0.8,1.6,0.0,-0.8,0.8,0.8,-0.8,0.0,0.8,0.8,-0.8,0.8,-0.8,0.8,0.0,0.0,1.6,0.0,0.0,-0.8,0.0,0.0,-0.8,1.6,-0.8,-0.8,1.6,-0.8,0.8,-0.8,0.0,0.0,-1.6,0.8,0.8,1.6,0.8,0.8,0.8,-0.8,0.8,0.8,-0.8,0.0,0.0,0.0,-0.8,0.0,1.6,-2.4000000000000004,2.4000000000000004,-0.8,-0.8,1.6,0.8,1.6,0.0,0.0,1.6,0.0,1.6,0.0,0.0,2.4000000000000004,0.0,0.8,0.0,0.8,0.0,0.0,0.8,0.8,0.0,0.8,-0.8,0.8,0.0,-0.8,-0.8,0.8,0.0,0.0,0.8,0.8,0.0,-0.8,0.8,0.8,0.0,-0.8,0.0,0.0,0.8,0.8,0.8,1.6,1.6,0.0,0.8,0.8,0.8,0.0,0.0,-0.8,0.0,0.8,1.6,0.8,0.8,0.0,0.0,0.8,0.8,1.6,0.8,0.0,1.6,-0.8,0.8,0.0,0.8,0.8,0.0,1.6,-0.8,1.6,1.6,-0.8,0.8,0.0,0.8,-0.8,0.0,1.6,0.8,0.8,0.8,-0.8,0.0,-0.8,0.8,0.0,-0.8,0.8,0.0,1.6,0.0,0.8,1.6,0.8,0.8,-0.8,0.0,0.8,0.0,0.0,0.0,1.6,0.0,0.0,0.0,-0.8,1.6,0.8,0.0,0.8,0.0,1.6,0.8,-0.8,1.6,-0.8,0.8,0.8,0.8,0.8,0.0,1.6,0.8,0.0,1.6,0.0,0.8,0.8,1.6,0.8,0.8,1.6,0.8,1.6,1.6,1.6,-0.8,0.0,1.6,0.8,0.0,0.0,0.0,0.0,2.4000000000000004,0.0,-0.8,0.8,0.0,1.6,0.8,0.8,-0.8,0.0,0.8,0.0,-0.8,0.8,0.0,2.4000000000000004,-0.8,0.0,-0.8,0.0,0.0,-0.8,1.6,0.0,0.8,0.8,-0.8,1.6,0.8,-0.8,0.8,-0.8,1.6,0.8,0.0,0.8,-0.8,0.0,1.6,0.0,0.8,-0.8,0.8,0.8,0.0,0.8,0.0,0.0,0.0,-1.6,0.0,0.0,1.6,0.0,-0.8,1.6,0.0,0.8,0.8,0.0,0.8,0.0,0.8,0.8,1.6,0.8,0.8,1.6,0.0,0.8,0.8,-0.8,0.8,0.0,0.0,0.0,0.8,1.6,0.0,0.8,-0.8,0.8,0.8,0.0,0.8,2.4000000000000004,0.8,0.0,0.8,0.8,2.4000000000000004,-0.8,0.8,1.6,1.6,0.0,0.0,-0.8,0.8,-0.8,0.8,0.8,0.0,0.0,0.0,1.6,0.8,0.0,0.8,-0.8,0.8,0.0,0.8,1.6,0.8,-0.8,0.0,3.2,-0.8,-1.6,3.2,1.6,-1.6,1.6,1.6,1.6,0.0,0.8,2.4000000000000004,0.8,0.8,0.8,2.4000000000000004,0.8,-0.8,0.0,-1.6,1.6,0.8,-0.8,0.8,0.8,0.8,0.0,1.6,2.4000000000000004,-0.8,1.6,0.8,-0.8,0.8,1.6,0.8,0.0,-0.8,1.6,0.0,2.4000000000000004,0.0,0.0,1.6,0.0,0.8,0.0,0.8,0.8,0.8,2.4000000000000004,-0.8,0.0,-0.8,0.0,0.8,-1.6,0.8,0.0,0.0,1.6,0.0,0.8,0.8,0.0,1.6,0.0,0.8,0.0,0.0,0.0,0.0,1.6,0.0,0.8,1.6,1.6,0.0,0.8,0.8,0.8,-0.8,0.8,0.0,0.8,1.6,0.8,1.6,1.6,0.0,0.0,0.8,0.8,-0.8,0.8,0.0,0.8,-0.8,0.0,0.8,2.4000000000000004,0.0,0.8,0.8,0.8,1.6,1.6,0.0,0.8,0.0,0.8,0.8,-0.8,0.8,0.8,1.6,1.6,0.8,0.8,0.0,0.8,0.8,0.8,2.4000000000000004,0.0,0.0,0.8,0.8,0.8,0.0,0.0,-0.8,0.0,1.6,0.8,0.8,0.0,1.6,0.8,0.0,-0.8,-0.8,0.8,0.8,-0.8,1.6,0.8,0.0,0.8,0.0,0.8,0.8,0.8,0.8,1.6,0.8,-0.8,0.0,0.0,0.0,0.8,0.8,2.4000000000000004,0.0,0.0,1.6,-0.8,0.8,-0.8,0.8,0.8,0.8,0.8,0.0,2.4000000000000004,2.4000000000000004,0.0,1.6,0.0,0.0,0.0,-0.8,0.8,0.0,0.0,1.6,0.0,1.6,0.0,0.8,0.0,0.0,0.0,0.0,0.8,1.6,0.0,0.8,0.8,0.8,0.0,0.8,1.6,-0.8,1.6,0.8,0.8,0.0,0.8,0.0,1.6,0.8,0.8,0.0,0.8,0.0,0.0,0.0,0.8,0.0,0.0,0.0,0.0,0.8,-0.8,1.6,0.8,0.8,0.8,0.0,-1.6,-0.8,1.6,0.0,-0.8,0.8,1.6,2.4000000000000004,0.8,-1.6,0.0,0.8,0.0,0.0,0.0,1.6,0.8,0.8,0.0,1.6,0.8,-0.8,0.8,0.8,0.0,0.8,0.0,2.4000000000000004,0.0,0.8,2.4000000000000004,0.8,1.6,0.8,1.6,0.0,0.8,0.0,0.8,0.0,1.6,0.8,0.8,0.8,1.6,0.0,0.8,1.6,0.0,0.0,0.8,0.8,0.8,0.0,1.6,0.0,2.4000000000000004,0.8,-0.8,0.0,0.8,-0.8,0.0,0.8,0.0,-0.8,0.0,0.0,0.8,0.8,0.8,1.6,-0.8,1.6,0.8,0.0,0.8,0.8,-0.8,0.8,0.0,0.0,0.8,0.0,0.8,0.0,0.0,0.0,0.0,0.0,0.0,0.0,0.8,0.0,0.0,0.8,-0.8,1.6,-0.8,-0.8,0.0,0.8,1.6,0.0,0.8,0.8,0.0,0.8,-0.8,0.0,0.8,-0.8,0.8,0.0,1.6,0.8,0.8,1.6,-0.8,0.0,0.0,0.0,1.6,-0.8,0.0,0.8,0.0,0.8,0.0,0.8,0.8,0.0,0.8,0.0,0.8,0.0,-0.8,1.6,-0.8,1.6,0.0,0.8,0.8,0.8,1.6,1.6,0.0,1.6,-0.8,0.8,-0.8,0.8,0.0,-0.8,0.8,0.0,0.0,0.8,0.0,1.6,-1.6,1.6,0.8,0.0,1.6,0.0,0.8,0.8,-0.8,0.8,-0.8,0.8,0.8,0.8,0.0,-0.8,0.8,0.0,-0.8,0.0,1.6,1.6,0.0,0.0,0.8,0.0,-0.8,0.0,0.8,-1.6,0.8,2.4000000000000004,-1.6,0.0,0.8,-0.8,0.0,-1.6,-1.6,0.0,0.0,0.8,0.8,1.6,0.8,0.0,0.0,0.8,0.0,0.8,-0.8,0.0,0.0,-0.8,0.0,0.0,-0.8,0.8,0.0,-0.8,0.0,0.8,0.0,-0.8,0.0,0.8,0.8,0.8,0.0,1.6,0.0,0.0,1.6,-0.8,1.6,0.0,1.6,2.4000000000000004,0.8,1.6,0.0,1.6,0.8,0.0,1.6,0.0,1.6,0.8,0.0,0.0,0.0,0.0,1.6,0.8,0.8,-0.8,1.6,0.0,0.8,0.8,-0.8,0.8,1.6,-0.8,0.8,0.8,1.6,0.8,0.8,1.6,-1.6,2.4000000000000004,0.8,0.8,0.8,0.8,1.6,-1.6,0.8,0.8,0.0,0.8,-0.8,0.8,0.0,1.6,1.6,0.0,0.0,0.8,0.8,0.8,0.8,0.0,-0.8,0.8,0.0,-0.8,0.8,0.8,0.8,0.0,0.0,2.4000000000000004,0.8,0.8,0.0,0.0,1.6,0.0,1.6,1.6,0.8,1.6,0.8,1.6,0.8,0.8,0.0,0.0,0.8,0.8,0.0,0.8,0.8,0.0,0.8,0.0,1.6,0.0,0.8,1.6,0.0,0.8,-0.8,0.8,0.8,2.4000000000000004,0.8,0.0,0.8,0.8,0.0,1.6,1.6,0.8,0.8,-0.8,0.8,1.6,0.0,1.6,0.8,0.8,1.6,0.0,0.0,0.8,-0.8,0.8,-0.8,1.6,-0.8,0.8,1.6,0.8,0.8,0.0,0.8,0.8,1.6,0.8,0.8,0.8,1.6,0.0,0.8,-0.8,1.6,0.8,0.0,0.8,-0.8,0.0,0.0,0.8,0.0,-0.8,0.8,0.8,0.0,0.8,0.0,0.8,0.0,0.0,0.0,0.0,1.6,0.0,0.8,0.8,1.6,0.8,0.8,0.0,0.8,0.8,0.0,-0.8,0.0,0.8,0.0,0.8,0.8,0.8,0.8,0.0,0.8,1.6,-0.8,-0.8,0.0,0.0,0.0,0.0,0.0,0.8,0.8,1.6,1.6,0.0,0.0,-0.8,0.8,0.0,0.8,0.0,0.8,1.6,-0.8,0.0,0.0,0.0,0.8,-0.8,0.8,0.0,0.8,0.0,0.8,1.6,0.8,1.6,-0.8,-0.8,0.8,0.0,1.6,-0.8,0.0,0.8,0.0,1.6,0.0,0.0,0.8,0.8,0.8,0.8,1.6,0.8,0.0,1.6,-0.8,0.0,0.0,-0.8,1.6,-0.8,0.0,-0.8,-1.6,0.8,0.0,0.8,0.8,0.0,0.8,0.0,1.6,0.0,-0.8,1.6,-1.6,0.8,0.0,0.8,0.8,0.0,0.0,0.8,0.0,0.8,0.8,-0.8,0.0,0.0,-0.8,0.8,1.6,-0.8,0.8,0.0,1.6,0.0,-1.6,0.8,0.8,0.0,-0.8,0.8,-0.8,0.0,-0.8,0.0,1.6,0.8,0.0,0.8,0.8,0.8,-0.8,0.8,1.6,1.6,0.0,0.8,1.6,0.8,-0.8,1.6,0.0,0.0,0.0,-0.8,0.8,0.8,0.0,1.6,0.8,1.6,-0.8,0.8,0.8,0.0,0.8,0.0,0.8,0.8,-0.8,0.8,0.8,0.8,0.0,0.0,0.8,0.0,0.8,0.8,0.0,1.6,-0.8,0.8,0.0,0.0,1.6,0.0,0.8,0.0,-0.8,0.0,-0.8,2.4000000000000004,3.2,0.8,-1.6,0.8,1.6,-2.4000000000000004,0.8,0.8,0.0,0.8,-2.4000000000000004,0.0,0.8,0.0,0.8,0.8,2.4000000000000004,0.0,1.6,2.4000000000000004,-0.8,0.8,0.0,-0.8,0.8,-0.8,0.8,0.0,1.6,0.0,-0.8,0.8,1.6,0.8,-0.8,0.8,0.8,-0.8,0.8,0.0,0.0,2.4000000000000004,0.0,0.8,0.8,0.8,0.0,-0.8,1.6,-0.8,0.8,0.0,0.8,2.4000000000000004,0.8,0.8,0.8,-0.8,0.0,-0.8,0.0,0.8,0.8,0.8,1.6,0.8,0.0,0.0,0.0,0.0,1.6,0.0,0.8,-0.8,0.8,0.0,-0.8,0.0,0.0,0.8,-0.8,0.0,0.8,0.0,0.8,0.0,0.0,0.0,-0.8,0.8,-1.6,1.6,0.8,-0.8,0.0,0.0,-0.8,0.0,0.8,0.8,-0.8,0.0,0.0,0.0,1.6,-0.8,0.0,1.6,0.0,-0.8,0.0,1.6,0.0,1.6,1.6,0.8,1.6,0.8,0.8,0.0,0.0,1.6,-0.8,0.8,0.8,0.0,0.0,0.0,1.6,0.8,0.0,1.6,0.0,0.0,-0.8,-0.8,0.8,-0.8,0.8,0.0,0.0,0.0,0.8,0.0,0.8,0.0,0.0,0.0,0.0,2.4000000000000004,0.0,1.6,0.8,1.6,-0.8,0.8,0.8,0.8,-0.8,0.0,0.0,0.8,0.0,2.4000000000000004,0.0,0.0,0.0,-0.8,0.8,0.0,0.0,0.8,0.0,1.6,0.8,-0.8,0.0,0.8,0.8,0.8,0.0,-0.8,1.6,0.8,0.0,0.0,-0.8,0.8,-0.8,-0.8,0.8,1.6,-0.8,0.0,0.0,0.0,0.0,-0.8,0.0,0.0,0.0,0.8,-0.8,1.6,0.8,0.0,0.8,-0.8,-0.8,0.0,0.8,0.8,0.0,1.6,1.6,0.0,0.8,-0.8,-1.6,0.0,0.0,0.0,-0.8,0.8,0.0,0.8,0.8,0.8,0.8,-0.8,0.0,2.4000000000000004,-0.8,0.8,-0.8,0.0,0.0,-0.8,0.8,0.8,0.0,0.8,0.0,1.6,0.0,0.0,0.0,0.8,2.4000000000000004,0.0,0.8,0.8,0.8,-0.8,-0.8,0.8,-0.8,-0.8,0.8,0.8,0.8,0.0,1.6,0.0,0.0,0.0,0.0,-0.8,0.0,0.8,0.0,0.0,0.8,-0.8,0.0,0.8,0.0,1.6,0.8,0.0,0.8,1.6,0.8,-0.8,0.8,0.8,1.6,-0.8,0.0,0.8,1.6,0.8,0.8,1.6,-0.8,-0.8,1.6,0.0,0.0,0.0,-0.8,0.8,0.8,0.8,1.6,0.8,-0.8,-2.4000000000000004,1.6,1.6,0.0,1.6,-0.8,0.8,-0.8,0.8,0.0,-0.8,1.6,0.0,-0.8,0.8,-0.8,0.8,0.0,0.8,0.8,-0.8,1.6,-0.8,0.0,-0.8,-0.8,0.8,-0.8,1.6,0.0,0.0,1.6,-0.8,1.6
event_27,1625266760.4389305,0.0,0.8,0.8,0.0,0.0,0.8,0.8,0.0,-0.8,0.0,1.6,-0.8,0.0,0.0,-1.6,0.8,0.0,0.8,0.0,0.0,1.6,0.0,0.8,0.0,-0.8,1.6,-0.8,0.0,0.0,1.6,0.8,-1.6,1.6,0.8,0.0,1.6,-1.6,1.6,0.0,0.0,0.0,-0.8,0.8,0.0,0.8,0.8,0.0,0.8,0.0,0.8,0.8,0.0,0.8,-0.8,0.8,0.8,0.0,0.8,0.0,0.0,0.0,0.8,0.8,0.8,-0.8,0.8,0.8,1.6,0.8,1.6,1.6,1.6,0.0,1.6,1.6,-0.8,0.8,0.8,0.8,-0.8,0.0,1.6,0.8,0.0,-1.6,-0.8,0.0,0.0,-1.6,0.8,0.0,0.0,0.8,0.8,0.8,0.8,0.0,0.8,0.8,0.0,1.6,0.8,-3.2,-30.4,-55.2,-40.800000000000004,-18.4,-8.0,-2.4000000000000004,-0.8,-1.6,-4.800000000000001,-4.0,-1.6,-1.6,0.8,1.6,0.0,0.8,0.0,0.8,-0.8,0.0,0.8,0.0,0.0,-0.8,0.8,-0.8,-0.8,0.8,0.0,1.6,0.0,0.8,0.0,-1.6,0.8,0.8,0.0,0.8,-0.8,1.6,0.0,0.8,0.0,-0.8,1.6,-0.8,1.6,0.0,0.0,0.8,-1.6,0.8,0.0,-0.8,1.6,-0.8,0.0,0.8,0.0,0.8,-1.6,1.6,0.0,0.0,0.0,0.0,1.6,0.0,0.8,0.0,0.0,0.8,-0.8,0.8,-0.8,0.0,-0.8,0.0,0.0,0.8,0.0,0.0,0.8,0.8,0.0,0.0,0.8,0.8,0.0,-0.8,0.0,0.8,-0.8,-0.8,0.8,0.0,0.0,0.8,0.0,0.0,0.0,0.0,0.0,0.0,0.8,0.8,-0.8,0.8,0.0,-0.8,0.8,-0.8,0.0,0.0,0.0,0.0,0.8,0.8,0.0,0.0,0.0,-2.4000000000000004,0.0,0.0,0.8,0.0,0.0,0.8,0.8,0.8,0.0,0.0,-1.6,-0.8,0.0,-1.6,0.8,0.8,0.0,0.0,-0.8,0.0,-1.6,0.0,1.6,0.0,-0.8,-0.8,0.0,0.8,0.0,0.0,0.0,1.6,1.6,0.0,0.8,-0.8,0.0,-0.8,-0.8,0.8,0.8,0.0,0.8,0.0,0.0,-0.8,0.8,0.0,0.8,1.6,0.0,-0.8,0.0,-0.8,1.6,0.0,0.8,-0.8,0.0,0.0,0.0,-0.8,0.8,0.0,0.0,-0.8,0.0,0.0,0.8,0.8,0.0,0.8,-0.8,0.8,1.6,0.0,1.6,0.0,0.0,0.0,-0.8,0.8,0.0,-0.8,0.8,0.0,0.0,-0.8,0.8,-1.6,-0.8,0.8,0.0,-0.8,1.6,0.8,-0.8,0.0,-0.8,-0.8,-0.8,1.6,0.8,0.0,0.0,0.8,0.0,0.0,0.8,-0.8,-0.8,1.6,0.0,-2.4000000000000004,1.6,1.6,-2.4000000000000004,-0.8,0.8,0.8,-1.6,-0.8,0.8,-0.8,0.8,-1.6,0.8,0.8,-2.4000000000000004,0.0,0.0,0.0,0.0,0.0,0.8,-0.8,-0.8,0.8,0.0,0.8,0.8,0.8,0.0,1.6,0.0,0.0,0.8,0.0,0.0,0.8,0.0,-0.8,0.8,0.8,0.8,-1.6,1.6,0.0,-0.8,1.6,0.8,0.0,-0.8,0.8,-0.8,0.0,0.0,0.0,0.0,0.8,-0.8,0.0,0.8,0.0,-0.8,0.0,0.0,0.0,0.0,-1.6,0.8,0.0,-0.8,0.0,1.6,-0.8,0.8,0.0,0.0,-0.8,0.8,0.8,0.0,0.8,0.0,0.0,0.8,0.0,-2.4000000000000004,0.8,1.6,-0.8,0.0,0.8,0.8,-0.8,0.8,0.0,-1.6,0.8,-0.8,-0.8,1.6,-0.8,1.6,0.8,0.0,0.8,0.0,0.0,0.0,0.8,0.0,-0.8,0.0,0.0,0.0,0.0,-0.8,1.6,-0.8,0.8,0.0,0.0,1.6,-1.6,0.0,0.8,2.4000000000000004,0.0,-1.6,0.8,0.8,0.0,0.0,0.0,1.6,-1.6,-0.8,1.6,0.0,0.8,0.0,0.8,0.8,-0.8,0.8,-1.6,1.6,0.0,-0.8,0.0,0.0,0.0,0.0,-0.8,0.0,-0.8,0.0,0.8,1.6,1.6,-0.8,0.8,0.0,0.8,1.6,-0.8,0.0,0.0,0.0,0.8,-0.8,0.8,-0.8,-0.8,0.0,-0.8,0.8,-0.8,0.0,0.0,0.8,1.6,0.0,0.0,0.0,0.0,0.8,0.0,0.0,-0.8,0.0,2.4000000000000004,0.0,1.6,-0.8,0.0,0.8,0.8,0.0,0.0,0.8,0.0,0.0,0.8,0.0,0.8,-0.8,0.0,0.8,0.0,0.0,0.0,0.8,0.0,-0.8,0.8,0.8,1.6,0.0,1.6,0.0,-0.8,0.0,-0.8,0.8,1.6,-0.8,1.6,0.0,1.6,-0.8,0.0,0.8,0.0,1.6,-0.8,0.8,0.0,0.0,2.4000000000000004,0.0,0.8,0.8,0.0,0.8,0.0,0.0,-0.8,-0.8,1.6,-0.8,0.8,0.0,0.0,0.8,0.0,1.6,0.0,0.8,2.4000000000000004,-0.8,1.6,-0.8,0.0,0.0,0.0,0.0,0.0,-0.8,0.8,-1.6,0.8,-1.6,0.0,2.4000000000000004,0.0,0.8,0.0,-0.8,0.8,0.0,1.6,0.8,0.0,-0.8,-0.8,1.6,0.0,0.0,0.0,-0.8,0.8,1.6,0.8,-2.4000000000000004,0.8,0.8,-1.6,0.8,0.8,-0.8,0.8,-0.8,0.8,-0.8,-0.8,0.8,0.0,-0.8,0.0,0.0,0.8,0.0,-0.8,-0.8,0.0,1.6,0.8,0.8,0.0,0.0,-0.8,0.0,0.8,1.6,-0.8,0.8,0.8,1.6,-0.8,0.8,-0.8,0.8,-0.8,-0.8,0.8,0.0,-1.6,0.8,0.0,0.0,-0.8,-0.8,0.0,0.8,-0.8,1.6,0.0,0.0,-1.6,0.0,0.8,0.0,0.0,0.0,0.0,0.0,0.0,0.0,0.8,-0.8,0.8,1.6,0.0,1.6,1.6,1.6,0.0,0.8,-0.8,-0.8,0.8,0.8,0.8,0.8,0.0,1.6,-1.6,1.6,0.8,0.0,0.8,-0.8,0.0,0.0,1.6,1.6,0.0,0.8,0.0,-0.8,1.6,-0.8,-0.8,0.0,0.8,0.0,0.0,0.8,0.0,-0.8,0.8,0.8,1.6,-1.6,0.8,2.4000000000000004,-0.8,0.0,0.0,0.0,0.8,0.0,0.8,0.8,-0.8,0.8,1.6,0.0,-0.8,0.8,0.8,-0.8,0.8,0.0,0.0,1.6,0.8,0.0,0.8,-0.8,0.8,0.0,0.0,2.4000000000000004,0.8,0.8,0.8,0.0,0.8,-0.8,0.8,-0.8,0.8,0.0,-0.8,0.0,0.0,0.0,0.0,0.0,0.8,0.8,0.8,0.0,0.0,1.6,0.0,0.8,0.0,0.8,0.8,-0.8,0.0,0.8,0.8,0.8,-0.8,0.0,-1.6,0.0,2.4000000000000004,-1.6,1.6,0.8,0.0,0.8,0.8,0.8,-0.8,1.6,0.0,-1.6,0.8,0.8,0.8,0.0,-0.8,1.6,-0.8,1.6,0.0,0.0,1.6,0.0,0.0,0.0,0.8,1.6,-1.6,0.8,1.6,0.0,-0.8,1.6,0.8,-0.8,-0.8,0.8,0.8,0.0,0.0,-0.8,0.8,0.0,1.6,0.0,0.0,0.0,0.0,0.8,-0.8,1.6,-0.8,0.8,0.8,1.6,0.0,1.6,0.0,0.0,-0.8,0.0,0.0,0.0,0.8,1.6,0.0,0.0,-0.8,-0.8,0.8,0.8,0.0,0.8,0.0,0.8,0.8,-0.8,-0.8,0.8,0.8,0.0,0.8,-0.8,1.6,0.8,-0.8,0.0,0.0,0.0,0.0,-1.6,2.4000000000000004,0.8,0.0,1.6,-0.8,-0.8,0.0,0.8,0.8,0.0,1.6,0.0,-0.8,1.6,0.0,0.8,0.0,0.0,-0.8,-1.6,2.4000000000000004,0.0,0.8,0.8,0.0,2.4000000000000004,-0.8,0.0,0.8,0.8,1.6,-0.8,0.8,0.0,-0.8,0.0,-0.8,2.4000000000000004,0.0,0.8,1.6,0.0,1.6,0.0,0.8,0.8,0.0,1.6,0.0,1.6,0.8,0.8,1.6,0.0,0.8,0.0,0.0,1.6,0.8,0.8,1.6,0.8,1.6,-0.8,0.8,0.0,1.6,0.8,0.0,0.8,0.0,0.8,2.4000000000000004,0.0,0.8,-0.8,-0.8,0.8,0.8,0.0,0.8,0.0,0.8,0.0,0.0,-0.8,0.8,1.6,0.8,0.0,0.0,1.6,0.0,-0.8,1.6,0.8,-0.8,-0.8,0.8,0.0,0.0,0.0,1.6,0.0,-1.6,1.6,1.6,0.0,-0.8,0.8,2.4000000000000004,0.0,0.8,1.6,0.8,0.0,-1.6,-0.8,1.6,0.8,0.8,-0.8,1.6,0.8,-0.8,1.6,-0.8,1.6,0.0,-0.8,0.8,0.8,0.8,0.0,-0.8,0.8,0.8,0.8,-1.6,-0.8,1.6,-1.6,0.0,0.0,0.0,0.0,-1.6,0.8,1.6,0.8,0.0,0.0,1.6,-0.8,0.0,-0.8,0.8,3.2,-0.8,1.6,0.8,0.8,0.8,0.0,1.6,0.0,0.0,0.0,-1.6,0.8,0.0,0.8,0.8,0.0,-0.8,-0.8,-0.8,0.8,-0.8,1.6,0.0,0.8,-0.8,0.0,0.8,0.8,0.0,0.0,0.0,0.0,1.6,0.8,0.0,-0.8,0.0,1.6,0.0,0.0,0.8,0.0,-0.8,0.0,0.0,0.0,0.8,-0.8,0.0,0.8,0.0,0.0,0.0,0.8,1.6,0.0,0.8,-0.8,0.0,0.8,1.6,0.8,0.0,0.8,1.6,0.0,0.0,-0.8,0.0,0.0,-0.8,-0.8,0.0,0.0,0.0,0.8,0.8,0.8,0.0,0.8,-0.8,0.8,-0.8,-0.8,0.0,0.0,-0.8,0.0,-0.8,0.8,-1.6,-0.8,3.2,0.0,-1.6,0.8,3.2,-1.6,0.0,1.6,-0.8,0.8,0.8,0.0,1.6,-0.8,0.0,0.0,0.0,-0.8,-0.8,1.6,0.8,1.6,-1.6,0.0,0.0,-0.8,1.6,-0.8,0.8,-0.8,0.0,0.8,0.0,0.8,0.8,0.0,0.8,0.0,0.0,0.8,0.0,0.8,0.8,0.0,0.8,0.0,0.8,0.8,0.0,0.0,0.8,0.0,-1.6,0.8,1.6,0.8,0.0,1.6,1.6,0.8,0.8,0.8,0.8,0.8,-0.8,0.0,0.0,1.6,1.6,0.0,0.8,0.8,0.8,0.8,0.8,-0.8,0.0,1.6,-0.8,0.8,0.8,0.8,1.6,0.8,1.6,0.8,0.0,0.0,0.8,1.6,0.0,0.0,0.0,0.0,0.0,0.0,1.6,1.6,0.0,2.4000000000000004,-0.8,0.8,0.0,0.0,0.8,-0.8,0.8,0.8,0.8,2.4000000000000004,-1.6,0.8,1.6,0.0,0.8,-1.6,0.8,0.0,-0.8,0.8,-0.8,1.6,-0.8,0.0,0.0,0.0,0.0,0.8,0.0,0.8,-0.8,0.8,0.0,0.8,0.8,-0.8,0.8,-0.8,1.6,1.6,0.8,0.8,0.0,0.8,0.0,0.0,1.6,0.0,0.0,0.8,0.0,0.0,-0.8,0.0,0.8,0.0,0.8,0.0,1.6,0.0,0.8,0.8,0.8,0.0,-1.6,0.0,1.6,0.0,1.6,0.8,1.6,1.6,0.8,-0.8,0.0,1.6,0.0,-0.8,0.8,1.6,0.0,0.8,0.0,0.8,0.8,0.8,0.8,1.6,-0.8,0.8,0.8,0.8,0.0,-0.8,1.6,0.8,0.8,0.8,0.0,1.6,-0.8,-1.6,0.0,0.8,3.2,-0.8,1.6,0.8,0.8,1.6,0.0,0.8,1.6,-0.8,0.0,-0.8,0.0,0.0,0.8,1.6,0.0,0.0,0.0,-0.8,0.8,-1.6,1.6,0.0,0.8,1.6,-0.8,1.6,0.0,0.0,0.8,-0.8,1.6,0.8,1.6,0.8,-1.6,0.8,-1.6,0.8,-0.8,0.0,2.4000000000000004,-1.6,0.8,-0.8,-2.4000000000000004,0.8,-1.6,0.8,0.0,0.8,0.8,-1.6,1.6,-0.8,0.0,0.8,-0.8,0.0,0.0,1.6,0.8,-0.8,0.8,0.0,0.0,0.0,-0.8,0.8,0.8,-0.8,0.0,0.0,0.0,-0.8,0.0,0.0,0.8,0.8,-0.8,0.8,0.8,-0.8,-0.8,-0.8,0.8,0.0,0.0,0.0,0.8,0.0,0.8,1.6,0.0,0.8,-0.8,1.6,0.8,0.8,0.8,0.8,0.8,1.6,-0.8,0.8,0.8,0.8,0.0,0.0,0.0,0.0,0.8,2.4000000000000004,0.8,0.0,0.0,1.6,0.0,1.6,0.0,0.8,0.8,1.6,0.8,1.6,0.0,0.0,-0.8,0.8,0.8,-0.8,2.4000000000000004,0.8,0.8,0.0,1.6,0.8,0.8,0.8,0.0,0.8,0.0,-0.8,0.0,-1.6,0.8,0.8,-0.8,0.0,0.0,1.6,1.6,0.8,1.6,-0.8,0.0,0.0,-1.6,0.8,0.8,0.0,0.0,0.0,0.8,0.8,0.8,0.8,-0.8,0.0,0.0,0.0,0.0,0.0,1.6,-0.8,0.8,0.0,0.0,0.8,0.0,1.6,0.0,-0.8,2.4000000000000004,0.8,1.6,0.8,0.0,1.6,0.0,0.0,0.0,0.0,0.8,0.0,0.8,0.0,1.6,0.8,0.0,2.4000000000000004,1.6,0.0,0.8,0.0,1.6,0.0,0.0,0.0,-0.8,-0.8,1.6,1.6,0.0,-1.6,1.6,0.0,-0.8,0.0,0.0,0.0,1.6,-0.8,0.8,0.8,-0.8,0.0,0.8,1.6,-0.8,0.8,1.6,0.0,1.6,0.0,0.0,0.0,-1.6,0.8,0.8,0.0,0.0,0.0,0.8,0.0,1.6,0.0,0.0,0.8,0.0,0.8,0.8,0.0,0.0,-0.8,0.0,-1.6,0.8,1.6,-0.8,1.6,-0.8,0.8,0.8,0.0,0.8,-0.8,0.8,0.8,-1.6,1.6,0.8,0.0,0.8,0.0,1.6,0.0,0.0,0.8,0.8,0.0,0.0,0.8,0.0,0.0,0.8,0.8,1.6,0.0,0.0,1.6,0.0,0.0,-0.8,0.8,0.0,2.4000000000000004,0.8,0.0,0.8,0.8,0.0,0.8,0.0,0.0,-0.8,0.0,0.0,0.8,0.0,0.8,1.6,0.8,0.0,0.0,0.0,0.8,0.0,0.8,0.8,1.6,0.8,0.0,0.8,0.8,0.8,0.0,0.8,0.8,0.8,0.0,0.0,-0.8,1.6,0.0,0.0,0.8,0.0,2.4000000000000004,-0.8,0.8,0.0,-0.8,0.8,-0.8,1.6,-0.8,0.0,1.6,0.0,1.6,-0.8,0.8,2.4000000000000004,0.0,0.0,0.0,0.8,0.0,0.8,1.6,0.0,0.0,0.8,0.8,0.8,0.0,0.0,0.0,0.8,2.4000000000000004,0.0,0.0,0.0,0.0,0.8,-0.8,1.6,0.8,0.0,0.8,-0.8,0.8,0.0,0.0,0.8,0.8,0.8,-0.8,0.0,0.0,0.8,0.0,0.8,0.0,2.4000000000000004,0.8,0.8,0.0,1.6,-0.8,-0.8,1.6,0.8,0.0,-0.8,-0.8,-0.8,-0.8,0.8,0.0,0.0,0.0,0.0,0.8,-0.8,-0.8,0.8,0.0,1.6,-0.8,-0.8,0.8,0.0,0.0,-0.8,0.0,0.0,2.4000000000000004,0.8,0.0,0.0,0.0,0.0,0.0,-0.8,0.0,0.0,0.0,0.0,-1.6,-0.8,0.0,1.6,0.0,0.8,0.0,0.0,0.8,0.8,0.8,0.0,0.8,0.0,-2.4000000000000004,0.0,0.8,0.8,0.0,-0.8,2.4000000000000004,0.0,1.6,0.8,-0.8,1.6,-1.6,0.0,0.0,0.0,1.6,-0.8,0.8,1.6,0.0,1.6,-0.8,1.6,0.0,-0.8,0.8,-1.6,1.6,-0.8,1.6,2.4000000000000004,0.0,0.8,0.8,0.8,0.8,-1.6,1.6,-0.8,0.8,0.8,-0.8,1.6,0.0,1.6,0.8,0.8,2.4000000000000004,-1.6,0.8,0.8,-0.8,0.8,0.8,0.0,0.8,-0.8,0.0,-0.8,0.0,0.0,0.0,0.8,0.0,0.0,0.0,0.8,1.6,0.8,1.6,0.0,0.8,1.6,0.8,0.0,-0.8,0.0,1.6,-0.8,-1.6,0.8,1.6,0.0,0.8,0.0,0.0,1.6,0.8,0.0,0.8,0.8,0.0,0.8,0.8,0.0,0.8,0.0,1.6,0.8,0.8,1.6,0.8,0.8,0.8,0.8,1.6,0.8,0.0,-0.8,0.8,1.6,0.0,0.0,0.8,1.6,0.8,0.8,0.8,0.0,0.0,0.0,0.8,0.0,0.0,0.8,0.8,0.0,0.8,0.0,0.8,0.0,0.8,0.8,0.0,0.0,-0.8,0.8,0.8,0.8,0.0,0.8,0.8,1.6,-0.8,0.8,-0.8,0.0,-0.8,0.0,0.0,0.8,0.0,0.8,0.0,0.0,0.0,0.8,-0.8,0.8,0.8,1.6,0.0,0.0,0.0,0.8,-1.6,0.0,1.6,0.8,-0.8,-0.8,1.6,1.6,0.0,0.0,0.0,0.0,0.0,0.8,2.4000000000000004,0.8,-0.8,0.8,0.8,0.0,-0.8,1.6,1.6,0.8,0.8,0.8,0.0,0.8,0.0,0.8,0.8,-0.8,-0.8,0.0,0.8,0.0,0.0,0.8,1.6,0.8,1.6,0.8,0.8,0.0,0.8,0.0,0.8,1.6,0.0,0.8,0.8,0.8,0.8,0.0,0.8,0.8,0.0,0.8,0.0,0.8,0.0,0.0,0.8,0.8,0.8,0.0,1.6,1.6,0.0,0.0,0.8,-0.8,0.8,0.0,0.8,0.0,0.8,0.8,0.8,0.8,0.0,0.0,-0.8,-0.8,1.6,-0.8,1.6,0.8,-0.8,0.0,-0.8,1.6,1.6,0.0,0.8,-1.6,0.8,0.0,0.0,1.6,0.0,1.6,0.0,0.0,0.0,0.8,2.4000000000000004,0.0,0.0,0.0,0.0,0.8,0.0,1.6,0.0,0.0,0.0,0.0,-0.8,0.0,0.8,0.0,-0.8,0.8,0.0,0.8,1.6,0.8,0.8,0.8,-0.8,-0.8,0.0,2.4000000000000004,0.8,0.8,0.8,1.6,0.8,0.8,0.0,0.8,0.8,0.0,0.0,0.8,0.8,0.8,-0.8,0.8,1.6,0.0,0.0,0.0,-0.8,0.0,0.0,0.8,-0.8,0.8,0.0,0.8,1.6,0.0,1.6,0.8,0.0,0.0,-0.8,1.6,0.0,2.4000000000000004,0.8,0.0,1.6,0.0,0.8,1.6,0.0,1.6,-0.8,0.0,0.8,0.8,0.8,0.0,0.8,0.0,-0.8,0.0,0.0,2.4000000000000004,-1.6,0.8,1.6,0.0,-0.8,0.0,0.8,0.8,-0.8,1.6,-0.8,0.0,2.4000000000000004,0.8,0.8,0.0,0.0,0.8,-0.8,0.8,0.0,2.4000000000000004,0.8,0.0,0.8,-1.6,0.0,0.0,0.0,1.6,0.0,1.6,0.8,1.6,1.6,0.0,1.6,-0.8,0.0,2.4000000000000004,0.0,0.8,2.4000000000000004,0.0,0.8,0.8,0.8,-0.8,0.0,0.0,-0.8,0.8,-0.8,0.0,0.8,0.0,0.0,0.8,0.0,0.8,0.8,0.0,0.0,0.0,0.8,0.8,-0.8,0.8,1.6,0.8,-0.8,0.0,1.6,0.0,-0.8,-0.8,0.8,2.4000000000000004,0.8,0.0,0.8,0.8,1.6,-0.8,1.6,2.4000000000000004,0.0,0.8,0.0,0.8,-0.8,0.8,1.6,0.0,1.6,0.0,0.0,-0.8,0.0,0.8,0.8,-0.8,1.6,-0.8,0.0,0.8,0.8,0.8,0.8,0.8,-0.8,1.6,0.8,0.0,1.6,0.8,0.0,0.8,-0.8,1.6,0.0,0.0,0.0,0.0,0.8,-1.6,1.6,0.0,-0.8,0.8,0.0,0.0,0.8,0.8,-0.8,0.0,-0.8,-0.8,0.8,0.8,-0.8,1.6,0.8,0.0,0.0,0.8,0.8,-1.6,0.8,-0.8,-0.8,-0.8,0.0,0.8,0.0,0.0,0.0,0.0,0.0,0.0,0.8,0.0,0.0,0.0,0.0,0.0,-0.8,0.0,1.6,0.8,0.0,0.8,0.0,0.0,0.0,0.8,0.8,0.8,0.8,0.0,0.0,0.8,-0.8,0.0,0.8,-0.8,0.8,0.0,-0.8,0.0,-1.6,1.6,0.0,0.0,-0.8,0.0,-0.8,0.0,0.0,0.8,1.6,0.8,-0.8,0.0,0.8,0.0,0.8,0.0,0.0,0.0,0.0,0.8,0.0,0.0,0.0,-0.8,0.8,0.0,0.8,0.0,0.0,0.8,0.0,0.8,0.8,0.8,0.0,-0.8,0.0,0.8,0.0,0.8,0.8,-0.8,0.8,-0.8,0.0,0.0,2.4000000000000004,0.0,-0.8,0.0,0.0,0.8,0.0,-0.8,0.8,0.8,0.0,-0.8,0.8,0.8,0.0,0.8,0.0,0.8,1.6,0.8,0.0,0.0,-0.8,0.8,-0.8,0.8,0.8,0.0,0.8,0.0,1.6,-0.8,0.8,0.8,-0.8,0.0,0.0,0.8,1.6,0.8,0.0,0.8,1.6,0.0,1.6,0.8,0.8,-0.8,0.0,0.0,0.8,0.0,0.0,0.8,1.6,-0.8,0.0,-0.8,0.8,-0.8,0.0,0.8,0.8,0.0,-0.8,-0.8,0.8,-0.8,0.8,0.0,-0.8,0.8,0.8,2.4000000000000004,0.0,0.8,1.6,-1.6,0.8,0.0,0.8,0.0,0.0,0.8,-0.8,0.8,0.8,0.8,0.8,0.8,1.6,0.8,0.0,2.4000000000000004,-0.8
event_28,1625266764.8091805,0.8,1.6,0.0,0.8,0.0,0.0,0.8,-1.6,0.0,0.0,1.6,0.8,-0.8,0.8,0.0,0.8,0.8,-0.8,0.8,0.0,0.8,0.0,0.0,0.8,0.0,1.6,0.8,0.8,0.8,0.0,0.8,-0.8,0.0,0.8,-0.8,0.8,-0.8,0.0,0.0,0.8,0.8,-0.8,0.8,0.8,0.0,-0.8,0.8,0.8,1.6,1.6,0.0,-0.8,2.4000000000000004,0.0,0.0,0.0,-0.8,0.8,-1.6,0.0,0.0,0.8,2.4000000000000004,-0.8,0.8,0.0,-0.8,0.0,0.0,0.0,0.0,0.0,1.6,-1.6,0.0,0.8,0.0,1.6,0.0,0.0,0.8,1.6,0.8,0.0,0.0,0.0,0.0,0.0,-1.6,0.8,-0.8,0.0,1.6,0.0,0.0,-0.8,0.0,0.0,0.8,1.6,0.8,0.8,-5.6,-55.2,-111.2,-80.0,-33.6,-13.600000000000001,-7.200000000000001,-0.8,0.0,-7.200000000000001,-6.4,-3.2,-4.0,-0.8,-1.6,-1.6,0.8,0.0,-1.6,-0.8,-0.8,0.8,0.0,0.8,0.8,0.0,-1.6,-1.6,2.4000000000000004,-1.6,0.0,-0.8,0.8,0.8,-2.4000000000000004,0.0,0.8,0.8,1.6,0.0,1.6,0.8,-0.8,-0.8,0.8,3.2,0.0,0.0,1.6,1.6,0.0,0.0,-0.8,0.0,0.0,0.0,-1.6,0.0,0.0,0.0,1.6,0.8,0.0,0.0,-1.6,0.8,-0.8,0.8,0.0,0.8,0.0,-0.8,0.8,-1.6,0.0,2.4000000000000004,-0.8,-0.8,0.8,0.8,0.8,0.8,-0.8,-1.6,0.0,-0.8,0.8,0.8,0.0,0.0,0.0,-1.6,0.0,0.0,0.0,0.0,0.8,0.0,0.0,0.8,0.0,-0.8,0.8,-1.6,-0.8,-0.8,0.0,0.8,0.0,-1.6,0.8,0.8,0.8,0.0,-1.6,0.0,0.0,-0.8,-0.8,0.0,0.0,0.0,-0.8,0.8,0.0,0.0,0.8,0.0,-0.8,0.8,0.8,-0.8,0.8,0.8,0.0,1.6,1.6,0.8,0.8,0.0,0.8,-1.6,0.8,0.8,0.8,0.0,-0.8,1.6,1.6,0.0,0.8,-1.6,0.8,0.0,-1.6,0.0,0.0,0.0,0.8,0.0,1.6,0.0,0.0,-1.6,0.8,0.0,0.0,1.6,1.6,0.0,0.0,0.0,0.8,0.0,0.8,0.0,-0.8,0.8,-1.6,0.0,0.0,-1.6,0.8,-1.6,0.0,0.0,0.0,0.8,-1.6,0.0,-0.8,0.0,1.6,0.0,0.8,0.0,-0.8,-0.8,0.0,0.8,-0.8,0.8,0.0,-0.8,-0.8,0.0,0.8,-0.8,-0.8,0.0,0.8,1.6,-0.8,0.0,0.0,0.8,0.0,0.0,0.8,0.0,0.0,0.0,0.0,0.8,-0.8,0.8,0.0,0.0,0.0,0.8,0.8,0.0,0.0,-0.8,0.8,0.8,-0.8,0.8,0.0,-1.6,0.0,0.8,0.0,0.8,0.0,0.8,0.0,0.8,-0.8,0.0,0.8,0.8,0.0,0.0,0.8,0.0,-0.8,2.4000000000000004,0.8,0.8,0.0,0.0,0.8,0.8,0.8,0.8,-0.8,0.8,0.0,0.0,0.0,0.0,0.8,-0.8,0.8,-0.8,1.6,0.8,-0.8,0.8,0.0,0.8,0.0,-1.6,2.4000000000000004,0.8,0.0,0.8,-0.8,0.0,-0.8,0.8,0.0,0.0,1.6,0.0,0.8,0.8,0.0,0.8,0.8,0.0,-1.6,0.0,0.8,0.0,0.8,0.0,0.8,0.8,0.8,0.0,0.0,0.0,0.8,0.0,0.8,-0.8,0.8,0.0,0.8,1.6,-0.8,0.8,1.6,0.0,0.0,0.0,0.8,1.6,0.0,0.0,0.0,0.8,0.0,1.6,0.8,0.8,0.0,0.0,0.8,0.8,1.6,0.0,0.8,0.8,0.8,0.0,0.8,0.8,0.0,0.0,0.0,-0.8,1.6,0.8,1.6,0.0,0.0,0.0,0.8,-0.8,0.8,0.0,0.0,0.8,1.6,1.6,-0.8,0.0,0.8,0.8,0.8,-0.8,0.0,0.8,0.8,0.8,0.0,1.6,0.0,0.8,-0.8,0.0,0.8,-0.8,0.8,0.0,-0.8,0.8,0.8,0.8,0.0,-0.8,0.8,-1.6,0.8,0.0,-1.6,0.8,-0.8,0.0,-0.8,0.8,1.6,0.0,1.6,0.8,0.0,1.6,-1.6,0.8,0.8,0.8,0.8,-1.6,1.6,0.0,0.0,1.6,0.8,0.8,-0.8,0.8,0.8,-1.6,0.0,-1.6,0.8,0.0,0.0,0.8,0.0,0.0,0.8,-0.8,0.8,0.8,0.0,0.0,0.8,0.8,0.0,0.8,0.8,0.8,0.8,0.8,0.8,0.0,0.0,0.0,0.0,-0.8,0.0,0.0,0.8,-0.8,-1.6,0.0,-0.8,0.8,0.0,0.8,0.0,1.6,-0.8,-0.8,3.2,0.0,-1.6,2.4000000000000004,1.6,-1.6,1.6,1.6,-1.6,0.8,0.8,0.8,0.0,0.0,0.0,1.6,0.8,0.0,0.0,-0.8,0.8,0.8,0.0,1.6,0.8,0.0,0.8,2.4000000000000004,0.8,0.0,0.0,0.0,-1.6,0.8,1.6,0.0,0.0,0.0,0.8,0.8,0.8,0.8,-0.8,1.6,0.0,0.0,0.8,0.0,0.8,0.0,0.8,0.8,-0.8,0.8,-0.8,0.8,-0.8,-1.6,0.8,-0.8,0.0,-0.8,0.0,2.4000000000000004,-0.8,0.8,0.0,0.0,0.8,0.8,0.8,0.8,2.4000000000000004,0.0,0.0,1.6,0.8,0.0,1.6,0.0,0.8,0.0,0.0,0.0,0.0,0.0,1.6,0.0,0.8,0.0,0.0,-0.8,2.4000000000000004,0.0,0.8,0.8,0.8,0.0,0.8,0.8,1.6,0.0,-0.8,0.8,-0.8,0.8,1.6,-0.8,0.0,0.0,0.8,0.0,-0.8,0.8,0.8,0.0,0.8,-1.6,0.8,0.0,0.0,0.0,-0.8,0.8,0.8,0.8,1.6,0.8,0.8,0.0,0.0,0.0,0.8,1.6,0.0,1.6,0.8,0.8,1.6,0.0,0.0,0.0,0.0,0.8,-0.8,1.6,0.0,0.8,1.6,-0.8,1.6,0.0,0.0,0.0,-0.8,0.8,-0.8,0.0,0.0,-0.8,1.6,-0.8,1.6,0.0,-1.6,1.6,0.0,0.8,0.0,-0.8,0.0,0.0,0.0,0.8,0.8,0.8,0.0,0.8,-0.8,0.8,0.8,-0.8,0.0,0.0,0.8,1.6,0.0,-0.8,-0.8,0.8,0.8,1.6,0.0,0.8,0.0,1.6,0.0,0.0,0.0,0.8,0.0,0.8,0.0,0.8,2.4000000000000004,0.0,0.8,0.0,1.6,0.8,-0.8,0.0,0.0,0.8,0.0,0.0,0.0,-1.6,0.0,0.0,0.0,0.0,0.0,1.6,-0.8,0.8,0.8,0.0,1.6,-0.8,-0.8,0.8,1.6,0.8,-2.4000000000000004,0.8,0.8,0.8,0.8,-0.8,0.0,0.0,0.8,0.0,0.0,1.6,0.0,0.8,1.6,0.8,1.6,-0.8,0.8,0.8,0.0,0.8,-0.8,0.8,0.8,-2.4000000000000004,1.6,0.0,1.6,1.6,0.8,0.8,-0.8,-0.8,0.0,0.0,2.4000000000000004,0.0,0.8,0.8,1.6,-0.8,0.0,0.8,0.8,0.0,-0.8,-0.8,0.8,0.0,0.8,0.0,-0.8,0.0,0.0,0.0,0.8,-2.4000000000000004,0.8,0.8,0.8,0.0,0.0,1.6,0.0,0.8,-0.8,-0.8,0.8,0.8,1.6,0.8,0.0,0.8,0.0,0.0,-1.6,0.8,0.0,-0.8,0.8,0.0,-0.8,0.8,0.0,0.8,0.0,0.8,0.0,0.0,0.8,0.8,0.0,1.6,0.0,-0.8,0.0,2.4000000000000004,0.8,0.8,0.8,1.6,0.8,0.0,0.0,0.0,0.8,-0.8,0.0,0.8,0.8,0.8,0.0,0.0,0.8,0.0,0.8,0.8,0.8,0.8,0.0,0.8,0.0,0.0,0.0,0.0,1.6,0.0,0.8,0.8,-0.8,0.8,-1.6,0.8,0.8,1.6,1.6,0.8,1.6,0.8,0.8,0.8,-1.6,1.6,0.0,-0.8,0.0,-0.8,1.6,0.8,0.0,0.8,-1.6,0.8,-0.8,1.6,-0.8,-0.8,0.0,0.0,0.0,-0.8,0.0,0.8,-0.8,0.8,0.0,-0.8,1.6,0.0,0.0,0.0,-1.6,0.0,0.0,-0.8,0.0,1.6,0.0,0.8,-0.8,-1.6,-0.8,0.0,0.0,0.0,0.8,0.0,-0.8,1.6,0.0,-0.8,0.8,-1.6,-0.8,0.8,0.8,0.8,0.8,0.0,0.0,-0.8,0.0,0.0,-0.8,0.8,0.0,0.0,0.0,-0.8,0.0,0.0,0.0,0.8,0.0,-0.8,0.8,0.0,0.8,-1.6,0.0,0.0,0.0,0.8,-0.8,0.8,0.8,0.0,0.8,0.8,0.8,-0.8,0.0,0.8,0.0,0.0,0.8,1.6,0.8,-0.8,0.8,0.8,0.8,0.8,-0.8,0.0,0.0,0.8,1.6,0.0,0.0,0.0,0.8,0.0,0.8,0.8,1.6,0.0,3.2,-0.8,0.8,1.6,0.0,0.0,0.0,0.8,-0.8,1.6,0.8,-0.8,1.6,0.0,0.0,0.8,-0.8,1.6,0.0,0.0,0.0,-1.6,-0.8,0.0,0.8,0.8,-1.6,0.8,0.8,0.0,1.6,0.8,-0.8,0.0,-0.8,-1.6,1.6,2.4000000000000004,0.8,0.0,0.0,1.6,1.6,0.0,0.8,0.0,-0.8,0.8,-0.8,0.8,0.8,1.6,1.6,0.8,0.8,0.0,0.8,0.0,1.6,-0.8,0.0,-0.8,-0.8,0.0,0.0,0.0,0.0,1.6,0.8,0.0,0.8,0.0,-0.8,0.0,-0.8,1.6,-1.6,0.8,0.0,0.8,0.8,-0.8,0.8,0.8,0.0,1.6,-0.8,1.6,0.0,0.0,0.8,-1.6,0.8,-0.8,0.8,0.8,-2.4000000000000004,0.0,-0.8,0.8,0.8,-1.6,1.6,-0.8,0.0,0.8,-0.8,0.8,-0.8,0.8,-0.8,-0.8,2.4000000000000004,-0.8,1.6,-0.8,0.0,1.6,-0.8,1.6,0.8,-0.8,0.8,0.8,0.8,-0.8,0.0,0.0,0.0,0.8,0.0,0.8,1.6,0.0,-0.8,0.0,2.4000000000000004,0.8,0.8,1.6,0.8,0.8,0.8,0.8,0.8,0.0,0.8,0.0,1.6,1.6,0.8,0.0,0.0,1.6,0.8,-0.8,0.8,1.6,0.0,1.6,0.8,0.8,0.8,0.8,0.8,0.8,0.8,0.8,1.6,0.8,1.6,0.0,0.0,0.8,1.6,0.0,-0.8,1.6,1.6,-0.8,1.6,-0.8,0.8,0.0,0.0,0.8,0.0,0.0,1.6,0.8,1.6,-0.8,0.0,0.0,1.6,-0.8,0.0,0.8,0.0,1.6,0.0,0.0,1.6,-0.8,0.8,0.8,-0.8,0.8,0.0,0.0,-0.8,0.8,1.6,-1.6,0.8,0.8,0.0,1.6,0.0,0.8,0.0,0.0,0.0,0.0,0.8,0.0,0.8,0.8,0.0,1.6,-0.8,2.4000000000000004,0.8,-0.8,0.8,0.0,0.8,0.8,0.0,0.8,0.0,2.4000000000000004,0.0,-1.6,0.8,0.8,0.0,0.0,1.6,1.6,-1.6,0.8,0.8,0.0,2.4000000000000004,0.0,1.6,0.0,0.8,1.6,0.0,0.8,0.0,0.0,1.6,0.0,1.6,0.0,0.8,1.6,0.0,0.8,0.0,2.4000000000000004,0.8,0.0,1.6,1.6,0.0,0.8,0.0,0.8,-0.8,-0.8,0.0,0.8,0.0,0.8,0.0,0.8,0.8,-0.8,-0.8,0.8,0.0,0.8,0.0,0.8,-0.8,0.0,0.8,0.0,0.0,-0.8,0.0,0.0,0.8,0.8,0.0,0.8,0.0,0.0,0.8,-0.8,0.8,0.0,0.0,0.8,-0.8,0.0,-0.8,0.0,0.0,0.0,0.8,0.8,0.8,0.8,0.0,0.0,-0.8,0.8,-0.8,-1.6,0.8,0.8,0.8,0.0,1.6,0.8,0.0,0.0,-0.8,0.8,0.0,-1.6,0.8,0.8,0.0,0.0,-0.8,0.8,0.0,-0.8,0.0,0.8,0.0,0.0,0.8,0.0,0.0,0.8,0.0,1.6,0.0,0.0,0.8,0.8,1.6,-0.8,0.0,1.6,1.6,0.0,0.0,0.8,0.0,-0.8,0.8,0.0,0.8,0.0,0.0,0.0,0.0,0.8,1.6,0.8,0.8,0.0,0.0,-0.8,0.0,0.0,0.0,0.0,0.0,-0.8,-0.8,0.0,0.8,0.8,0.0,0.0,0.0,0.0,0.0,-1.6,-0.8,0.0,-1.6,0.0,-0.8,0.0,1.6,0.0,0.0,0.0,-0.8,0.0,0.0,0.8,-0.8,0.0,0.0,0.8,1.6,0.0,0.0,1.6,-0.8,-1.6,-0.8,1.6,0.8,0.0,1.6,0.0,0.0,1.6,-1.6,0.0,0.8,0.8,-0.8,0.0,1.6,0.0,0.8,0.0,0.8,1.6,0.0,0.0,-0.8,-1.6,0.8,-0.8,0.8,0.0,0.8,0.0,0.0,0.8,0.0,0.0,0.8,-1.6,-0.8,0.0,0.0,1.6,-0.8,0.8,0.8,0.8,-0.8,0.0,0.8,0.0,-0.8,0.0,-1.6,0.0,0.0,1.6,0.8,-0.8,-0.8,0.0,-1.6,-0.8,-0.8,0.8,-0.8,0.8,0.0,-1.6,-1.6,-1.6,-0.8,0.0,-0.8,0.8,0.8,0.0,-0.8,-0.8,-1.6,0.0,-1.6,0.8,0.8,0.0,0.0,0.0,0.0,-0.8,0.0,0.8,-0.8,1.6,-0.8,0.0,0.0,0.0,0.0,0.0,0.8,-1.6,-1.6,1.6,-1.6,-0.8,0.8,-0.8,1.6,0.0,1.6,-0.8,0.0,1.6,-0.8,0.0,0.0,0.0,0.0,-1.6,0.8,0.0,0.0,0.0,-0.8,1.6,-0.8,-0.8,0.0,0.0,1.6,0.0,0.0,0.0,0.0,0.8,0.8,-0.8,0.0,0.8,1.6,-0.8,1.6,-0.8,-0.8,1.6,-0.8,0.8,2.4000000000000004,0.0,0.8,-0.8,0.0,-0.8,0.0,0.8,0.0,0.8,0.0,-0.8,1.6,-1.6,0.8,-0.8,0.0,-0.8,0.0,1.6,-0.8,-0.8,0.0,0.8,0.8,-0.8,0.0,1.6,0.8,-0.8,-0.8,0.8,0.0,0.0,0.0,0.8,-0.8,-0.8,0.0,-0.8,-1.6,-0.8,0.0,-0.8,0.0,0.8,0.8,0.0,0.8,0.8,0.0,0.8,-0.8,0.0,0.0,1.6,0.8,-0.8,0.8,0.0,0.8,0.0,0.8,0.0,0.0,1.6,-0.8,0.0,0.0,0.0,0.0,-1.6,0.8,-0.8,0.0,1.6,0.0,-1.6,-0.8,0.8,0.0,-0.8,0.0,-0.8,1.6,0.8,0.0,1.6,-1.6,0.0,0.0,0.0,0.0,0.8,0.0,0.0,0.0,2.4000000000000004,-1.6,1.6,0.0,0.0,0.8,-2.4000000000000004,0.0,0.0,0.0,1.6,-0.8,0.8,-1.6,0.0,0.8,0.0,-0.8,0.8,0.0,0.8,-1.6,0.8,0.0,1.6,0.8,-0.8,1.6,0.0,0.8,0.8,0.0,0.8,0.0,0.8,0.0,0.8,0.8,0.0,0.0,0.0,0.0,0.0,-0.8,0.8,-0.8,-0.8,-0.8,0.0,0.0,0.8,0.8,0.0,1.6,-0.8,-0.8,0.0,0.8,0.0,0.0,-0.8,0.0,0.8,0.8,0.0,-0.8,0.8,-0.8,-0.8,-0.8,0.0,0.0,0.0,0.0,1.6,0.8,0.0,0.0,0.0,0.0,-0.8,-0.8,0.8,0.0,0.8,0.8,0.8,0.8,0.0,1.6,0.0,-0.8,0.0,0.0,0.8,0.8,0.0,0.8,0.8,0.8,-0.8,0.8,0.8,0.0,0.8,-0.8,-0.8,0.0,0.0,0.8,0.8,0.8,0.0,-0.8,-0.8,-0.8,-0.8,1.6,-0.8,1.6,-0.8,0.0,0.0,0.0,0.8,0.0,0.8,0.0,0.0,0.0,-0.8,0.0,0.8,0.0,-0.8,0.0,0.8,1.6,0.0,0.0,0.0,-0.8,0.0,0.0,-0.8,0.8,0.8,0.8,-0.8,0.0,0.8,-0.8,0.8,-0.8,0.0,0.0,2.4000000000000004,0.8,-0.8,0.0,1.6,0.0,1.6,0.0,-0.8,-0.8,-0.8,0.0,0.0,0.0,0.8,0.8,1.6,0.8,0.8,0.8,0.0,1.6,-0.8,0.0,0.0,-1.6,0.0,-0.8,0.0,-0.8,0.8,0.8,0.0,0.8,0.8,-0.8,0.8,0.0,2.4000000000000004,1.6,0.0,1.6,0.8,-0.8,0.8,0.0,0.0,1.6,0.8,-0.8,0.0,0.8,0.0,0.8,-0.8,0.0,0.8,-0.8,1.6,-0.8,-0.8,0.8,-0.8,0.0,-1.6,0.0,0.0,0.0,2.4000000000000004,-0.8,0.0,0.8,0.0,0.8,-0.8,1.6,0.8,-0.8,0.0,0.8,0.8,0.8,1.6,1.6,0.0,0.0,0.8,-0.8,0.0,0.0,0.8,0.8,0.0,0.8,-1.6,2.4000000000000004,-0.8,0.0,0.8,0.0,1.6,-0.8,0.0,1.6,0.8,0.8,-0.8,0.0,0.0,0.0,-0.8,0.0,1.6,0.0,0.8,0.8,0.8,0.8,0.8,0.8,0.0,0.0,-0.8,-0.8,0.0,0.0,0.0,0.8,0.8,0.8,0.8,0.8,0.8,0.0,0.8,0.8,0.8,1.6,0.0,0.0,0.8,1.6,0.0,1.6,0.0,0.8,0.8,-1.6,0.0,1.6,-0.8,1.6,0.8,0.8,-0.8,0.0,0.8,-0.8,0.8,-0.8,-0.8,0.8,-1.6,0.8,0.8,0.8,-0.8,0.0,1.6,-0.8,0.8,0.8,0.0,0.0,-0.8,0.8,-0.8,-0.8,1.6,0.8,0.0,-0.8,-0.8,0.0,-1.6,2.4000000000000004,0.8,-1.6,1.6,-0.8,1.6,0.0,0.8,0.0,0.8,0.0,-0.8,0.0,1.6,-1.6,0.0,-0.8,0.8,0.8,0.8,0.8,-1.6,1.6,-0.8,-0.8,1.6,-0.8,1.6,1.6,0.0,1.6,-0.8,0.8,0.8,0.0,0.0,-0.8,0.8,-0.8,0.0,0.8,0.0,1.6,0.0,0.8,0.8,0.0,0.8,-0.8,1.6,0.8,1.6,0.8,0.8,1.6,1.6,0.0,0.8,-0.8,0.8,0.0,0.0,0.8,-0.8,0.0,0.8,0.0,-0.8,-0.8,0.0,-0.8,1.6,-1.6,0.0,0.8,0.8,-0.8,0.0,0.8,0.0,0.0,0.0,0.0,0.0,0.8,1.6,0.0,0.0,0.8,-0.8,0.8,-0.8,0.8,1.6,-0.8,0.8,-0.8,-0.8,0.8,0.8,0.8,-0.8,0.0,1.6,-1.6,1.6,-0.8,0.0,0.8,-0.8,0.0,-0.8,0.8,0.8,0.0,0.8,0.8,0.8,0.8,-0.8,0.8,0.8,0.8,0.8,0.8,0.8,0.0,1.6,1.6,0.0,0.8,0.0,0.8,0.0,-0.8,0.0,0.0,1.6,-0.8,0.0,0.0,0.0,0.8,0.0,0.8,0.8,0.8,0.8,1.6,0.8,2.4000000000000004,0.0,1.6,0.0,0.8,0.0,0.8,0.8,0.0,0.8,0.8,0.8,0.0,0.8,0.8,0.8,0.8,0.0,-0.8,0.0,1.6,0.0,0.8,0.8,0.0,0.0,-0.8,0.8,0.0,0.0,1.6,0.0,0.0,1.6,0.0,0.8,0.0,0.8,0.8,0.0,0.8,0.8,0.8,-1.6,0.0,-0.8,-0.8,0.8,0.0,-1.6,0.0,0.8,0.8,-0.8,0.8,1.6,-0.8,1.6,-0.8,-1.6,0.0,1.6,0.0,0.0,0.0,1.6,0.0,0.8,0.0,0.0,0.8,-0.8,0.0,0.0,1.6,0.8,0.0,2.4000000000000004,0.0,0.0,-0.8,0.0,0.8,-0.8,-0.8,0.8,0.0,0.8,0.0,0.0,1.6,0.8,0.0,0.8,-0.8,0.0,-1.6,0.0,0.8,1.6,0.0,0.0,1.6,1.6,-1.6,0.8,0.8,0.8,-0.8,0.0,-0.8,0.8,0.8,0.0,0.8,1.6,0.0,0.0,-0.8,0.0,-0.8,0.8,0.0,0.0,-1.6,0.0,-0.8,0.0,-0.8,0.8,0.0,0.0,1.6,0.8,-1.6,2.4000000000000004,0.0,-1.6,2.4000000000000004,0.8,-2.4000000000000004,0.8,2.4000000000000004,-0.8,-0.8,0.0,2.4000000000000004,0.8,-1.6,0.0,2.4000000000000004,-0.8,0.0,0.8,1.6,0.0,-0.8,0.8,-0.8,0.8,1.6,0.0,0.8,-0.8,0.8,0.8,0.0,0.8,-0.8,0.8,0.0,-1.6,1.6,0.0,0.8,0.0,0.0,0.0,-0.8,1.6,0.8,0.0,0.8,-1.6,0.0,0.0,0.8,0.8,-0.8,1.6,-0.8,0.0,1.6,-0.8,0.8,-1.6,0.8,0.8,0.8,1.6,-0.8,2.4000000000000004,1.6,-1.6,0.8,-0.8,0.8,0.0,0.0,0.0,-0.8,0.0,0.8,0.8,0.8,-0.8,0.0,0.0,0.0,-0.8,0.8,1.6,0.0,0.0,0.0,1.6,1.6,0.0,1.6,0.0,0.0,2.4000000000000004,1.6,0.8,0.0,0.8,0.0,0.0,0.0,0.0,0.8,0.0,0.0,0.0,-0.8,0.8,0.0,0.8,0.0,0.0,0.8,0.8,1.6,0.0,-0.8,1.6,-1.6,-0.8,0.0,1.6,0.0,-0.8,1.6,0.8,0.8,1.6,-0.8,0.8,1.6,0.8,0.0,0.8,0.8,0.8
event_29,1625266766.9593034,0.0,-0.8,0.8,-0.8,0.8,0.8,0.0,0.8,0.0,0.8,1.6,0.0,0.0,0.8,0.8,0.8,0.0,0.0,0.0,0.8,0.0,-0.8,0.8,0.0,0.8,0.8,1.6,0.8,0.0,0.0,0.0,0.8,0.8,0.0,0.0,2.4000000000000004,0.0,0.8,0.0,1.6,0.8,0.8,0.8,-0.8,1.6,0.8,0.0,0.0,-0.8,0.8,0.0,-0.8,0.0,0.0,0.0,0.0,0.0,0.0,0.0,0.8,0.8,0.8,-0.8,-0.8,0.0,0.8,0.0,0.0,1.6,0.0,-0.8,0.8,0.8,0.0,0.8,0.0,1.6,0.8,0.8,0.8,-0.8,0.8,0.8,0.0,1.6,0.0,0.8,1.6,0.8,2.4000000000000004,0.0,0.8,1.6,0.8,0.0,0.0,0.0,0.0,0.0,0.0,-0.8,0.8,-8.8,-49.60000000000001,-67.2,-37.6,-13.600000000000001,-7.200000000000001,-2.4000000000000004,-0.8,-1.6,-4.0,-1.6,-1.6,-2.4000000000000004,0.0,0.8,0.0,0.0,0.0,0.8,-1.6,0.8,0.8,0.0,0.8,2.4000000000000004,0.0,-0.8,0.0,1.6,-1.6,0.8,0.8,3.2,0.0,-0.8,0.8,0.8,0.8,-0.8,-0.8,1.6,1.6,0.8,0.0,0.8,1.6,0.0,0.8,0.0,1.6,0.8,-0.8,0.8,0.0,0.8,0.0,-0.8,0.0,0.8,1.6,0.8,0.0,2.4000000000000004,0.8,0.8,0.0,-0.8,0.0,-1.6,1.6,0.0,0.8,1.6,0.8,2.4000000000000004,1.6,0.0,0.8,0.0,1.6,0.0,-0.8,1.6,0.0,0.0,0.8,0.0,-0.8,0.8,1.6,1.6,-1.6,0.8,0.0,0.0,0.0,0.8,-0.8,1.6,0.8,0.0,0.8,0.8,0.0,0.0,0.0,0.0,1.6,0.8,0.8,0.8,1.6,-1.6,0.8,0.0,0.0,0.8,-1.6,0.0,-0.8,1.6,0.8,0.8,1.6,0.8,0.8,0.8,0.0,0.0,0.8,0.8,0.0,0.0,-1.6,0.8,2.4000000000000004,-1.6,-0.8,4.0,0.0,-0.8,2.4000000000000004,0.8,0.0,0.0,0.0,-0.8,0.0,0.0,0.0,0.8,0.0,-1.6,-0.8,0.0,0.0,-0.8,0.0,1.6,0.0,-0.8,0.0,0.0,0.0,0.8,0.0,-0.8,0.0,0.0,0.0,0.0,0.0,0.0,0.8,0.8,-0.8,-1.6,1.6,-1.6,0.0,-0.8,0.8,0.8,-0.8,0.8,0.8,-0.8,0.8,-1.6,0.0,-0.8,0.0,1.6,-0.8,0.8,-1.6,-0.8,0.8,-0.8,0.8,1.6,-0.8,0.0,-2.4000000000000004,0.8,0.0,1.6,0.0,-0.8,1.6,-0.8,0.0,1.6,-0.8,0.8,-1.6,-0.8,0.0,0.8,0.0,0.0,0.8,1.6,-0.8,-0.8,-1.6,0.8,-1.6,0.0,0.0,0.0,-0.8,-0.8,0.8,0.0,0.8,-0.8,0.0,0.0,0.0,0.0,0.8,1.6,0.0,0.0,-0.8,-0.8,1.6,0.8,-0.8,2.4000000000000004,-0.8,-0.8,0.0,0.8,0.0,-0.8,0.0,0.8,-1.6,0.8,0.8,-0.8,0.0,0.0,0.0,-1.6,1.6,0.0,0.8,0.0,0.8,0.0,0.0,0.8,-1.6,-0.8,0.0,-1.6,0.8,0.0,-0.8,0.0,0.8,0.8,-0.8,-0.8,2.4000000000000004,-0.8,-0.8,0.0,1.6,-0.8,-1.6,0.8,0.8,0.8,-0.8,0.8,2.4000000000000004,0.0,-0.8,-0.8,0.8,0.8,0.0,0.0,1.6,0.8,0.8,-0.8,0.8,0.8,0.0,0.0,-1.6,1.6,0.0,-0.8,0.8,0.0,1.6,-1.6,0.0,0.8,0.8,0.0,-0.8,0.0,0.8,-0.8,0.8,0.0,0.0,0.0,0.0,0.8,-0.8,0.8,0.8,-0.8,0.8,0.8,-0.8,0.8,-1.6,0.8,0.8,-0.8,0.0,0.0,-0.8,-0.8,0.0,-0.8,-0.8,0.8,0.0,0.0,1.6,-0.8,0.8,0.8,0.0,0.0,0.8,1.6,0.8,0.0,1.6,0.0,-0.8,1.6,0.0,0.0,0.8,0.0,0.0,0.0,0.8,0.8,0.0,0.8,0.0,0.0,0.0,0.8,0.0,-1.6,0.0,-0.8,0.0,0.0,-0.8,0.0,0.8,0.0,0.8,0.0,0.8,0.0,-0.8,0.0,-0.8,1.6,0.0,0.8,0.8,0.8,0.0,0.0,0.8,0.0,0.0,0.0,-0.8,1.6,0.0,1.6,0.0,-1.6,0.0,-0.8,0.0,0.0,0.0,0.0,0.0,1.6,0.0,-1.6,0.0,0.8,0.0,0.0,0.8,-0.8,1.6,0.8,-0.8,0.0,0.8,0.0,0.0,-0.8,0.8,0.8,-1.6,0.0,0.0,0.0,0.0,0.0,0.0,-0.8,0.0,0.8,0.0,0.8,0.8,-0.8,0.8,0.0,-0.8,0.0,0.8,0.0,0.8,-0.8,1.6,-0.8,0.8,0.0,-1.6,1.6,0.0,-0.8,-0.8,0.0,0.0,0.8,0.8,0.8,-0.8,0.0,0.0,0.8,0.0,-0.8,0.0,0.0,0.0,0.8,0.0,0.0,-0.8,0.8,0.0,0.8,0.8,-0.8,0.8,0.0,1.6,0.8,0.8,0.8,0.8,0.0,0.8,0.0,0.0,-0.8,1.6,0.0,0.8,0.8,0.8,0.8,0.8,-0.8,0.8,-0.8,1.6,0.0,0.8,0.8,-0.8,1.6,-0.8,0.0,1.6,0.8,0.8,0.8,0.0,2.4000000000000004,0.0,0.0,0.8,0.8,1.6,0.0,0.0,0.0,1.6,1.6,1.6,0.0,0.0,0.8,1.6,1.6,2.4000000000000004,0.0,1.6,0.8,0.0,0.8,0.8,0.8,-0.8,-0.8,1.6,0.0,0.8,-0.8,0.0,1.6,0.0,0.8,0.8,0.8,0.8,0.0,-0.8,0.0,0.8,0.8,0.8,1.6,0.0,0.0,0.8,0.0,0.8,0.0,0.0,0.0,0.8,0.0,0.0,0.0,0.8,0.8,0.0,0.8,0.8,0.0,0.0,-1.6,1.6,1.6,0.8,0.8,0.8,0.8,0.0,0.8,1.6,0.8,0.8,0.0,0.0,0.8,-0.8,2.4000000000000004,1.6,0.8,0.0,0.0,0.0,0.0,-0.8,1.6,0.0,1.6,-0.8,0.8,0.8,0.8,1.6,-1.6,0.8,-0.8,0.0,1.6,-0.8,0.8,0.8,0.8,0.0,-0.8,2.4000000000000004,0.8,0.0,0.8,0.8,0.0,-0.8,-0.8,0.8,0.0,1.6,0.0,-0.8,0.8,0.8,0.8,0.0,0.0,0.0,0.0,1.6,0.0,0.8,0.0,0.8,0.8,0.0,0.8,0.8,0.0,0.0,-1.6,0.0,0.8,0.8,0.8,0.8,1.6,-0.8,0.0,0.0,0.0,0.0,0.0,0.0,0.8,0.0,0.8,0.8,1.6,-0.8,0.0,0.0,0.8,0.8,0.0,0.8,-0.8,2.4000000000000004,0.8,0.8,0.8,0.8,0.8,1.6,0.0,0.0,0.0,0.0,-0.8,0.8,0.8,0.8,0.8,0.8,0.8,0.0,0.8,0.8,0.0,1.6,0.0,0.8,0.8,-0.8,0.0,0.0,0.8,0.8,0.8,0.8,2.4000000000000004,0.0,0.8,-0.8,0.0,0.0,0.0,0.8,0.0,0.8,-0.8,0.0,0.8,-0.8,0.8,0.0,0.0,0.8,0.0,2.4000000000000004,-0.8,0.8,0.0,-0.8,2.4000000000000004,0.0,-0.8,0.8,1.6,1.6,-0.8,1.6,2.4000000000000004,0.8,1.6,-0.8,-0.8,0.8,0.0,0.0,0.0,0.8,0.8,0.8,0.8,0.8,1.6,0.8,0.0,0.8,0.0,0.8,-0.8,0.8,0.8,-0.8,0.8,0.0,1.6,0.8,0.8,0.0,0.0,0.0,0.8,0.0,2.4000000000000004,1.6,1.6,1.6,0.8,0.0,0.0,0.0,0.0,0.0,-0.8,0.0,1.6,0.0,0.8,0.0,0.8,-0.8,0.8,0.8,0.0,0.0,0.8,0.0,0.8,0.8,0.0,-0.8,2.4000000000000004,0.8,0.0,0.0,0.0,2.4000000000000004,0.8,2.4000000000000004,1.6,0.0,0.8,-0.8,0.0,0.8,0.8,0.8,0.8,0.8,-0.8,0.0,0.8,0.0,0.8,-0.8,0.0,0.8,0.8,1.6,0.8,1.6,0.8,-0.8,0.8,1.6,0.0,0.8,-0.8,0.8,0.8,0.8,0.0,-0.8,0.8,-1.6,0.0,0.0,0.0,0.8,0.0,0.8,1.6,0.0,0.8,0.0,0.8,0.0,0.0,0.0,0.0,0.8,-0.8,0.0,0.8,0.8,0.8,0.8,0.0,1.6,-0.8,0.8,0.8,0.8,0.0,0.0,0.0,0.8,0.0,0.8,-0.8,0.0,-0.8,0.0,-0.8,-0.8,0.0,0.0,0.0,0.8,-0.8,0.0,-0.8,0.0,0.0,0.0,0.0,0.0,-0.8,0.0,0.8,0.8,0.0,0.0,0.0,0.0,0.8,1.6,0.0,0.0,0.0,0.0,0.0,-0.8,0.8,0.0,-0.8,0.0,-0.8,-1.6,0.0,-0.8,0.0,2.4000000000000004,-0.8,-1.6,2.4000000000000004,1.6,-3.2,0.0,0.8,-1.6,-1.6,0.0,1.6,0.0,-0.8,0.0,0.0,0.0,-0.8,0.0,0.8,0.8,0.0,-1.6,0.8,0.8,0.0,0.8,0.8,0.8,0.0,-1.6,0.8,-0.8,0.8,-0.8,0.8,0.8,-1.6,0.8,0.0,0.8,0.8,0.0,0.0,0.0,0.0,0.8,0.8,0.8,0.0,0.8,0.8,0.0,1.6,-1.6,0.8,0.0,0.8,0.8,-1.6,0.0,0.0,-1.6,1.6,0.0,0.8,-0.8,0.0,0.0,0.0,0.0,0.8,0.8,0.8,-0.8,0.0,0.8,0.8,0.8,0.0,0.8,-0.8,1.6,0.8,0.0,0.0,0.0,0.0,-0.8,0.8,0.0,0.8,-0.8,-0.8,0.0,0.0,-0.8,0.8,0.8,-1.6,0.0,0.0,0.0,0.8,0.0,-1.6,0.0,-0.8,-0.8,0.8,0.8,0.8,-0.8,0.0,1.6,-0.8,0.8,-0.8,0.8,0.8,0.0,0.8,0.0,0.0,0.0,0.0,1.6,0.8,0.0,-0.8,0.0,0.0,-0.8,0.8,0.8,0.0,0.8,-1.6,0.8,0.8,0.8,1.6,0.8,0.8,0.0,0.0,0.8,-0.8,2.4000000000000004,0.0,0.8,0.8,0.0,0.8,0.0,-0.8,1.6,0.0,0.8,-0.8,0.0,-0.8,0.0,1.6,-0.8,0.0,-0.8,0.0,0.8,-1.6,0.8,0.0,0.0,0.8,-0.8,0.0,-0.8,0.0,0.0,-1.6,0.0,0.8,0.8,0.8,0.0,1.6,-0.8,0.0,0.0,0.0,1.6,-0.8,0.0,0.0,0.0,0.8,-0.8,0.0,0.0,0.0,1.6,0.0,0.8,0.0,-0.8,0.8,-1.6,-0.8,0.0,0.8,0.8,0.0,0.8,1.6,0.0,0.8,0.0,0.0,0.8,1.6,-0.8,1.6,0.8,0.8,0.8,0.0,1.6,0.8,0.0,0.8,-0.8,0.0,0.0,0.0,0.0,0.0,0.8,-0.8,1.6,0.8,0.0,1.6,0.0,0.8,0.0,0.0,1.6,1.6,0.0,0.0,0.8,0.8,-0.8,2.4000000000000004,-0.8,0.8,0.0,-1.6,0.8,0.0,0.0,0.8,0.8,1.6,-0.8,1.6,-0.8,0.0,0.8,0.0,0.8,0.0,0.8,0.8,-0.8,2.4000000000000004,0.0,0.0,0.8,-0.8,1.6,-0.8,0.0,0.0,0.0,0.0,-1.6,-0.8,0.8,0.0,1.6,0.0,0.8,0.8,-0.8,0.0,0.8,-0.8,0.0,0.8,0.0,0.0,0.0,0.0,0.8,0.0,-1.6,0.0,0.0,0.0,-0.8,0.8,0.8,-0.8,1.6,0.0,-1.6,0.8,0.0,0.0,0.8,0.0,1.6,0.0,-0.8,1.6,0.0,0.8,0.0,0.8,0.0,0.0,0.0,0.0,-0.8,0.8,0.0,0.8,0.0,-0.8,0.8,-0.8,1.6,0.8,0.8,0.8,1.6,0.8,-0.8,0.8,1.6,-0.8,1.6,0.0,1.6,0.0,-0.8,0.0,0.0,0.0,0.8,0.0,0.8,0.8,0.0,0.0,1.6,-0.8,0.8,0.0,1.6,0.0,0.0,0.8,0.0,-0.8,0.0,0.0,-0.8,0.8,1.6,0.0,0.8,0.0,-0.8,0.8,-0.8,0.8,0.8,0.0,0.8,-1.6,0.0,-0.8,-0.8,0.8,-0.8,0.8,0.8,0.0,1.6,0.0,1.6,0.8,0.0,0.0,-1.6,0.8,1.6,0.0,0.0,0.8,1.6,0.8,0.8,-1.6,0.8,0.8,-0.8,0.0,2.4000000000000004,0.0,0.8,0.8,0.8,0.0,0.0,0.8,1.6,0.8,-0.8,0.0,0.8,0.0,0.8,0.8,1.6,1.6,0.8,0.8,1.6,0.8,-1.6,0.8,0.8,0.8,0.0,0.0,1.6,0.8,0.0,0.8,0.0,2.4000000000000004,0.0,0.8,0.0,0.0,0.0,0.8,0.8,0.0,0.0,0.0,-1.6,0.8,-0.8,0.0,0.8,0.0,-0.8,-0.8,0.0,0.8,0.0,0.8,0.8,0.8,1.6,0.8,0.0,-0.8,0.8,0.0,0.8,0.0,-1.6,1.6,-0.8,-0.8,-0.8,-0.8,0.8,0.0,0.0,0.0,0.0,0.0,0.0,1.6,0.0,0.0,3.2,-1.6,-0.8,-0.8,1.6,1.6,-0.8,1.6,0.0,0.8,1.6,-0.8,0.0,0.8,0.0,-0.8,-0.8,1.6,-0.8,0.0,0.8,0.8,1.6,0.8,0.0,0.0,0.0,0.0,-0.8,1.6,0.8,0.8,0.8,0.8,0.0,1.6,0.0,0.0,0.0,-0.8,0.0,0.0,1.6,0.8,-1.6,1.6,0.8,0.8,0.0,0.0,1.6,0.0,0.0,-0.8,1.6,0.0,0.0,0.0,0.8,-0.8,0.0,-0.8,0.0,0.0,0.8,0.0,3.2,0.8,0.0,0.0,0.8,0.0,0.0,-0.8,0.0,1.6,0.8,-0.8,-0.8,-1.6,0.8,-0.8,-0.8,1.6,1.6,0.8,0.0,0.0,-0.8,0.0,1.6,0.0,0.8,1.6,0.0,0.0,0.8,0.8,0.0,0.8,0.0,-0.8,0.0,1.6,0.0,0.8,0.0,1.6,0.0,1.6,1.6,0.0,1.6,0.8,-0.8,0.8,0.0,0.8,0.0,0.0,1.6,0.0,1.6,0.0,0.8,0.8,0.0,0.8,0.0,0.0,0.8,0.0,1.6,0.8,0.0,0.8,0.8,1.6,-0.8,1.6,0.8,1.6,1.6,0.0,0.8,1.6,0.8,1.6,-0.8,1.6,0.0,0.0,-0.8,0.0,0.0,0.8,0.8,0.8,0.0,1.6,0.0,1.6,-0.8,0.0,0.8,0.0,0.8,-0.8,0.0,0.8,0.8,0.8,0.8,0.8,1.6,1.6,0.0,0.8,0.8,0.0,0.0,0.0,0.8,0.8,0.0,-0.8,0.0,0.0,0.0,0.0,0.0,-0.8,0.8,-0.8,-0.8,1.6,-0.8,0.0,1.6,-0.8,-0.8,-0.8,2.4000000000000004,0.8,-0.8,0.8,-0.8,0.8,0.8,0.0,0.8,-0.8,1.6,0.0,0.0,0.8,0.0,0.8,0.0,0.8,0.0,-0.8,0.8,0.8,-0.8,0.0,-0.8,0.0,-1.6,0.0,0.0,0.8,1.6,0.0,1.6,1.6,-1.6,-0.8,0.0,-0.8,2.4000000000000004,-0.8,0.8,0.0,1.6,0.0,0.0,1.6,0.8,0.0,-0.8,0.0,0.8,0.0,0.8,1.6,0.8,0.0,-1.6,1.6,0.8,-1.6,2.4000000000000004,0.0,0.8,-0.8,0.0,1.6,0.0,0.8,0.0,1.6,0.0,0.8,2.4000000000000004,0.0,-0.8,0.8,0.0,0.0,-0.8,0.0,0.8,0.0,0.8,0.0,0.0,0.0,0.0,0.8,0.8,0.8,0.0,0.0,1.6,0.8,0.0,0.8,-0.8,-1.6,-0.8,0.8,0.0,0.8,0.8,1.6,0.8,0.8,0.0,0.0,0.8,-1.6,0.0,0.0,0.0,0.0,0.8,0.0,0.0,0.8,0.0,0.0,0.8,-1.6,0.0,1.6,-0.8,1.6,0.8,0.8,1.6,0.0,0.8,0.8,0.8,1.6,0.0,0.8,0.8,1.6,0.8,0.0,1.6,0.8,0.0,1.6,0.8,0.8,0.0,0.0,-0.8,-0.8,0.8,0.0,0.0,0.0,0.8,0.0,-1.6,0.0,-0.8,1.6,0.0,0.0,0.8,-0.8,0.8,0.0,0.8,0.8,0.0,0.8,0.8,0.8,0.8,0.8,0.0,0.8,-0.8,0.0,0.8,0.8,-0.8,-0.8,0.0,-0.8,-0.8,0.0,0.0,0.0,-0.8,0.8,-0.8,0.8,0.8,0.0,1.6,0.0,0.0,0.0,2.4000000000000004,0.8,1.6,0.0,0.8,0.0,0.8,0.0,-2.4000000000000004,0.0,-0.8,0.8,1.6,0.0,0.8,0.0,0.0,0.8,0.0,0.8,0.0,0.0,-0.8,-0.8,0.0,0.0,0.8,0.0,0.0,2.4000000000000004,0.0,0.0,0.0,0.0,0.8,-0.8,0.8,0.8,1.6,0.8,0.0,0.8,1.6,0.0,0.8,0.8,0.8,0.0,-1.6,0.8,-0.8,0.0,0.8,0.0,0.8,-0.8,0.8,0.0,0.8,0.0,-0.8,1.6,0.8,-0.8,1.6,0.0,0.0,0.0,0.0,0.8,0.0,1.6,0.0,0.8,-0.8,-0.8,1.6,-0.8,0.0,1.6,0.8,1.6,0.8,0.8,0.8,-0.8,0.8,-0.8,0.0,1.6,0.8,0.8,0.0,0.0,0.8,1.6,0.0,-1.6,0.8,1.6,0.0,0.0,0.0,1.6,0.8,0.8,-0.8,0.0,1.6,0.0,-0.8,0.8,0.8,1.6,0.0,0.0,0.8,0.0,0.8,-0.8,0.8,-0.8,-0.8,0.8,0.8,-0.8,0.8,0.8,0.0,0.8,0.8,0.8,1.6,0.0,0.0,0.0,0.0,1.6,-0.8,1.6,0.8,0.8,0.8,0.8,0.8,0.8,0.0,0.8,-0.8,1.6,-0.8,0.8,1.6,-0.8,1.6,-0.8,0.8,0.8,-0.8,0.8,0.0,0.8,0.0,0.0,0.0,0.8,2.4000000000000004,-0.8,0.0,1.6,-0.8,0.8,0.0,0.0,0.0,-0.8,0.0,0.0,0.8,0.8,-0.8,1.6,-1.6,0.0,0.0,0.0,2.4000000000000004,-1.6,0.0,0.8,0.8,0.0,0.8,0.8,0.0,0.0,-0.8,-0.8,0.8,0.0,0.0,0.0,0.8,1.6,0.0,0.0,-0.8,0.8,0.8,-0.8,0.0,0.0,0.8,1.6,0.0,1.6,0.0,-0.8,0.8,0.0,0.0,0.0,-0.8,0.0,-0.8,0.8,0.8,0.8,0.8,0.0,0.8,0.8,0.8,0.0,0.8,0.0,0.8,0.0,0.8,0.0,0.0,0.0,0.0,-0.8,0.0,0.0,-0.8,0.8,-0.8,0.0,0.8,0.8,0.8,0.0,0.8,-0.8,0.0,0.0,0.0,0.8,0.8,0.0,-0.8,0.0,0.8,-0.8,0.8,0.8,-0.8,1.6,0.8,0.0,0.8,0.0,0.8,0.0,0.8,0.0,0.0,0.0,0.8,0.0,-1.6,0.8,0.8,-0.8,0.0,0.0,1.6,-0.8,0.8,0.8,0.0,0.8,-1.6,-1.6,1.6,0.0,2.4000000000000004,0.8,0.0,1.6,-0.8,0.8,0.0,0.0,1.6,-0.8,0.8,-0.8,0.8,0.8,0.8,1.6,0.8,0.0,0.0,0.0,0.8,-1.6,0.0,0.0,-0.8,0.0,0.0,0.0,1.6,0.0,0.8,0.0,0.8,0.0,-1.6,0.8,0.0,2.4000000000000004,0.0,0.8,0.8,1.6,0.0,0.0,0.0,0.0,-0.8,0.0,0.0,-0.8,0.0,0.8,0.8,0.0,0.8,0.0,-0.8,1.6,-0.8,0.0,0.0,0.8,-0.8,0.8,0.8,0.0,0.0,0.8,0.8,0.0,0.8,0.0,-0.8,0.0,0.0,0.8,0.0,-0.8,0.8,0.0,-0.8,0.8,0.0,-0.8,0.0,0.0,0.0,-0.8,0.0,-0.8,-0.8,0.8,0.8,0.0,-0.8,0.0,-0.8,-0.8,1.6,0.0,0.8,0.0,0.8,0.8,0.0,0.8,-1.6,1.6,-0.8,-0.8,0.8,0.0,0.8,1.6,0.0,0.0,-0.8,-0.8,0.0,-0.8,0.0,-1.6,0.0,-0.8,-0.8,0.0,-0.8,1.6,0.8,-0.8,0.8,0.0,-0.8,-0.8,0.0,0.8,0.8,0.0,0.8,1.6,1.6,-1.6,1.6,0.0,0.8,0.0,-1.6,0.0,0.8,-0.8,0.8,0.8,0.8,-0.8,0.8,0.0,-0.8,-0.8,0.8,0.0,0.0,-0.8,0.0,0.0,0.0,-0.8,-0.8,0.8,-0.8,1.6,1.6,0.0,0.8,0.0,0.8,0.0,-1.6,0.0,0.0,-0.8,0.8,0.0,-1.6,0.0,0.8,0.8,0.0,0.0,1.6,0.8,0.0,0.0,0.8,0.8,-0.8,-0.8,0.8,0.8,0.8,0.0,0.0,0.0,0.8,0.8,-0.8,0.0,0.8,0.8,-0.8,0.0,0.0,0.0,0.8,0.0,0.0,0.8,-0.8,0.8,0.0,-0.8,0.0,-1.6,0.0,0.0,-0.8,0.0,-0.8,0.0,-0.8,0.8,0.0,0.0,0.0,-1.6,0.0,1.6,-0.8,0.8,0.8,1.6,-0.8,0.8,1.6,-0.8,-0.8,0.0,-0.8,0.8,-0.8
event_30,1625266769.1084263,-0.8,1.6,0.8,0.8,0.8,-1.6,0.0,-0.8,0.0,0.8,-0.8,0.8,0.0,-0.8,1.6,0.8,-0.8,-0.8,0.0,0.0,-0.8,2.4000000000000004,-0.8,0.0,0.8,0.0,0.8,0.0,0.0,-1.6,1.6,0.8,-0.8,1.6,-0.8,0.8,0.8,0.0,2.4000000000000004,0.0,-0.8,0.8,-0.8,0.0,-0.8,0.0,-0.8,0.0,0.0,-0.8,1.6,0.0,0.0,1.6,-0.8,0.8,-0.8,0.0,0.8,0.0,0.8,0.8,0.0,1.6,0.0,0.8,0.0,0.0,0.0,-0.8,0.0,-0.8,0.0,0.8,0.0,0.8,-0.8,0.8,0.8,-1.6,0.0,0.8,0.0,0.0,-0.8,0.8,1.6,0.8,0.0,0.0,0.8,-0.8,1.6,0.8,-1.6,1.6,0.8,0.0,0.0,0.0,0.0,1.6,-2.4000000000000004,-20.0,-38.400000000000006,-30.4,-12.8,-5.6,-2.4000000000000004,-0.8,0.0,-1.6,-2.4000000000000004,0.0,-1.6,-0.8,1.6,0.0,-0.8,0.8,0.8,0.8,0.0,1.6,0.8,0.0,1.6,-0.8,0.8,0.0,0.0,0.0,0.8,1.6,1.6,1.6,0.0,-0.8,1.6,0.0,0.8,0.0,-1.6,0.0,-0.8,0.8,0.8,0.0,0.8,-0.8,1.6,0.0,0.0,1.6,-1.6,0.0,0.0,0.8,1.6,-0.8,0.8,2.4000000000000004,2.4000000000000004,0.0,0.8,1.6,0.0,0.8,-0.8,-0.8,0.8,0.0,1.6,0.0,0.0,0.8,0.8,0.8,0.8,-1.6,0.8,-0.8,0.8,0.0,0.0,0.8,0.8,0.8,0.8,0.8,0.0,0.8,0.8,0.8,0.0,0.8,0.0,-0.8,0.0,0.8,0.0,-0.8,0.0,0.0,-0.8,0.8,1.6,-0.8,-0.8,2.4000000000000004,0.8,-2.4000000000000004,2.4000000000000004,2.4000000000000004,-1.6,1.6,1.6,-1.6,0.0,1.6,0.8,0.0,0.0,0.8,1.6,1.6,-1.6,0.0,1.6,0.0,0.8,0.0,0.8,1.6,-1.6,1.6,0.8,0.0,0.0,-0.8,1.6,-0.8,0.0,0.8,0.8,0.8,-0.8,1.6,0.8,0.0,0.8,0.0,0.0,0.0,-0.8,1.6,0.0,0.8,0.8,0.8,0.0,0.8,1.6,0.0,0.0,0.8,-2.4000000000000004,0.0,0.8,0.8,0.8,0.8,0.8,0.8,0.0,0.0,-0.8,-0.8,0.0,1.6,0.0,0.0,0.0,-0.8,-0.8,0.8,0.0,0.0,0.8,0.0,0.8,0.8,0.0,0.0,0.8,0.0,-0.8,0.0,0.8,0.0,0.0,0.8,-0.8,0.0,0.0,-0.8,0.8,0.0,0.8,0.8,0.8,-0.8,0.8,0.8,-0.8,-0.8,-0.8,0.8,0.8,0.0,0.8,0.8,0.8,0.0,0.0,0.8,-0.8,0.8,0.8,-0.8,0.8,0.8,0.8,1.6,0.0,1.6,-0.8,0.8,0.0,0.0,0.0,-0.8,0.8,0.0,0.8,0.8,-1.6,2.4000000000000004,0.8,0.8,1.6,0.0,0.8,-0.8,0.0,1.6,0.8,0.0,0.0,0.8,1.6,-0.8,1.6,0.0,0.0,0.8,-0.8,0.8,0.0,0.0,1.6,-0.8,1.6,-0.8,1.6,-0.8,-0.8,1.6,0.0,1.6,0.0,-0.8,0.8,-0.8,1.6,0.0,0.0,1.6,0.0,2.4000000000000004,0.8,0.8,0.8,-0.8,0.8,-0.8,0.8,0.8,0.0,0.0,0.0,0.8,-1.6,0.0,1.6,-0.8,0.8,0.0,0.8,0.8,0.0,0.8,-0.8,0.0,-0.8,0.0,-0.8,0.0,0.8,0.0,0.8,0.8,0.0,0.0,-0.8,0.0,0.0,0.0,0.0,0.0,0.0,0.0,0.0,0.0,0.8,1.6,0.0,0.8,0.8,-0.8,0.8,-0.8,0.8,0.8,0.0,0.0,0.0,1.6,0.8,0.8,0.8,0.0,0.0,0.8,0.8,0.8,0.0,1.6,0.0,1.6,0.0,-0.8,0.8,0.0,0.8,0.8,0.0,0.0,0.0,1.6,1.6,0.0,0.0,0.0,0.8,1.6,-0.8,2.4000000000000004,-0.8,0.8,-0.8,-0.8,1.6,0.0,1.6,0.0,0.8,0.8,1.6,0.8,0.8,0.8,1.6,0.0,0.0,-0.8,0.0,0.0,-1.6,0.0,0.0,-0.8,1.6,0.8,0.8,0.8,1.6,0.0,-0.8,0.8,-0.8,0.0,1.6,-0.8,0.8,0.8,0.8,0.8,0.0,0.8,0.8,2.4000000000000004,0.8,-0.8,0.8,0.8,0.8,0.0,-0.8,0.0,0.0,0.8,0.8,0.8,0.8,0.8,0.0,0.8,0.0,0.0,0.0,0.8,0.8,0.8,0.0,0.0,-0.8,0.0,0.8,0.0,0.8,-0.8,0.8,0.0,1.6,0.0,0.8,0.0,1.6,0.0,1.6,0.0,1.6,-0.8,0.0,0.8,0.8,0.8,0.8,0.8,0.0,-0.8,0.8,-0.8,0.8,0.0,0.0,0.8,0.8,2.4000000000000004,-0.8,0.8,0.8,0.8,1.6,-0.8,1.6,1.6,-0.8,1.6,0.0,1.6,0.8,-0.8,0.0,0.8,0.0,-0.8,0.0,0.8,0.0,0.8,-0.8,-0.8,0.8,-0.8,0.8,0.0,0.8,0.0,-1.6,0.8,0.0,-0.8,-0.8,0.8,1.6,0.0,0.0,1.6,2.4000000000000004,0.0,-0.8,0.8,1.6,-0.8,0.0,0.0,0.0,0.8,2.4000000000000004,0.0,0.0,0.8,-0.8,0.0,1.6,0.0,-0.8,0.0,-0.8,0.8,0.8,-0.8,1.6,0.0,-0.8,1.6,-0.8,0.8,0.0,0.0,0.8,0.8,0.8,0.8,1.6,0.8,0.0,0.8,0.0,1.6,0.0,-1.6,0.8,0.0,1.6,0.8,0.0,1.6,-0.8,0.8,0.0,0.0,0.8,-0.8,0.0,0.0,-0.8,0.8,-0.8,1.6,0.0,0.0,1.6,-0.8,2.4000000000000004,0.8,0.0,1.6,-0.8,1.6,-0.8,0.8,0.8,0.0,1.6,0.0,0.8,0.0,0.0,1.6,0.0,0.0,0.8,0.0,1.6,0.8,0.8,-0.8,0.8,0.0,-0.8,0.0,1.6,0.0,0.0,-0.8,0.8,0.8,0.8,1.6,-1.6,0.8,0.0,0.0,-0.8,0.8,1.6,0.0,0.8,1.6,0.0,-0.8,0.0,0.0,-0.8,0.0,1.6,0.0,0.0,-0.8,0.0,0.8,0.8,0.0,0.8,0.0,0.0,-1.6,1.6,0.8,2.4000000000000004,0.8,0.8,0.8,0.8,0.0,0.8,0.0,0.0,0.0,-0.8,0.0,0.0,0.0,0.8,0.0,0.0,0.0,-0.8,-0.8,0.0,-0.8,0.8,-1.6,0.8,-0.8,0.0,1.6,-0.8,0.8,0.8,-0.8,0.0,0.0,0.8,0.0,0.8,0.8,0.0,0.8,0.0,0.8,1.6,-0.8,1.6,-0.8,-0.8,1.6,0.8,0.8,-0.8,0.8,0.0,-1.6,1.6,0.0,0.8,0.8,-0.8,0.0,-0.8,0.8,1.6,0.0,0.8,0.0,1.6,0.8,0.8,-0.8,-0.8,1.6,-0.8,0.0,0.8,0.0,0.8,-0.8,1.6,0.0,-0.8,1.6,0.0,0.0,0.0,0.0,1.6,0.0,0.8,0.0,0.0,1.6,0.0,0.8,0.0,-0.8,-0.8,0.8,0.8,0.0,0.0,0.8,0.0,1.6,0.0,0.8,0.0,0.0,-0.8,0.0,1.6,0.0,0.0,1.6,0.8,0.8,0.0,0.8,0.0,0.8,0.0,0.8,0.0,0.8,-0.8,-0.8,0.0,0.8,0.0,0.0,0.0,0.0,1.6,0.0,0.8,-0.8,0.8,0.0,0.0,0.0,0.0,1.6,0.0,0.0,0.8,0.0,0.0,0.0,0.0,0.0,0.8,0.8,-0.8,0.8,0.0,-0.8,0.8,0.0,-0.8,0.8,0.0,0.8,0.0,0.8,0.8,0.0,1.6,0.0,0.0,1.6,-0.8,-0.8,-0.8,1.6,0.0,0.0,1.6,0.8,0.8,0.0,0.8,0.8,-1.6,0.0,0.0,0.8,1.6,0.0,0.0,0.8,-0.8,0.8,-0.8,0.0,0.0,0.0,0.0,0.0,2.4000000000000004,0.0,1.6,1.6,0.0,0.8,0.8,0.0,0.8,-0.8,0.0,-0.8,0.0,0.8,0.8,0.8,0.0,-0.8,0.8,0.8,1.6,0.0,0.8,0.0,1.6,1.6,0.0,0.0,1.6,0.8,0.0,0.8,-0.8,1.6,0.8,0.0,0.8,0.8,0.0,0.0,-0.8,1.6,0.8,0.8,0.0,0.0,0.0,-0.8,1.6,-0.8,0.0,0.0,0.0,0.8,0.8,0.8,0.8,0.8,0.8,-0.8,1.6,0.8,0.0,0.8,0.0,2.4000000000000004,0.8,0.8,0.0,-1.6,2.4000000000000004,-1.6,-0.8,3.2,-0.8,-0.8,1.6,2.4000000000000004,0.0,-0.8,2.4000000000000004,-0.8,1.6,0.0,0.0,0.8,-0.8,0.0,0.8,0.0,0.8,-0.8,0.8,0.0,0.8,1.6,-0.8,1.6,0.0,1.6,1.6,0.0,2.4000000000000004,0.8,-0.8,0.8,-0.8,1.6,0.0,0.0,0.8,0.0,0.8,0.8,0.0,0.8,-0.8,0.0,-1.6,0.8,0.0,0.8,0.0,0.8,0.8,0.0,1.6,0.0,0.0,0.8,0.0,0.0,1.6,1.6,0.0,1.6,0.8,0.8,0.8,0.0,0.8,1.6,0.8,1.6,-0.8,-0.8,0.0,0.8,0.8,0.0,0.8,0.8,0.0,1.6,0.0,0.8,0.0,-0.8,-0.8,-0.8,2.4000000000000004,0.8,0.0,0.0,0.8,1.6,-0.8,0.0,0.8,-0.8,0.8,0.0,0.0,1.6,0.0,0.8,0.0,0.8,0.0,-0.8,0.8,0.0,-0.8,0.0,-0.8,0.8,-0.8,0.8,0.0,0.8,0.0,0.0,1.6,0.8,0.0,0.0,0.0,1.6,0.0,0.0,1.6,0.0,0.8,0.0,1.6,0.0,0.0,0.8,-0.8,0.8,0.8,-0.8,1.6,0.0,1.6,0.0,0.0,0.0,0.0,0.0,0.8,0.8,1.6,-0.8,0.0,0.0,0.8,0.8,0.0,1.6,0.0,1.6,1.6,-0.8,0.8,0.8,1.6,0.0,0.0,2.4000000000000004,0.0,-1.6,0.0,0.8,-0.8,0.0,0.0,0.8,0.0,0.0,0.0,-0.8,0.8,1.6,0.0,0.8,-1.6,-0.8,0.0,0.8,0.0,0.0,0.8,0.8,0.8,0.8,-0.8,0.0,0.0,-0.8,0.0,0.0,1.6,1.6,0.0,0.8,0.0,0.8,0.8,-0.8,1.6,-0.8,0.8,-0.8,-0.8,0.8,0.0,1.6,0.8,0.0,-0.8,0.0,0.8,-0.8,-0.8,0.8,-0.8,2.4000000000000004,-0.8,0.8,0.8,0.0,1.6,0.8,0.8,0.0,-1.6,0.8,-0.8,0.8,0.8,0.8,0.8,-0.8,0.8,0.0,0.0,1.6,-0.8,1.6,-0.8,0.8,0.8,-1.6,0.0,0.0,0.8,0.8,0.0,0.8,0.8,0.8,0.8,0.0,1.6,-0.8,0.8,0.8,0.8,0.8,0.0,0.0,0.8,0.0,0.8,0.8,0.0,0.0,1.6,2.4000000000000004,0.0,1.6,0.8,0.0,1.6,-0.8,-1.6,0.8,1.6,1.6,-0.8,0.8,1.6,0.8,1.6,0.0,0.0,0.8,-0.8,0.8,1.6,0.8,0.8,0.0,0.8,1.6,0.8,0.0,0.0,0.8,-0.8,0.0,0.0,-0.8,0.8,-0.8,0.8,1.6,-0.8,1.6,0.8,0.0,0.0,-1.6,0.8,0.0,2.4000000000000004,1.6,0.8,1.6,0.8,-0.8,0.8,0.8,1.6,0.8,-0.8,0.0,0.8,1.6,1.6,0.8,0.8,-0.8,0.8,0.8,0.8,0.0,0.8,0.0,0.8,0.8,-0.8,-0.8,0.8,-0.8,0.0,-0.8,-0.8,1.6,0.0,0.8,0.8,0.0,0.8,0.0,0.0,0.0,0.0,0.0,0.0,0.0,-0.8,0.0,0.0,0.0,0.8,-0.8,0.0,0.0,0.0,0.8,0.8,1.6,0.8,-0.8,0.8,1.6,0.8,0.0,0.8,0.8,0.0,0.8,0.0,0.0,0.8,-1.6,0.0,0.8,1.6,0.8,0.8,0.8,0.8,0.8,0.8,0.0,1.6,-0.8,0.0,0.8,0.8,0.0,0.0,0.8,1.6,1.6,-0.8,1.6,0.8,-0.8,-0.8,0.0,0.8,0.0,0.8,1.6,0.0,0.8,0.0,1.6,0.0,-0.8,0.0,-1.6,0.0,-0.8,0.0,1.6,-1.6,1.6,-1.6,0.0,1.6,0.0,0.0,0.8,0.8,0.8,-0.8,0.0,0.0,0.0,0.0,0.0,0.8,-0.8,0.8,1.6,-0.8,0.0,-1.6,0.0,0.0,-1.6,1.6,0.0,0.8,0.0,-0.8,0.0,-0.8,0.8,0.8,0.8,0.8,-0.8,0.8,0.8,0.0,0.8,-0.8,0.8,-1.6,-0.8,0.8,0.0,0.8,-0.8,0.8,-0.8,0.0,-0.8,0.0,0.8,0.0,-0.8,0.0,0.0,0.0,0.8,0.0,0.0,0.0,0.0,0.8,0.0,0.8,-0.8,0.0,-0.8,0.0,0.0,0.0,0.8,0.8,1.6,0.8,0.8,0.0,-0.8,0.8,0.8,2.4000000000000004,0.0,0.0,1.6,0.0,0.0,0.0,0.8,1.6,0.0,0.0,-0.8,0.8,0.0,1.6,0.8,0.0,0.0,0.0,0.0,0.8,-1.6,0.8,-0.8,1.6,0.0,0.0,0.8,0.8,0.0,0.0,0.0,0.8,1.6,0.8,1.6,-0.8,0.8,-0.8,0.0,0.8,0.0,1.6,-0.8,-0.8,0.0,-0.8,0.8,-0.8,0.8,-0.8,0.0,0.8,-1.6,2.4000000000000004,0.8,-1.6,1.6,-0.8,0.0,0.8,1.6,1.6,-1.6,0.8,0.0,0.8,0.8,-0.8,0.8,0.8,0.8,0.8,0.8,0.8,0.8,0.8,0.0,0.0,0.8,-0.8,0.8,0.0,0.0,0.8,-0.8,0.8,0.0,0.8,0.0,0.0,1.6,0.0,0.8,0.8,0.0,0.0,0.8,0.0,0.8,-0.8,0.8,0.0,0.0,-0.8,0.8,-0.8,0.0,0.8,-0.8,0.8,0.0,0.0,1.6,1.6,0.8,0.0,0.8,-0.8,0.0,-1.6,-0.8,0.8,0.8,0.8,0.0,0.8,0.0,0.0,0.0,0.0,-1.6,1.6,0.8,0.0,0.0,0.0,0.0,-0.8,-0.8,0.0,0.0,-0.8,-0.8,0.8,-0.8,0.8,0.8,-0.8,0.8,0.0,-0.8,0.0,0.8,0.8,-0.8,0.8,-1.6,-0.8,0.8,0.8,0.8,0.0,-0.8,2.4000000000000004,0.8,0.8,0.0,0.0,1.6,0.0,0.8,1.6,0.8,0.0,0.0,1.6,0.8,0.0,1.6,0.0,0.0,-0.8,0.0,-0.8,-0.8,0.8,0.0,0.8,0.8,0.8,0.8,2.4000000000000004,0.0,0.0,-0.8,0.8,0.0,1.6,0.8,0.0,0.8,0.8,0.0,1.6,-0.8,0.0,0.0,0.0,0.8,0.8,-1.6,0.8,0.8,0.8,-0.8,2.4000000000000004,0.0,0.0,0.8,0.8,0.8,0.8,0.0,0.8,0.0,1.6,0.0,0.8,2.4000000000000004,-1.6,0.8,0.0,0.0,0.0,0.0,0.0,-0.8,-0.8,0.0,0.8,0.8,0.8,0.0,0.0,0.0,-0.8,0.0,-0.8,0.0,-0.8,0.0,0.0,0.0,0.8,0.0,-0.8,-1.6,0.0,1.6,0.0,1.6,0.0,0.8,0.0,0.0,1.6,0.0,1.6,0.0,-1.6,0.8,0.0,0.8,0.8,0.0,0.0,-1.6,0.8,0.8,0.8,0.0,-0.8,1.6,0.8,-0.8,0.8,0.0,1.6,0.0,0.0,0.8,0.0,0.8,0.0,0.8,0.8,1.6,0.0,0.0,1.6,0.0,-0.8,2.4000000000000004,0.0,0.8,0.8,0.0,0.0,0.0,0.8,0.8,0.0,0.0,-0.8,1.6,-0.8,0.0,0.0,0.0,0.0,0.8,-0.8,0.0,0.0,0.0,0.0,0.0,-0.8,0.0,1.6,0.8,0.0,0.0,0.8,0.0,0.0,0.0,0.8,1.6,-0.8,0.8,0.0,-0.8,0.0,-0.8,1.6,0.0,0.0,1.6,-0.8,2.4000000000000004,-0.8,-0.8,0.8,-1.6,0.8,0.0,1.6,0.8,-0.8,0.0,0.0,0.8,0.8,-0.8,0.0,0.0,0.0,0.0,0.0,0.8,0.0,0.8,0.0,0.0,0.8,-1.6,0.0,1.6,0.0,0.8,-0.8,0.8,0.0,0.0,0.8,0.8,1.6,0.0,0.0,0.8,-0.8,0.0,-0.8,0.8,1.6,-0.8,0.0,0.8,0.8,-0.8,0.8,0.8,1.6,0.8,0.8,0.0,0.8,0.0,1.6,0.0,0.8,0.0,-0.8,0.0,0.0,-0.8,0.8,-0.8,0.8,-0.8,0.0,0.0,0.0,0.8,0.0,0.8,0.0,1.6,0.8,-0.8,-0.8,0.0,0.0,0.8,-1.6,0.0,0.8,0.0,0.0,0.0,-0.8,-0.8,0.0,0.0,0.8,0.0,0.0,0.0,0.8,0.0,0.0,0.8,-0.8,-1.6,0.8,0.8,-0.8,0.0,0.8,0.8,0.8,0.8,-0.8,-1.6,1.6,-0.8,0.0,-0.8,-0.8,0.8,0.8,0.8,0.8,0.8,0.8,0.0,0.8,0.0,0.0,0.8,0.0,1.6,0.8,0.0,0.8,0.0,1.6,0.0,0.8,0.0,-1.6,1.6,-1.6,1.6,0.0,-0.8,2.4000000000000004,0.0,-0.8,0.8,0.0,0.8,-1.6,1.6,0.0,-0.8,1.6,-0.8,0.8,0.8,0.0,0.8,0.0,0.8,0.0,1.6,0.0,0.0,0.8,0.0,-0.8,0.0,-1.6,1.6,0.0,0.8,0.8,0.8,0.0,-0.8,1.6,-0.8,-1.6,1.6,0.0,0.8,0.8,-0.8,0.0,-0.8,0.0,1.6,0.8,0.0,0.8,1.6,-0.8,0.0,1.6,0.0,0.0,0.0,-0.8,0.0,1.6,0.8,1.6,0.8,0.8,0.8,1.6,0.8,0.0,1.6,1.6,-0.8,0.0,0.0,0.0,0.8,0.8,0.8,-0.8,0.8,0.0,0.8,0.0,0.0,1.6,0.0,0.8,0.0,0.0,0.8,0.8,0.8,0.8,1.6,1.6,0.0,0.8,0.8,0.8,1.6,0.8,1.6,1.6,-0.8,1.6,0.8,0.8,0.0,-0.8,0.8,-0.8,0.8,1.6,0.8,2.4000000000000004,-1.6,1.6,0.0,0.0,0.8,0.0,-0.8,0.0,0.8,-0.8,-0.8,2.4000000000000004,0.8,0.0,0.8,-0.8,1.6,0.8,0.0,0.8,-0.8,0.8,0.8,0.0,0.8,0.0,0.0,0.0,0.0,-0.8,0.0,0.8,0.0,-0.8,0.8,0.0,0.0,0.8,0.8,-0.8,0.0,-0.8,0.0,0.0,1.6,0.8,0.0,0.8,0.8,0.8,0.8,0.8,-0.8,0.8,0.8,0.0,0.8,0.0,-0.8,0.0,0.0,0.0,0.0,-0.8,0.0,0.0,-0.8,0.8,0.0,0.8,-0.8,-0.8,0.0,0.8,0.8,0.8,0.8,0.0,0.0,0.8,0.0,0.0,1.6,-1.6,0.0,0.0,0.8,0.0,0.0,1.6,0.0,0.0,-0.8,-0.8,0.8,-0.8,1.6,0.0,0.0,0.0,0.0,1.6,0.8,0.0,0.8,0.0,1.6,-0.8,-0.8,0.0,-0.8,1.6,-0.8,0.8,0.0,0.0,1.6,-1.6,0.0,0.0,-0.8,0.8,0.0,1.6,1.6,-0.8,0.8,0.0,0.0,0.0,0.8,0.8,-1.6,1.6,0.8,0.0,1.6,0.8,0.8,0.0,-1.6,-0.8,-0.8,0.8,-0.8,0.8,0.8,0.8,0.8,0.0,0.8,-0.8,0.0,-0.8,-0.8,0.0,0.0,0.8,0.0,-0.8,0.0,-0.8,0.0,0.0,0.0,-0.8,-0.8,-0.8,-0.8,0.8,0.0,0.0,0.8,0.0,0.8,1.6,0.0,0.8,-0.8,0.8,0.8,1.6,0.0,0.0,0.8,0.8,0.0,1.6,0.0,1.6,-0.8,0.0,0.8,-0.8,0.8,0.8,1.6,-0.8,-0.8,0.8,-0.8,0.8,0.0,1.6,0.0,0.0,0.0,-0.8,1.6,0.8,-0.8,0.8,0.0,0.0,0.8,-0.8,0.8,0.0,0.0,0.0,-0.8,-0.8,-0.8,0.8,-0.8,-1.6,0.0,-1.6,0.0,-0.8,-0.8,0.8,0.0,1.6,-1.6,0.8,0.8,-0.8,0.8,-1.6,-0.8,0.0,0.8,1.6,-0.8,0.8,0.8,0.8,1.6,-0.8,0.0,0.8,-0.8,1.6,0.0,0.8,0.8,0.0,0.8,-0.8,0.0,0.0,0.0,0.8,-0.8,0.0,0.0,-0.8,0.0,-1.6,0.8,0.8,0.0,0.0,0.8,0.8,0.0,0.0,0.8,0.8,1.6,0.8,0.8,0.0,0.8,0.0,0.8,0.8,0.8,-0.8,-0.8,-0.8,0.0,0.8,1.6,0.0,0.8,-0.8,0.8,0.0,0.0,0.0,-0.8,0.8,0.0,-1.6,0.0,0.8,0.0,0.8,0.8,0.8,0.0,0.8,0.0,-0.8,0.8,-0.8,0.0,-0.8,-1.6,1.6,0.8,1.6,0.8,0.0,0.0,-0.8,0.8,-0.8,-0.8,0.8,0.0,1.6,0.0,0.8,-0.8,0.8,0.8,-2.4000000000000004,1.6,1.6,-0.8,0.0,-0.8
event_31,1625266771.27455,0.0,0.0,-1.6,0.8,0.0,1.6,0.0,-0.8,2.4000000000000004,-0.8,0.8,0.0,0.0,0.8,0.0,1.6,-0.8,0.8,0.8,-0.8,1.6,1.6,-0.8,0.0,0.0,1.6,-0.8,0.8,0.8,-0.8,0.8,-0.8,-0.8,0.8,0.0,0.8,0.0,0.8,0.0,-0.8,1.6,-0.8,0.8,0.8,0.0,1.6,0.8,0.0,0.0,-0.8,0.8,0.8,0.8,-0.8,0.8,0.8,0.8,1.6,0.0,0.0,0.8,-0.8,1.6,0.0,0.8,0.0,0.8,0.8,-0.8,0.0,0.8,-0.8,0.0,0.8,0.0,1.6,0.0,0.8,0.0,0.8,0.0,0.0,0.0,1.6,0.8,0.0,0.8,0.0,0.0,0.8,0.0,0.8,0.0,0.8,1.6,0.8,0.8,0.0,0.0,1.6,0.0,0.0,-1.6,-20.800000000000004,-77.60000000000001,-80.80000000000001,-39.199999999999996,-14.400000000000002,-8.8,-4.0,0.0,-4.800000000000001,-5.6,-2.4000000000000004,-4.0,-0.8,0.8,0.0,0.8,0.0,1.6,0.8,0.0,1.6,0.8,-0.8,-0.8,1.6,0.0,-1.6,1.6,0.0,0.8,-0.8,0.0,2.4000000000000004,-0.8,0.8,0.0,0.8,0.0,0.0,1.6,0.8,0.0,1.6,0.0,1.6,0.0,0.0,-0.8,-0.8,0.8,-0.8,-0.8,1.6,0.0,1.6,-0.8,0.0,-0.8,-0.8,0.0,0.0,0.8,0.8,0.0,0.0,-0.8,0.8,0.0,0.0,0.0,0.8,1.6,0.0,0.0,0.8,0.0,0.0,0.0,0.0,0.8,-0.8,0.0,0.0,-0.8,0.0,0.0,-0.8,-0.8,0.8,1.6,0.8,0.0,0.8,0.0,-0.8,0.8,-0.8,-0.8,0.0,1.6,0.0,-0.8,0.8,0.8,1.6,0.8,0.0,0.0,0.8,0.8,-0.8,0.0,0.8,0.8,0.0,0.0,1.6,0.8,-1.6,0.8,1.6,-1.6,-0.8,0.0,0.0,-0.8,0.8,0.8,1.6,0.8,0.8,0.8,0.0,0.0,-0.8,-0.8,0.0,0.8,0.0,0.8,0.0,0.0,0.0,-0.8,0.8,0.8,0.0,0.8,-0.8,0.8,0.0,0.0,0.8,1.6,0.0,0.0,0.8,0.0,-0.8,0.8,-1.6,0.8,0.8,-0.8,0.8,0.8,0.8,0.0,0.8,0.8,1.6,1.6,0.0,0.0,0.0,-0.8,-0.8,0.8,0.8,0.8,0.0,0.8,-0.8,-1.6,-0.8,0.0,0.8,0.8,0.8,0.8,0.8,0.8,0.0,0.8,0.8,-0.8,0.0,0.0,0.8,0.0,0.0,0.8,1.6,0.0,0.8,0.0,-0.8,0.8,0.0,1.6,0.0,0.8,0.8,0.8,0.0,0.8,-0.8,-0.8,0.0,0.8,-0.8,0.0,1.6,0.0,0.8,0.0,0.8,0.8,0.0,0.8,0.0,0.8,0.0,-1.6,2.4000000000000004,0.0,1.6,0.8,-0.8,0.8,0.8,0.0,0.0,0.0,0.0,-2.4000000000000004,0.0,0.0,0.0,0.0,0.0,0.8,0.8,0.0,0.0,-1.6,0.8,-0.8,0.8,0.8,0.0,0.0,-1.6,0.8,0.8,0.0,0.8,-0.8,-0.8,0.0,0.8,0.8,0.8,0.0,0.0,0.0,0.0,0.8,0.8,0.0,0.0,-0.8,-0.8,1.6,0.0,0.0,0.0,0.0,0.0,-0.8,0.8,-0.8,-0.8,0.8,-0.8,0.0,-0.8,0.0,0.0,0.0,0.0,0.0,0.8,0.8,0.0,-1.6,0.8,0.8,-1.6,-0.8,0.8,0.0,0.0,0.0,0.0,-0.8,0.0,0.8,0.8,-0.8,0.0,-0.8,0.8,0.0,0.0,0.0,0.8,0.0,0.0,0.0,0.0,0.0,-1.6,0.8,0.0,0.8,0.0,0.8,1.6,0.8,0.0,0.8,-0.8,0.8,0.0,-1.6,0.8,-0.8,0.0,1.6,-0.8,1.6,-0.8,0.8,0.0,0.8,0.0,0.0,0.0,1.6,-0.8,-0.8,-0.8,1.6,0.8,0.0,0.8,-1.6,2.4000000000000004,0.8,0.8,0.8,-1.6,-0.8,-0.8,0.0,1.6,0.0,0.0,0.0,-0.8,-0.8,-0.8,0.8,-0.8,-0.8,0.8,0.0,1.6,0.8,0.0,0.8,0.8,0.8,-1.6,0.0,0.8,0.0,1.6,0.0,1.6,0.8,0.8,0.0,0.0,1.6,0.8,0.0,0.8,0.8,1.6,0.0,0.8,1.6,-0.8,1.6,0.8,-0.8,-1.6,-1.6,0.8,0.0,0.8,0.0,0.0,1.6,-1.6,0.0,0.8,0.0,0.0,-0.8,0.8,0.8,0.8,-0.8,0.8,1.6,1.6,0.8,0.8,0.8,2.4000000000000004,0.0,-0.8,-0.8,0.8,0.0,1.6,0.8,0.0,0.0,0.0,0.0,0.8,-0.8,2.4000000000000004,0.0,1.6,0.0,0.0,1.6,0.8,0.8,0.8,0.0,0.0,-0.8,0.8,0.8,0.8,0.0,0.0,0.8,-1.6,0.8,1.6,-0.8,1.6,-0.8,0.0,0.8,-0.8,0.8,0.0,0.0,0.0,-1.6,1.6,0.0,0.0,0.8,0.0,0.8,0.0,1.6,0.0,0.0,0.8,0.8,1.6,1.6,-0.8,-0.8,0.8,0.8,-0.8,0.0,0.8,0.0,0.0,0.8,0.8,0.0,0.0,0.0,0.0,0.0,0.8,-1.6,0.8,0.8,0.8,0.8,0.0,0.0,0.8,0.8,0.8,0.8,0.0,0.8,0.0,1.6,0.0,0.8,1.6,1.6,0.8,0.8,0.0,0.0,0.0,0.0,-0.8,0.0,-0.8,0.8,0.0,-0.8,-0.8,0.0,-0.8,0.0,0.0,0.8,-0.8,0.8,0.0,-0.8,1.6,0.0,-0.8,0.8,-0.8,-0.8,0.8,1.6,0.0,0.0,0.8,0.8,-0.8,0.0,-0.8,0.8,0.0,0.0,0.0,-1.6,0.0,0.8,0.0,0.0,0.0,0.8,0.0,0.0,0.0,0.0,0.8,-1.6,-0.8,1.6,1.6,0.8,0.0,0.8,1.6,-0.8,1.6,0.0,0.0,1.6,0.0,0.8,0.0,0.0,1.6,0.8,1.6,0.0,1.6,0.0,0.0,0.8,-0.8,0.8,-0.8,0.0,0.8,-0.8,0.8,0.8,0.0,0.8,0.0,0.8,1.6,0.0,0.8,1.6,2.4000000000000004,0.0,0.0,0.8,1.6,0.0,0.8,0.8,0.8,-0.8,-0.8,0.8,0.8,-1.6,0.8,0.8,0.0,-1.6,0.0,0.0,1.6,0.0,0.8,0.0,1.6,0.0,0.8,0.0,1.6,0.0,0.0,1.6,-0.8,0.8,1.6,0.0,0.8,0.0,1.6,0.0,-0.8,1.6,0.8,-0.8,0.0,-0.8,0.0,0.0,0.0,-0.8,0.0,0.8,0.0,0.8,0.0,1.6,0.8,-0.8,0.8,-0.8,0.8,1.6,-0.8,-0.8,-0.8,1.6,-0.8,0.0,0.8,-0.8,0.8,0.0,-1.6,0.0,-0.8,0.8,0.8,0.0,1.6,0.0,0.8,-0.8,0.0,-0.8,-1.6,0.0,-1.6,-0.8,0.8,0.0,2.4000000000000004,-0.8,0.8,0.8,0.8,1.6,-2.4000000000000004,1.6,0.8,0.0,0.8,0.0,1.6,0.8,0.0,1.6,0.0,0.8,-0.8,-0.8,0.8,0.0,0.8,0.0,0.0,0.0,-0.8,0.0,0.0,0.8,-0.8,0.8,0.0,0.8,-0.8,-0.8,0.0,0.0,0.0,0.8,-0.8,0.8,1.6,0.8,0.8,0.0,0.8,0.0,0.0,0.0,0.8,-0.8,0.0,0.0,0.8,0.0,0.0,0.0,0.0,-0.8,0.8,1.6,-0.8,0.8,0.8,0.0,1.6,-0.8,0.0,0.0,1.6,0.8,-1.6,1.6,0.8,1.6,0.8,-0.8,0.0,0.0,0.0,-0.8,0.0,0.8,0.8,2.4000000000000004,0.8,0.8,1.6,-0.8,0.8,0.0,-0.8,0.0,-0.8,1.6,0.0,-0.8,0.0,0.8,1.6,0.0,0.8,0.8,0.0,0.0,0.0,0.8,2.4000000000000004,0.0,2.4000000000000004,0.8,1.6,-0.8,0.8,0.8,0.0,1.6,-1.6,0.0,1.6,0.0,1.6,0.8,0.8,-0.8,-1.6,1.6,0.0,-0.8,1.6,0.0,0.8,0.0,-0.8,0.0,1.6,0.8,-0.8,0.8,0.0,0.8,2.4000000000000004,0.8,0.0,0.8,0.8,-0.8,-0.8,0.0,0.8,-0.8,0.8,0.0,0.0,0.0,-0.8,0.8,0.0,0.0,1.6,-0.8,0.0,3.2,-0.8,-0.8,2.4000000000000004,0.8,-2.4000000000000004,0.8,2.4000000000000004,-1.6,-1.6,1.6,1.6,0.0,-1.6,0.0,1.6,-0.8,0.0,0.8,1.6,0.8,-0.8,1.6,0.8,0.8,0.8,-0.8,2.4000000000000004,0.0,0.0,0.0,0.8,1.6,-0.8,1.6,1.6,0.8,0.8,0.8,1.6,0.8,-0.8,0.8,0.8,3.2,0.0,1.6,1.6,-0.8,0.0,0.8,0.8,0.0,-0.8,0.8,-0.8,0.0,0.0,0.0,1.6,0.8,-0.8,0.8,0.0,0.8,-0.8,1.6,0.8,0.8,0.0,-1.6,0.8,0.0,0.0,0.8,0.0,-0.8,1.6,0.8,0.8,0.0,-0.8,0.0,0.0,0.0,0.0,1.6,0.0,0.8,0.8,0.0,0.8,0.0,0.8,0.0,0.0,0.8,-0.8,1.6,0.8,0.0,0.8,1.6,0.0,0.8,0.8,0.0,2.4000000000000004,0.8,0.8,0.0,1.6,-0.8,0.8,1.6,-0.8,0.0,0.0,0.8,1.6,0.8,0.8,1.6,0.8,0.0,0.8,0.8,0.8,0.0,1.6,0.0,0.0,0.8,0.0,1.6,0.8,0.0,0.8,0.0,0.8,0.0,0.0,0.8,0.8,0.8,0.0,1.6,0.8,-1.6,1.6,0.0,0.8,0.0,0.0,0.8,0.0,-0.8,0.8,0.8,1.6,-0.8,0.8,0.0,1.6,0.8,0.0,0.8,1.6,0.0,0.8,0.0,1.6,0.0,0.8,0.8,0.8,1.6,0.8,0.8,0.8,0.0,2.4000000000000004,-0.8,0.0,0.0,0.0,0.8,0.0,0.0,0.0,-0.8,0.8,0.8,0.8,0.0,0.8,0.8,0.8,1.6,-0.8,0.0,0.0,-0.8,2.4000000000000004,1.6,0.8,0.8,0.0,1.6,0.8,0.8,0.0,0.0,0.8,0.0,0.8,0.8,0.0,1.6,0.8,0.8,0.8,1.6,0.0,0.8,1.6,-0.8,0.8,0.0,0.8,0.8,0.0,0.0,0.8,1.6,0.0,0.8,0.0,0.8,0.0,0.0,0.8,0.8,0.0,1.6,0.8,1.6,-0.8,0.8,0.8,0.0,1.6,0.0,0.0,0.0,-0.8,2.4000000000000004,0.0,0.0,0.0,-0.8,1.6,0.0,-0.8,0.8,-0.8,2.4000000000000004,-0.8,-0.8,0.0,-0.8,0.8,0.0,0.8,0.8,0.8,1.6,-0.8,0.8,0.8,0.0,1.6,-1.6,1.6,0.0,0.0,0.8,0.0,0.8,0.0,0.8,0.0,0.0,1.6,0.0,0.0,0.8,0.0,0.8,0.8,-0.8,0.0,0.8,2.4000000000000004,0.0,0.8,0.0,0.8,0.8,0.8,0.0,0.8,0.8,0.8,0.0,1.6,0.8,0.0,0.8,0.0,1.6,0.0,0.0,0.8,0.0,-0.8,-0.8,-1.6,0.8,0.8,-1.6,0.0,3.2,-0.8,-0.8,3.2,0.0,0.0,0.8,-0.8,0.8,1.6,0.0,0.0,0.8,0.8,0.8,1.6,-0.8,0.0,0.0,0.0,0.0,0.0,-0.8,0.8,0.8,0.0,0.0,0.8,-0.8,0.0,0.0,0.8,0.8,-0.8,0.8,-0.8,-0.8,1.6,-0.8,0.0,0.8,0.0,2.4000000000000004,0.0,0.8,-0.8,0.0,0.0,-1.6,0.0,-0.8,1.6,-0.8,0.8,0.0,-1.6,0.8,0.0,1.6,0.8,0.0,1.6,0.0,0.8,0.8,-0.8,0.8,-0.8,0.8,-0.8,0.8,0.8,-0.8,1.6,0.0,-0.8,1.6,-0.8,0.8,0.0,-0.8,0.8,-0.8,0.8,0.8,0.0,0.0,-0.8,1.6,0.0,0.0,2.4000000000000004,0.0,0.8,0.8,-0.8,0.8,0.0,0.8,0.8,0.0,0.8,0.0,0.8,0.8,-0.8,0.8,0.8,1.6,0.0,-0.8,0.8,0.8,-0.8,0.8,0.8,0.8,-2.4000000000000004,0.0,-0.8,0.8,-0.8,0.0,0.0,0.0,0.0,0.8,0.0,0.8,-0.8,0.8,0.0,0.8,0.0,-0.8,0.0,0.0,-1.6,0.8,0.0,-0.8,0.8,0.0,0.0,0.8,-0.8,0.8,-0.8,-0.8,0.8,0.8,0.8,-0.8,0.0,-0.8,-0.8,0.0,0.0,0.0,0.8,0.8,0.0,0.8,0.0,0.0,0.8,-0.8,-2.4000000000000004,0.8,0.0,0.0,0.0,-0.8,1.6,0.8,0.0,0.0,-2.4000000000000004,0.8,-0.8,0.0,0.8,0.8,0.8,0.8,-0.8,0.8,0.0,0.0,0.0,0.8,0.0,0.0,0.0,-0.8,0.8,-0.8,0.0,1.6,0.0,1.6,0.0,0.0,0.8,-1.6,0.0,0.8,0.8,0.0,-0.8,0.8,0.8,0.0,0.8,-0.8,0.8,0.0,-0.8,0.8,0.0,0.0,0.8,0.8,0.8,0.0,0.8,-0.8,0.0,-0.8,-0.8,0.0,0.8,0.0,0.8,0.0,0.8,0.0,0.0,0.0,-0.8,0.8,0.8,-0.8,0.0,-0.8,-0.8,0.0,-1.6,0.0,0.0,-0.8,0.0,-0.8,0.0,-0.8,0.0,0.0,-1.6,0.0,0.0,0.0,0.8,0.0,0.8,0.8,-0.8,-0.8,-0.8,1.6,0.0,0.0,0.0,0.0,0.8,0.0,-0.8,-0.8,0.8,1.6,-0.8,0.8,-0.8,0.0,2.4000000000000004,-0.8,0.8,2.4000000000000004,0.0,0.0,-1.6,0.0,-0.8,-0.8,0.8,-0.8,0.8,0.0,0.0,0.0,0.8,1.6,0.0,1.6,-0.8,0.0,0.8,-0.8,0.0,0.8,0.0,0.8,-1.6,1.6,0.0,0.8,-0.8,-2.4000000000000004,-0.8,0.8,0.0,0.8,0.8,0.8,-0.8,0.0,-0.8,0.0,-0.8,0.0,0.0,0.0,0.0,0.0,0.0,0.0,-0.8,0.0,0.8,-0.8,0.8,0.0,-0.8,-0.8,0.8,0.8,0.0,0.8,0.8,1.6,0.0,-0.8,0.0,-1.6,0.8,0.8,-0.8,1.6,0.0,0.8,0.0,0.8,0.8,-1.6,0.8,-1.6,-0.8,0.0,0.8,0.8,0.8,0.8,0.0,0.0,1.6,-0.8,0.8,0.0,1.6,0.8,-0.8,1.6,0.8,0.0,0.8,0.0,0.8,0.0,-0.8,2.4000000000000004,-0.8,0.8,0.8,0.0,0.8,-0.8,0.8,0.0,1.6,0.8,0.0,3.2,0.0,-1.6,2.4000000000000004,1.6,0.0,-0.8,1.6,0.0,0.0,1.6,0.8,0.8,0.8,-0.8,0.8,0.0,0.0,0.0,1.6,1.6,0.0,-1.6,0.8,0.8,0.8,0.0,1.6,0.0,0.8,1.6,0.0,0.8,-0.8,0.8,0.8,-0.8,-0.8,0.8,0.0,0.0,-0.8,0.0,-0.8,0.0,0.0,0.8,0.8,-0.8,0.8,0.0,0.0,0.0,0.8,0.0,0.0,0.0,0.0,0.8,0.8,0.8,-0.8,1.6,0.8,-0.8,0.0,1.6,0.8,0.0,0.8,0.0,0.0,1.6,1.6,0.0,0.0,0.8,-0.8,1.6,1.6,0.0,0.0,0.0,1.6,0.0,0.0,-0.8,0.8,0.0,-0.8,-0.8,0.0,0.0,-0.8,0.0,2.4000000000000004,0.0,1.6,1.6,-0.8,0.8,-1.6,0.8,0.0,1.6,0.8,0.0,1.6,0.8,0.8,2.4000000000000004,-0.8,0.8,-0.8,-0.8,0.8,-1.6,0.0,0.8,0.0,0.8,-1.6,0.0,0.0,0.8,-0.8,0.8,0.8,0.0,0.0,0.0,-0.8,1.6,-0.8,0.0,0.8,0.0,2.4000000000000004,0.8,0.8,0.0,0.8,1.6,0.0,0.8,0.8,0.0,0.8,-0.8,0.8,0.0,0.0,0.8,0.0,0.0,0.0,0.0,0.0,0.0,0.8,0.0,0.8,-0.8,-0.8,0.0,0.8,0.8,0.0,0.0,0.8,0.8,0.8,1.6,-0.8,0.8,-0.8,-0.8,0.0,-0.8,0.8,0.8,0.0,0.0,-0.8,0.0,0.8,-0.8,0.0,-0.8,0.0,0.8,0.8,1.6,0.0,0.8,1.6,0.0,1.6,0.0,0.0,0.0,0.0,1.6,0.8,0.0,0.8,0.8,2.4000000000000004,-0.8,0.8,1.6,-0.8,0.0,0.0,1.6,0.0,0.8,2.4000000000000004,0.0,0.0,-0.8,0.8,0.0,0.8,0.8,0.8,0.0,0.8,-0.8,0.8,0.0,0.0,0.8,0.0,0.0,-0.8,0.8,1.6,0.0,0.8,-0.8,0.8,-0.8,-1.6,1.6,0.8,0.0,0.0,0.0,0.8,0.0,0.0,-0.8,0.0,0.8,0.8,0.8,1.6,1.6,0.0,0.0,0.8,0.0,-0.8,0.8,0.0,0.0,0.0,0.8,0.0,1.6,0.0,-0.8,0.8,0.0,0.0,0.0,0.8,0.8,0.8,0.8,0.0,0.8,0.0,0.0,0.0,-0.8,0.8,0.0,0.8,0.8,-0.8,0.0,2.4000000000000004,0.0,-0.8,0.8,1.6,-0.8,-0.8,1.6,0.0,2.4000000000000004,0.0,0.0,0.8,0.8,0.8,0.0,0.0,0.0,0.0,0.0,-1.6,0.0,0.0,0.0,0.8,-0.8,0.0,1.6,0.0,1.6,-0.8,0.8,0.0,0.0,0.0,-1.6,1.6,-1.6,-0.8,0.8,-1.6,0.0,0.8,0.8,0.0,-1.6,1.6,-0.8,0.0,-0.8,0.0,1.6,0.0,1.6,-0.8,-1.6,1.6,-0.8,0.8,-0.8,0.0,0.8,0.0,0.8,0.0,-0.8,1.6,-1.6,0.0,-0.8,1.6,0.8,-0.8,0.8,-0.8,0.0,0.0,-0.8,0.0,-0.8,0.8,-0.8,-0.8,1.6,-1.6,0.8,0.0,0.0,0.8,0.8,0.0,0.0,0.0,-1.6,-0.8,0.0,0.0,0.8,0.0,0.8,0.8,0.8,0.8,-0.8,-0.8,0.0,0.0,0.0,0.8,0.0,0.0,0.0,0.0,-0.8,2.4000000000000004,0.0,-0.8,0.0,0.0,-1.6,-0.8,1.6,0.8,0.0,1.6,0.0,0.8,0.0,1.6,0.0,-0.8,1.6,1.6,0.0,0.0,0.0,0.8,0.0,0.8,0.0,0.0,1.6,0.8,0.8,0.8,0.8,0.8,-0.8,0.0,0.8,0.8,0.8,0.0,-0.8,0.0,0.8,2.4000000000000004,0.0,0.0,0.8,0.8,0.8,0.0,1.6,-0.8,0.8,0.0,-0.8,0.0,0.0,0.0,0.0,-0.8,2.4000000000000004,0.0,1.6,0.0,-1.6,1.6,-0.8,0.0,0.0,0.0,1.6,0.0,0.0,2.4000000000000004,0.0,0.8,-0.8,1.6,0.0,-0.8,0.8,0.0,0.8,0.8,0.8,1.6,0.0,2.4000000000000004,0.8,0.0,0.8,-1.6,2.4000000000000004,0.8,0.8,0.8,0.0,1.6,0.0,0.8,0.8,0.0,0.0,-0.8,0.0,0.8,-0.8,0.0,0.8,0.8,0.8,-0.8,0.8,0.8,0.8,-0.8,0.8,0.8,1.6,0.8,0.8,0.0,1.6,0.0,-0.8,0.8,-0.8,1.6,0.8,0.0,0.8,0.0,0.8,0.8,-0.8,1.6,0.0,0.0,1.6,0.0,-0.8,0.8,0.8,0.0,-0.8,1.6,0.0,0.0,1.6,-0.8,1.6,0.0,0.0,-0.8,-0.8,2.4000000000000004,0.0,1.6,0.8,0.8,0.8,0.8,0.0,0.0,0.0,0.0,-0.8,0.8,0.0,0.0,0.8,0.0,0.8,0.0,0.0,0.0,-0.8,0.0,0.0,0.8,0.0,-0.8,0.8,0.8,1.6,0.8,0.0,0.8,0.0,0.0,-0.8,1.6,0.8,1.6,0.0,0.0,1.6,1.6,-0.8,0.0,0.8,0.0,0.0,0.0,0.8,0.8,0.0,0.8,1.6,0.0,0.0,-0.8,-0.8,1.6,-0.8,2.4000000000000004,0.0,0.8,0.0,-0.8,1.6,0.0,0.8,0.8,0.8,0.0,0.0,0.8,0.8,0.8,0.0,0.0,0.8,-0.8,0.8,1.6,0.0,1.6,-0.8,-0.8,0.0,-0.8,0.8,-0.8,-0.8,0.8,-0.8,1.6,0.8,-0.8,0.8,0.0,0.0,-0.8,1.6,0.0,-1.6,0.8,0.8,0.8,0.8,0.0,0.0,0.8,-0.8,0.0,0.0,1.6,0.0,1.6,0.8,-0.8,0.8,-0.8,0.0,0.8,-0.8,0.0,0.0,0.0,0.8,-0.8,0.8,0.8,0.8,-0.8,0.8,0.8,0.0,-0.8,0.0,0.8,0.8,0.0,1.6,0.8,0.0,0.0,0.8,0.0,0.0,-0.8,0.0,-0.8,0.0,0.0,1.6,0.8,0.0,0.0,0.8,0.8,-0.8,-0.8,1.6,0.0,1.6,-0.8,0.0,0.8,0.8,0.0,0.0,0.0,-0.8,0.0,1.6,-0.8,0.8,0.8,1.6,0.0,-0.8,0.8,0.8,0.0,1.6,0.8,0.0,0.0,0.8,0.0,0.0,0.8,-0.8,0.0,0.0,0.8,-0.8,0.0,0.0,-1.6,0.8,1.6,0.8,0.8,-0.8,1.6,0.8,0.8,0.0,-0.8,0.8,0.0,0.0,0.0,0.8,1.6,0.0,1.6,0.8,0.0,1.6,0.0
event_32,1625266775.5757961,0.0,1.6,0.8,-1.6,0.8,0.8,-0.8,0.8,0.0,0.8,0.0,0.0,0.0,-1.6,0.0,0.0,0.8,0.0,-0.8,0.8,0.0,0.0,0.8,0.8,0.8,0.8,-0.8,-0.8,0.8,1.6,0.0,0.0,0.0,0.0,0.0,0.0,0.0,-0.8,0.8,0.8,-0.8,0.8,0.0,0.8,1.6,0.0,0.8,0.8,0.0,0.0,0.0,-1.6,-0.8,0.0,0.8,-0.8,0.8,0.0,0.8,0.8,-0.8,0.0,0.8,-0.8,-0.8,0.8,0.8,1.6,0.0,0.0,0.0,0.8,-0.8,0.8,0.0,0.8,-0.8,0.0,0.0,0.8,0.0,1.6,1.6,0.0,0.0,0.0,-1.6,0.0,-0.8,1.6,0.0,0.8,0.0,-0.8,0.0,0.0,1.6,0.0,-0.8,0.0,0.0,1.6,-2.4000000000000004,-28.800000000000004,-72.8,-68.0,-31.200000000000003,-9.600000000000001,-4.0,-0.8,-3.2,-4.0,-4.800000000000001,-4.0,-4.0,-2.4000000000000004,0.0,0.0,0.0,1.6,-0.8,0.0,-1.6,-0.8,0.8,-1.6,-0.8,0.8,0.0,-2.4000000000000004,0.0,2.4000000000000004,0.0,-1.6,3.2,0.0,-0.8,-0.8,1.6,-0.8,-0.8,0.0,0.0,1.6,0.0,0.8,0.8,0.0,0.8,1.6,0.0,0.0,0.0,1.6,0.8,0.8,0.0,0.8,0.0,0.8,0.0,0.8,1.6,0.8,1.6,0.0,0.8,0.0,0.0,0.8,1.6,1.6,1.6,0.0,1.6,0.0,-0.8,1.6,-0.8,0.8,1.6,0.8,0.8,-0.8,0.8,-1.6,0.8,0.8,0.8,0.8,0.0,1.6,0.0,0.0,2.4000000000000004,0.8,1.6,0.0,-0.8,1.6,0.0,0.0,0.0,-0.8,0.8,-0.8,0.8,0.8,0.8,0.8,0.0,0.8,-1.6,0.0,0.8,-1.6,0.0,-0.8,1.6,0.8,0.0,0.8,0.0,1.6,-0.8,-1.6,0.8,0.8,1.6,0.0,0.8,1.6,0.0,0.8,0.0,-0.8,0.0,0.0,0.0,0.0,0.8,0.0,0.0,1.6,0.0,0.0,0.0,0.0,1.6,-0.8,0.0,0.8,-0.8,0.8,-0.8,0.8,0.8,0.0,0.8,0.8,0.0,0.8,-0.8,-0.8,0.0,1.6,-0.8,0.8,0.8,0.8,0.0,1.6,0.0,0.8,0.0,-0.8,0.0,0.0,0.0,0.8,0.0,0.0,-0.8,-0.8,-0.8,1.6,-0.8,0.8,0.0,0.0,-0.8,0.0,0.0,0.8,0.0,0.8,0.0,-0.8,1.6,0.8,-1.6,0.8,0.0,0.0,-0.8,-0.8,0.8,0.0,0.0,0.8,-0.8,0.0,0.8,0.0,0.8,0.0,0.0,0.0,0.0,0.8,0.0,0.8,0.8,-0.8,-0.8,-0.8,2.4000000000000004,-0.8,-0.8,0.0,-0.8,0.8,-0.8,0.8,-0.8,0.0,1.6,-0.8,0.0,0.0,0.8,0.8,-0.8,1.6,-0.8,0.0,0.8,0.0,0.0,-1.6,0.0,0.8,-0.8,0.8,-0.8,0.8,0.8,0.0,1.6,-1.6,0.8,-0.8,0.0,1.6,0.8,0.0,0.0,0.8,1.6,-2.4000000000000004,1.6,0.8,0.0,1.6,-0.8,1.6,-0.8,0.0,1.6,0.0,0.0,-0.8,0.8,0.0,0.0,0.8,0.8,0.0,1.6,0.8,0.0,0.0,0.8,0.8,0.0,0.0,0.0,1.6,0.8,0.0,0.8,0.8,0.0,0.0,0.0,0.8,1.6,0.0,0.8,-0.8,0.0,0.0,-0.8,0.0,0.0,0.0,0.8,0.0,1.6,0.8,-0.8,0.8,-1.6,-0.8,0.8,0.8,0.0,-0.8,0.0,0.8,-0.8,2.4000000000000004,0.0,-0.8,0.8,-0.8,0.8,0.0,0.0,0.8,0.8,0.8,0.0,0.8,0.0,0.0,0.8,-1.6,0.8,0.0,-0.8,0.8,-0.8,1.6,1.6,0.8,0.0,0.8,0.8,-0.8,0.0,0.8,0.0,1.6,0.0,0.8,0.8,0.8,0.0,0.0,1.6,0.0,-0.8,0.0,0.0,-0.8,0.8,1.6,0.0,-0.8,0.8,0.8,-0.8,0.0,-0.8,1.6,0.0,0.0,0.0,0.0,1.6,0.0,0.0,0.8,-0.8,0.0,0.0,0.8,0.8,-0.8,0.8,-0.8,-0.8,-0.8,0.0,1.6,0.0,0.8,0.8,-0.8,-0.8,0.0,0.8,0.0,0.0,0.0,0.0,0.8,0.8,-1.6,1.6,-0.8,0.0,0.0,1.6,0.8,0.0,0.0,0.8,0.0,0.8,0.0,0.8,-0.8,0.8,1.6,-1.6,0.0,2.4000000000000004,-0.8,-0.8,2.4000000000000004,0.8,0.0,0.0,0.0,-1.6,0.0,0.0,0.0,1.6,-1.6,-0.8,1.6,0.0,0.8,0.0,-0.8,1.6,-1.6,0.0,0.0,1.6,0.0,0.0,1.6,0.8,0.0,0.8,0.0,1.6,-0.8,0.0,0.0,0.0,0.8,0.0,1.6,-0.8,-0.8,1.6,0.0,0.8,0.0,0.8,0.8,0.8,0.0,-0.8,0.8,1.6,0.8,0.0,0.0,0.8,0.8,0.8,0.8,-0.8,0.8,0.0,-0.8,0.8,0.8,1.6,-0.8,0.0,-0.8,-0.8,0.0,0.8,0.0,-0.8,-0.8,0.0,0.8,0.0,0.8,0.0,0.8,0.0,-1.6,-0.8,1.6,-0.8,-0.8,0.8,0.0,0.0,0.8,-0.8,-0.8,0.8,0.0,0.0,0.8,0.0,-0.8,1.6,-0.8,0.8,0.0,-0.8,0.8,0.8,0.0,-1.6,0.0,0.8,-0.8,0.8,0.0,1.6,0.8,-0.8,0.8,0.0,0.8,-1.6,0.0,0.0,1.6,0.0,-0.8,0.0,0.8,0.8,0.8,-0.8,-0.8,0.8,0.0,0.0,0.0,0.0,1.6,-0.8,-0.8,-0.8,-1.6,0.0,0.0,-1.6,0.0,0.8,1.6,-1.6,0.8,-0.8,1.6,0.8,-0.8,0.0,-1.6,1.6,0.8,-0.8,0.8,-1.6,0.0,-0.8,-1.6,1.6,-0.8,-0.8,0.8,-0.8,0.0,0.0,0.8,0.8,-0.8,0.0,0.0,0.0,0.8,-0.8,0.8,0.0,0.0,-0.8,0.0,0.8,0.8,0.8,-0.8,0.0,0.0,0.8,0.8,0.0,0.8,0.0,0.0,0.8,0.0,0.8,-0.8,0.0,0.0,0.0,0.0,-0.8,0.8,-0.8,-0.8,-0.8,-0.8,0.8,-0.8,0.0,1.6,-0.8,0.0,0.8,0.8,0.8,-1.6,0.8,0.8,1.6,-0.8,1.6,1.6,0.0,0.0,0.8,0.0,0.0,0.0,-0.8,-0.8,0.8,0.8,0.8,1.6,0.0,0.0,-0.8,-0.8,1.6,-1.6,0.8,-0.8,0.8,0.0,-0.8,0.8,0.0,0.0,1.6,-0.8,0.0,0.8,0.8,0.8,-0.8,0.8,0.0,0.8,0.0,0.8,0.8,-0.8,1.6,-0.8,-1.6,1.6,-0.8,0.0,0.0,1.6,0.8,-1.6,1.6,1.6,-1.6,0.0,0.0,0.0,-1.6,1.6,1.6,-0.8,0.0,0.8,0.0,1.6,0.0,-0.8,0.8,1.6,0.0,-1.6,1.6,0.8,0.0,0.0,0.0,0.8,0.0,0.0,0.0,0.0,0.8,-0.8,-0.8,0.8,0.8,0.8,0.0,0.0,-0.8,0.8,0.0,-0.8,-1.6,1.6,0.0,0.8,0.8,0.0,1.6,1.6,-1.6,1.6,0.8,0.0,-0.8,-0.8,0.0,0.8,0.8,0.0,0.0,1.6,-0.8,0.8,0.8,0.0,0.8,0.8,0.0,0.8,-1.6,0.0,0.0,0.8,0.0,0.0,-0.8,-0.8,2.4000000000000004,0.8,0.0,1.6,0.0,2.4000000000000004,-0.8,-1.6,0.8,0.8,0.8,0.0,0.8,0.0,1.6,1.6,0.8,0.8,0.8,-0.8,0.8,0.8,1.6,-0.8,0.0,0.8,-0.8,1.6,0.8,0.0,0.8,0.8,1.6,0.0,0.8,0.8,-0.8,0.8,0.8,-0.8,0.8,0.0,0.8,0.0,0.8,1.6,0.0,0.8,0.8,1.6,0.8,-0.8,-0.8,0.8,0.8,-0.8,0.0,1.6,-0.8,0.0,0.8,0.0,-0.8,0.0,1.6,0.8,1.6,1.6,-0.8,1.6,1.6,-0.8,1.6,0.8,0.0,1.6,0.0,0.0,-0.8,0.0,1.6,0.0,0.0,-0.8,0.0,0.8,0.0,-1.6,0.8,0.0,1.6,0.8,0.8,0.8,0.8,0.8,0.0,0.0,0.0,0.8,0.8,-0.8,1.6,0.8,-0.8,0.8,-0.8,0.8,0.8,0.0,1.6,-0.8,0.0,0.0,0.0,0.8,0.0,0.8,0.0,0.0,0.8,0.0,-0.8,0.8,0.8,-0.8,0.0,1.6,0.0,0.0,0.8,0.8,1.6,0.0,0.0,0.0,0.0,1.6,0.0,0.8,-0.8,0.8,0.0,0.0,1.6,0.8,0.0,0.0,0.8,0.0,-1.6,0.0,0.0,0.8,0.0,0.0,1.6,0.8,0.0,0.8,-0.8,0.8,0.0,1.6,0.0,0.8,0.0,0.0,1.6,1.6,1.6,0.8,0.8,0.8,0.0,0.0,0.0,0.8,0.0,0.0,0.0,1.6,0.8,0.0,0.0,0.8,0.0,-0.8,0.8,0.8,0.0,-0.8,0.0,0.8,0.0,0.0,1.6,0.0,0.8,0.8,0.0,0.0,0.8,-0.8,0.8,0.0,0.0,0.8,-0.8,0.0,0.8,0.0,-0.8,-0.8,0.0,-0.8,0.0,1.6,0.0,0.8,0.8,-0.8,0.8,-1.6,-0.8,-0.8,0.0,0.0,-0.8,0.0,1.6,0.0,0.8,-0.8,0.0,0.8,-0.8,0.8,0.0,1.6,0.8,0.8,1.6,0.0,0.8,0.0,0.8,0.0,-2.4000000000000004,0.8,-0.8,0.0,0.8,0.0,1.6,0.8,0.8,1.6,-0.8,0.8,0.0,-0.8,0.8,0.0,2.4000000000000004,-0.8,0.8,-0.8,0.8,1.6,0.8,0.8,0.8,0.0,0.8,0.0,0.0,0.0,1.6,0.0,0.0,0.0,0.8,0.0,0.0,-0.8,0.0,0.0,0.8,-0.8,0.0,0.0,0.8,0.0,0.8,0.8,-0.8,1.6,0.8,0.0,1.6,1.6,0.0,0.0,-0.8,0.8,0.0,0.0,0.0,-0.8,-0.8,-0.8,0.0,0.0,0.0,0.0,0.0,-0.8,0.0,0.8,0.0,0.0,0.0,-1.6,-0.8,1.6,0.8,0.8,0.0,0.8,0.0,-1.6,0.0,0.0,0.0,-0.8,-0.8,0.0,-0.8,0.8,0.0,0.0,2.4000000000000004,0.0,0.8,-0.8,0.8,-0.8,-0.8,0.8,-0.8,0.0,0.0,-0.8,0.8,-0.8,1.6,0.0,0.0,0.8,-1.6,0.8,0.0,0.0,0.8,0.0,1.6,0.8,-0.8,0.0,-1.6,0.8,-0.8,-0.8,0.0,0.8,0.8,1.6,0.8,0.8,0.0,0.8,-0.8,0.0,0.8,0.0,0.8,0.0,0.0,0.0,-0.8,1.6,0.0,0.8,0.8,0.0,1.6,0.0,0.8,0.0,0.8,0.8,-0.8,-0.8,0.8,0.0,0.0,0.0,0.0,-0.8,0.0,0.0,0.0,0.8,1.6,0.8,0.0,0.8,0.0,0.8,0.0,-0.8,0.0,0.0,0.8,0.8,0.0,-0.8,0.8,0.8,0.0,0.0,0.8,2.4000000000000004,0.0,-0.8,0.8,0.8,0.0,0.8,0.8,0.8,0.0,-0.8,0.8,0.8,-0.8,-0.8,-0.8,0.8,0.0,0.0,0.0,0.8,1.6,-1.6,1.6,3.2,-2.4000000000000004,-0.8,3.2,0.8,0.0,1.6,1.6,-0.8,0.8,-0.8,0.8,0.8,0.0,0.8,0.0,0.0,0.0,0.0,2.4000000000000004,0.8,0.0,0.0,0.8,0.8,0.0,-0.8,0.0,-0.8,2.4000000000000004,0.0,0.8,0.8,0.0,0.8,-0.8,1.6,1.6,0.0,0.8,0.8,0.8,0.8,0.8,1.6,0.0,0.8,0.0,0.0,0.8,-0.8,0.8,-1.6,0.0,0.8,-0.8,0.8,0.8,0.0,0.0,0.0,0.0,0.8,-0.8,0.0,-0.8,0.0,0.0,0.0,0.0,0.8,1.6,0.8,-0.8,0.0,1.6,0.0,-0.8,-0.8,0.0,0.8,1.6,1.6,0.0,0.8,0.8,-0.8,0.8,0.0,0.0,-0.8,0.8,0.0,0.0,0.8,0.0,0.8,0.0,0.8,0.8,0.0,-0.8,0.0,0.0,1.6,0.0,0.8,0.8,1.6,0.8,0.0,1.6,0.0,-0.8,0.0,-0.8,0.0,0.8,0.8,1.6,0.0,0.8,0.0,-0.8,0.8,-0.8,0.8,-0.8,0.8,0.8,-0.8,0.8,0.8,0.8,0.0,0.0,0.8,0.0,0.8,-0.8,-0.8,0.8,-0.8,-0.8,0.8,0.8,1.6,-0.8,0.0,0.0,-0.8,-0.8,-0.8,0.8,-0.8,0.0,0.8,0.0,0.0,0.8,-0.8,0.8,-0.8,0.0,-0.8,0.0,0.0,0.0,0.0,0.8,0.8,0.8,0.0,0.0,0.8,0.0,-0.8,-0.8,0.8,0.8,0.8,0.0,0.8,0.0,0.0,0.0,0.8,0.0,0.0,0.8,0.0,0.0,0.0,0.0,1.6,0.0,0.0,0.8,0.0,0.8,-0.8,0.0,0.0,1.6,0.8,0.0,0.8,0.8,0.0,1.6,0.0,0.0,0.0,-0.8,1.6,0.8,0.0,0.8,-0.8,0.8,-0.8,0.0,0.0,0.0,0.0,0.0,0.8,0.8,-0.8,1.6,0.0,0.8,0.8,0.0,0.8,-0.8,1.6,0.0,0.8,0.8,-0.8,1.6,0.0,0.0,2.4000000000000004,0.0,0.0,0.0,-0.8,0.0,0.0,0.8,0.0,0.8,0.8,-0.8,0.0,0.0,0.8,-0.8,0.0,0.0,-1.6,0.8,0.8,0.8,0.8,0.0,1.6,0.0,0.8,0.8,-1.6,1.6,0.0,-0.8,0.0,0.8,1.6,0.0,1.6,0.8,1.6,0.8,0.0,1.6,0.0,0.0,1.6,0.0,1.6,0.0,0.8,2.4000000000000004,-0.8,0.0,0.8,0.8,0.8,-0.8,0.8,0.0,1.6,-0.8,1.6,0.8,0.8,0.8,0.8,-0.8,0.8,0.0,0.8,0.8,0.0,0.0,2.4000000000000004,0.8,0.8,0.8,0.8,0.0,0.8,-0.8,0.8,-0.8,0.8,0.0,-0.8,0.8,-0.8,0.8,0.0,-0.8,-0.8,0.8,0.8,0.0,0.8,0.8,0.0,1.6,-0.8,3.2,1.6,-0.8,0.8,-0.8,0.0,0.8,0.8,0.8,-0.8,2.4000000000000004,0.8,0.0,1.6,-0.8,0.8,0.8,0.0,0.8,-0.8,1.6,0.8,0.8,0.8,0.0,1.6,0.8,-0.8,0.0,0.8,0.8,-0.8,0.8,0.8,0.0,0.0,0.8,1.6,0.0,-0.8,0.8,0.0,0.8,0.8,-1.6,1.6,0.0,0.0,0.0,0.8,1.6,0.0,1.6,0.0,0.8,0.8,0.8,0.8,0.8,0.0,0.8,0.8,0.8,-0.8,1.6,0.8,0.0,-0.8,0.8,0.0,0.0,-0.8,1.6,0.8,0.8,-1.6,1.6,0.8,-0.8,0.0,0.0,-0.8,0.8,0.8,-0.8,0.0,0.8,0.8,0.0,0.8,-1.6,1.6,0.8,0.0,0.8,0.0,0.0,0.0,0.0,1.6,1.6,-0.8,-0.8,0.0,-0.8,0.0,0.8,0.8,0.8,-0.8,0.8,0.0,0.8,0.8,-0.8,1.6,0.0,0.0,0.8,0.8,0.8,0.8,0.8,1.6,0.8,0.8,-0.8,-0.8,0.8,0.0,0.0,-0.8,0.8,0.8,0.8,1.6,0.8,0.8,0.8,0.8,2.4000000000000004,0.0,0.8,0.8,-0.8,0.0,0.0,0.8,0.8,0.8,0.8,0.0,1.6,0.8,0.0,0.8,-0.8,1.6,0.8,0.0,0.0,0.8,0.0,0.8,0.0,1.6,-0.8,0.0,0.0,0.0,0.0,0.8,1.6,0.8,-1.6,0.8,-0.8,0.8,0.0,0.8,0.0,0.8,0.8,0.0,0.8,0.8,0.8,0.0,0.0,0.0,2.4000000000000004,0.0,-0.8,0.8,0.0,1.6,-0.8,0.0,1.6,-0.8,0.0,0.8,-0.8,-0.8,-0.8,0.8,0.0,0.0,0.0,0.8,0.8,0.0,0.0,0.8,0.8,-0.8,-1.6,0.0,1.6,0.0,0.8,0.8,0.0,0.0,1.6,0.0,0.0,1.6,0.0,0.0,0.0,0.0,1.6,0.8,0.8,0.8,0.0,0.0,0.8,0.0,0.0,0.0,0.0,0.0,0.0,0.0,0.0,0.8,-0.8,0.0,0.8,0.8,1.6,-0.8,0.8,0.8,0.8,0.0,0.0,0.0,0.8,-0.8,0.8,0.0,1.6,0.0,-0.8,0.8,0.0,-0.8,0.8,1.6,0.8,-0.8,0.0,-0.8,0.8,0.0,0.8,1.6,0.0,0.0,0.0,0.0,0.8,0.8,0.8,1.6,0.0,1.6,1.6,0.8,0.0,0.8,2.4000000000000004,-0.8,0.0,0.8,0.8,0.0,0.0,0.0,-0.8,0.8,-0.8,0.0,0.0,0.0,0.0,-1.6,0.8,1.6,0.0,1.6,-0.8,-1.6,0.0,2.4000000000000004,0.0,0.0,1.6,0.8,0.8,0.0,0.0,0.0,0.0,0.0,0.0,0.8,1.6,0.8,0.8,0.0,0.8,0.8,-0.8,0.0,0.8,-1.6,-1.6,0.8,1.6,-1.6,0.0,1.6,0.0,-0.8,-1.6,1.6,0.0,-0.8,0.8,0.0,0.8,-0.8,0.0,2.4000000000000004,-0.8,-0.8,0.0,0.8,1.6,-0.8,0.8,0.0,0.0,1.6,-0.8,2.4000000000000004,0.0,0.0,0.0,-0.8,0.8,0.8,0.0,1.6,-0.8,2.4000000000000004,0.0,0.0,0.0,0.0,0.8,0.0,0.8,0.8,0.8,0.0,1.6,0.0,-0.8,0.8,1.6,0.0,1.6,1.6,0.0,0.8,0.8,-0.8,0.8,1.6,-0.8,-0.8,1.6,0.8,-0.8,0.8,1.6,0.0,0.0,-0.8,0.0,0.0,0.8,0.8,0.8,0.8,0.8,1.6,1.6,0.0,-1.6,0.8,0.8,0.0,0.0,0.8,1.6,0.0,1.6,1.6,0.8,0.0,0.8,1.6,0.0,0.0,0.8,0.0,0.0,0.0,0.8,2.4000000000000004,0.8,1.6,0.0,0.0,0.0,-1.6,0.8,0.0,1.6,1.6,0.8,1.6,0.8,0.0,0.8,0.0,1.6,0.0,-0.8,0.8,0.8,1.6,0.8,0.8,0.8,-1.6,0.0,-0.8,1.6,-0.8,0.0,1.6,0.0,0.8,0.0,0.8,0.8,0.0,0.8,-0.8,0.0,2.4000000000000004,0.8,1.6,0.0,0.8,0.0,-2.4000000000000004,0.8,0.0,1.6,-0.8,0.8,0.8,-1.6,0.0,-0.8,0.8,0.8,-0.8,0.8,0.0,1.6,0.8,0.0,3.2,0.0,0.0,0.0,1.6,1.6,0.0,1.6,0.8,1.6,1.6,0.0,0.0,0.8,-0.8,0.0,0.8,1.6,0.8,0.8,1.6,0.8,1.6,0.8,0.0,0.0,0.0,0.8,0.0,0.0,0.8,0.0,0.8,0.8,0.8,0.0,1.6,0.8,0.0,0.0,0.0,0.8,1.6,-0.8,1.6,0.8,0.8,0.0,0.8,0.0,0.8,0.0,-0.8,0.0,0.0,0.8,1.6,0.0,0.8,-1.6,0.8,0.8,0.8,-0.8,-0.8,0.0,0.0,0.0,0.0,0.0,0.0,0.8,0.8,0.8,-0.8,1.6,0.8,-0.8,0.0,-0.8,0.0,0.0,-0.8,0.8,0.8,0.8,0.0,-0.8,-0.8,0.0,0.8,0.0,0.0,0.0,0.0,0.0,0.8,0.8,0.8,-0.8,0.0,-1.6,-0.8,1.6,0.0,0.8,0.0,0.0,0.0,-0.8,-0.8,0.0,1.6,0.8,-1.6,0.8,-0.8,-0.8,0.0,0.0,1.6,0.0,-0.8,-0.8,0.0,0.0,-0.8,1.6,-1.6,0.0,0.0,-0.8,0.8,0.8,0.0,0.8,0.0,0.8,-0.8,-0.8,0.0,0.8,0.0,0.8,0.8,1.6,0.0,0.0,0.0,0.8,0.8,0.0,-0.8,0.0,-0.8,1.6,0.0,0.0,0.0,0.0,0.0,1.6,-0.8,0.8,0.8,1.6,-0.8,0.0,1.6,0.0,0.0,-0.8,0.8,0.0,0.8,0.8,0.0,0.8,0.8,0.0,0.0,-0.8,0.0,0.0,-0.8,0.0,-0.8,-0.8,0.8,-0.8,1.6,-0.8,0.0,0.8,0.0,1.6,0.0,-0.8,0.0,0.0,0.0,0.8,1.6,0.0,0.0,0.8,0.0,0.8,1.6,-0.8,0.8,-0.8,0.0,0.8,0.0,-0.8,0.0,0.8,-0.8,0.8,0.8,-0.8,1.6,0.8,0.0,-0.8,-0.8,0.0,0.0,0.0,-0.8,0.0,0.8,-0.8,0.8,0.0,0.8,-0.8,0.8,0.0,0.0,0.0,0.0,1.6,0.8,0.0,0.8,0.0,0.8,0.0,0.0,0.0,0.0,0.0,0.0,0.8,0.0,-0.8,0.0,0.0,0.8,-0.8,0.0,0.8,0.0,0.8,-1.6,0.0,0.0,-0.8,0.0,0.0,0.0,0.8,0.0,0.8,-0.8,0.0,0.0,-1.6,0.0,-0.8,0.8,-0.8,0.0,0.8,0.0,0.0,0.8,0.8,0.8,-0.8,0.8,0.8,0.8,1.6,-0.8
event_33,1625266777.725919,0.0,0.0,1.6,-0.8,0.8,0.8,0.0,1.6,-0.8,0.0,0.0,-0.8,-0.8,-1.6,1.6,0.0,0.0,0.8,-0.8,0.8,0.8,0.0,0.0,0.8,0.8,-0.8,-0.8,0.0,0.0,0.0,0.8,1.6,1.6,-0.8,-0.8,0.0,-1.6,-0.8,0.0,0.8,-0.8,0.0,-0.8,0.0,0.8,-0.8,0.0,0.8,0.0,0.0,-1.6,0.8,0.8,-0.8,0.0,0.8,0.0,-0.8,0.8,-0.8,0.8,0.0,0.0,-0.8,0.8,0.0,0.0,0.8,0.0,-1.6,0.0,-0.8,0.0,-0.8,0.8,0.0,0.0,0.0,0.8,0.8,0.0,0.0,0.0,-0.8,-0.8,0.8,0.0,-0.8,0.0,-1.6,2.4000000000000004,0.8,-2.4000000000000004,0.0,4.0,-1.6,-3.2,1.6,0.8,-0.8,-0.8,0.8,0.0,-24.800000000000004,-86.4,-96.0,-50.4,-20.800000000000004,-10.400000000000002,-4.0,-3.2,-7.200000000000001,-7.200000000000001,-4.800000000000001,-4.0,-2.4000000000000004,0.8,2.4000000000000004,-2.4000000000000004,0.8,-1.6,-0.8,0.0,-1.6,0.8,-0.8,0.8,2.4000000000000004,-0.8,0.0,0.8,0.0,0.0,-1.6,1.6,-0.8,0.0,-1.6,-0.8,0.8,0.8,0.0,0.8,0.0,0.8,0.8,0.0,0.8,-0.8,0.0,-0.8,2.4000000000000004,0.0,0.8,0.8,0.0,0.8,0.0,0.0,-0.8,-0.8,0.8,0.0,0.0,0.8,0.0,0.8,-0.8,-0.8,0.0,0.8,1.6,-0.8,0.8,0.0,1.6,0.0,-0.8,0.8,0.0,0.8,1.6,-0.8,0.8,1.6,0.8,1.6,0.0,0.0,1.6,0.8,0.0,1.6,0.0,-0.8,0.0,0.0,-0.8,0.0,0.8,-0.8,0.8,0.8,0.0,-0.8,0.8,0.8,0.0,0.0,0.0,0.0,0.0,1.6,0.0,0.0,0.8,1.6,0.0,0.8,0.8,-0.8,0.8,0.8,-0.8,0.8,0.8,0.8,0.8,0.8,1.6,0.0,0.8,0.0,0.8,0.8,0.0,0.0,0.0,0.0,0.8,0.0,1.6,0.8,0.8,0.8,0.0,0.0,-0.8,0.0,1.6,1.6,0.8,0.0,1.6,0.8,-0.8,0.8,0.0,0.0,0.8,-0.8,0.8,0.8,0.0,0.8,0.0,0.8,-1.6,1.6,0.8,0.0,0.8,0.8,0.8,0.8,-0.8,0.0,0.0,0.8,0.8,0.0,1.6,-0.8,1.6,0.8,0.8,1.6,-0.8,0.0,-1.6,-1.6,0.8,0.0,-1.6,0.8,-0.8,-0.8,0.0,0.8,1.6,-0.8,0.0,0.8,0.0,0.0,0.0,0.0,1.6,0.0,0.0,0.0,1.6,0.0,0.0,0.8,0.0,1.6,1.6,-0.8,0.0,0.0,0.8,0.0,0.8,1.6,-0.8,0.8,0.8,0.8,0.0,0.0,0.8,0.8,0.0,0.0,-0.8,0.8,-0.8,0.0,0.0,-0.8,0.8,-0.8,0.8,1.6,-0.8,0.8,0.0,1.6,1.6,0.0,2.4000000000000004,0.0,1.6,-0.8,0.8,0.8,0.0,0.8,-0.8,0.0,0.0,-0.8,2.4000000000000004,0.0,0.8,0.0,0.0,0.8,0.0,-0.8,-0.8,0.0,0.8,0.0,0.0,0.8,0.8,0.8,0.0,0.0,0.8,0.0,1.6,0.0,-0.8,0.0,0.8,0.0,-0.8,1.6,0.8,-1.6,0.8,-0.8,-0.8,-0.8,0.0,0.0,-0.8,0.0,0.0,0.0,0.8,0.0,-0.8,0.0,0.0,-1.6,0.0,0.8,0.0,-0.8,-0.8,0.8,-0.8,0.8,-1.6,0.8,2.4000000000000004,-0.8,-2.4000000000000004,0.8,0.8,-1.6,0.8,2.4000000000000004,-0.8,0.8,0.0,0.0,0.8,-0.8,-0.8,0.8,-0.8,0.0,0.0,0.8,1.6,0.0,0.0,0.0,0.8,-0.8,0.0,1.6,-0.8,1.6,0.8,0.0,1.6,0.0,0.8,0.8,0.0,2.4000000000000004,-0.8,0.0,-0.8,0.8,0.8,0.8,1.6,0.0,0.0,0.0,0.0,1.6,-0.8,1.6,0.0,0.8,0.8,-0.8,0.8,0.0,-0.8,0.8,0.0,1.6,0.8,-0.8,0.8,0.0,0.8,0.0,0.0,0.0,-0.8,1.6,0.0,-0.8,0.0,-0.8,0.8,0.0,0.0,0.0,-0.8,0.8,-0.8,0.8,0.0,-0.8,1.6,-0.8,0.8,1.6,0.0,1.6,-0.8,0.0,1.6,0.8,1.6,0.0,0.0,0.8,0.8,0.0,0.0,0.0,0.0,0.8,0.8,0.8,0.0,-0.8,0.0,0.8,0.0,0.8,0.0,0.8,0.0,0.0,0.8,1.6,0.8,0.8,0.8,0.8,0.8,0.0,0.8,0.0,-0.8,0.0,-0.8,0.8,0.8,-0.8,0.8,-0.8,0.8,0.8,0.0,0.8,0.0,0.8,0.8,-0.8,0.8,-0.8,0.0,-0.8,0.0,0.0,-0.8,0.0,0.0,-0.8,-0.8,0.0,0.0,0.8,0.0,0.8,-1.6,1.6,0.8,-0.8,1.6,0.0,0.8,-0.8,0.0,0.8,0.0,0.8,-0.8,-0.8,-0.8,-0.8,0.8,-1.6,0.0,0.8,-0.8,0.8,-0.8,0.0,0.0,0.8,0.0,-2.4000000000000004,0.0,2.4000000000000004,0.8,0.8,-0.8,1.6,0.0,0.8,0.0,0.0,0.8,0.0,0.0,0.8,0.8,0.8,0.0,0.8,1.6,0.8,0.0,0.0,0.8,0.0,0.0,0.8,0.8,0.0,0.0,0.0,1.6,0.0,0.0,0.8,0.8,1.6,0.0,0.0,0.0,0.8,0.0,0.0,1.6,1.6,0.0,1.6,0.0,0.8,0.0,-1.6,0.8,0.0,-1.6,1.6,0.0,0.0,0.0,0.0,0.0,0.8,0.0,0.8,-0.8,0.0,0.0,0.0,0.8,0.8,0.8,0.0,0.8,0.8,0.8,0.0,-0.8,0.8,0.0,0.0,0.0,0.0,0.8,1.6,0.8,0.8,0.8,0.8,0.8,0.8,0.8,-0.8,0.8,0.8,-0.8,0.8,-0.8,0.8,0.8,0.0,0.0,-0.8,0.8,-0.8,0.8,0.8,0.0,0.8,0.0,-0.8,0.0,0.8,0.8,-0.8,0.8,1.6,0.8,0.0,-0.8,0.8,-0.8,0.0,1.6,0.8,0.0,-0.8,-0.8,0.8,0.8,0.8,0.0,0.8,0.8,0.0,0.8,0.8,0.0,0.0,0.8,0.8,1.6,0.0,0.0,1.6,1.6,0.0,0.8,0.8,1.6,0.0,0.0,0.0,0.0,0.0,1.6,0.0,0.8,0.8,0.8,-0.8,1.6,-0.8,0.8,0.0,0.8,0.8,-0.8,0.8,0.0,-0.8,0.0,-0.8,0.8,2.4000000000000004,0.0,0.8,0.0,0.8,0.0,-0.8,0.8,0.0,0.8,-0.8,0.0,0.0,-0.8,0.0,0.0,0.8,1.6,0.0,1.6,-0.8,1.6,0.0,-0.8,1.6,-0.8,-0.8,0.8,0.8,1.6,0.0,0.0,0.0,0.8,1.6,0.0,0.0,0.8,0.0,0.8,0.0,1.6,0.8,-0.8,1.6,2.4000000000000004,-0.8,-2.4000000000000004,3.2,1.6,-2.4000000000000004,0.8,0.8,-1.6,0.0,-0.8,0.8,0.8,-0.8,0.0,1.6,1.6,-0.8,0.0,1.6,0.8,0.8,0.0,0.8,0.8,0.0,0.0,0.0,0.0,0.8,-0.8,0.8,-0.8,0.8,0.8,1.6,0.8,0.0,0.0,1.6,0.0,0.8,-0.8,0.0,0.0,0.0,-0.8,0.0,0.0,0.0,0.0,0.0,0.8,-0.8,0.8,0.0,-0.8,0.0,0.0,0.8,-0.8,-0.8,0.8,0.8,0.0,-0.8,0.0,-0.8,0.0,0.0,0.0,0.0,0.0,0.0,0.0,0.0,0.0,0.0,0.8,0.0,-2.4000000000000004,0.8,1.6,0.0,0.0,0.8,0.8,0.8,0.8,-0.8,-1.6,1.6,-0.8,-1.6,0.8,0.0,0.8,0.0,0.0,1.6,0.8,0.0,0.0,0.0,0.0,-0.8,1.6,-0.8,0.8,0.8,-1.6,1.6,0.0,0.0,0.8,-0.8,0.8,-1.6,1.6,-0.8,0.8,1.6,-1.6,0.0,0.8,-1.6,0.8,-1.6,0.8,-0.8,0.0,0.0,-0.8,0.0,0.0,0.8,0.8,-0.8,0.8,-0.8,0.0,-0.8,0.0,1.6,0.0,0.0,0.0,-0.8,0.8,-0.8,0.0,0.0,-0.8,0.8,0.0,-0.8,0.0,0.8,0.8,0.0,0.8,0.8,0.8,0.0,0.0,0.0,-0.8,0.8,0.8,0.0,0.0,0.0,0.8,-0.8,0.0,0.0,-0.8,1.6,-0.8,-0.8,0.0,0.8,0.8,0.0,-0.8,0.0,0.8,0.8,-0.8,1.6,0.0,0.8,-1.6,0.0,0.8,-0.8,0.0,0.0,0.8,0.0,0.0,0.8,0.8,0.0,0.0,-0.8,1.6,0.0,0.0,-0.8,0.8,2.4000000000000004,0.0,0.8,0.0,0.0,0.0,0.0,0.8,0.0,0.0,0.8,0.0,2.4000000000000004,0.0,1.6,0.0,0.0,0.0,-0.8,0.8,0.0,-0.8,0.8,0.0,0.8,-0.8,0.0,-0.8,-0.8,0.0,-0.8,-1.6,0.0,0.0,0.0,0.0,0.8,1.6,0.0,0.8,-0.8,0.8,0.8,-0.8,0.8,0.0,0.0,0.8,-0.8,0.8,0.8,0.0,0.8,-0.8,-0.8,0.8,0.8,0.8,0.0,0.8,0.8,0.0,0.8,-0.8,0.8,0.0,-1.6,-0.8,-0.8,1.6,0.8,0.0,0.8,0.8,0.0,1.6,0.0,-0.8,0.8,1.6,-0.8,0.0,2.4000000000000004,-0.8,0.0,0.8,0.0,0.0,-0.8,0.0,0.8,-0.8,0.0,0.8,1.6,0.0,-0.8,0.0,0.8,0.8,0.8,0.8,0.8,0.0,0.0,0.8,0.8,1.6,-0.8,1.6,1.6,0.8,0.8,0.8,-0.8,0.8,0.0,0.0,-0.8,0.0,-0.8,0.8,0.8,0.0,-0.8,0.0,-0.8,0.8,-0.8,1.6,0.8,1.6,0.0,0.0,1.6,0.0,0.0,0.0,0.0,0.8,0.8,0.8,0.0,0.0,0.8,0.0,0.8,0.8,0.8,1.6,-0.8,1.6,0.0,-0.8,0.0,-0.8,0.8,-0.8,0.0,0.0,-0.8,0.8,0.0,0.0,1.6,-1.6,0.0,-0.8,0.0,0.0,0.0,0.8,0.0,0.8,0.8,0.8,-0.8,0.8,0.0,-0.8,0.8,0.0,0.8,0.8,0.0,0.0,0.0,0.8,0.0,-0.8,-0.8,-0.8,0.8,-0.8,-0.8,0.0,0.0,0.8,-0.8,0.8,1.6,0.0,0.0,-0.8,0.0,0.0,0.8,1.6,-0.8,1.6,0.0,-1.6,1.6,0.0,0.0,0.0,0.0,0.8,-1.6,1.6,-0.8,1.6,0.8,-2.4000000000000004,0.8,-1.6,0.8,0.8,0.8,0.8,0.0,0.8,-0.8,0.8,0.8,-0.8,1.6,0.8,-0.8,2.4000000000000004,-0.8,0.8,0.8,-0.8,0.0,-0.8,0.8,0.0,1.6,0.8,0.0,0.8,-0.8,0.0,0.0,-0.8,1.6,-0.8,0.8,-0.8,0.0,1.6,-0.8,0.8,-0.8,-0.8,0.8,0.8,0.0,0.0,0.0,0.8,-0.8,0.8,0.0,-0.8,0.8,-1.6,0.0,0.0,0.8,0.8,0.0,0.0,0.8,0.0,0.8,0.0,1.6,-1.6,-0.8,-0.8,-0.8,0.8,0.0,0.0,0.8,0.8,0.8,0.8,0.8,0.0,0.0,1.6,0.0,1.6,0.0,0.0,0.8,0.8,0.8,0.0,0.8,0.0,0.0,0.8,-0.8,0.0,0.0,0.8,0.8,0.8,-0.8,0.0,0.8,0.8,-0.8,0.0,0.0,0.8,-1.6,0.8,1.6,-0.8,1.6,0.0,0.8,0.0,0.0,0.8,0.0,0.0,0.8,0.0,0.0,0.0,0.8,0.8,0.0,0.8,-1.6,0.8,-1.6,-0.8,0.8,-1.6,0.8,0.0,0.0,0.8,0.0,0.0,0.8,0.0,0.0,0.0,1.6,0.8,0.8,-0.8,0.0,2.4000000000000004,-1.6,0.0,0.0,0.0,0.8,-1.6,1.6,-0.8,0.0,2.4000000000000004,-0.8,1.6,1.6,0.8,0.0,-0.8,0.0,-0.8,-0.8,0.0,0.0,0.8,-0.8,1.6,0.0,0.0,0.8,-0.8,0.8,-0.8,0.0,0.8,0.0,0.0,-0.8,0.8,1.6,-0.8,1.6,0.0,0.0,-0.8,-0.8,0.0,0.0,-1.6,0.8,0.8,0.0,-1.6,-0.8,0.0,0.0,0.0,0.0,0.0,1.6,-0.8,-1.6,1.6,0.0,0.0,0.0,-0.8,0.0,0.8,0.8,-0.8,0.0,0.8,-0.8,0.0,-0.8,0.0,0.8,-1.6,0.0,-0.8,0.0,0.8,0.0,0.8,-0.8,0.0,0.8,0.0,0.8,0.8,0.0,1.6,-0.8,-0.8,0.0,0.0,0.0,-0.8,0.0,0.8,0.8,1.6,-1.6,0.0,0.0,-0.8,-0.8,0.0,0.8,0.8,1.6,-0.8,0.8,0.8,-0.8,1.6,1.6,-1.6,0.0,-0.8,0.0,0.0,0.8,1.6,0.8,0.8,0.8,0.8,0.0,1.6,-0.8,1.6,0.0,1.6,0.8,0.0,0.8,0.0,0.0,0.0,0.0,0.0,0.0,-0.8,0.0,0.0,0.0,1.6,0.0,-0.8,0.0,-0.8,0.8,0.8,-1.6,0.8,0.0,0.0,0.0,0.0,0.0,0.8,-0.8,0.0,0.8,0.0,1.6,0.8,0.8,0.0,0.8,0.8,0.0,0.0,0.8,0.8,0.8,0.8,-0.8,-1.6,0.0,0.8,-0.8,0.0,-0.8,0.0,0.0,0.0,0.0,0.0,0.0,0.8,-1.6,1.6,1.6,0.0,0.0,-0.8,1.6,-0.8,0.8,0.0,-1.6,1.6,-0.8,0.0,-0.8,0.8,0.8,-0.8,0.0,0.0,0.0,1.6,-0.8,1.6,-0.8,-0.8,0.8,-0.8,0.8,0.0,0.0,1.6,-0.8,0.8,0.8,0.0,0.8,-0.8,3.2,-0.8,3.2,2.4000000000000004,-0.8,0.0,2.4000000000000004,0.0,-1.6,2.4000000000000004,0.8,-1.6,1.6,-0.8,0.0,1.6,0.0,2.4000000000000004,0.8,0.0,-0.8,-0.8,1.6,-0.8,1.6,0.0,1.6,0.0,-0.8,1.6,0.0,0.0,0.8,0.0,0.8,1.6,0.8,0.0,0.8,0.0,1.6,0.8,0.0,0.8,0.8,0.8,1.6,-0.8,-0.8,0.8,0.0,0.0,-0.8,0.0,0.8,0.0,0.8,1.6,0.0,0.0,0.0,-1.6,-0.8,2.4000000000000004,0.0,0.8,0.0,0.0,0.8,-0.8,0.8,-0.8,0.8,0.8,-0.8,1.6,0.8,0.8,0.8,1.6,0.8,0.0,-0.8,0.8,0.0,0.0,-0.8,0.0,0.0,-0.8,0.0,0.0,2.4000000000000004,0.8,-0.8,1.6,-1.6,0.0,0.0,-1.6,0.8,0.0,0.8,1.6,-0.8,2.4000000000000004,-0.8,0.8,0.0,0.0,0.0,-1.6,0.0,0.0,-0.8,0.8,-0.8,1.6,0.8,0.0,0.8,-1.6,0.8,0.0,0.8,0.8,-1.6,1.6,-0.8,0.8,-0.8,-0.8,0.8,-1.6,0.8,0.8,0.0,0.8,0.8,0.8,-0.8,-0.8,0.8,0.0,-0.8,0.8,0.8,-0.8,-0.8,0.8,0.0,0.0,0.8,0.8,0.0,0.8,0.0,-0.8,0.0,0.8,-0.8,0.0,0.8,1.6,0.0,0.8,1.6,0.8,0.8,-0.8,0.8,0.8,0.0,0.0,0.0,0.8,0.8,0.0,0.8,0.0,0.8,0.8,0.0,0.8,-0.8,0.0,-1.6,0.0,1.6,0.0,0.8,0.8,0.8,-0.8,0.8,1.6,0.0,-0.8,-0.8,0.0,1.6,0.0,0.8,1.6,0.8,0.8,0.0,1.6,0.0,0.0,0.0,-1.6,0.0,-0.8,0.8,1.6,-0.8,0.8,-0.8,0.0,0.8,-1.6,1.6,-0.8,0.8,0.8,-0.8,1.6,0.0,0.0,0.0,-0.8,0.8,0.8,1.6,-0.8,-0.8,1.6,-0.8,0.0,-0.8,0.0,0.0,-0.8,0.8,-0.8,0.0,0.8,-0.8,0.8,-0.8,0.8,0.0,-0.8,0.0,0.0,0.0,0.8,-0.8,-0.8,-0.8,0.8,0.0,-0.8,0.0,0.0,1.6,0.8,-0.8,0.8,0.8,0.0,0.0,0.0,0.0,0.8,0.0,0.8,1.6,0.0,0.0,0.0,0.8,0.0,-0.8,0.0,0.0,0.8,0.0,0.0,1.6,-0.8,0.8,1.6,0.0,0.8,0.0,1.6,0.0,2.4000000000000004,0.8,0.0,1.6,0.8,0.0,0.8,-0.8,0.0,-0.8,0.0,-1.6,0.0,0.8,0.0,0.8,0.8,0.0,0.8,-0.8,0.8,0.0,0.0,0.8,0.0,0.0,-0.8,0.0,0.0,0.0,0.0,0.0,-0.8,1.6,0.8,0.8,0.8,1.6,0.0,0.0,0.0,0.8,0.0,-1.6,0.0,0.8,-0.8,0.8,0.0,0.0,0.8,0.0,0.0,1.6,0.8,0.8,-0.8,0.8,-0.8,-0.8,0.8,0.8,0.8,0.0,0.8,1.6,0.0,0.8,0.8,-0.8,0.0,-1.6,0.0,0.0,0.8,0.0,0.8,1.6,0.8,0.0,0.8,0.8,0.0,-1.6,0.8,0.8,0.8,0.0,0.8,0.0,0.8,0.0,0.8,0.0,-0.8,0.8,-0.8,0.8,0.0,0.8,0.0,0.0,0.0,0.8,0.0,1.6,-0.8,0.0,0.8,0.0,0.0,0.8,0.8,1.6,0.0,0.8,-0.8,0.0,0.0,-0.8,0.8,0.8,-0.8,1.6,0.0,0.0,-0.8,1.6,0.0,0.0,1.6,-0.8,2.4000000000000004,0.8,-0.8,1.6,-1.6,0.0,0.0,-1.6,2.4000000000000004,0.0,0.8,0.8,0.0,-0.8,-0.8,0.8,0.0,0.0,0.8,0.0,0.8,0.0,0.8,0.0,-0.8,0.0,-1.6,0.0,0.0,-0.8,0.8,-0.8,0.8,-0.8,0.0,1.6,-0.8,0.8,-0.8,-0.8,1.6,-0.8,0.8,-0.8,0.0,2.4000000000000004,0.0,0.0,-0.8,0.8,-0.8,-0.8,0.0,0.0,0.0,-0.8,0.0,1.6,0.0,1.6,0.8,0.8,0.0,0.0,1.6,0.0,0.8,1.6,0.8,0.8,1.6,0.0,0.0,1.6,0.8,-0.8,0.0,0.8,0.0,0.8,0.8,0.8,-0.8,0.0,0.0,0.0,1.6,0.0,0.8,0.0,0.8,0.0,-2.4000000000000004,0.0,0.8,0.8,0.8,1.6,0.0,0.0,0.8,1.6,-0.8,2.4000000000000004,0.8,0.8,-0.8,1.6,0.8,-1.6,0.8,0.0,-0.8,1.6,-0.8,0.8,0.0,-0.8,1.6,0.0,0.8,0.0,0.0,1.6,-1.6,0.8,-0.8,0.8,0.0,-0.8,0.8,0.0,2.4000000000000004,0.8,-0.8,0.0,0.8,0.8,-0.8,-0.8,1.6,-0.8,1.6,0.0,0.8,0.8,-0.8,0.8,0.0,0.0,0.8,-1.6,0.8,-0.8,0.0,0.0,0.8,0.8,0.0,0.8,0.8,0.0,0.0,0.8,0.0,1.6,0.8,0.0,0.0,0.8,0.8,0.0,0.8,0.8,0.8,-0.8,0.8,0.8,0.0,1.6,0.8,1.6,0.8,0.0,0.0,0.8,0.0,0.0,0.0,1.6,-0.8,-0.8,0.0,0.0,0.8,0.0,0.0,0.8,1.6,0.0,0.0,1.6,0.8,0.8,0.0,0.0,0.8,0.0,0.0,0.0,0.0,0.0,0.8,0.0,-0.8,0.8,0.0,0.0,0.0,0.0,1.6,-0.8,0.8,0.0,-0.8,0.0,0.8,0.0,0.0,0.0,1.6,0.0,1.6,0.0,-0.8,1.6,-0.8,0.0,0.0,0.0,0.8,0.0,1.6,0.8,0.0,0.8,0.0,2.4000000000000004,-0.8,0.8,0.0,-0.8,0.8,-0.8,0.8,0.8,0.8,2.4000000000000004,1.6,1.6,0.8,-0.8,0.8,0.8,2.4000000000000004,0.0,0.8,2.4000000000000004,0.0,0.8,0.0,0.0,0.0,-0.8,1.6,0.0,-1.6,0.8,1.6,0.0,0.0,0.8,1.6,0.0,0.8,-0.8,0.8,0.0,0.8,-0.8,0.8,0.8,0.8,-0.8,0.8,1.6,0.0,0.8,0.8,0.0,0.8,-0.8,0.8,-0.8,0.0,0.8,0.0,0.0,0.0,0.8,-1.6,-1.6,2.4000000000000004,0.0,0.0,1.6,0.0,1.6,0.8,0.0,0.0,0.8,-0.8,-0.8,0.0,1.6,0.0,-0.8,-0.8,1.6,2.4000000000000004,0.0,-0.8,-0.8,0.0,0.0,0.0,0.8,0.8,1.6,0.8,0.0,2.4000000000000004,-0.8,0.0,0.8,-0.8,0.0,0.0,0.8,0.0,0.0,0.8,0.0,1.6,0.0,0.8,2.4000000000000004,-0.8,0.8,-1.6,0.8,0.8,0.8,1.6,0.8,0.8,1.6,0.0,2.4000000000000004,-0.8,0.8,0.8,-1.6,0.8,0.0,0.8,1.6,0.0,1.6,-0.8,0.0,0.0,-0.8,0.0,0.0,0.0,0.8,-0.8,0.8,0.0,0.8,0.8,0.0,0.0,0.0,1.6,-1.6,0.8,1.6,-0.8,0.0,0.0,0.0,0.0,0.8,0.0,0.8,-0.8,-1.6,1.6,0.8,0.0,0.0,0.8,0.8,-0.8,1.6,0.0,0.0,0.0,0.8,0.0,0.0,0.0,0.8,1.6,0.8,0.0,0.8,0.8,0.0,0.0,-0.8,1.6
event_34,1625266779.8780422,0.8,-1.6,0.8,-0.8,0.0,-0.8,-0.8,1.6,0.8,-0.8,-1.6,0.0,0.8,-0.8,-0.8,-0.8,0.8,0.8,-0.8,0.0,0.0,0.8,0.8,0.8,0.0,-1.6,1.6,0.8,0.0,-0.8,0.8,0.8,0.0,0.0,0.8,1.6,0.0,0.0,0.0,-1.6,0.0,0.8,0.0,0.0,0.0,1.6,0.0,0.8,-0.8,0.0,0.0,-0.8,0.0,0.0,1.6,0.8,-0.8,0.8,1.6,0.0,0.8,0.8,0.8,0.0,0.0,0.0,0.0,1.6,0.0,0.8,0.8,0.0,0.0,0.0,0.0,0.0,-0.8,0.8,-0.8,0.0,0.8,0.0,0.0,0.8,-0.8,1.6,0.0,0.0,-0.8,0.0,0.8,0.0,1.6,-0.8,0.0,1.6,0.8,0.0,0.8,0.0,0.0,0.0,0.8,-15.2,-75.2,-91.2,-52.00000000000001,-20.0,-8.8,-4.0,-1.6,-4.0,-4.800000000000001,-4.800000000000001,-3.2,-2.4000000000000004,0.8,0.0,-1.6,0.0,-0.8,-0.8,0.0,0.0,1.6,0.0,-1.6,1.6,0.0,-0.8,1.6,0.0,-0.8,0.0,0.8,0.8,1.6,-1.6,-1.6,0.8,0.0,0.8,-0.8,0.8,1.6,-1.6,0.0,1.6,0.0,0.8,-0.8,-0.8,-0.8,0.8,-0.8,0.0,0.0,1.6,0.0,0.8,0.0,-2.4000000000000004,0.8,-0.8,0.0,0.8,0.0,0.8,-0.8,0.8,0.8,-0.8,0.0,-0.8,0.8,-0.8,-0.8,0.0,-1.6,0.0,-2.4000000000000004,0.0,0.8,-0.8,0.8,0.8,0.0,0.0,-2.4000000000000004,0.0,0.0,0.0,0.0,-0.8,1.6,1.6,0.0,0.8,-0.8,0.8,-0.8,-0.8,0.0,-1.6,0.8,0.0,-0.8,0.8,0.0,0.8,0.0,0.8,0.0,0.8,-0.8,0.0,-0.8,-1.6,0.0,0.0,-1.6,0.0,0.0,0.8,1.6,0.8,0.0,0.0,1.6,1.6,-0.8,-0.8,0.8,0.0,0.0,1.6,0.0,-0.8,0.8,0.0,0.0,-0.8,0.8,0.0,0.0,0.8,0.0,0.0,0.8,0.0,-1.6,0.0,1.6,0.0,0.0,0.0,-0.8,0.0,0.8,-0.8,0.8,-0.8,0.8,-1.6,0.8,0.8,0.0,1.6,0.0,0.8,0.8,-0.8,1.6,-0.8,0.0,0.0,-0.8,0.0,0.0,1.6,0.0,0.8,0.8,-0.8,1.6,0.0,0.8,0.0,-0.8,0.8,0.8,0.8,1.6,0.8,1.6,-0.8,1.6,0.8,0.0,0.8,-0.8,0.8,0.8,0.0,1.6,0.0,1.6,-1.6,0.0,0.8,-0.8,-0.8,0.8,0.0,1.6,0.0,0.0,0.8,0.8,-0.8,0.0,0.8,-0.8,0.8,1.6,0.0,0.0,0.0,0.0,0.0,-0.8,0.0,-0.8,0.8,0.0,-0.8,0.0,0.0,0.8,0.8,-0.8,1.6,1.6,0.0,0.8,0.0,0.0,-0.8,0.0,-0.8,0.8,0.8,0.0,-0.8,0.0,0.8,-0.8,0.8,-0.8,-0.8,1.6,0.0,0.0,0.0,0.0,0.8,0.0,2.4000000000000004,0.8,0.0,0.8,0.0,0.8,-0.8,0.0,0.0,0.0,0.0,0.0,0.0,0.0,-0.8,1.6,0.0,0.8,0.0,0.0,0.8,0.0,2.4000000000000004,0.0,0.0,0.8,0.0,0.8,0.0,0.8,0.0,-1.6,1.6,-0.8,0.8,0.0,0.8,1.6,-0.8,0.8,-0.8,0.0,0.8,-1.6,1.6,0.0,0.0,0.0,-1.6,0.8,0.0,0.0,0.8,0.0,0.0,0.0,0.8,0.0,-0.8,0.8,-0.8,0.8,0.0,0.0,0.8,-1.6,0.8,0.8,0.0,0.0,-0.8,0.8,-1.6,-1.6,1.6,0.0,0.8,0.8,0.0,0.0,-1.6,-0.8,0.0,1.6,0.0,-0.8,0.8,0.8,0.0,0.0,-0.8,0.0,0.0,-0.8,0.0,0.8,0.0,0.0,0.8,0.8,0.0,0.0,-0.8,0.0,0.8,-0.8,-0.8,0.0,0.0,0.8,0.8,-0.8,0.8,0.8,0.8,0.0,0.0,0.8,-1.6,0.0,0.0,0.8,0.0,0.0,0.8,0.0,0.8,1.6,0.8,0.8,0.8,0.0,0.0,0.0,-0.8,0.0,0.0,0.0,0.0,0.8,-0.8,0.0,0.8,0.8,1.6,0.8,0.8,0.0,0.8,1.6,-0.8,0.8,0.8,0.0,1.6,0.0,-0.8,0.8,0.0,1.6,0.0,0.0,1.6,0.0,0.8,0.0,0.0,-0.8,0.0,1.6,-0.8,0.8,0.0,0.0,0.0,0.0,0.8,0.0,0.8,0.0,-1.6,0.8,0.0,0.0,0.8,-0.8,1.6,0.0,0.0,0.0,-1.6,0.8,-0.8,0.0,0.0,-0.8,0.0,-0.8,0.8,0.8,-0.8,-0.8,1.6,1.6,-0.8,0.0,0.0,0.8,-0.8,0.8,-0.8,0.0,0.0,0.8,0.0,0.8,0.0,0.8,0.8,0.0,0.0,0.8,1.6,0.8,2.4000000000000004,0.0,0.8,0.0,0.0,0.0,0.8,0.8,0.0,0.0,1.6,0.8,0.8,0.8,0.0,0.8,-0.8,0.8,0.8,-0.8,0.8,-1.6,0.0,0.8,0.0,0.8,0.0,0.0,-0.8,0.0,1.6,-0.8,1.6,0.8,0.0,0.0,-1.6,0.8,0.0,0.8,0.0,0.0,0.0,0.0,0.8,0.0,-0.8,0.0,0.0,0.0,0.8,0.0,0.0,0.8,0.0,0.0,0.0,0.8,0.0,0.0,0.0,0.8,0.8,0.0,0.0,-0.8,0.8,0.8,-0.8,0.8,0.8,0.0,0.8,0.0,1.6,0.0,0.0,0.8,0.8,0.0,0.0,0.0,0.0,-0.8,0.8,0.0,0.8,0.0,0.0,0.8,0.8,0.0,-0.8,0.8,0.8,2.4000000000000004,0.8,0.0,0.8,0.8,0.8,1.6,0.8,0.0,0.0,-0.8,0.0,1.6,0.0,0.8,0.8,0.8,0.0,0.8,0.0,0.8,-0.8,0.0,0.8,0.8,-0.8,-0.8,0.8,0.8,0.0,0.8,0.0,0.8,1.6,0.8,0.0,0.0,0.8,0.0,-0.8,0.0,2.4000000000000004,0.8,-0.8,0.8,-0.8,-0.8,0.0,-0.8,0.8,1.6,0.0,0.8,-0.8,0.0,1.6,0.0,1.6,-1.6,0.0,0.0,0.8,0.0,-0.8,0.0,0.0,0.8,1.6,-0.8,0.0,0.0,0.0,0.8,-1.6,1.6,0.0,0.8,-0.8,0.0,0.8,-0.8,0.0,1.6,-1.6,0.0,-0.8,0.8,0.8,0.0,1.6,0.0,0.8,0.8,0.8,1.6,-1.6,0.8,0.0,0.8,1.6,0.8,1.6,0.8,0.8,0.0,0.0,0.0,0.0,0.8,-0.8,0.8,0.8,0.0,1.6,2.4000000000000004,0.0,-0.8,0.8,-0.8,-0.8,0.0,0.8,-0.8,0.8,0.0,-1.6,0.0,0.0,0.0,0.8,0.8,0.0,2.4000000000000004,0.8,-0.8,0.8,0.0,0.8,0.0,0.0,0.0,0.8,0.0,0.0,0.0,-0.8,-0.8,0.0,0.0,0.0,0.8,-0.8,1.6,0.8,0.8,0.0,0.0,-0.8,-0.8,0.8,0.8,0.0,0.8,0.0,0.8,0.8,0.8,0.0,-1.6,0.8,0.0,0.8,0.0,0.0,0.8,0.0,0.8,0.8,-0.8,0.8,0.0,-0.8,-1.6,-0.8,0.8,0.0,2.4000000000000004,-0.8,0.0,0.8,0.0,0.8,0.0,0.0,0.0,-2.4000000000000004,0.8,0.0,1.6,0.8,-0.8,0.8,0.8,0.8,2.4000000000000004,0.0,0.8,-0.8,-0.8,0.0,0.0,0.0,0.8,0.8,0.8,0.0,0.0,-0.8,0.0,0.0,0.0,0.8,0.8,-0.8,0.0,0.8,0.8,0.0,0.0,-0.8,0.0,0.0,0.0,0.0,0.8,-0.8,0.0,0.0,0.8,1.6,0.0,0.0,0.8,-0.8,0.0,0.0,0.8,0.8,0.8,0.0,0.0,0.0,0.8,0.8,0.0,0.8,0.0,-0.8,0.0,0.8,0.0,0.8,0.0,0.8,0.8,1.6,1.6,-0.8,0.8,1.6,-0.8,0.0,0.0,0.8,0.8,0.0,0.8,0.0,-0.8,0.8,0.0,0.0,-0.8,0.0,0.0,0.0,0.0,0.0,1.6,0.8,-0.8,1.6,0.8,0.0,-0.8,1.6,0.0,0.8,0.0,0.0,1.6,1.6,-0.8,1.6,-0.8,0.0,-0.8,0.0,0.8,0.0,0.0,1.6,-0.8,0.8,0.0,0.0,0.0,0.0,0.8,1.6,-0.8,0.8,-0.8,0.0,0.0,0.8,1.6,0.0,0.8,-0.8,0.0,0.8,0.8,-0.8,0.8,0.0,0.8,0.0,0.0,1.6,0.8,0.0,0.0,0.8,1.6,0.0,-0.8,0.8,1.6,0.0,-0.8,0.8,1.6,-2.4000000000000004,1.6,0.8,-0.8,-3.2,2.4000000000000004,1.6,-1.6,2.4000000000000004,1.6,-1.6,0.8,0.0,0.8,0.0,-0.8,1.6,0.8,0.0,0.8,1.6,1.6,0.8,0.8,-0.8,1.6,0.8,-1.6,0.8,0.8,1.6,0.0,-1.6,0.0,0.8,0.0,0.0,0.0,0.8,-0.8,0.8,0.8,0.8,2.4000000000000004,-0.8,1.6,0.8,0.8,0.0,0.8,0.8,0.0,0.0,0.8,-0.8,0.8,-0.8,0.8,0.8,0.0,0.0,0.0,0.0,1.6,-1.6,0.8,-0.8,0.8,1.6,-1.6,0.8,0.0,1.6,0.0,-0.8,0.0,0.0,1.6,0.0,-0.8,-0.8,0.0,0.8,-1.6,2.4000000000000004,1.6,-1.6,0.0,0.0,0.0,-0.8,0.0,2.4000000000000004,0.0,0.8,0.8,0.0,0.8,0.8,-0.8,0.0,0.0,-1.6,-0.8,1.6,0.0,0.0,0.8,1.6,0.8,0.8,0.0,-0.8,0.0,0.0,0.0,0.8,0.0,0.8,-0.8,-0.8,1.6,-0.8,0.0,0.8,1.6,0.8,-1.6,1.6,0.8,0.8,0.8,0.0,0.8,0.0,1.6,0.0,0.0,0.8,-1.6,0.0,0.0,1.6,0.8,0.0,0.8,0.0,0.0,1.6,-0.8,0.8,-0.8,0.0,0.0,-1.6,0.8,0.8,0.8,0.8,-1.6,0.8,-0.8,0.8,0.0,-0.8,0.0,0.0,0.8,-0.8,0.0,1.6,0.0,0.8,0.0,0.0,2.4000000000000004,0.0,0.0,0.0,0.8,1.6,-1.6,0.8,-0.8,0.0,1.6,0.8,0.8,-1.6,0.0,0.8,0.0,0.0,-0.8,0.8,0.8,0.8,0.8,-0.8,0.8,-0.8,-0.8,0.8,0.0,0.0,0.0,0.8,0.8,-0.8,2.4000000000000004,0.0,0.0,0.8,0.0,-0.8,0.0,0.8,0.0,-0.8,1.6,0.0,0.8,0.0,-0.8,0.8,-0.8,0.0,0.0,0.8,0.8,-1.6,0.0,0.8,0.0,0.8,0.0,1.6,0.0,0.0,-0.8,1.6,0.8,0.0,0.8,0.8,1.6,0.0,0.8,0.0,0.0,0.0,-1.6,0.8,0.8,0.0,0.8,0.8,0.8,0.0,0.0,0.0,0.8,-0.8,0.8,0.0,1.6,0.0,0.8,0.0,1.6,0.8,0.0,0.8,0.0,0.8,1.6,-0.8,0.8,0.0,1.6,-0.8,-0.8,1.6,0.0,0.0,0.0,0.0,0.8,0.8,0.0,0.0,0.0,0.8,-0.8,0.0,0.8,0.0,0.8,1.6,0.0,-0.8,0.8,2.4000000000000004,0.0,0.0,0.8,0.8,1.6,0.0,-0.8,0.8,0.0,0.0,0.0,0.8,0.8,0.8,0.0,0.8,1.6,0.0,0.8,0.0,-0.8,1.6,-0.8,-0.8,0.8,0.0,0.8,0.0,2.4000000000000004,-2.4000000000000004,0.8,1.6,-1.6,0.8,0.8,-0.8,-0.8,0.8,0.0,0.8,0.8,0.0,0.8,1.6,0.0,0.0,0.0,0.8,-0.8,1.6,0.8,0.8,0.8,0.0,0.8,-0.8,0.0,1.6,-0.8,1.6,0.0,1.6,0.8,-1.6,1.6,0.0,0.8,0.8,-0.8,1.6,1.6,0.0,0.8,0.0,1.6,-0.8,1.6,0.8,1.6,0.8,-1.6,0.8,0.8,-0.8,0.8,-0.8,0.8,0.8,1.6,1.6,-0.8,1.6,0.8,0.8,0.8,-1.6,-0.8,0.0,2.4000000000000004,1.6,-0.8,0.8,0.8,1.6,0.8,0.0,0.0,0.0,1.6,0.0,0.8,2.4000000000000004,0.8,1.6,0.8,1.6,1.6,-1.6,0.8,0.8,0.0,1.6,0.0,0.8,0.8,-0.8,0.8,2.4000000000000004,1.6,0.8,0.8,0.8,0.0,0.0,1.6,0.8,1.6,0.8,1.6,2.4000000000000004,0.8,-0.8,1.6,0.0,0.8,0.0,0.0,0.8,0.0,0.8,0.8,1.6,1.6,-0.8,0.8,0.0,0.0,0.0,0.8,0.0,0.8,0.8,-0.8,0.8,1.6,0.0,0.0,0.8,0.0,1.6,0.8,1.6,0.8,0.0,0.8,-0.8,0.8,0.8,0.8,0.0,0.0,0.0,-1.6,-0.8,0.0,0.8,0.8,-0.8,1.6,0.8,0.8,1.6,-0.8,1.6,0.0,-0.8,0.8,0.8,1.6,0.8,0.8,2.4000000000000004,0.0,0.8,0.0,-1.6,0.8,-0.8,0.0,0.8,1.6,1.6,0.0,0.8,0.8,0.0,0.8,0.8,1.6,0.0,0.0,-0.8,0.0,0.8,0.0,0.8,0.8,-0.8,0.8,0.0,0.8,0.0,-0.8,0.8,0.0,2.4000000000000004,0.8,0.8,1.6,0.0,0.8,0.8,0.0,0.8,-0.8,0.0,0.0,0.0,0.0,0.8,1.6,0.8,-0.8,0.8,-0.8,0.8,-0.8,0.0,0.8,0.0,0.8,-0.8,0.0,0.8,-0.8,0.8,0.0,0.0,1.6,0.8,0.0,-0.8,0.0,-0.8,0.0,-0.8,0.8,0.8,0.0,0.8,-0.8,-0.8,0.0,0.0,0.8,-0.8,0.8,0.8,0.8,0.8,0.0,0.0,-0.8,-0.8,0.0,-0.8,1.6,0.8,0.0,0.0,0.8,0.8,0.8,0.0,0.8,0.0,0.0,-1.6,0.8,0.0,0.0,1.6,-0.8,0.8,0.0,-0.8,0.8,0.0,1.6,-1.6,0.8,0.0,-1.6,0.0,-1.6,1.6,0.8,0.0,1.6,0.0,0.8,-1.6,0.0,1.6,-0.8,0.0,-0.8,0.8,0.8,-1.6,0.0,0.8,0.8,0.8,0.8,0.0,0.0,0.0,2.4000000000000004,-0.8,0.8,0.0,-0.8,0.0,0.8,1.6,1.6,0.0,1.6,-1.6,0.8,0.0,0.8,0.0,0.0,0.8,0.8,1.6,0.8,0.0,0.0,0.8,0.0,0.0,-0.8,0.8,0.8,0.0,0.0,-1.6,-1.6,0.8,0.0,0.8,0.0,0.0,1.6,0.0,0.8,0.8,-0.8,0.0,-0.8,0.0,0.8,2.4000000000000004,1.6,0.8,0.0,0.8,1.6,0.8,0.8,-0.8,0.0,0.8,0.0,0.0,0.8,0.8,0.8,0.0,0.0,0.0,0.0,0.8,0.8,-0.8,0.0,0.0,0.0,0.8,-0.8,0.0,0.8,0.0,0.0,0.8,1.6,-0.8,-0.8,3.2,-0.8,-1.6,0.8,1.6,-1.6,1.6,1.6,-0.8,-0.8,0.0,0.8,0.8,-1.6,0.0,0.8,1.6,0.8,-0.8,0.0,0.0,0.0,0.0,-0.8,1.6,-0.8,0.8,0.0,-0.8,0.8,0.0,0.8,0.8,-0.8,1.6,0.0,0.8,0.0,0.0,1.6,-0.8,0.0,-1.6,-0.8,0.0,-0.8,0.0,0.0,0.8,0.0,0.8,0.0,0.8,0.8,0.8,0.8,0.8,0.0,0.0,1.6,-0.8,-0.8,0.0,0.8,0.8,0.0,0.0,1.6,0.0,0.8,-0.8,0.0,0.8,-0.8,0.0,0.8,0.8,1.6,0.0,0.8,1.6,1.6,0.0,0.0,1.6,0.0,-0.8,-0.8,0.8,0.8,-0.8,0.0,1.6,0.0,0.8,0.8,0.8,0.8,-1.6,0.8,-0.8,1.6,-0.8,0.0,0.8,0.8,0.8,2.4000000000000004,0.0,1.6,-0.8,0.0,0.0,0.0,-0.8,1.6,1.6,0.8,0.0,0.8,0.0,0.0,-0.8,0.8,0.0,0.0,0.8,0.0,0.0,1.6,0.0,1.6,2.4000000000000004,0.8,0.8,0.0,0.0,0.8,0.8,0.8,-0.8,0.0,0.0,1.6,0.0,0.0,0.8,0.0,0.8,0.0,0.0,0.0,0.0,0.8,0.8,0.8,0.8,0.0,1.6,-0.8,-0.8,0.0,1.6,0.8,0.0,0.0,0.8,0.0,0.0,0.0,-0.8,0.0,0.0,0.0,0.0,1.6,0.0,0.8,0.0,0.0,0.8,0.8,1.6,1.6,0.8,0.0,0.8,0.0,-0.8,0.0,0.8,1.6,0.0,-0.8,0.8,0.8,0.8,-0.8,0.8,1.6,1.6,0.8,0.8,1.6,1.6,-1.6,1.6,0.0,0.0,0.0,-1.6,0.8,-0.8,0.0,2.4000000000000004,-1.6,0.8,0.8,0.0,0.0,0.0,0.8,0.0,0.0,1.6,-0.8,0.8,0.8,0.0,-0.8,0.8,1.6,-0.8,3.2,0.8,-0.8,0.8,-1.6,0.8,0.8,-0.8,1.6,0.0,0.0,0.8,-0.8,0.0,-2.4000000000000004,2.4000000000000004,0.0,0.0,1.6,0.0,1.6,1.6,0.8,1.6,0.8,1.6,-1.6,-0.8,1.6,0.0,0.8,0.0,1.6,0.8,0.8,0.0,-1.6,0.8,0.0,-0.8,0.0,0.8,1.6,0.0,0.8,2.4000000000000004,-0.8,0.0,0.0,0.0,0.0,0.0,0.8,0.0,0.8,0.0,0.0,2.4000000000000004,0.0,0.8,1.6,0.8,0.0,0.0,0.8,0.0,1.6,0.0,0.8,1.6,0.0,0.8,0.8,0.0,0.8,0.0,0.8,-0.8,0.8,0.0,1.6,1.6,0.0,0.8,0.0,-0.8,0.0,-0.8,0.0,0.0,0.0,0.0,0.0,0.8,0.8,0.0,0.8,0.0,0.0,0.0,0.8,0.0,0.0,0.8,-0.8,0.8,0.0,0.0,0.0,-1.6,0.8,-0.8,-0.8,0.8,-1.6,0.8,0.0,0.0,0.8,-0.8,1.6,-0.8,0.0,1.6,-0.8,0.0,0.0,1.6,0.0,-0.8,1.6,0.8,0.8,1.6,0.0,0.0,1.6,0.0,0.0,-0.8,0.8,0.8,0.0,0.8,0.8,1.6,0.8,0.0,-0.8,-1.6,-0.8,0.8,0.0,0.0,0.8,0.8,0.8,0.0,0.8,0.8,0.8,0.0,0.0,0.8,0.8,1.6,0.0,0.8,0.8,1.6,-0.8,0.0,0.0,0.8,0.0,0.8,-1.6,0.8,0.8,0.8,1.6,1.6,0.0,0.0,-0.8,0.8,-0.8,1.6,0.8,0.8,0.8,0.8,0.0,0.8,0.8,1.6,0.0,0.8,0.8,0.8,0.8,-0.8,0.0,0.8,-0.8,0.8,0.8,0.8,0.0,-0.8,-0.8,0.0,0.8,0.8,0.8,1.6,0.8,0.8,0.0,0.0,0.8,-0.8,0.8,-0.8,-0.8,0.8,0.8,0.8,0.0,0.0,1.6,0.0,0.8,0.0,-0.8,1.6,0.8,0.8,0.0,0.8,0.8,-0.8,0.0,0.8,0.0,0.8,0.8,1.6,0.0,0.0,0.0,0.8,0.8,0.0,0.0,0.8,0.0,0.8,0.0,0.8,0.8,0.0,1.6,0.0,1.6,0.0,0.0,0.8,0.8,0.0,1.6,0.0,1.6,0.8,0.0,0.8,-0.8,0.0,0.8,0.8,1.6,0.0,1.6,0.8,0.0,0.8,0.0,0.0,0.8,0.0,0.0,-0.8,0.0,0.8,0.8,1.6,-0.8,2.4000000000000004,0.0,-0.8,1.6,0.0,0.8,0.8,0.0,0.8,-0.8,0.8,0.0,0.0,0.0,0.0,1.6,0.0,0.0,0.0,0.0,0.8,0.8,0.8,0.8,0.0,0.0,-1.6,0.0,2.4000000000000004,0.8,0.8,-0.8,0.8,0.8,0.0,0.8,-0.8,0.8,1.6,-0.8,0.0,0.0,0.8,0.0,0.0,1.6,-0.8,0.0,0.0,0.0,0.0,-0.8,1.6,0.0,-0.8,0.0,0.0,0.8,0.8,0.8,1.6,0.0,0.8,0.0,0.8,0.8,2.4000000000000004,0.0,-0.8,1.6,1.6,0.8,1.6,0.0,0.8,0.0,-1.6,0.0,-0.8,0.0,0.8,0.0,0.8,-1.6,0.0,0.0,0.8,-1.6,0.8,1.6,0.8,-0.8,0.0,0.8,0.8,0.0,0.0,0.8,0.8,1.6,0.0,0.0,0.0,0.0,0.8,-0.8,0.8,0.8,0.8,0.8,0.0,0.0,-0.8,0.8,-0.8,0.8,0.0,0.8,0.8,-0.8,2.4000000000000004,1.6,0.0,2.4000000000000004,-1.6,0.0,0.8,0.8,0.8,-0.8,0.8,0.8,0.0,0.8,-0.8,0.0,0.0,0.0,-0.8,0.0,1.6,0.0,0.0,0.8,0.0,0.0,-1.6,0.8,0.8,-0.8,0.0,-1.6,0.0,-0.8,0.0,1.6,-0.8,1.6,0.0,0.8,0.0,-0.8,1.6,-1.6,1.6,1.6,-0.8,1.6,-0.8,2.4000000000000004,0.0,0.0,1.6,0.0,0.8,-1.6,0.8,1.6,0.8,1.6,0.0,0.0,0.8,0.0,0.0,0.8,0.8,0.8,-0.8,1.6,0.0,0.0,0.0,0.8,0.8,0.0,0.0
event_35,1625266782.0341656,0.8,0.0,-0.8,0.0,0.8,0.8,0.8,-0.8,1.6,0.8,0.8,1.6,0.0,0.8,0.8,0.0,-0.8,-0.8,1.6,1.6,-0.8,0.0,0.8,1.6,0.8,-0.8,0.0,0.8,0.8,0.0,-0.8,0.8,1.6,0.8,0.8,0.8,1.6,0.8,0.8,1.6,0.0,0.8,0.8,0.8,0.0,-0.8,0.8,0.8,1.6,0.0,0.8,0.0,0.0,0.8,1.6,0.8,1.6,0.0,0.8,1.6,0.8,0.0,0.0,0.8,0.8,-0.8,1.6,0.0,1.6,0.0,0.8,1.6,0.8,0.8,0.8,0.8,1.6,0.8,0.8,0.8,0.8,0.0,-0.8,0.0,0.8,0.8,0.8,0.0,0.0,0.0,1.6,0.0,1.6,1.6,-0.8,1.6,-0.8,0.0,0.8,0.0,1.6,0.8,-0.8,-32.0,-92.80000000000001,-80.80000000000001,-40.0,-14.400000000000002,-8.0,-4.0,-1.6,-5.6,-5.6,-3.2,-5.6,-2.4000000000000004,0.8,0.0,0.0,0.0,1.6,0.0,-0.8,0.8,0.0,-1.6,0.8,0.0,-1.6,-1.6,1.6,0.8,0.8,0.0,0.8,1.6,0.0,-0.8,0.8,-0.8,-0.8,0.8,0.0,2.4000000000000004,-0.8,-0.8,2.4000000000000004,1.6,1.6,0.0,0.0,1.6,-0.8,0.8,0.0,1.6,0.8,0.0,1.6,0.0,0.8,0.8,-0.8,2.4000000000000004,0.0,0.8,0.0,0.8,0.0,0.0,1.6,0.0,-1.6,1.6,-0.8,0.8,0.0,0.0,1.6,0.0,-0.8,0.0,0.8,0.8,-0.8,1.6,0.0,0.0,1.6,0.8,0.0,0.8,0.0,0.8,0.0,-0.8,0.8,2.4000000000000004,-1.6,-1.6,2.4000000000000004,-0.8,-1.6,0.8,0.8,0.0,0.0,0.0,0.0,1.6,0.0,-0.8,2.4000000000000004,0.0,-1.6,0.8,0.8,1.6,-0.8,0.0,1.6,1.6,0.0,-0.8,0.0,2.4000000000000004,-0.8,-0.8,0.0,0.8,0.8,-0.8,-0.8,2.4000000000000004,0.8,0.0,0.0,0.8,0.0,0.0,0.8,0.0,0.0,-0.8,0.8,0.8,0.0,0.8,0.0,0.8,0.0,0.0,1.6,0.8,0.8,1.6,0.8,0.8,0.8,-1.6,0.8,0.0,0.0,0.8,0.0,0.0,0.0,0.8,0.8,0.8,0.0,-0.8,0.0,-0.8,0.0,0.8,0.8,0.0,0.8,-0.8,0.0,0.0,0.0,0.8,0.0,1.6,-0.8,1.6,0.8,-0.8,1.6,0.0,0.0,-1.6,-0.8,1.6,-0.8,0.0,0.0,-0.8,0.0,-0.8,0.8,0.0,-1.6,0.8,0.0,0.8,0.0,-0.8,0.0,0.0,0.0,-0.8,0.8,1.6,-0.8,0.0,0.0,0.0,1.6,0.0,0.0,-0.8,1.6,-0.8,0.0,0.8,-0.8,0.8,1.6,-0.8,1.6,-0.8,0.0,0.0,0.8,0.0,-0.8,0.0,0.0,-0.8,0.8,0.0,1.6,0.0,0.8,0.8,0.8,1.6,-0.8,1.6,0.8,2.4000000000000004,1.6,-0.8,0.8,1.6,0.8,1.6,0.8,0.0,0.0,-0.8,0.0,0.0,0.8,1.6,1.6,0.8,0.0,0.8,0.0,0.8,-1.6,0.8,0.0,0.8,0.8,-0.8,0.8,0.0,0.8,0.0,-0.8,0.8,1.6,0.8,0.8,-0.8,0.8,0.0,0.0,0.0,0.0,0.8,0.0,0.8,-0.8,-0.8,0.8,-0.8,0.0,0.8,0.8,0.0,-0.8,1.6,0.8,0.0,0.8,-0.8,0.0,0.0,2.4000000000000004,0.8,-0.8,0.8,0.8,1.6,0.8,0.0,0.8,0.0,0.0,-0.8,0.0,0.8,0.0,0.8,1.6,0.8,0.8,-0.8,0.8,1.6,-0.8,0.0,-0.8,0.0,0.0,0.8,1.6,-0.8,2.4000000000000004,1.6,0.8,0.8,0.0,0.0,0.0,0.0,0.8,-0.8,1.6,0.8,0.8,0.0,-0.8,0.8,0.0,0.0,0.0,0.0,0.0,0.0,1.6,0.8,0.8,0.0,0.0,0.8,0.8,0.0,0.8,-0.8,0.8,0.0,0.0,0.0,-0.8,0.8,0.8,0.0,0.0,1.6,1.6,-0.8,0.8,1.6,-0.8,0.0,0.0,0.0,0.8,0.0,0.0,-0.8,0.0,-1.6,0.0,0.0,0.8,0.8,0.0,0.8,0.8,0.0,0.8,0.8,0.0,0.0,0.0,0.8,-0.8,0.0,-0.8,0.8,1.6,0.8,0.0,-0.8,0.0,0.0,0.8,0.8,1.6,1.6,0.8,0.0,0.8,0.0,0.0,0.0,0.8,-0.8,0.8,0.0,-0.8,0.8,-0.8,0.8,0.8,0.0,1.6,0.8,0.0,0.8,-0.8,0.8,0.0,1.6,0.0,0.0,1.6,0.8,1.6,1.6,0.0,0.8,-0.8,0.0,0.0,1.6,0.0,0.0,0.8,0.8,0.8,0.0,0.0,0.8,0.0,1.6,0.0,0.0,0.8,0.8,1.6,1.6,0.8,0.8,1.6,0.8,0.8,0.8,0.8,0.8,1.6,0.8,0.0,0.0,0.8,0.0,0.0,0.0,0.8,0.0,0.0,2.4000000000000004,0.8,0.0,0.8,0.8,0.0,0.8,0.0,-0.8,-0.8,-0.8,-0.8,1.6,1.6,0.8,1.6,0.8,1.6,0.8,0.8,0.8,0.0,0.0,0.8,0.0,-0.8,0.8,1.6,0.0,0.0,0.8,0.0,0.8,1.6,0.8,0.0,0.0,0.8,-0.8,0.0,-0.8,0.0,2.4000000000000004,-0.8,0.0,1.6,0.0,0.0,-2.4000000000000004,0.8,0.0,0.0,0.0,0.0,1.6,1.6,-0.8,1.6,-1.6,0.8,0.0,-0.8,1.6,0.0,0.8,2.4000000000000004,0.0,0.8,-0.8,0.8,0.8,0.8,0.8,0.0,0.0,1.6,0.0,0.0,-0.8,0.8,0.8,0.0,0.8,0.0,0.8,0.8,0.0,0.0,0.0,0.8,-0.8,0.0,1.6,0.8,-0.8,0.0,0.0,-0.8,0.0,0.8,-1.6,0.8,0.8,1.6,0.8,0.8,0.8,0.8,0.8,0.0,-0.8,0.0,0.8,0.8,0.8,0.8,0.0,0.0,0.8,-0.8,-1.6,0.8,0.0,0.0,0.8,1.6,0.8,0.0,0.0,2.4000000000000004,0.8,0.0,1.6,1.6,-0.8,0.0,-0.8,0.8,0.0,-0.8,0.0,0.8,0.8,0.8,0.0,0.8,0.0,0.0,0.0,0.8,1.6,-0.8,2.4000000000000004,0.0,1.6,0.8,0.8,0.8,0.0,0.8,0.8,0.0,0.0,0.0,2.4000000000000004,0.0,0.8,0.0,-0.8,0.0,0.0,0.0,1.6,-0.8,2.4000000000000004,0.0,-0.8,1.6,0.8,1.6,-0.8,0.0,-0.8,1.6,1.6,0.0,0.8,0.8,0.0,0.8,-0.8,2.4000000000000004,1.6,0.0,2.4000000000000004,-0.8,0.8,-0.8,0.0,0.8,-0.8,0.8,0.0,-0.8,1.6,0.0,0.8,0.8,0.0,0.0,-1.6,1.6,0.8,0.8,0.8,1.6,1.6,0.8,-0.8,0.0,0.0,0.8,-0.8,-0.8,0.0,0.0,0.8,0.8,1.6,-0.8,0.0,0.0,0.8,-0.8,0.0,0.8,0.0,0.8,0.0,0.0,0.8,-0.8,0.8,0.0,0.0,0.8,-0.8,0.8,0.8,0.8,0.0,0.8,0.8,0.8,-0.8,0.8,0.8,1.6,-0.8,0.8,-0.8,0.0,0.0,1.6,0.0,0.8,0.0,0.0,0.0,0.8,-0.8,1.6,-0.8,0.0,0.0,-1.6,0.0,0.0,0.8,0.8,0.0,0.0,0.8,0.0,0.0,-0.8,0.8,0.0,-0.8,0.0,-0.8,0.8,0.0,0.0,0.8,-0.8,0.0,1.6,0.0,0.0,0.0,0.8,-0.8,1.6,0.8,0.0,2.4000000000000004,-1.6,-1.6,1.6,0.0,1.6,0.0,0.8,0.0,-0.8,2.4000000000000004,-1.6,0.0,0.0,-1.6,0.8,-0.8,0.8,0.0,0.0,0.8,0.0,0.8,-0.8,0.8,0.0,-2.4000000000000004,3.2,0.0,-2.4000000000000004,1.6,0.0,-1.6,0.0,2.4000000000000004,0.0,-1.6,1.6,0.8,-0.8,-0.8,1.6,3.2,-0.8,-1.6,0.8,0.8,-0.8,0.0,0.8,0.8,0.0,-0.8,0.0,0.8,0.0,0.0,0.0,0.0,0.0,0.8,-0.8,0.8,-0.8,0.8,0.8,0.8,0.8,0.0,0.0,0.8,0.8,0.0,0.8,-0.8,0.8,0.8,0.0,0.0,0.0,2.4000000000000004,-0.8,0.0,0.0,-0.8,0.0,-0.8,0.0,-0.8,0.8,0.0,-0.8,0.8,0.0,0.0,0.0,0.8,1.6,0.0,0.0,0.0,-1.6,1.6,0.8,0.0,0.0,0.0,1.6,0.0,0.0,-0.8,0.0,0.0,-0.8,0.0,0.0,-0.8,1.6,0.0,0.0,0.8,0.0,0.8,0.0,0.0,0.0,0.0,0.0,-0.8,0.8,0.8,0.0,2.4000000000000004,-0.8,0.8,0.0,-0.8,0.0,-0.8,1.6,-0.8,1.6,0.8,0.0,0.0,0.0,0.0,0.8,0.0,0.0,0.0,0.0,0.8,0.8,0.8,1.6,0.8,0.8,0.0,0.0,0.0,0.0,-0.8,0.0,-1.6,0.8,0.0,0.0,0.8,0.8,0.0,0.8,0.8,0.8,1.6,0.0,0.8,0.8,0.0,0.8,0.0,0.0,1.6,0.8,-0.8,0.8,0.0,-0.8,0.8,0.0,1.6,0.0,0.8,1.6,-0.8,1.6,0.0,0.0,0.8,0.0,-0.8,-0.8,1.6,0.0,0.0,0.8,0.0,0.8,0.8,0.0,-0.8,0.8,0.8,-0.8,1.6,0.8,0.8,1.6,0.8,1.6,0.0,-0.8,1.6,0.0,0.8,0.0,0.0,0.8,-0.8,0.8,0.0,1.6,0.8,1.6,1.6,-0.8,1.6,0.0,0.0,0.8,0.8,1.6,0.8,0.8,2.4000000000000004,-0.8,0.8,0.8,0.0,0.0,-1.6,0.0,0.0,0.0,1.6,0.8,1.6,0.0,0.8,0.8,0.0,0.8,0.8,0.0,0.0,-0.8,0.0,0.0,1.6,0.0,-0.8,0.0,0.0,1.6,0.8,0.0,0.8,0.0,0.8,-0.8,0.0,0.8,0.8,0.0,0.8,0.0,-0.8,0.0,0.0,0.8,0.0,-0.8,1.6,0.8,0.0,0.8,0.0,1.6,0.0,0.0,0.0,0.8,1.6,-0.8,0.8,1.6,0.0,1.6,-0.8,0.0,-1.6,-0.8,0.0,-0.8,0.8,0.0,-0.8,1.6,0.0,0.8,0.0,0.0,0.8,-0.8,0.0,-0.8,0.8,0.0,0.8,2.4000000000000004,0.0,0.0,0.0,0.0,1.6,0.0,0.8,0.0,0.8,0.8,-0.8,0.0,0.8,0.8,0.8,0.8,0.8,0.0,-0.8,0.0,-1.6,1.6,0.0,1.6,0.8,0.8,0.0,0.0,-1.6,2.4000000000000004,-3.2,0.0,2.4000000000000004,0.0,0.0,-0.8,0.8,0.0,0.8,-0.8,0.0,0.8,0.0,1.6,0.8,-1.6,0.0,-0.8,0.8,-0.8,0.0,0.8,0.0,1.6,-1.6,-1.6,0.0,-0.8,0.0,0.0,0.0,0.8,-0.8,0.8,0.0,0.0,0.8,0.0,-0.8,0.0,0.8,0.8,-0.8,0.0,0.0,0.0,0.0,-0.8,0.0,0.8,0.0,-0.8,0.0,0.0,0.8,0.0,0.0,0.8,0.0,-0.8,0.8,0.0,0.8,-0.8,0.0,-0.8,0.0,0.0,-0.8,0.8,0.0,0.0,0.8,0.0,0.0,-0.8,0.8,0.8,0.0,0.8,0.0,2.4000000000000004,0.0,-0.8,2.4000000000000004,0.0,1.6,0.0,0.0,0.0,-0.8,0.8,0.8,0.8,0.0,-0.8,0.8,-0.8,1.6,0.8,0.0,0.0,0.8,0.0,0.8,-0.8,0.8,0.0,0.0,0.8,-0.8,2.4000000000000004,0.8,0.0,0.8,0.0,0.8,-1.6,0.0,0.8,0.0,-0.8,0.0,0.8,-2.4000000000000004,0.0,1.6,0.8,-0.8,0.0,2.4000000000000004,0.8,-0.8,0.8,0.0,1.6,0.0,-1.6,2.4000000000000004,2.4000000000000004,0.8,0.0,0.0,1.6,0.0,0.0,1.6,0.8,0.8,0.0,0.0,0.8,-0.8,0.8,0.8,0.0,0.8,0.0,0.0,0.0,0.8,0.8,0.0,1.6,0.0,0.0,0.0,0.0,1.6,0.0,0.8,0.8,-0.8,0.8,0.0,0.0,0.0,1.6,0.8,1.6,0.8,1.6,0.0,0.8,0.0,0.8,0.8,0.0,0.0,0.0,-0.8,0.8,0.8,0.8,0.0,0.0,0.8,0.8,0.0,0.8,-0.8,0.0,0.0,0.0,0.0,-0.8,-0.8,-0.8,0.8,-1.6,0.8,0.8,-0.8,0.8,0.8,0.0,0.0,-0.8,0.0,0.8,0.0,0.8,-0.8,-0.8,0.8,0.8,0.0,0.0,0.8,0.0,0.8,0.8,-1.6,0.0,-0.8,-0.8,-0.8,-0.8,0.0,0.0,0.8,0.0,1.6,0.8,0.8,1.6,-0.8,0.8,1.6,-0.8,1.6,0.8,0.8,1.6,0.0,1.6,0.8,0.0,0.8,0.8,0.0,0.0,0.0,0.8,0.0,0.0,0.8,1.6,0.8,-0.8,1.6,1.6,2.4000000000000004,0.0,0.8,0.8,1.6,0.0,0.0,1.6,0.8,-0.8,2.4000000000000004,0.8,0.0,0.8,-0.8,-0.8,0.8,0.0,1.6,0.8,0.8,0.8,0.0,0.0,0.8,0.0,1.6,0.0,0.8,0.8,-1.6,-0.8,0.0,0.8,0.8,-0.8,0.0,1.6,0.8,0.8,0.0,0.8,0.0,-0.8,0.0,0.0,0.8,-0.8,1.6,0.8,-0.8,0.8,-0.8,1.6,-0.8,0.8,1.6,0.0,1.6,-0.8,0.0,0.8,-1.6,0.0,-0.8,1.6,0.0,-0.8,1.6,-1.6,0.8,0.0,-0.8,0.0,0.0,0.8,-0.8,0.0,1.6,0.8,0.0,0.0,0.0,0.0,0.0,0.8,0.0,0.0,0.0,-0.8,0.0,-0.8,-0.8,0.8,0.8,0.0,-0.8,0.8,0.0,0.8,-0.8,0.0,0.8,1.6,0.8,0.0,0.8,0.8,-0.8,1.6,0.0,0.8,0.0,0.0,0.0,-0.8,0.0,1.6,-0.8,0.0,0.8,0.0,-0.8,0.8,0.8,0.8,-0.8,3.2,0.8,-3.2,2.4000000000000004,1.6,-3.2,0.0,1.6,-0.8,0.8,0.0,0.0,0.8,0.0,-0.8,0.0,0.0,-0.8,0.0,0.0,0.8,0.0,-1.6,0.0,1.6,-0.8,0.8,0.0,0.8,0.0,0.0,0.8,0.8,0.8,0.8,-1.6,0.8,0.8,1.6,0.0,-0.8,0.8,0.0,1.6,-0.8,-0.8,0.8,0.0,0.0,0.0,1.6,1.6,-0.8,1.6,0.0,0.0,-0.8,-1.6,1.6,0.0,0.0,1.6,-1.6,1.6,-0.8,0.0,0.8,-0.8,1.6,0.0,0.0,0.0,-1.6,0.8,-0.8,1.6,0.8,0.0,2.4000000000000004,-0.8,0.8,0.8,-0.8,0.8,-1.6,0.0,-0.8,-0.8,0.0,0.0,0.8,0.8,0.0,0.0,-1.6,0.8,-0.8,-0.8,0.0,0.0,0.0,-0.8,0.0,0.8,0.0,0.0,0.8,0.8,0.0,0.0,0.0,0.0,0.8,0.0,0.8,0.8,0.0,0.8,0.0,0.0,0.0,-1.6,-0.8,0.0,0.0,-0.8,0.8,0.0,-0.8,0.8,-0.8,0.0,0.8,-1.6,0.0,0.0,1.6,0.8,0.0,0.8,0.8,1.6,0.8,0.8,-0.8,0.0,0.0,-0.8,0.8,0.0,0.0,0.8,-0.8,1.6,0.8,-0.8,0.0,0.0,0.0,0.0,0.8,0.8,-0.8,1.6,-0.8,1.6,0.0,0.0,0.8,0.0,0.0,-0.8,1.6,0.8,0.8,0.0,0.8,0.0,0.0,-1.6,1.6,0.0,0.0,0.0,0.0,0.8,0.0,0.0,1.6,0.8,1.6,-0.8,0.8,-0.8,0.0,0.0,0.8,0.8,0.8,-0.8,0.0,-0.8,0.0,0.0,0.0,0.8,-0.8,1.6,0.8,0.0,0.0,-0.8,0.8,0.0,0.8,1.6,0.8,0.0,0.0,-0.8,0.8,0.0,0.8,0.8,0.0,1.6,0.8,0.0,0.8,0.0,0.0,0.8,-0.8,0.0,0.0,1.6,0.8,0.0,0.8,0.8,0.8,0.8,-0.8,0.0,0.8,0.0,-0.8,0.0,0.0,0.0,0.8,0.0,0.0,0.8,0.0,0.0,0.8,-0.8,-0.8,0.0,0.8,-0.8,0.0,0.0,0.8,0.8,0.0,0.8,0.8,0.0,0.8,0.8,0.8,0.8,-0.8,0.0,0.0,0.8,0.8,0.8,0.0,0.8,0.0,-0.8,0.8,0.0,-0.8,0.8,1.6,0.0,0.0,0.0,-1.6,0.8,0.0,-0.8,0.0,0.8,-0.8,0.0,0.8,0.0,0.8,0.8,0.0,0.0,1.6,0.8,0.0,1.6,0.0,0.0,0.0,-0.8,1.6,0.8,-1.6,1.6,-1.6,0.0,0.0,-0.8,0.0,-1.6,0.8,0.0,0.0,0.8,0.0,-0.8,1.6,-0.8,-0.8,-0.8,0.8,0.8,-1.6,0.0,0.0,0.0,0.8,-0.8,-0.8,0.8,0.8,-1.6,0.0,0.0,0.8,-0.8,0.0,1.6,0.0,-0.8,0.8,1.6,-0.8,0.0,2.4000000000000004,0.0,0.0,-0.8,0.0,1.6,-0.8,1.6,1.6,-0.8,0.0,0.0,0.8,-0.8,2.4000000000000004,-0.8,0.0,2.4000000000000004,-0.8,0.8,0.8,-0.8,0.8,-1.6,0.0,-1.6,0.8,0.0,0.0,0.8,-0.8,-1.6,0.0,-0.8,1.6,-1.6,0.0,0.0,0.8,0.8,-0.8,0.8,1.6,0.0,0.8,-1.6,1.6,1.6,0.8,0.0,1.6,0.8,-0.8,0.8,1.6,-0.8,2.4000000000000004,0.8,-1.6,0.8,-0.8,0.0,0.0,0.8,-0.8,0.0,1.6,-0.8,0.8,1.6,-0.8,2.4000000000000004,-1.6,-0.8,0.8,0.8,0.0,1.6,0.0,0.8,0.8,0.8,0.8,0.8,0.0,-1.6,0.0,0.8,0.0,0.0,0.0,0.0,0.8,0.0,0.8,-0.8,0.8,0.0,-0.8,0.0,0.0,0.0,0.0,0.0,0.0,0.0,0.0,0.8,0.0,0.0,-0.8,-0.8,0.8,0.8,1.6,0.0,0.8,0.8,0.0,1.6,0.8,0.8,0.8,0.0,0.8,0.0,0.8,0.0,-0.8,0.0,-0.8,0.0,-1.6,-0.8,1.6,0.8,0.0,0.0,0.0,0.0,0.8,1.6,0.0,0.0,2.4000000000000004,-0.8,1.6,0.8,0.0,2.4000000000000004,-0.8,0.8,0.0,-0.8,1.6,0.0,0.8,0.0,-0.8,0.8,-2.4000000000000004,0.0,0.0,0.0,0.0,0.0,0.8,0.8,0.8,0.8,-0.8,0.8,-1.6,1.6,1.6,0.0,1.6,0.0,1.6,0.0,0.8,1.6,-1.6,0.8,-0.8,0.8,1.6,-0.8,1.6,0.8,0.0,1.6,0.0,0.8,-0.8,0.0,0.0,-0.8,0.8,-0.8,0.0,0.0,0.8,1.6,-0.8,0.8,0.0,-0.8,0.8,-0.8,0.8,1.6,1.6,0.8,-0.8,0.8,1.6,0.8,2.4000000000000004,-0.8,0.0,0.0,0.0,0.0,0.0,0.0,1.6,0.0,0.0,-0.8,0.8,-0.8,0.8,-0.8,0.0,-0.8,0.0,-0.8,-0.8,1.6,0.0,0.8,0.8,0.0,0.0,-0.8,0.8,-0.8,-0.8,0.8,-0.8,0.0,-0.8,0.8,1.6,-0.8,1.6,0.0,0.0,0.8,0.0,0.8,0.0,0.0,0.8,-0.8,1.6,0.0,0.0,0.8,0.0,-0.8,0.0,1.6,0.8,0.0,0.0,1.6,1.6,0.0,-0.8,0.8,0.8,0.8,-0.8,0.8,1.6,0.0,1.6,0.0,0.8,0.8,-0.8,0.8,-0.8,-0.8,0.8,-0.8,0.8,0.8,0.8,0.8,0.0,1.6,-0.8,0.8,0.8,0.0,0.0,-0.8,0.0,1.6,0.8,0.8,1.6,0.8,0.0,0.8,0.0,-0.8,0.8,-0.8,-0.8,1.6,0.0,0.8,0.8,0.0,0.0,0.0,0.8,0.8,-0.8,0.8,-0.8,2.4000000000000004,0.0,-0.8,1.6,1.6,0.0,0.0,0.8,0.8,0.0,1.6,0.0,0.8,0.8,0.0,0.0,0.8,0.8,0.0,0.0,0.8,-1.6,-0.8,0.0,0.8,0.8,0.0,0.8,0.0,0.8,0.8,0.8,0.0,1.6,0.0,0.0,0.0,-0.8,0.8,0.0,0.0,0.8,0.0,1.6,0.0,-0.8,0.8,0.0,-0.8,0.8,1.6,0.8,0.8,0.8,0.8,0.0,0.0,0.0,1.6,0.0,0.0,0.0,0.0,0.0,-0.8,1.6,0.8,0.0,1.6,0.0,0.8,0.8,-1.6,2.4000000000000004,0.0,2.4000000000000004,0.8,0.0,0.0,0.8,0.8,-0.8,-0.8,0.0,0.8,0.0,-0.8,0.0,0.0,0.8,1.6,-0.8,0.8,0.0,-0.8,1.6,-0.8,0.8,0.0,1.6,0.8,-0.8,0.0,0.8,0.0,0.0,0.8,-0.8,1.6,0.0,0.8,0.8,0.8,0.0,0.0,0.0,1.6,0.8,-0.8,1.6,0.0,1.6,1.6,-1.6,2.4000000000000004,2.4000000000000004,-0.8,0.8,0.8,0.0,0.0,0.0,0.0,0.8,-0.8,-0.8,1.6,0.8,0.8,-0.8,1.6,0.0,0.8
event_36,1625266784.1852887,0.8,0.8,0.0,1.6,-0.8,0.0,0.0,0.0,2.4000000000000004,-0.8,0.0,0.8,0.0,0.0,0.0,1.6,0.0,-0.8,1.6,0.0,0.0,0.8,0.0,0.8,0.8,0.8,-0.8,-1.6,1.6,1.6,0.8,-0.8,2.4000000000000004,1.6,0.0,0.8,0.0,0.0,1.6,-1.6,0.8,0.8,0.8,0.8,0.8,1.6,0.0,0.8,0.8,0.0,0.8,-0.8,0.8,0.0,-0.8,0.0,0.0,0.8,0.0,0.8,1.6,0.0,0.0,0.0,0.0,0.8,0.8,0.8,0.0,0.8,0.8,-0.8,0.8,0.8,0.8,0.0,-0.8,-0.8,0.0,-0.8,1.6,0.8,0.8,-0.8,-0.8,0.8,0.8,0.0,0.8,0.0,1.6,0.0,0.0,0.0,0.0,-0.8,0.0,0.0,0.0,1.6,0.8,0.0,-12.8,-68.0,-84.8,-50.4,-20.0,-8.8,-4.0,-2.4000000000000004,-2.4000000000000004,-7.200000000000001,-5.6,-4.800000000000001,-4.0,0.8,-0.8,-0.8,1.6,0.8,0.8,-0.8,0.8,1.6,-1.6,-0.8,0.8,1.6,-0.8,0.8,2.4000000000000004,1.6,0.0,0.0,0.0,0.0,-1.6,0.8,0.0,0.8,0.8,0.8,2.4000000000000004,0.8,0.8,1.6,0.0,0.0,0.8,-0.8,-0.8,-0.8,1.6,0.0,-1.6,1.6,1.6,0.8,0.8,0.8,0.0,0.8,-1.6,0.8,2.4000000000000004,1.6,-0.8,0.8,0.0,0.8,0.8,0.8,0.8,0.0,0.8,0.0,0.0,0.0,0.0,0.8,0.0,0.8,0.0,0.0,-0.8,0.8,0.0,0.8,0.8,0.0,0.0,-0.8,1.6,0.8,-0.8,0.8,0.0,0.0,0.8,0.8,0.0,-1.6,0.0,0.0,0.0,0.0,0.0,0.8,0.0,0.8,0.8,-0.8,0.0,-0.8,0.0,0.0,-0.8,0.0,-0.8,1.6,0.0,0.0,0.8,0.0,-1.6,-0.8,0.8,0.0,-0.8,0.8,1.6,-0.8,0.8,-0.8,0.8,0.8,-0.8,-0.8,-0.8,0.0,0.0,0.0,0.8,0.0,0.8,0.0,0.0,0.8,0.0,0.8,0.8,-0.8,0.8,0.0,0.8,0.8,0.0,0.0,0.8,0.8,0.0,-0.8,1.6,0.0,1.6,0.0,0.0,1.6,0.8,0.0,0.8,1.6,0.0,-0.8,0.8,-1.6,0.8,-0.8,0.8,0.8,-0.8,0.0,0.0,0.0,0.8,0.0,0.8,0.0,1.6,0.0,0.0,1.6,0.0,0.0,0.8,0.0,0.8,1.6,0.8,0.0,0.0,-0.8,0.0,0.8,0.0,0.8,0.8,-0.8,0.0,-0.8,-1.6,0.0,0.8,0.0,-0.8,0.8,-0.8,-0.8,0.8,0.8,0.0,-0.8,0.0,-0.8,0.8,0.8,0.0,0.8,-0.8,0.0,0.8,0.0,0.8,-0.8,0.8,1.6,-0.8,0.8,-0.8,1.6,0.0,0.0,1.6,-0.8,0.0,0.0,0.8,0.0,-1.6,1.6,0.0,0.8,0.0,-0.8,2.4000000000000004,0.0,0.0,0.0,-0.8,1.6,-0.8,0.8,0.8,-0.8,1.6,-0.8,0.8,0.0,-1.6,1.6,-0.8,0.8,0.0,-0.8,0.8,-0.8,0.8,0.8,0.8,1.6,-0.8,0.0,0.8,0.8,0.0,0.8,0.0,0.0,0.0,-1.6,0.8,0.0,0.0,1.6,0.8,0.0,0.8,0.0,0.0,0.8,0.8,1.6,0.0,0.0,1.6,1.6,0.0,0.0,0.8,0.0,0.0,0.8,0.0,0.8,0.8,0.0,0.8,0.8,-0.8,0.8,0.0,-0.8,-0.8,0.8,-0.8,1.6,1.6,-2.4000000000000004,1.6,3.2,-1.6,-0.8,1.6,0.0,0.0,0.0,0.0,1.6,1.6,0.0,0.0,0.8,0.8,0.0,0.8,0.8,0.8,0.8,-0.8,0.8,0.8,0.0,0.8,0.8,0.0,-0.8,1.6,0.8,0.0,0.0,0.0,1.6,1.6,0.0,0.0,0.8,2.4000000000000004,0.0,0.8,0.8,0.0,0.0,-0.8,-0.8,1.6,-1.6,0.8,0.8,0.0,0.0,0.0,0.8,0.8,0.0,1.6,0.0,0.8,0.8,-0.8,0.0,0.8,0.0,-0.8,0.0,0.0,0.0,0.8,0.0,0.0,0.8,0.0,0.0,0.0,0.8,1.6,0.0,0.8,0.0,0.8,-0.8,-0.8,0.8,-1.6,0.0,0.0,-1.6,0.0,0.0,0.0,0.0,0.0,0.0,0.0,0.0,0.8,0.8,0.0,0.0,0.0,1.6,-0.8,-0.8,1.6,0.8,-0.8,0.8,0.8,0.8,0.0,-1.6,0.0,0.0,0.8,0.8,1.6,-0.8,0.0,0.0,0.0,-0.8,-0.8,0.8,0.8,0.0,0.8,0.8,0.0,0.8,0.0,0.8,0.0,1.6,0.0,-1.6,0.8,0.0,0.0,0.8,0.8,0.0,-0.8,0.0,0.0,0.8,0.0,0.8,0.0,-0.8,0.8,0.0,-0.8,0.8,-0.8,0.8,0.0,0.8,0.0,-1.6,0.8,-0.8,0.0,0.8,-1.6,0.0,1.6,0.8,0.0,0.0,1.6,-0.8,0.0,0.0,0.0,0.8,-0.8,1.6,0.0,-0.8,0.0,-0.8,0.8,0.0,1.6,0.8,0.8,1.6,0.0,0.0,0.8,-0.8,-1.6,-0.8,0.0,0.0,-0.8,0.0,0.8,0.0,0.8,0.8,0.0,0.8,0.8,0.0,0.8,0.0,0.0,0.8,0.8,0.0,-1.6,-0.8,0.0,0.8,0.8,0.0,0.8,-0.8,0.8,0.0,0.0,0.0,0.0,0.8,0.0,0.0,1.6,-1.6,0.0,0.8,0.8,1.6,-0.8,0.8,0.0,-0.8,1.6,-0.8,1.6,0.0,0.0,0.8,-0.8,0.8,0.8,0.8,1.6,-0.8,0.8,-0.8,0.0,0.8,-0.8,1.6,0.0,0.0,0.0,0.0,1.6,0.0,1.6,0.0,0.0,2.4000000000000004,0.8,-0.8,0.0,-0.8,0.8,-0.8,0.8,0.0,0.0,0.8,-0.8,-0.8,-1.6,-0.8,1.6,-0.8,0.0,0.0,-0.8,0.0,-0.8,0.8,0.0,0.8,0.8,-0.8,0.8,0.8,0.8,0.0,0.0,1.6,-0.8,0.8,-0.8,-0.8,0.8,0.0,0.0,0.0,0.0,0.8,0.0,0.0,0.8,1.6,0.0,0.0,1.6,-1.6,0.0,0.0,0.0,0.8,0.8,0.0,0.8,0.0,0.8,0.0,0.8,-0.8,0.0,0.0,0.0,0.8,0.0,0.0,0.0,0.0,0.0,0.8,0.8,0.0,0.0,1.6,0.0,0.8,-0.8,0.8,0.0,0.8,0.8,-0.8,0.0,0.0,-0.8,1.6,0.0,1.6,-0.8,0.0,0.0,-0.8,0.8,0.0,0.0,-0.8,0.0,0.8,0.0,0.8,-0.8,-0.8,0.8,0.0,2.4000000000000004,0.8,-0.8,1.6,-0.8,0.0,0.0,1.6,0.8,0.0,1.6,-0.8,-0.8,0.8,-0.8,0.8,1.6,0.0,0.0,-0.8,1.6,0.0,0.8,0.8,0.8,1.6,0.0,0.0,-0.8,0.0,2.4000000000000004,0.0,0.0,0.0,0.8,-0.8,0.0,3.2,-0.8,0.0,0.0,0.0,0.8,0.0,-1.6,1.6,0.0,0.0,0.8,1.6,0.8,0.8,0.8,0.0,0.8,0.0,0.0,0.8,1.6,0.0,0.0,0.8,0.8,0.8,1.6,0.0,0.8,0.0,-0.8,0.8,0.0,0.0,0.8,1.6,0.0,-0.8,1.6,-0.8,0.8,0.0,0.0,0.0,0.8,0.8,0.0,0.0,0.8,0.8,0.8,0.0,0.0,0.8,0.8,0.0,0.0,0.8,0.0,0.0,1.6,0.0,0.0,-0.8,0.8,0.0,0.0,0.8,0.0,-1.6,-0.8,-0.8,0.0,0.0,0.8,0.8,0.0,0.0,-2.4000000000000004,0.8,0.0,0.8,0.8,-1.6,0.8,0.0,0.8,0.8,-0.8,0.8,-0.8,0.0,-0.8,-1.6,0.8,0.0,-0.8,0.8,0.8,0.0,-0.8,0.0,0.0,-1.6,0.0,0.0,0.8,0.0,-1.6,1.6,0.8,0.8,1.6,1.6,0.0,-0.8,0.0,0.8,-0.8,1.6,-0.8,0.0,1.6,0.0,0.8,1.6,0.8,0.8,-0.8,0.0,0.0,-0.8,-0.8,1.6,1.6,0.0,-1.6,-0.8,0.8,0.0,-0.8,0.8,0.8,0.8,-0.8,0.0,0.0,0.8,-0.8,0.0,0.0,0.0,1.6,0.0,-0.8,0.8,-0.8,0.8,-0.8,0.0,0.0,0.8,0.0,0.0,0.0,0.0,0.0,0.8,0.0,0.8,0.0,0.0,0.0,0.8,1.6,-0.8,0.8,0.0,-1.6,2.4000000000000004,0.0,0.8,0.0,0.0,1.6,-0.8,1.6,0.8,-1.6,1.6,-0.8,0.8,0.0,0.0,0.8,0.0,0.8,-0.8,0.0,0.0,-1.6,1.6,-0.8,-0.8,0.0,-0.8,0.8,-0.8,0.0,0.8,-0.8,0.8,0.8,0.0,0.0,0.0,0.8,0.0,2.4000000000000004,0.8,0.8,0.8,0.0,0.0,0.8,0.8,0.0,-0.8,0.0,0.0,0.0,1.6,0.0,0.8,-0.8,-0.8,0.0,-1.6,0.0,-0.8,0.8,0.0,0.8,0.0,-0.8,0.8,0.8,0.0,0.0,0.0,-0.8,0.8,0.8,0.0,1.6,0.8,1.6,0.0,-0.8,1.6,0.8,-0.8,0.8,0.0,0.0,0.0,0.0,0.0,0.0,0.0,0.8,0.0,0.8,0.8,0.0,0.8,-0.8,-0.8,0.0,1.6,0.0,0.0,0.0,0.0,0.0,0.0,0.0,0.0,0.8,-0.8,0.0,1.6,0.0,0.8,1.6,0.0,1.6,0.8,0.8,0.8,0.0,0.0,0.0,-0.8,0.0,0.0,0.8,0.8,1.6,0.8,-0.8,0.8,0.0,0.8,-0.8,0.8,1.6,0.8,0.8,-0.8,0.0,2.4000000000000004,-0.8,-0.8,0.8,0.8,0.8,0.0,1.6,-1.6,-0.8,2.4000000000000004,-1.6,1.6,-0.8,-0.8,0.0,0.0,0.0,0.0,0.8,1.6,-1.6,0.8,0.0,0.8,0.8,0.0,0.8,0.0,0.8,0.8,-0.8,0.8,-0.8,0.0,0.0,-0.8,1.6,0.8,0.8,0.8,0.0,0.0,-0.8,0.8,-0.8,-0.8,0.0,0.0,-0.8,0.0,0.0,0.0,0.8,0.0,-0.8,0.8,1.6,0.8,-0.8,0.0,1.6,0.8,2.4000000000000004,-1.6,0.8,1.6,0.8,0.8,-0.8,0.0,0.0,0.0,0.0,0.0,-0.8,0.0,-0.8,0.0,0.0,0.0,-0.8,1.6,0.8,-0.8,0.8,0.0,0.8,0.0,0.8,1.6,-0.8,-0.8,0.8,0.8,0.8,-0.8,0.8,1.6,0.0,0.0,0.8,0.8,0.8,-0.8,-0.8,-0.8,0.8,0.0,1.6,1.6,0.0,0.0,0.0,0.8,0.0,-0.8,1.6,0.0,1.6,0.0,-1.6,0.8,0.0,0.8,0.0,-0.8,0.8,1.6,0.8,0.0,-0.8,0.8,0.0,-0.8,0.0,1.6,1.6,0.0,0.8,-1.6,-0.8,0.8,0.0,0.8,-0.8,0.0,0.0,-0.8,0.0,0.0,0.0,1.6,0.0,-0.8,-0.8,1.6,0.8,0.0,0.8,0.8,0.0,1.6,-1.6,0.8,0.8,0.0,0.0,0.8,0.8,0.8,1.6,0.8,0.8,0.0,0.0,0.8,0.8,-0.8,-0.8,0.8,0.0,0.0,0.8,0.8,0.8,0.0,1.6,0.8,0.0,0.8,0.0,1.6,0.0,1.6,0.8,-0.8,0.8,0.0,0.8,0.8,0.8,0.0,0.0,0.8,0.0,0.8,1.6,0.8,1.6,0.0,-1.6,0.8,0.0,0.0,-0.8,0.0,1.6,0.0,0.0,-0.8,0.8,0.8,0.0,0.8,-0.8,0.0,1.6,0.8,0.8,0.0,0.0,2.4000000000000004,-0.8,-0.8,0.8,1.6,-0.8,0.0,0.0,-1.6,0.8,0.8,0.0,0.8,-0.8,0.8,-0.8,0.0,0.8,0.0,0.8,-0.8,-0.8,0.8,0.8,0.0,0.8,0.0,0.8,-0.8,1.6,0.0,0.0,1.6,0.0,0.8,0.0,0.0,0.8,0.8,0.8,0.8,0.8,0.0,0.8,0.8,-0.8,-0.8,0.0,0.8,0.0,0.0,-0.8,0.8,0.8,0.0,0.8,0.8,1.6,-0.8,0.0,3.2,0.8,0.0,1.6,0.0,1.6,-1.6,0.8,0.0,-0.8,0.0,0.0,1.6,-0.8,0.8,1.6,0.0,0.8,0.0,0.0,0.0,0.0,0.0,0.0,0.0,0.8,-0.8,2.4000000000000004,-0.8,0.0,1.6,0.0,0.0,0.8,2.4000000000000004,0.0,0.0,1.6,-0.8,1.6,-0.8,-0.8,2.4000000000000004,0.0,0.0,1.6,0.0,-0.8,-1.6,0.8,0.0,0.0,0.0,0.0,0.0,0.8,0.8,0.0,0.0,0.8,-0.8,0.0,1.6,0.0,0.8,0.0,1.6,0.8,0.8,0.8,-0.8,0.8,0.0,0.0,1.6,0.0,1.6,0.0,0.8,0.8,0.0,1.6,0.0,0.0,0.0,-0.8,0.0,-0.8,-0.8,0.0,0.8,0.8,0.8,0.0,1.6,0.0,0.0,-0.8,0.0,0.8,0.0,0.0,0.8,0.8,1.6,0.0,1.6,0.0,0.8,0.0,-0.8,-1.6,0.8,0.8,0.8,0.0,-0.8,0.8,0.0,0.0,0.0,0.0,0.8,-0.8,1.6,0.0,-0.8,0.0,0.0,-0.8,0.0,-0.8,0.0,1.6,0.8,0.0,0.8,1.6,0.0,0.8,0.0,0.8,0.8,-1.6,1.6,-0.8,-2.4000000000000004,0.8,0.0,1.6,-0.8,0.8,0.8,0.0,1.6,0.0,-0.8,0.8,-0.8,0.0,-1.6,1.6,0.8,-0.8,1.6,0.0,0.8,1.6,-0.8,0.8,-1.6,0.0,-1.6,0.0,1.6,-0.8,0.8,0.8,0.0,1.6,0.0,0.8,0.0,0.0,0.0,-0.8,0.8,-0.8,0.0,0.8,0.0,0.8,-0.8,0.8,0.8,0.0,0.0,-0.8,1.6,1.6,0.8,0.8,0.8,1.6,0.0,1.6,0.8,-0.8,0.8,0.0,0.8,0.0,0.0,1.6,0.8,0.0,-0.8,0.8,0.0,0.0,0.0,0.8,0.0,0.8,0.0,0.0,0.8,-0.8,-0.8,0.8,0.0,0.8,0.8,0.0,0.0,-1.6,0.8,0.0,-1.6,0.0,0.0,0.0,0.8,0.0,-0.8,-1.6,0.8,-0.8,0.0,0.0,0.0,0.0,0.0,0.0,0.0,0.0,0.8,-0.8,-1.6,0.0,0.0,0.0,-0.8,0.0,1.6,0.0,0.8,-0.8,0.0,0.8,-0.8,0.8,-0.8,0.0,0.8,-0.8,0.0,0.8,0.0,0.8,0.0,1.6,0.0,0.8,0.0,0.8,1.6,0.0,0.8,0.8,0.8,0.8,0.0,0.8,0.0,-0.8,1.6,-0.8,0.8,0.0,0.0,1.6,0.8,0.0,0.8,0.0,0.0,-0.8,0.8,-0.8,0.0,0.8,0.0,0.0,0.8,-0.8,0.8,-0.8,0.8,0.0,-0.8,0.8,0.0,-0.8,-1.6,0.8,1.6,0.8,0.0,0.8,-0.8,0.8,0.8,0.0,0.8,0.8,0.0,0.8,0.0,0.8,0.8,0.0,0.8,0.0,0.0,0.0,0.0,0.0,0.8,0.8,0.0,0.8,0.8,0.8,0.0,-0.8,-0.8,-1.6,0.8,1.6,0.8,0.0,-0.8,0.8,0.8,0.0,0.8,-0.8,1.6,0.0,-0.8,1.6,0.0,0.0,0.8,0.0,0.8,0.0,0.8,0.8,0.0,0.0,-1.6,0.0,-0.8,0.0,1.6,0.0,0.8,0.0,0.8,0.0,-0.8,0.8,-2.4000000000000004,1.6,-0.8,0.8,0.0,0.0,0.8,0.0,0.0,1.6,-0.8,0.8,0.0,0.0,0.8,-0.8,0.8,0.0,0.0,0.8,-0.8,1.6,0.0,0.8,0.0,0.0,0.8,-0.8,0.8,0.0,-0.8,0.8,0.0,1.6,0.8,0.0,2.4000000000000004,0.8,0.0,0.8,0.0,0.8,0.0,0.0,0.8,1.6,-0.8,0.8,0.0,0.0,0.8,-0.8,0.0,0.8,0.8,0.0,-0.8,1.6,0.8,-0.8,0.8,-0.8,-0.8,-0.8,0.8,0.8,-0.8,0.8,0.8,0.0,0.0,0.0,0.8,0.8,0.0,-1.6,0.0,0.8,-0.8,0.8,0.0,0.8,0.8,-1.6,0.8,0.8,0.0,0.0,0.0,0.8,0.0,0.8,0.0,0.8,0.8,0.0,1.6,0.0,-0.8,0.0,0.0,0.8,1.6,0.8,0.8,0.0,1.6,0.0,0.8,0.0,-0.8,1.6,0.0,0.0,1.6,0.8,2.4000000000000004,0.8,-0.8,0.8,0.0,0.8,0.0,0.8,2.4000000000000004,-0.8,2.4000000000000004,-0.8,0.0,-0.8,0.0,2.4000000000000004,-0.8,0.8,0.8,0.0,0.8,-0.8,0.8,0.8,0.0,0.0,-0.8,1.6,-0.8,-1.6,0.0,0.8,0.0,0.8,0.0,0.8,0.0,1.6,1.6,0.0,0.0,-0.8,0.0,0.8,-0.8,0.0,0.0,1.6,0.0,0.8,0.0,1.6,0.8,0.8,0.8,0.8,0.8,0.8,-0.8,0.0,0.0,0.0,1.6,0.0,2.4000000000000004,0.8,0.0,0.0,0.8,0.0,0.0,0.0,0.8,0.8,-0.8,0.0,0.8,0.0,0.8,0.0,1.6,-0.8,-0.8,1.6,0.0,2.4000000000000004,0.8,0.0,0.8,0.0,0.8,1.6,0.8,0.0,-0.8,0.8,0.0,0.0,0.0,0.8,2.4000000000000004,-0.8,0.0,1.6,0.0,1.6,-0.8,0.8,0.8,0.8,0.8,-0.8,0.8,0.8,0.8,1.6,0.0,1.6,1.6,0.0,0.8,-1.6,1.6,0.8,-0.8,-0.8,0.8,1.6,-0.8,0.0,0.0,0.0,0.8,0.0,0.8,0.8,1.6,0.0,0.0,0.8,0.8,-1.6,2.4000000000000004,0.0,0.0,0.0,0.8,1.6,0.0,0.8,2.4000000000000004,1.6,1.6,0.0,0.0,1.6,0.8,0.0,-0.8,1.6,0.8,0.8,0.8,0.8,0.8,0.0,0.0,1.6,-0.8,-0.8,-1.6,0.8,0.8,0.0,0.8,1.6,0.0,0.8,2.4000000000000004,0.8,0.8,0.0,0.8,0.0,2.4000000000000004,0.8,0.0,0.8,1.6,0.0,0.8,0.0,1.6,0.0,0.0,0.0,-0.8,0.8,0.8,0.8,0.0,-0.8,0.8,-0.8,0.8,0.8,0.0,0.0,0.0,0.8,0.0,0.0,0.0,-0.8,0.8,0.8,0.0,1.6,0.0,0.8,1.6,0.0,0.8,0.0,0.0,0.8,0.8,-0.8,0.0,0.0,-0.8,0.0,0.0,0.0,0.8,0.8,0.0,0.8,0.0,0.0,0.0,1.6,0.0,0.0,0.8,0.0,-0.8,0.0,0.0,1.6,0.8,0.0,0.0,-1.6,-1.6,1.6,0.8,-2.4000000000000004,0.8,2.4000000000000004,0.0,-0.8,3.2,-0.8,-2.4000000000000004,0.8,1.6,0.0,0.0,0.8,1.6,0.8,-1.6,0.0,0.8,1.6,0.0,0.8,1.6,0.0,0.0,0.0,1.6,1.6,0.0,1.6,0.0,0.8,-0.8,0.8,0.8,0.8,0.8,0.0,0.8,0.8,0.0,2.4000000000000004,-0.8,0.8,0.0,0.0,0.0,0.0,0.0,1.6,-0.8,2.4000000000000004,-0.8,0.8,2.4000000000000004,-0.8,1.6,-1.6,0.0,-0.8,0.0,1.6,0.0,1.6,-0.8,0.8,0.8,-0.8,2.4000000000000004,0.0,0.0,0.8,-1.6,0.8,0.0,1.6,1.6,0.0,1.6,-0.8,0.0,0.8,0.0,0.0,-0.8,0.0,0.0,0.0,1.6,0.0,1.6,-1.6,1.6,1.6,0.0,1.6,-1.6,0.0,2.4000000000000004,-0.8,0.0,0.8,0.8,0.0,0.0,0.8,0.0,0.0,0.8,0.0,0.0,-0.8,0.8,0.8,0.0,0.0,0.0,0.8,0.0,0.0,0.8,0.0,0.0,-0.8,0.8,0.0,0.8,0.0,0.8,0.8,0.8,-0.8,0.0,0.8,0.0,-0.8,0.8,0.0,0.0,-0.8,1.6,0.0,0.8,0.0,0.8,0.0,0.8,0.0,0.8,0.0,1.6,0.0,-1.6,0.8,0.8,0.0,0.0,-0.8,0.0,0.8,0.8,0.0,-1.6,1.6,0.8,0.0,0.0,0.8,0.8,-0.8,0.0,0.8,-0.8,-0.8,0.8,0.0,0.0,0.8,0.0,-0.8,1.6,0.0,-0.8,1.6,-0.8,0.0,-0.8,0.0,0.8,0.0,0.8,0.8,-0.8,1.6,-1.6,0.0,0.8,-0.8,0.0,0.0,0.8,0.8,0.0,0.8,0.8,0.8,-0.8,0.8,2.4000000000000004,-1.6,0.8,-0.8,1.6,0.8,-0.8,0.8,0.8,0.0,0.8,0.0,1.6,0.0,0.0,0.0,-0.8,3.2,-0.8,1.6,0.0,0.0,-0.8,0.8,0.8,0.0,0.0,0.8,-1.6,1.6,0.0,2.4000000000000004,0.8,0.0,0.0,0.0,0.8,0.8,-0.8,1.6,0.8,0.8,0.8,-1.6,-0.8,0.8,0.8,0.0,0.8,-0.8,1.6,0.8,0.0,0.8,0.8,0.0,-0.8,0.0,1.6,0.0,0.8,0.8,0.0,0.8,0.0,1.6,0.0,-0.8,0.0,0.8,0.0,0.8,0.8,0.0,0.0
event_37,1625266786.3354115,0.8,0.0,0.8,-0.8,1.6,-0.8,0.8,0.8,0.0,0.8,-0.8,1.6,1.6,0.0,1.6,0.0,0.8,-0.8,-0.8,0.0,0.0,0.8,1.6,0.8,0.8,0.0,0.8,0.0,0.8,0.8,0.0,0.0,0.8,-0.8,0.0,0.0,0.8,0.0,0.0,0.8,-0.8,2.4000000000000004,0.8,0.0,0.0,0.0,0.0,0.0,-0.8,0.0,0.8,-0.8,0.8,-0.8,0.0,-0.8,0.0,0.8,0.0,1.6,0.0,0.0,1.6,-0.8,1.6,0.0,0.0,0.0,-0.8,2.4000000000000004,0.0,0.0,0.0,0.8,1.6,0.8,0.8,0.0,0.0,0.0,0.0,0.8,0.0,1.6,1.6,0.0,0.8,1.6,-1.6,0.8,1.6,0.0,0.0,-0.8,-0.8,0.0,0.0,0.0,0.8,1.6,0.0,0.0,-11.2,-64.8,-92.80000000000001,-60.00000000000001,-25.6,-13.600000000000001,-6.4,-1.6,-3.2,-5.6,-5.6,-2.4000000000000004,-1.6,0.0,0.0,-0.8,0.8,0.0,-0.8,0.8,0.0,2.4000000000000004,0.0,-0.8,0.8,0.8,-1.6,0.0,0.8,0.8,-0.8,-0.8,0.8,0.8,-0.8,0.8,0.8,0.8,0.0,0.0,-0.8,0.8,0.0,-0.8,0.0,0.0,0.0,-0.8,0.0,0.0,-0.8,0.0,0.8,0.8,0.0,0.8,0.8,0.0,-0.8,0.8,0.0,-0.8,1.6,-0.8,-1.6,-0.8,0.8,1.6,0.0,0.8,0.0,0.8,2.4000000000000004,-0.8,-0.8,0.8,-0.8,0.0,0.0,0.0,0.0,0.0,0.0,0.8,1.6,0.0,0.0,1.6,-0.8,0.0,0.0,0.0,1.6,0.0,-0.8,2.4000000000000004,0.8,-1.6,0.8,3.2,-1.6,-1.6,2.4000000000000004,-0.8,1.6,-0.8,0.0,0.8,-0.8,-0.8,0.0,1.6,0.0,-1.6,1.6,0.0,0.8,-0.8,0.0,1.6,-0.8,-1.6,0.8,-0.8,0.8,-1.6,1.6,0.0,0.8,0.8,-0.8,0.8,-0.8,-0.8,0.8,-1.6,0.0,0.8,0.0,0.0,-0.8,0.8,-0.8,0.0,0.8,0.8,0.8,0.0,1.6,-0.8,0.0,0.8,0.0,0.8,-0.8,0.0,0.8,0.0,0.8,0.0,-0.8,0.8,0.0,-0.8,0.0,1.6,0.0,0.8,0.0,0.8,0.0,0.8,-0.8,-1.6,0.8,1.6,-0.8,0.0,0.0,0.0,0.8,0.0,0.8,-0.8,0.8,-1.6,0.0,0.0,-1.6,0.8,0.8,0.0,0.0,-0.8,1.6,0.0,-0.8,0.8,0.0,0.8,-1.6,0.8,1.6,0.0,0.0,-0.8,0.0,0.0,0.0,1.6,0.0,0.8,-0.8,-0.8,1.6,-0.8,0.0,0.8,0.0,0.8,-1.6,0.8,0.0,0.0,0.8,-0.8,0.0,0.0,0.0,0.0,-1.6,0.8,-0.8,0.0,1.6,-1.6,1.6,0.0,0.0,0.8,-0.8,0.8,-0.8,0.0,1.6,-0.8,0.0,-0.8,0.0,-0.8,0.0,0.8,-0.8,0.0,0.8,0.0,1.6,0.8,0.8,0.0,0.8,0.8,-0.8,0.0,0.8,0.8,0.0,0.0,1.6,0.0,0.8,0.8,0.0,0.0,1.6,0.0,0.0,0.0,0.0,-0.8,0.8,0.8,0.0,0.0,0.8,0.8,0.0,0.0,0.0,0.8,0.0,-0.8,0.8,0.8,0.8,0.8,0.8,0.0,0.0,0.0,0.8,0.8,1.6,-0.8,0.8,0.0,0.8,0.0,0.8,0.8,0.8,0.0,-1.6,-0.8,0.8,0.0,1.6,0.0,0.0,0.0,0.0,0.8,0.0,-0.8,1.6,0.0,0.8,-0.8,0.8,0.0,0.0,0.8,-0.8,-0.8,0.0,0.8,1.6,-0.8,0.0,0.8,0.0,0.8,-0.8,0.8,0.8,-0.8,0.8,-0.8,0.0,0.0,0.8,1.6,-0.8,0.8,0.8,0.8,1.6,0.8,1.6,2.4000000000000004,0.0,-0.8,-0.8,0.8,-0.8,0.0,0.8,0.0,0.8,0.0,0.0,-0.8,0.0,-0.8,-1.6,0.8,0.0,-0.8,0.0,-0.8,0.8,0.0,0.0,0.0,0.0,0.8,-0.8,-1.6,0.0,0.0,-0.8,0.0,0.8,0.8,0.0,1.6,0.8,-0.8,-0.8,0.8,0.0,2.4000000000000004,-0.8,0.8,1.6,0.0,0.0,0.8,0.8,0.0,0.8,0.8,-0.8,-0.8,0.8,0.0,1.6,0.0,0.0,1.6,-0.8,0.0,-0.8,0.0,0.0,0.8,0.0,-0.8,0.8,0.0,0.0,0.8,-0.8,0.0,0.8,0.8,1.6,0.0,0.8,0.8,-0.8,0.0,0.8,0.8,0.0,0.8,0.0,0.0,0.8,-1.6,0.0,0.0,-0.8,2.4000000000000004,0.0,1.6,0.8,0.0,0.8,-0.8,-0.8,0.8,0.8,0.0,-0.8,-0.8,0.8,-0.8,2.4000000000000004,0.0,0.0,0.0,-0.8,0.0,0.8,0.0,0.8,0.8,0.0,0.8,0.0,0.0,0.0,0.0,-0.8,0.0,-0.8,-0.8,0.0,-0.8,0.0,0.8,0.0,0.0,1.6,0.0,0.0,0.0,0.8,1.6,1.6,-0.8,1.6,1.6,1.6,0.0,0.8,0.0,0.0,0.8,0.8,-1.6,0.0,0.8,0.8,-0.8,0.0,-1.6,0.0,0.8,0.8,0.0,-0.8,0.8,0.0,-0.8,0.0,-0.8,1.6,0.0,0.0,1.6,-0.8,1.6,0.0,0.8,1.6,-0.8,0.8,-0.8,0.0,0.8,-0.8,0.0,0.8,0.8,0.0,0.0,1.6,-0.8,-0.8,0.0,0.0,0.8,-0.8,0.0,0.0,0.0,0.0,-1.6,1.6,0.8,0.0,1.6,-1.6,2.4000000000000004,0.0,0.8,0.0,0.0,1.6,0.0,-0.8,0.8,-0.8,0.8,0.8,0.8,0.8,0.0,0.8,-0.8,0.0,0.0,0.0,0.0,0.0,2.4000000000000004,0.0,0.8,0.8,0.0,0.0,0.8,0.0,0.0,-0.8,0.8,0.0,0.8,0.8,0.8,1.6,1.6,0.0,1.6,0.8,0.0,0.0,0.0,0.0,0.8,1.6,0.8,1.6,0.8,-0.8,0.8,-0.8,-0.8,0.0,0.8,0.0,1.6,0.0,-0.8,0.8,0.8,1.6,0.0,0.0,0.8,0.8,1.6,0.0,0.8,0.8,0.0,0.0,0.0,0.8,1.6,0.0,0.0,0.0,0.0,-0.8,0.8,0.8,-0.8,0.0,0.0,0.0,0.8,0.8,0.8,1.6,-0.8,0.0,0.0,1.6,0.0,0.0,0.8,0.0,0.8,1.6,0.8,0.0,0.8,0.8,-0.8,0.0,0.8,0.0,1.6,-0.8,1.6,0.0,-0.8,0.8,-0.8,0.8,0.0,-0.8,1.6,-0.8,1.6,0.8,0.8,0.8,0.0,0.8,0.0,0.8,0.0,0.0,0.8,1.6,0.0,0.0,0.0,0.8,0.0,0.0,0.8,0.0,0.8,0.8,0.8,0.8,-0.8,1.6,0.8,0.0,-0.8,0.0,0.0,0.8,0.0,0.8,0.8,1.6,-1.6,0.8,0.8,2.4000000000000004,0.8,0.0,0.8,0.8,1.6,0.8,-0.8,0.0,0.8,0.8,0.0,-1.6,0.8,0.8,0.0,1.6,-0.8,-0.8,0.8,0.0,0.8,0.0,0.0,0.8,-0.8,0.8,0.0,-0.8,0.0,-0.8,-0.8,0.0,0.8,0.0,0.8,1.6,1.6,0.0,0.8,0.0,0.0,1.6,0.8,0.8,0.0,1.6,0.0,0.8,0.8,-0.8,0.8,0.0,0.8,0.8,-1.6,0.0,0.0,0.0,0.0,-0.8,1.6,1.6,0.8,0.8,0.0,2.4000000000000004,0.8,-0.8,0.8,0.0,1.6,0.0,1.6,0.8,0.8,0.8,0.0,0.0,0.0,-0.8,0.8,0.0,0.0,0.0,0.8,0.8,0.0,0.0,0.0,-0.8,0.0,0.0,0.8,-0.8,0.8,-0.8,0.0,1.6,0.8,0.8,1.6,1.6,0.0,1.6,0.8,0.8,0.8,0.0,1.6,0.0,0.8,0.0,0.0,0.0,0.0,0.0,-0.8,-0.8,0.8,0.0,0.0,0.0,0.0,-0.8,0.8,0.8,0.0,0.0,0.0,0.0,0.0,1.6,0.0,0.0,-0.8,0.8,0.0,0.8,1.6,-0.8,2.4000000000000004,0.8,0.0,0.8,0.8,0.8,-0.8,0.8,0.8,0.0,0.0,0.0,0.8,0.0,-0.8,0.8,-0.8,0.8,-0.8,0.0,1.6,-0.8,0.0,0.8,-0.8,0.8,-1.6,1.6,1.6,0.8,1.6,0.0,1.6,1.6,0.0,1.6,0.0,2.4000000000000004,0.0,0.0,0.8,-0.8,2.4000000000000004,0.8,-1.6,1.6,1.6,0.8,-0.8,0.8,0.8,0.0,0.8,0.8,-0.8,0.8,-1.6,1.6,0.0,-0.8,-0.8,0.0,2.4000000000000004,0.8,0.8,0.8,0.8,0.8,0.0,0.0,0.0,1.6,0.8,0.8,0.8,-0.8,1.6,0.8,0.0,2.4000000000000004,1.6,0.8,0.8,0.8,0.0,-0.8,0.8,0.8,0.0,0.8,1.6,1.6,0.8,0.8,0.0,1.6,2.4000000000000004,0.0,0.8,0.0,0.8,0.0,-0.8,0.8,0.8,1.6,0.8,0.0,1.6,0.8,0.8,0.0,0.8,0.0,-1.6,0.8,0.0,0.0,0.0,0.0,0.8,-0.8,1.6,0.8,0.0,0.0,-0.8,2.4000000000000004,0.8,-0.8,0.8,0.8,2.4000000000000004,-0.8,1.6,1.6,-0.8,1.6,-1.6,0.0,0.8,-0.8,2.4000000000000004,0.0,0.8,0.8,-0.8,0.8,0.0,-1.6,0.8,0.0,2.4000000000000004,0.0,0.8,0.8,0.8,1.6,0.8,0.8,0.8,1.6,1.6,0.0,0.0,0.8,0.8,0.0,-0.8,2.4000000000000004,0.8,-0.8,0.8,0.0,0.0,0.8,0.8,1.6,0.0,0.8,0.8,-0.8,0.8,1.6,0.8,1.6,0.0,-0.8,0.0,1.6,0.8,-0.8,0.0,1.6,1.6,0.0,-0.8,0.0,0.8,0.8,0.8,0.8,0.8,0.8,0.0,0.8,1.6,0.8,-0.8,0.8,1.6,-0.8,0.0,0.0,0.8,0.8,-0.8,0.8,0.8,0.0,0.0,-0.8,0.8,0.0,0.0,0.8,-0.8,0.0,0.8,0.0,0.8,1.6,0.0,0.8,0.8,0.0,-0.8,0.8,-0.8,0.8,0.8,0.0,0.8,0.8,-0.8,0.0,0.0,0.0,0.0,0.8,0.8,0.0,0.0,0.0,0.8,0.0,0.0,0.8,0.8,0.8,0.8,0.8,0.8,0.8,0.0,-0.8,0.8,0.0,0.8,0.8,0.0,0.8,0.0,-0.8,0.8,0.0,1.6,0.0,0.0,1.6,-0.8,0.8,0.0,0.0,1.6,-0.8,-0.8,0.8,0.8,1.6,0.0,0.8,1.6,0.0,0.8,0.0,0.0,0.8,-0.8,-0.8,0.0,0.8,0.8,0.0,1.6,0.8,0.8,1.6,0.8,0.8,-0.8,0.8,0.8,0.8,0.8,1.6,0.0,1.6,0.8,1.6,0.8,0.0,1.6,0.0,0.8,0.0,2.4000000000000004,0.8,0.8,0.8,0.8,0.0,1.6,0.0,0.8,0.8,0.8,-0.8,-0.8,0.8,0.0,0.0,1.6,-0.8,0.8,-0.8,0.8,1.6,-1.6,0.8,0.0,0.0,0.0,-0.8,1.6,-1.6,0.0,0.8,-0.8,2.4000000000000004,0.0,0.0,0.8,-0.8,0.8,-0.8,0.0,0.0,0.0,0.0,-0.8,0.8,-0.8,-0.8,0.0,-0.8,0.8,0.0,0.8,0.0,0.0,0.8,-0.8,0.8,-0.8,-0.8,0.8,0.0,0.8,0.0,0.0,0.8,0.0,1.6,0.8,-0.8,0.8,-0.8,0.8,0.8,-0.8,0.0,0.0,0.0,1.6,0.8,-0.8,-0.8,0.0,0.0,0.0,-0.8,0.8,0.0,-0.8,-0.8,0.8,0.8,0.0,0.0,0.8,0.8,0.8,0.8,0.0,1.6,1.6,0.0,-0.8,1.6,-0.8,0.8,0.0,0.0,0.0,-0.8,-0.8,0.8,0.0,2.4000000000000004,1.6,0.0,0.0,0.0,0.0,0.0,0.0,1.6,-0.8,0.8,-0.8,-0.8,0.0,0.0,1.6,-0.8,1.6,0.0,0.8,1.6,0.0,0.0,0.8,0.0,-0.8,-0.8,2.4000000000000004,0.0,-1.6,0.8,0.0,0.0,0.0,0.0,2.4000000000000004,0.0,0.0,0.0,0.0,0.8,0.0,-0.8,0.0,0.0,0.0,0.0,2.4000000000000004,-0.8,0.0,0.0,0.8,2.4000000000000004,0.0,0.8,0.0,0.0,0.8,-1.6,0.8,0.0,0.0,0.8,0.0,1.6,0.0,0.0,1.6,-0.8,0.0,0.0,0.0,1.6,-1.6,0.8,0.0,1.6,0.0,-0.8,1.6,0.0,0.8,-0.8,1.6,0.0,1.6,0.8,-0.8,0.8,1.6,0.0,1.6,0.8,0.0,0.0,-0.8,0.0,0.0,0.0,1.6,0.8,0.8,0.8,0.8,-0.8,1.6,-0.8,0.8,0.0,0.8,0.0,0.0,0.0,1.6,0.8,0.0,0.8,2.4000000000000004,0.8,0.0,0.8,-0.8,1.6,0.0,0.0,0.0,0.8,0.0,-0.8,0.8,0.0,-0.8,0.8,-1.6,0.0,0.0,0.0,0.8,-1.6,0.8,0.8,-0.8,1.6,-0.8,0.0,0.0,0.8,1.6,-0.8,0.0,1.6,1.6,1.6,-0.8,0.0,0.8,0.0,0.0,-0.8,0.8,0.8,0.0,1.6,0.8,1.6,0.0,0.0,1.6,-1.6,-0.8,0.0,0.8,0.0,0.0,2.4000000000000004,0.8,1.6,0.8,1.6,0.8,0.0,0.0,-0.8,-0.8,1.6,-1.6,0.8,0.8,0.8,0.0,0.8,1.6,1.6,-0.8,0.0,0.8,-0.8,0.0,0.8,1.6,0.0,0.0,0.8,-0.8,0.8,0.0,0.8,0.8,0.0,-0.8,0.0,0.8,0.0,0.8,0.0,0.0,0.8,1.6,1.6,0.0,0.8,0.0,0.0,0.0,0.0,0.8,1.6,1.6,0.0,-0.8,0.0,0.0,0.0,0.0,1.6,1.6,0.8,0.8,0.8,0.8,0.0,1.6,0.8,-0.8,0.8,0.8,0.0,0.8,0.8,1.6,0.8,1.6,0.0,-1.6,1.6,0.8,0.0,0.8,0.0,1.6,0.8,0.0,1.6,-0.8,0.8,0.0,0.8,0.0,0.8,1.6,0.0,1.6,-0.8,-0.8,1.6,0.8,1.6,0.8,-0.8,-0.8,-2.4000000000000004,0.8,-0.8,1.6,0.8,0.0,2.4000000000000004,1.6,0.0,0.8,0.0,0.8,0.0,-0.8,0.0,0.8,0.0,1.6,0.8,0.8,0.0,0.8,0.0,0.8,0.0,0.8,0.0,0.8,0.0,0.0,1.6,0.0,0.8,0.8,0.8,0.8,1.6,1.6,0.0,1.6,0.8,1.6,1.6,0.0,2.4000000000000004,0.8,0.0,0.8,-1.6,-0.8,0.8,0.8,0.0,0.0,2.4000000000000004,-0.8,-0.8,1.6,-0.8,0.0,0.8,0.0,-1.6,0.8,3.2,-0.8,1.6,0.8,0.0,1.6,0.0,0.0,0.0,1.6,1.6,-1.6,0.0,1.6,1.6,0.8,0.0,2.4000000000000004,-0.8,-1.6,1.6,0.8,0.8,0.0,0.8,0.8,-0.8,1.6,0.0,2.4000000000000004,1.6,0.0,2.4000000000000004,0.0,0.0,0.0,0.0,0.8,0.0,0.8,0.8,0.8,1.6,-0.8,0.8,0.8,0.8,0.8,0.0,1.6,0.0,0.8,1.6,0.0,1.6,0.8,0.8,0.0,0.8,0.8,0.8,0.8,1.6,-0.8,0.0,0.0,0.8,0.8,-0.8,1.6,0.0,1.6,0.8,0.8,0.8,0.0,0.8,0.0,-0.8,1.6,1.6,0.0,0.0,1.6,-0.8,-0.8,1.6,0.0,0.0,1.6,0.8,0.8,0.8,0.8,0.0,2.4000000000000004,-0.8,-1.6,0.0,0.8,0.0,0.0,0.8,0.8,1.6,1.6,0.0,0.8,0.8,0.0,0.0,0.0,0.0,0.8,0.0,1.6,1.6,0.8,0.0,0.0,2.4000000000000004,-1.6,1.6,-0.8,-0.8,0.8,0.0,0.8,1.6,-0.8,1.6,0.0,0.8,0.0,0.0,1.6,0.0,2.4000000000000004,-0.8,0.8,0.8,0.8,0.0,0.8,0.8,0.8,0.0,0.8,-0.8,1.6,0.8,1.6,1.6,0.0,0.8,0.0,0.0,0.8,-0.8,1.6,0.0,1.6,0.8,-0.8,1.6,-0.8,0.8,0.8,0.0,0.0,0.8,0.8,0.8,-0.8,1.6,0.0,0.0,0.0,0.8,0.8,-0.8,1.6,-0.8,-0.8,0.0,0.0,0.8,0.8,0.8,1.6,0.0,0.8,1.6,0.8,2.4000000000000004,1.6,0.0,0.8,0.8,0.8,0.8,0.8,2.4000000000000004,0.8,0.8,-0.8,-1.6,0.8,0.0,-0.8,-0.8,1.6,0.8,0.0,1.6,1.6,0.0,0.0,0.8,0.8,-0.8,0.0,0.0,0.0,0.8,0.0,1.6,0.8,-0.8,1.6,0.0,0.0,1.6,-0.8,0.8,0.0,0.8,0.8,-0.8,1.6,0.8,0.0,0.8,0.0,0.8,-0.8,0.0,0.0,0.0,0.0,1.6,1.6,0.8,-0.8,0.0,0.0,0.8,0.0,0.0,0.0,0.8,0.8,0.0,0.8,0.8,0.0,0.8,0.8,0.0,1.6,0.8,0.0,0.8,-0.8,0.8,-0.8,0.0,0.0,0.8,1.6,0.8,0.0,0.8,-1.6,0.8,0.8,0.8,0.0,0.8,0.8,0.8,0.8,0.8,0.8,-0.8,-0.8,0.0,1.6,0.0,0.0,0.0,0.0,-0.8,0.0,0.8,-0.8,0.8,0.8,-1.6,0.8,0.0,-0.8,0.0,0.0,0.0,0.8,-0.8,-0.8,1.6,-0.8,-1.6,0.0,-0.8,-0.8,0.8,-1.6,0.0,0.8,0.0,-0.8,1.6,0.8,-1.6,-1.6,1.6,0.8,0.0,0.0,-0.8,1.6,-0.8,1.6,0.8,0.0,0.0,-0.8,0.0,0.8,-1.6,1.6,0.0,1.6,-1.6,-0.8,0.0,1.6,0.0,1.6,0.8,0.0,-1.6,0.0,0.0,0.8,0.0,-0.8,1.6,-0.8,0.0,0.8,-0.8,-0.8,-0.8,1.6,0.0,-0.8,0.8,-0.8,0.0,-0.8,-0.8,0.0,0.0,0.0,-0.8,0.0,0.8,0.0,0.8,0.8,1.6,0.8,0.8,0.8,-0.8,1.6,1.6,0.0,0.8,0.0,0.8,0.0,0.8,0.0,0.0,1.6,0.0,0.0,0.8,0.8,1.6,0.8,0.8,0.8,0.0,0.8,0.8,1.6,0.0,0.0,0.0,0.0,0.0,0.8,0.8,1.6,-0.8,0.0,0.8,0.8,0.0,0.0,0.8,0.0,2.4000000000000004,-1.6,0.0,0.0,0.0,1.6,0.0,0.8,0.8,0.0,0.8,-0.8,1.6,0.8,0.0,2.4000000000000004,-0.8,0.0,0.0,0.0,2.4000000000000004,-1.6,0.8,-0.8,1.6,0.0,-1.6,0.8,0.0,0.8,0.8,0.0,1.6,0.8,0.8,0.8,0.0,1.6,-0.8,0.0,0.8,0.8,1.6,-0.8,0.8,0.0,-1.6,1.6,0.0,1.6,0.0,0.8,2.4000000000000004,-0.8,1.6,0.0,0.8,1.6,-1.6,0.0,-0.8,0.8,0.8,-1.6,1.6,1.6,0.8,1.6,-0.8,0.0,0.8,0.0,0.0,0.8,1.6,1.6,0.8,0.8,1.6,0.0,-0.8,0.8,0.8,-0.8,1.6,-0.8,0.0,0.8,-0.8,0.8,0.8,0.8,0.8,0.0,0.8,0.0,-1.6,0.0,0.8,2.4000000000000004,0.8,0.0,1.6,1.6,-0.8,0.8,-0.8,0.8,0.8,-0.8,0.0,1.6,0.8,0.8,0.8,1.6,-0.8,0.0,0.0,-0.8,0.8,0.0,1.6,0.8,0.0,0.8,0.0,1.6,0.8,0.8,0.8,-0.8,0.8,0.0,0.0,1.6,0.8,1.6,-0.8,0.0,0.8,0.0,1.6,0.8,0.0,-0.8,0.0,0.8,0.8,0.8,0.0,0.8,0.8,0.0,0.8,0.0,1.6,0.8,-1.6,1.6,0.8,0.0,0.8,0.8,2.4000000000000004,0.8,1.6,0.8,-0.8,2.4000000000000004,0.0,0.8,0.8,1.6,0.8,-0.8,0.8,2.4000000000000004,0.0,0.8,1.6,0.8,0.8,0.0,-0.8,0.8,0.8,-0.8,1.6,1.6,0.8,0.8,0.8,1.6,0.0,-0.8,0.0,0.0,1.6,0.0,0.8,0.8,0.8,0.8,0.8,0.0,0.0,0.8,0.0,0.0,0.0,0.8,1.6,0.0,0.0,-0.8,0.8,0.8,0.0,0.0,-0.8,0.8,0.8,-0.8,0.8,0.0,0.0,0.8,0.0,1.6,0.8,1.6,1.6,-0.8,0.8,0.0,0.0,0.0,-2.4000000000000004,1.6,1.6,0.0,0.0,-2.4000000000000004,-0.8,-0.8,0.8,0.0,-0.8,0.8,-0.8,0.8,0.8,0.0,0.8,-0.8,0.8,-1.6,-0.8,1.6,0.0,0.8,0.0,0.8,0.8,0.8,0.0,0.8,1.6,0.0,0.0,0.0,0.0,0.8,1.6,0.0,1.6,0.0,0.0,0.8,0.8,0.0,-0.8,0.8,0.0,-0.8,0.8,-0.8,1.6,1.6,-0.8,0.0,0.0,0.0,0.0,0.8,0.0,0.0,0.8,0.8,0.8,0.8,-0.8,0.8,0.0,0.8,0.0,0.0,-0.8,0.0,0.8,1.6,0.8,0.8
event_38,1625266790.6376576,1.6,0.0,1.6,-0.8,0.8,0.8,0.0,0.8,0.0,1.6,0.8,-0.8,1.6,0.0,0.8,0.0,-0.8,0.0,0.0,0.0,1.6,0.8,0.8,-0.8,1.6,0.0,0.8,-0.8,0.0,0.8,2.4000000000000004,0.8,0.0,0.0,0.8,0.8,0.8,0.8,0.0,1.6,0.8,0.0,0.8,0.0,0.0,0.0,0.0,1.6,1.6,0.0,0.0,0.0,0.0,0.8,-0.8,0.8,0.0,0.0,1.6,0.0,0.8,0.8,0.8,0.8,0.0,-0.8,0.8,1.6,0.8,0.0,0.8,1.6,0.8,1.6,-0.8,0.8,0.0,0.0,0.0,0.0,0.8,0.0,0.8,0.8,0.0,0.8,0.0,0.8,0.8,0.0,1.6,-0.8,0.8,1.6,0.8,0.8,0.8,0.8,0.8,0.8,1.6,-3.2,-13.600000000000001,-24.800000000000004,-13.600000000000001,-4.800000000000001,-4.800000000000001,-0.8,-0.8,0.0,-1.6,-1.6,0.0,-0.8,0.8,0.0,0.0,1.6,-0.8,1.6,0.0,0.8,0.0,-0.8,0.8,0.0,0.0,1.6,0.0,2.4000000000000004,0.0,0.0,0.8,0.8,1.6,0.0,0.0,0.8,1.6,0.8,-0.8,1.6,1.6,0.0,-0.8,0.0,0.0,0.0,0.0,0.8,-0.8,-0.8,0.0,0.8,1.6,0.8,0.0,0.8,0.8,0.8,-0.8,0.8,-0.8,-0.8,-0.8,0.0,1.6,0.8,0.0,0.8,0.0,0.8,1.6,-1.6,0.0,0.8,0.0,0.0,0.8,0.0,0.8,0.0,0.8,0.8,0.0,0.0,-0.8,0.8,0.0,0.0,0.0,-0.8,1.6,-0.8,0.8,0.8,-0.8,1.6,0.0,1.6,0.0,-0.8,0.8,0.8,3.2,-0.8,-0.8,2.4000000000000004,1.6,0.8,0.8,0.8,0.8,-0.8,0.0,0.0,0.8,-0.8,0.0,0.8,0.0,0.0,0.8,-0.8,3.2,-0.8,0.8,0.8,0.0,0.0,0.0,0.8,0.8,0.0,1.6,0.0,-0.8,1.6,0.0,0.0,-0.8,1.6,1.6,0.0,0.0,0.0,0.8,0.8,0.8,0.8,0.0,0.8,-0.8,0.0,0.8,0.0,0.8,-0.8,0.8,0.8,0.8,0.8,-0.8,0.0,0.8,0.8,0.0,0.8,0.0,1.6,0.0,0.8,0.0,0.0,0.0,-0.8,-0.8,0.0,0.8,0.8,0.0,0.8,0.8,-0.8,0.8,0.0,0.0,0.0,-0.8,-0.8,0.0,-0.8,1.6,0.0,0.8,0.0,0.0,0.0,-0.8,1.6,-0.8,1.6,-0.8,0.8,0.8,0.0,1.6,0.8,1.6,1.6,0.0,1.6,-0.8,-0.8,0.0,1.6,1.6,0.8,0.0,0.0,-1.6,0.0,0.0,0.8,0.0,0.0,0.0,0.8,0.0,-0.8,-0.8,0.8,0.0,0.8,0.8,0.0,1.6,0.0,0.0,0.0,0.0,0.8,0.0,0.8,1.6,0.0,0.0,0.8,0.8,-0.8,0.0,0.8,-0.8,0.8,0.8,1.6,0.8,0.0,1.6,0.0,2.4000000000000004,0.0,-0.8,0.8,1.6,1.6,0.0,-0.8,1.6,0.0,0.8,0.0,-0.8,0.8,0.0,0.0,1.6,0.0,0.8,1.6,0.8,0.8,0.0,0.0,1.6,0.0,0.8,0.8,-0.8,-1.6,0.8,0.0,0.0,1.6,0.0,0.0,0.0,-0.8,-0.8,-0.8,-0.8,0.8,1.6,0.8,0.0,1.6,0.8,0.8,0.0,0.0,1.6,0.0,-0.8,-0.8,0.8,0.8,0.8,0.8,0.8,-0.8,0.0,1.6,0.8,0.8,1.6,-0.8,0.8,-0.8,0.0,-0.8,0.8,1.6,0.0,1.6,0.0,1.6,3.2,-0.8,0.8,0.0,0.0,0.8,-0.8,1.6,0.0,-0.8,0.8,-0.8,0.0,0.8,-0.8,1.6,0.0,0.8,0.0,0.8,1.6,0.0,0.0,0.8,0.0,0.0,0.0,1.6,0.0,0.8,0.0,0.8,2.4000000000000004,0.0,0.0,0.0,0.0,0.8,-1.6,0.8,0.0,0.8,0.0,0.0,2.4000000000000004,0.8,0.0,0.0,0.0,0.8,0.8,-0.8,0.8,0.8,0.8,0.0,1.6,0.8,0.0,0.8,0.0,0.8,-0.8,0.0,1.6,0.0,0.0,0.8,1.6,1.6,0.0,0.8,0.0,0.8,0.0,-0.8,0.0,0.0,0.8,1.6,0.0,1.6,-0.8,1.6,0.0,0.8,0.0,0.0,0.8,0.0,0.0,0.0,0.0,0.0,-0.8,0.0,-0.8,0.8,1.6,0.8,0.8,-0.8,0.0,0.0,0.8,0.0,0.8,1.6,-0.8,0.8,0.8,-1.6,0.8,0.0,0.0,0.8,0.8,1.6,0.8,1.6,0.0,0.0,0.8,-0.8,-0.8,0.8,0.8,0.8,-0.8,0.0,1.6,-1.6,1.6,-1.6,1.6,1.6,0.0,0.0,-0.8,0.8,0.0,0.0,0.8,0.8,0.8,-0.8,0.0,0.8,-0.8,0.8,0.0,0.0,0.8,-1.6,0.0,0.0,1.6,0.8,0.0,0.8,0.0,0.8,0.0,0.0,2.4000000000000004,0.0,0.8,1.6,0.0,0.0,0.8,1.6,1.6,0.0,0.8,-0.8,0.8,0.0,1.6,1.6,0.0,0.0,0.0,-0.8,0.8,-0.8,1.6,0.0,1.6,0.0,0.0,0.0,0.0,0.8,0.0,1.6,0.0,0.8,0.8,0.0,0.0,0.0,0.0,0.0,0.0,0.0,0.8,0.0,0.0,0.8,-0.8,0.8,0.0,0.0,-0.8,0.0,0.8,-0.8,0.8,1.6,-0.8,0.0,0.0,-1.6,1.6,0.8,0.0,0.0,0.0,0.0,0.0,0.8,0.0,-1.6,0.8,0.0,-0.8,0.8,0.0,0.8,0.0,0.0,0.8,0.0,0.8,0.0,2.4000000000000004,0.8,-0.8,0.8,-0.8,1.6,0.0,-0.8,1.6,0.8,0.0,0.0,0.8,0.0,-1.6,1.6,0.0,0.8,1.6,0.8,0.0,0.8,1.6,0.0,0.0,3.2,0.0,0.0,0.8,0.0,0.0,0.8,0.0,0.8,0.0,0.8,0.8,0.8,0.0,0.0,-0.8,0.0,0.8,-0.8,0.0,0.0,0.8,0.0,0.0,-0.8,1.6,0.8,0.0,0.8,0.8,0.0,0.0,0.0,0.0,0.8,0.0,0.0,0.8,-0.8,-0.8,0.8,0.0,0.8,0.0,0.8,0.8,0.0,0.0,0.0,0.8,0.0,-0.8,0.0,0.8,-0.8,0.0,-0.8,0.8,0.8,0.8,0.8,-0.8,0.8,0.8,-1.6,1.6,0.0,0.0,0.8,0.0,0.8,0.0,-0.8,0.8,0.0,-0.8,-0.8,0.8,0.0,1.6,1.6,0.8,0.8,1.6,0.0,0.8,0.8,1.6,-0.8,-0.8,1.6,1.6,0.0,0.0,0.8,2.4000000000000004,0.8,1.6,0.8,0.8,1.6,-2.4000000000000004,0.0,0.0,-1.6,1.6,0.0,1.6,0.8,-0.8,0.0,0.8,0.8,0.0,0.0,0.8,-0.8,0.8,-0.8,0.8,0.8,-0.8,1.6,-0.8,0.8,0.0,0.0,0.8,-0.8,0.8,-0.8,0.8,0.8,0.0,0.8,0.0,0.8,0.8,0.0,0.8,0.8,0.0,1.6,0.8,0.8,0.8,0.0,0.8,1.6,0.0,0.0,0.8,0.0,0.8,0.0,0.8,0.8,0.0,1.6,0.0,0.0,1.6,0.0,0.0,0.0,1.6,0.8,0.8,0.8,0.0,0.0,0.8,0.8,1.6,-0.8,0.0,0.0,0.0,0.0,0.0,0.8,0.0,0.8,0.8,0.0,0.0,0.0,0.0,0.8,0.0,1.6,-0.8,0.8,1.6,0.8,0.0,0.8,1.6,0.0,-0.8,0.0,-0.8,0.0,-0.8,1.6,0.0,0.0,1.6,-0.8,0.0,0.8,-0.8,2.4000000000000004,-0.8,1.6,0.0,-1.6,0.8,-0.8,-0.8,0.0,0.0,0.8,1.6,0.8,0.0,0.8,0.8,-0.8,0.8,-0.8,0.0,0.8,-1.6,2.4000000000000004,-0.8,-0.8,-0.8,-0.8,1.6,0.8,0.8,0.0,0.0,1.6,0.0,0.8,0.8,-0.8,0.0,-1.6,2.4000000000000004,0.8,0.0,0.8,0.8,0.8,1.6,0.0,0.8,0.0,0.0,0.0,0.0,0.8,0.8,0.8,0.8,0.8,0.8,-0.8,0.0,0.0,-0.8,0.0,0.0,0.8,0.0,-0.8,0.8,0.0,0.0,1.6,0.8,0.0,0.8,-0.8,0.0,0.8,1.6,0.8,0.8,1.6,1.6,0.0,0.8,-0.8,1.6,0.8,-0.8,0.0,0.0,0.8,0.8,0.0,1.6,-0.8,0.8,0.0,0.0,0.0,-0.8,1.6,0.0,-1.6,0.8,0.8,0.8,-0.8,1.6,-0.8,-0.8,2.4000000000000004,0.8,0.8,0.0,-0.8,0.0,0.0,0.0,0.8,1.6,0.8,-0.8,0.8,-0.8,0.0,-0.8,-1.6,1.6,0.0,0.0,-0.8,-0.8,0.8,-0.8,1.6,-0.8,-0.8,2.4000000000000004,1.6,0.8,0.8,0.0,2.4000000000000004,0.8,1.6,-0.8,-0.8,1.6,-0.8,0.0,0.8,0.0,0.8,-0.8,0.0,0.8,0.8,0.0,0.0,0.8,-1.6,0.0,0.8,0.8,0.0,0.0,0.0,0.8,0.0,0.0,0.0,0.8,0.0,-1.6,1.6,0.0,0.8,0.0,0.8,0.8,0.0,0.0,0.8,-0.8,0.8,-1.6,0.0,-0.8,0.8,0.0,0.8,1.6,0.0,-0.8,0.0,-1.6,-0.8,0.0,0.8,0.0,0.8,0.8,0.0,0.0,0.0,0.8,0.8,0.8,-0.8,0.8,0.0,-0.8,0.0,0.0,0.8,0.0,0.8,0.8,0.0,0.0,-0.8,-0.8,-0.8,-0.8,1.6,-0.8,0.0,0.8,-0.8,0.8,0.0,0.8,-0.8,0.8,-1.6,-0.8,0.0,0.8,-0.8,0.0,0.8,0.8,0.8,0.8,-0.8,0.0,0.8,0.8,-0.8,0.8,0.0,0.8,0.0,0.0,1.6,0.0,1.6,0.8,0.0,-0.8,-0.8,0.0,0.8,-0.8,0.8,-0.8,1.6,0.8,0.0,0.8,0.0,0.8,0.0,0.8,0.0,0.8,0.0,0.0,0.0,2.4000000000000004,0.0,0.8,0.8,1.6,0.8,-2.4000000000000004,1.6,0.0,0.0,1.6,0.0,0.0,-0.8,0.8,0.0,0.8,0.0,0.0,0.0,0.8,0.0,0.0,0.8,0.8,1.6,0.8,0.8,0.8,0.8,0.8,0.0,0.8,0.0,0.8,0.8,0.8,2.4000000000000004,0.8,0.0,0.0,0.0,0.0,0.8,0.0,-0.8,-0.8,0.8,0.8,0.8,0.8,0.0,0.0,0.8,-1.6,0.0,0.0,1.6,0.8,-0.8,0.8,0.8,1.6,0.8,0.0,1.6,-0.8,0.8,-0.8,-0.8,0.8,-0.8,0.0,0.8,1.6,0.8,-1.6,0.0,-0.8,-0.8,0.8,0.8,0.8,0.0,0.0,1.6,0.8,1.6,0.8,0.8,-0.8,-0.8,0.0,-0.8,0.8,1.6,0.0,0.0,0.8,1.6,0.8,1.6,1.6,0.8,0.8,-1.6,0.0,0.0,-0.8,1.6,0.8,0.8,-0.8,0.0,0.0,0.8,0.0,2.4000000000000004,-1.6,0.8,0.0,0.0,0.0,0.8,0.8,0.0,0.8,0.0,1.6,0.8,-0.8,0.0,0.0,0.0,-0.8,-0.8,0.8,0.0,0.0,0.0,0.0,-0.8,-0.8,-0.8,0.0,0.0,0.8,0.8,0.8,0.0,0.8,0.0,0.8,-0.8,-0.8,0.8,0.0,0.0,0.8,0.0,0.8,-0.8,0.0,0.0,-1.6,0.8,-0.8,-0.8,0.0,-0.8,0.8,0.0,1.6,-0.8,0.0,0.0,-0.8,0.8,-1.6,0.0,0.0,-1.6,0.8,-0.8,0.8,0.8,-0.8,0.8,0.8,0.8,0.8,-0.8,0.8,1.6,1.6,0.8,0.0,1.6,0.8,0.8,1.6,0.8,0.8,-0.8,0.8,0.0,0.0,1.6,0.0,1.6,0.0,-0.8,0.8,-0.8,0.8,-0.8,1.6,0.8,0.8,0.8,-0.8,0.0,0.8,0.0,0.8,-0.8,0.0,1.6,0.0,0.8,0.8,0.8,0.8,0.0,-0.8,0.8,0.8,-0.8,0.8,0.0,-0.8,0.0,0.0,-0.8,0.0,-0.8,0.8,-0.8,0.8,0.8,0.0,0.8,-2.4000000000000004,-0.8,0.0,0.8,0.8,-0.8,0.0,0.8,0.0,0.8,0.8,-0.8,0.0,0.0,0.0,0.0,0.0,0.8,0.8,0.0,0.8,0.8,0.8,0.8,0.0,0.0,0.0,-0.8,0.0,0.0,0.0,0.0,1.6,0.0,-0.8,0.8,0.8,0.8,0.0,0.8,0.0,0.8,1.6,0.0,0.0,1.6,0.0,0.8,-0.8,-0.8,0.8,0.0,0.0,0.0,0.0,1.6,0.0,0.8,0.0,0.8,0.0,0.0,0.8,-0.8,1.6,0.0,-1.6,0.8,0.0,0.8,0.8,0.0,0.8,-0.8,2.4000000000000004,0.0,0.0,0.8,-0.8,0.8,0.0,0.0,2.4000000000000004,0.0,0.8,0.8,0.0,-0.8,0.8,1.6,0.0,0.0,0.0,0.0,0.8,0.0,0.0,-0.8,0.8,0.0,0.0,0.0,1.6,0.8,0.0,-0.8,2.4000000000000004,1.6,0.0,0.0,0.0,0.8,0.0,0.0,0.8,0.0,0.8,0.8,0.0,1.6,0.0,1.6,0.0,0.0,0.0,-0.8,0.0,0.8,0.0,0.0,-0.8,0.0,0.0,0.0,0.8,0.0,0.0,0.8,0.0,0.0,0.8,0.0,0.8,1.6,1.6,0.0,0.8,0.0,0.0,0.0,-0.8,-0.8,0.8,0.0,0.8,0.8,0.0,-0.8,0.8,0.0,0.0,-0.8,0.8,0.0,0.8,0.0,0.8,0.8,1.6,1.6,0.0,0.0,0.0,0.0,1.6,0.8,-0.8,0.8,0.0,1.6,0.0,0.8,1.6,-0.8,1.6,-0.8,0.8,0.8,0.8,1.6,-0.8,0.8,0.8,0.0,0.8,0.0,-0.8,0.8,0.0,0.0,-0.8,1.6,-0.8,-0.8,0.0,0.8,1.6,0.8,0.0,0.0,0.0,1.6,0.0,0.8,0.8,0.8,1.6,-0.8,0.8,0.0,0.0,0.8,0.0,0.8,0.8,-0.8,0.0,-0.8,0.0,0.8,0.8,0.0,0.8,1.6,0.0,0.8,-1.6,1.6,0.0,1.6,0.8,0.0,1.6,0.8,0.8,0.0,0.0,0.8,0.0,0.8,0.0,0.8,0.0,0.8,0.8,-0.8,-1.6,0.0,0.0,0.8,-1.6,0.8,0.0,1.6,0.8,-0.8,0.0,0.8,0.0,0.8,-0.8,-0.8,1.6,0.0,0.0,0.8,0.8,0.0,0.8,0.0,0.0,1.6,0.0,1.6,0.0,-0.8,1.6,0.8,0.0,0.0,0.0,1.6,-0.8,0.8,0.0,0.0,1.6,0.0,0.0,0.0,0.8,0.8,0.0,0.0,1.6,1.6,0.8,0.0,2.4000000000000004,-0.8,-1.6,3.2,0.0,-0.8,0.8,2.4000000000000004,-1.6,-0.8,1.6,0.0,0.0,0.0,0.0,0.8,-0.8,-0.8,1.6,0.0,0.8,-0.8,0.8,0.8,0.0,0.8,0.8,0.0,0.8,0.8,3.2,0.0,0.8,1.6,1.6,0.0,0.0,0.8,0.8,-0.8,0.8,0.0,0.0,0.8,1.6,0.8,0.0,-0.8,0.8,0.0,0.0,-0.8,0.0,0.8,0.8,-0.8,0.0,0.0,0.0,0.8,0.8,0.8,0.8,0.0,0.8,0.0,0.0,0.0,1.6,0.0,0.0,0.8,0.0,0.0,0.0,0.0,-1.6,-0.8,0.8,-0.8,0.0,0.0,-0.8,0.0,0.8,1.6,-0.8,0.0,-0.8,-0.8,1.6,1.6,0.0,0.8,-0.8,1.6,0.8,0.0,0.8,0.0,0.8,0.0,-0.8,0.8,0.0,1.6,0.0,1.6,0.8,-0.8,0.0,-0.8,0.0,0.8,-0.8,1.6,-1.6,0.0,0.0,-0.8,1.6,0.0,0.0,0.8,0.0,1.6,-1.6,1.6,0.0,0.8,1.6,-1.6,1.6,0.8,-1.6,1.6,-0.8,2.4000000000000004,-0.8,-0.8,0.8,0.0,0.8,0.0,0.0,1.6,-0.8,0.8,0.0,0.8,-0.8,0.0,0.8,0.8,0.0,0.0,-0.8,1.6,0.0,1.6,0.0,-0.8,0.8,0.8,0.8,0.8,1.6,0.8,-0.8,0.0,0.8,0.8,0.0,0.0,0.8,-0.8,1.6,0.0,0.8,0.8,0.8,0.8,0.8,0.8,0.0,-0.8,0.8,0.0,-0.8,0.8,1.6,0.8,0.0,0.8,0.8,1.6,1.6,-0.8,0.8,-0.8,0.8,-1.6,0.8,1.6,0.0,1.6,0.8,0.8,0.8,0.0,0.8,-0.8,0.0,0.8,0.0,0.8,0.0,0.0,-0.8,1.6,0.8,-0.8,1.6,0.8,0.0,0.0,0.0,0.8,1.6,0.0,0.8,0.8,1.6,0.0,1.6,1.6,-0.8,0.0,-0.8,-0.8,0.0,-0.8,1.6,0.8,0.0,0.0,0.0,0.8,0.0,0.0,1.6,-0.8,1.6,0.8,0.8,1.6,0.0,0.8,0.0,0.8,0.8,0.8,1.6,-0.8,0.0,0.0,0.0,0.0,-0.8,1.6,-0.8,0.8,1.6,-0.8,0.0,0.8,0.8,0.8,-0.8,1.6,0.8,0.0,0.8,0.0,0.0,0.8,0.0,-0.8,-0.8,1.6,0.8,0.0,0.0,0.8,1.6,0.0,-0.8,0.0,0.8,1.6,0.0,0.0,0.0,0.8,0.0,0.8,1.6,0.0,0.0,0.0,1.6,-0.8,0.8,0.8,0.8,0.8,-0.8,1.6,1.6,0.0,0.0,0.0,0.8,0.0,0.0,1.6,-0.8,-0.8,0.8,0.8,-1.6,1.6,0.8,-1.6,1.6,1.6,-0.8,0.8,0.0,0.0,-0.8,0.8,0.0,0.0,0.0,-0.8,0.8,1.6,0.0,1.6,0.8,1.6,0.8,-1.6,0.8,0.8,0.8,0.0,0.0,0.8,0.8,0.8,0.0,0.0,0.8,0.0,0.0,0.8,0.0,0.8,0.0,1.6,0.8,0.0,0.8,0.0,0.0,-0.8,0.8,0.8,0.8,0.8,0.8,0.0,0.8,-0.8,0.0,0.8,1.6,1.6,0.0,0.8,0.8,0.0,0.8,0.0,-0.8,0.8,-0.8,0.0,0.8,2.4000000000000004,0.8,0.8,1.6,0.8,0.8,0.8,0.8,0.0,-1.6,-0.8,0.8,0.8,0.0,0.0,0.8,1.6,0.0,1.6,0.8,0.0,0.8,0.0,1.6,0.0,1.6,0.0,0.0,2.4000000000000004,0.0,2.4000000000000004,1.6,0.0,1.6,0.8,0.8,0.8,0.0,0.8,0.0,0.8,0.0,-0.8,1.6,-0.8,0.8,0.0,0.0,0.8,-0.8,0.0,0.8,0.0,0.8,-0.8,1.6,0.0,-0.8,2.4000000000000004,0.8,0.0,0.8,0.8,1.6,-0.8,0.0,0.8,0.8,0.0,0.0,0.8,-0.8,0.0,0.8,-0.8,0.0,0.0,1.6,0.8,0.0,0.8,-0.8,0.0,0.0,-1.6,0.0,0.0,0.8,0.0,0.0,2.4000000000000004,0.0,0.8,0.0,-0.8,0.8,-0.8,0.0,0.8,0.0,0.0,-0.8,0.0,0.0,0.8,0.0,-0.8,0.8,-0.8,0.0,0.8,0.0,0.0,0.0,0.0,0.8,0.0,0.0,0.8,0.8,0.0,0.0,1.6,0.8,1.6,0.8,0.0,0.8,1.6,0.0,0.8,0.8,0.8,0.8,0.8,0.8,1.6,0.0,1.6,1.6,0.0,0.8,0.8,0.8,0.8,0.0,0.8,0.0,1.6,0.0,0.0,0.8,0.0,1.6,0.8,1.6,0.8,0.8,1.6,0.8,0.8,0.8,0.8,0.8,-0.8,1.6,0.0,0.0,0.0,0.0,0.0,0.0,0.8,0.8,0.0,1.6,0.0,0.0,0.8,-0.8,0.0,0.8,0.8,-0.8,0.0,1.6,-1.6,0.8,0.8,1.6,2.4000000000000004,-0.8,1.6,-0.8,0.8,0.8,-1.6,0.8,0.0,0.8,1.6,-0.8,1.6,0.8,0.8,0.8,0.0,0.0,-0.8,1.6,1.6,0.0,1.6,-0.8,2.4000000000000004,-0.8,-0.8,0.8,0.8,0.8,-0.8,0.8,0.8,1.6,0.8,0.0,1.6,1.6,0.8,1.6,0.0,0.0,0.8,0.0,0.0,0.8,-0.8,0.8,0.8,0.8,0.0,0.8,0.8,0.0,-0.8,0.8,0.8,0.8,0.0,-0.8,1.6,0.8,0.8,0.8,0.8,1.6,1.6,0.8,0.8,0.0,0.8,0.0,0.0,0.0,0.8,0.0,-0.8,0.8,0.0,-0.8,0.8,0.0,-0.8,0.8,0.0,0.8,0.0,0.8,1.6,-0.8,0.8,-0.8,0.8,0.0,1.6,0.8,-0.8,0.8,2.4000000000000004,0.0,1.6,0.0,0.0,0.8,0.0,-0.8,-0.8,0.8,0.0,0.8,0.8,0.8,0.0,-0.8,0.8,2.4000000000000004,-0.8,0.0,-1.6,0.8,0.8,-0.8,0.8,0.8,1.6,0.8,0.8,0.8,0.0,0.0,-0.8,0.0,2.4000000000000004,0.0,1.6,0.0,0.8,0.8,0.0,-0.8,-0.8,2.4000000000000004,-0.8,-3.2,3.2,1.6,0.0,0.8,1.6,-0.8,0.0
event_39,1625266792.8977869,0.0,-0.8,0.8,0.0,0.8,0.0,0.0,0.8,0.8,0.8,0.8,1.6,0.8,0.0,0.0,-0.8,0.0,0.0,0.8,0.0,0.0,-1.6,0.8,0.0,1.6,0.0,0.0,0.0,-1.6,0.8,0.0,1.6,0.0,-0.8,2.4000000000000004,0.8,-0.8,1.6,-0.8,1.6,-1.6,0.8,0.0,0.0,0.8,0.0,1.6,0.0,-1.6,0.8,-2.4000000000000004,0.0,0.0,0.0,0.8,0.0,0.0,-0.8,0.0,0.0,-0.8,0.8,-0.8,0.0,0.8,0.0,0.8,0.0,-0.8,0.8,-0.8,0.8,0.8,0.8,0.8,-0.8,0.8,-1.6,0.8,0.0,0.8,0.0,0.0,0.8,-0.8,0.8,1.6,-0.8,0.8,0.0,-0.8,0.0,1.6,0.8,0.0,-0.8,0.8,0.8,0.8,-0.8,0.0,0.8,0.8,-20.0,-68.8,-72.8,-44.8,-20.800000000000004,-9.600000000000001,-4.0,-2.4000000000000004,-2.4000000000000004,-3.2,-1.6,-3.2,-2.4000000000000004,0.8,0.0,-2.4000000000000004,0.0,-0.8,0.8,0.8,0.0,1.6,-0.8,0.8,0.8,0.0,0.8,1.6,0.8,0.0,0.0,1.6,-0.8,1.6,0.0,0.8,0.8,-0.8,0.8,-0.8,0.0,1.6,-0.8,1.6,-0.8,0.8,0.0,0.0,0.8,0.0,0.0,0.0,-0.8,0.8,-0.8,1.6,0.0,0.0,0.0,-0.8,1.6,0.8,-1.6,1.6,0.0,0.8,-0.8,-0.8,0.0,-1.6,0.0,0.0,-0.8,0.0,-0.8,1.6,0.0,-0.8,0.8,-0.8,0.0,1.6,0.0,0.0,0.0,0.0,0.0,0.0,0.8,0.8,0.8,0.0,0.8,0.8,1.6,0.8,0.0,0.0,0.0,0.0,0.0,0.0,0.0,0.0,0.8,0.8,0.8,-0.8,0.0,0.0,0.0,-1.6,1.6,0.8,0.0,-0.8,0.0,1.6,0.8,0.8,0.8,-0.8,0.0,-0.8,0.8,0.0,1.6,-0.8,0.8,0.8,0.8,0.8,0.8,0.8,0.8,-0.8,0.0,-0.8,0.0,-0.8,-0.8,1.6,0.0,0.0,0.0,0.0,1.6,-1.6,1.6,0.0,0.0,0.0,0.0,1.6,0.0,0.0,-0.8,0.0,0.8,0.8,0.8,-0.8,0.0,0.0,0.0,0.0,-0.8,0.0,1.6,-1.6,-0.8,0.0,-1.6,0.8,0.0,0.8,-0.8,0.0,0.8,-0.8,1.6,0.8,0.0,1.6,-1.6,0.0,-0.8,0.8,0.0,-0.8,0.8,0.0,0.0,-0.8,-0.8,-0.8,-0.8,0.0,-0.8,0.0,0.8,-1.6,0.0,0.0,0.0,0.0,0.0,0.0,0.0,0.0,-0.8,-0.8,0.0,0.8,0.0,-0.8,0.0,0.8,0.0,1.6,0.8,-0.8,0.8,0.8,1.6,1.6,0.8,0.0,1.6,0.8,0.0,0.8,0.8,0.0,0.0,0.0,-0.8,-0.8,0.0,0.8,0.0,0.0,-0.8,0.0,-0.8,0.0,0.0,1.6,0.8,0.8,0.0,0.0,0.0,0.8,-0.8,0.8,0.0,0.0,0.8,0.0,0.8,0.8,-0.8,0.8,-0.8,0.0,0.8,0.0,1.6,0.0,-0.8,-0.8,0.8,0.0,-2.4000000000000004,0.8,-0.8,1.6,0.0,-0.8,1.6,-0.8,0.8,0.8,-0.8,0.0,0.0,0.0,0.8,0.0,1.6,-0.8,1.6,0.8,-1.6,0.8,0.0,0.8,0.8,0.0,0.0,2.4000000000000004,0.8,-1.6,0.8,3.2,-1.6,-0.8,1.6,0.0,-2.4000000000000004,-0.8,2.4000000000000004,-0.8,-1.6,2.4000000000000004,0.8,0.0,-0.8,-0.8,0.8,-0.8,0.0,0.0,1.6,0.8,0.0,0.8,0.0,0.0,0.0,0.0,0.8,0.8,-0.8,0.0,0.0,0.0,0.0,-0.8,0.0,-0.8,0.0,0.0,0.0,0.0,-0.8,0.8,1.6,-0.8,-0.8,0.0,0.0,0.8,0.8,0.0,0.0,0.0,0.8,0.8,0.0,0.0,0.0,0.8,0.0,1.6,0.8,0.0,1.6,0.0,0.0,-0.8,1.6,-0.8,-0.8,1.6,0.0,0.0,0.0,0.0,0.0,0.8,0.0,-1.6,-0.8,2.4000000000000004,0.0,0.0,0.8,0.8,0.0,0.8,0.0,0.0,1.6,0.0,-0.8,1.6,-0.8,0.0,1.6,0.0,0.8,0.0,1.6,0.0,0.0,0.0,0.0,0.0,0.0,0.8,0.8,0.0,0.8,-0.8,0.0,0.8,-0.8,0.0,0.0,0.8,0.0,0.8,-0.8,0.0,1.6,1.6,0.0,1.6,-0.8,0.8,0.8,-0.8,0.0,0.8,1.6,1.6,1.6,0.8,0.0,0.0,-0.8,1.6,0.0,0.8,0.0,1.6,0.8,-0.8,0.8,0.8,0.0,0.8,-0.8,0.8,0.8,1.6,0.8,0.0,2.4000000000000004,0.0,0.8,0.0,0.8,1.6,-1.6,0.8,0.0,-1.6,0.8,0.8,1.6,0.0,-0.8,1.6,-0.8,0.0,0.8,0.0,2.4000000000000004,-0.8,0.0,-0.8,0.8,0.0,-0.8,0.8,1.6,1.6,2.4000000000000004,-0.8,0.8,-0.8,0.0,0.8,-0.8,1.6,0.0,0.8,0.8,0.0,0.0,-0.8,0.8,0.8,-0.8,0.8,0.0,0.8,-0.8,0.8,1.6,0.8,0.8,0.0,0.8,1.6,0.0,0.0,0.8,0.8,2.4000000000000004,0.8,0.0,0.8,0.0,0.8,0.8,0.0,-0.8,1.6,1.6,0.0,0.8,0.0,1.6,0.0,0.8,0.0,-0.8,1.6,0.0,-1.6,0.0,0.0,1.6,0.0,-0.8,0.0,0.8,0.8,0.0,0.8,0.0,0.8,0.8,0.8,0.8,0.0,0.0,-0.8,0.0,1.6,0.0,0.0,0.0,-0.8,0.0,0.0,0.8,0.0,-0.8,0.8,0.0,-1.6,0.8,0.0,0.0,0.8,0.0,-1.6,0.8,0.8,-0.8,0.8,-0.8,2.4000000000000004,0.8,0.8,0.0,-0.8,0.8,-0.8,0.0,1.6,-0.8,0.8,0.8,0.8,0.8,0.0,0.0,-0.8,0.8,-0.8,0.0,1.6,0.0,1.6,0.0,0.0,1.6,0.0,0.8,0.8,0.8,1.6,-1.6,1.6,0.0,1.6,0.8,0.0,1.6,0.0,-0.8,0.8,-1.6,1.6,0.8,0.0,-0.8,0.8,0.8,0.0,3.2,0.0,-1.6,0.8,0.0,0.8,-0.8,-0.8,0.0,0.0,-0.8,0.0,0.8,0.0,0.0,1.6,0.8,0.8,1.6,0.0,1.6,0.0,0.8,0.8,0.0,0.0,0.8,0.0,0.8,0.8,-0.8,-1.6,0.0,0.0,0.0,-0.8,0.8,0.0,0.0,0.8,0.8,-0.8,0.0,-0.8,-0.8,-1.6,1.6,0.0,-0.8,0.8,0.8,0.0,1.6,0.0,-0.8,0.8,-0.8,-0.8,0.8,0.8,0.8,0.8,0.0,0.8,0.8,0.0,0.0,0.0,0.8,-1.6,0.0,0.0,0.0,0.0,-0.8,1.6,0.8,-0.8,1.6,0.8,-0.8,-0.8,0.8,0.8,0.0,1.6,0.8,0.8,1.6,-1.6,0.8,0.0,0.8,1.6,-0.8,0.8,0.0,0.8,0.8,0.0,2.4000000000000004,-0.8,0.8,0.8,-0.8,0.8,1.6,0.8,1.6,-0.8,1.6,0.0,1.6,0.0,0.8,-0.8,0.0,1.6,1.6,0.0,1.6,0.8,0.8,0.8,-1.6,0.8,0.8,-0.8,1.6,0.0,-0.8,0.0,0.8,0.0,-0.8,0.8,-0.8,0.8,0.8,0.0,0.8,0.8,0.0,-0.8,0.8,1.6,0.8,0.0,0.0,0.0,0.8,1.6,-0.8,0.8,0.0,0.0,0.0,0.0,1.6,0.0,0.8,0.8,0.8,1.6,0.8,0.8,0.8,-0.8,0.0,-0.8,1.6,0.8,0.0,0.8,0.0,0.8,0.0,0.8,0.8,-0.8,0.0,0.0,0.8,1.6,0.0,1.6,1.6,1.6,0.8,0.8,1.6,-0.8,0.8,0.0,0.8,0.8,-1.6,1.6,0.8,0.0,0.8,0.0,0.8,0.0,-1.6,1.6,-0.8,1.6,0.0,0.0,0.8,-0.8,0.8,-0.8,0.0,0.8,0.8,1.6,-0.8,0.0,0.8,0.0,0.8,0.0,0.8,0.8,0.8,0.0,-0.8,0.8,0.0,-0.8,0.8,-0.8,0.8,0.8,-0.8,0.0,0.0,0.8,0.8,0.8,0.0,-0.8,0.8,0.8,-0.8,-0.8,1.6,1.6,0.8,0.0,0.0,0.8,0.8,-0.8,0.0,0.0,0.8,-0.8,0.8,1.6,0.0,0.8,0.0,1.6,0.0,0.0,0.8,-0.8,0.0,-0.8,0.0,1.6,0.0,1.6,0.8,0.8,1.6,-1.6,1.6,0.8,0.0,1.6,0.8,0.0,0.0,0.0,0.0,-0.8,0.8,0.0,0.8,0.0,0.0,0.0,0.0,0.8,0.8,-0.8,1.6,0.0,0.8,0.8,0.0,1.6,0.0,0.8,0.0,0.0,1.6,0.0,0.8,0.0,-0.8,0.8,0.0,0.0,0.0,0.0,0.8,-1.6,0.8,0.0,0.8,0.8,-0.8,1.6,-0.8,0.8,0.8,-1.6,0.0,0.0,0.8,0.8,0.8,0.8,0.0,0.8,-1.6,-1.6,0.0,0.8,2.4000000000000004,0.0,1.6,0.8,0.0,1.6,0.0,0.0,0.8,-1.6,0.0,0.0,0.8,0.0,0.8,0.0,0.0,0.0,0.0,0.0,0.8,-1.6,-0.8,0.0,0.8,0.0,0.0,0.8,0.8,1.6,0.8,0.0,0.0,0.0,-0.8,0.0,0.0,2.4000000000000004,0.0,0.8,0.8,0.8,0.8,0.0,0.8,0.0,0.0,-0.8,-0.8,0.8,0.0,1.6,-1.6,2.4000000000000004,2.4000000000000004,-1.6,1.6,2.4000000000000004,-0.8,-0.8,1.6,0.8,-1.6,1.6,0.0,0.8,1.6,-0.8,1.6,1.6,1.6,0.8,0.8,1.6,-1.6,0.8,0.0,0.0,2.4000000000000004,-0.8,0.0,0.8,-0.8,0.8,0.8,0.8,0.0,-0.8,0.8,0.0,0.0,0.0,0.0,0.0,-1.6,0.0,0.0,0.0,1.6,0.8,0.8,0.8,0.0,0.8,0.8,0.8,-0.8,0.8,0.0,0.0,0.8,0.0,0.0,0.0,0.0,1.6,-0.8,0.8,0.0,0.0,-0.8,0.0,-0.8,1.6,0.0,-1.6,-0.8,0.8,0.8,0.0,0.8,0.8,0.0,0.0,0.8,0.8,1.6,0.0,1.6,0.8,1.6,-0.8,0.8,0.0,-0.8,0.8,-0.8,-0.8,1.6,0.0,0.8,0.8,-1.6,0.0,0.8,-0.8,0.8,0.0,0.8,-0.8,1.6,-0.8,-0.8,0.8,0.0,0.8,0.0,0.0,-0.8,0.0,0.8,0.8,0.8,0.8,0.0,-0.8,0.0,0.0,0.0,0.0,0.0,0.0,0.0,0.8,0.0,0.8,-0.8,-0.8,2.4000000000000004,-0.8,1.6,0.8,0.8,1.6,-0.8,0.0,0.0,0.8,0.0,-1.6,0.8,0.8,0.0,0.8,-0.8,0.8,-0.8,0.0,-0.8,0.8,2.4000000000000004,-0.8,1.6,0.8,0.8,0.8,0.0,1.6,0.8,0.0,-0.8,0.0,0.8,0.0,0.0,0.0,1.6,0.8,0.8,0.8,1.6,0.0,-0.8,0.8,0.8,0.8,0.8,0.0,0.0,1.6,0.8,1.6,0.0,1.6,0.0,0.0,1.6,-0.8,0.0,1.6,0.8,0.8,-0.8,0.8,0.0,0.8,0.0,0.0,1.6,0.0,0.0,0.0,0.8,0.8,0.0,0.8,0.8,1.6,2.4000000000000004,0.0,1.6,0.0,0.8,1.6,0.0,1.6,0.8,0.8,-0.8,0.0,0.8,0.0,0.8,0.8,-0.8,0.8,-0.8,0.8,0.8,-0.8,0.8,-1.6,0.8,0.0,-0.8,0.8,0.8,1.6,0.0,0.0,2.4000000000000004,0.0,1.6,-0.8,-0.8,2.4000000000000004,-0.8,0.8,-0.8,0.0,0.8,-1.6,0.8,-0.8,0.0,-0.8,-0.8,1.6,-0.8,0.8,-1.6,0.0,0.8,-0.8,0.8,0.8,0.0,0.8,0.8,0.8,0.0,-0.8,0.8,0.0,2.4000000000000004,0.8,0.8,1.6,0.8,0.0,0.8,0.0,0.0,0.8,1.6,-0.8,0.8,0.8,0.8,0.8,0.8,0.0,-0.8,-0.8,0.8,-0.8,0.0,0.0,0.8,0.0,-0.8,0.0,0.8,0.8,0.8,0.8,0.8,1.6,1.6,0.0,1.6,1.6,0.0,0.0,0.8,1.6,0.0,0.8,0.8,0.0,0.0,0.0,0.0,-0.8,0.0,0.8,0.0,0.8,1.6,0.0,0.8,0.0,-0.8,0.0,-0.8,2.4000000000000004,0.0,0.8,0.0,0.0,2.4000000000000004,0.0,0.0,-0.8,0.0,0.8,-1.6,0.8,0.0,0.0,0.8,-0.8,1.6,-0.8,0.0,1.6,-0.8,0.0,0.0,1.6,0.8,-0.8,0.0,-1.6,0.8,0.8,0.0,1.6,0.0,0.8,-1.6,0.0,0.8,0.8,0.8,0.0,0.8,1.6,-0.8,1.6,0.0,0.8,0.8,-1.6,0.8,0.0,0.0,0.8,-1.6,1.6,-0.8,0.0,0.0,0.0,0.0,0.8,0.8,0.8,-1.6,0.0,0.0,0.8,-0.8,-0.8,0.8,-0.8,0.8,0.0,0.8,0.0,0.0,0.8,-0.8,-0.8,1.6,0.8,0.0,0.0,-0.8,-0.8,1.6,0.8,0.8,1.6,0.8,-0.8,0.0,0.8,0.8,0.0,0.8,0.0,-1.6,-0.8,0.8,1.6,0.0,-0.8,0.0,0.8,0.8,0.0,0.0,0.0,0.8,-1.6,0.0,0.8,0.0,0.0,0.8,-1.6,0.8,-1.6,0.8,0.0,-0.8,0.0,0.0,0.8,0.0,0.0,0.8,0.0,0.8,0.0,0.0,0.0,0.0,-1.6,0.8,-0.8,1.6,-0.8,1.6,0.0,0.8,0.0,-0.8,0.8,0.8,-0.8,0.8,0.0,0.0,-0.8,2.4000000000000004,0.0,0.8,0.0,0.0,-0.8,1.6,0.0,0.0,-0.8,2.4000000000000004,0.0,-0.8,0.8,0.8,0.0,0.0,-0.8,0.8,0.0,0.0,0.0,0.0,0.8,-0.8,-0.8,0.0,0.8,0.8,0.0,0.8,0.8,-0.8,0.0,-0.8,0.0,0.0,0.0,0.8,-0.8,0.8,-0.8,-0.8,1.6,-0.8,-0.8,0.0,0.8,0.8,0.0,0.0,1.6,0.0,1.6,-0.8,-0.8,1.6,0.0,0.0,0.0,0.8,0.8,0.0,0.8,2.4000000000000004,0.8,0.8,0.0,1.6,-1.6,0.0,0.8,0.0,0.8,-0.8,0.0,1.6,-0.8,0.8,0.8,0.8,1.6,0.0,1.6,0.0,1.6,0.0,0.0,0.8,0.8,0.0,2.4000000000000004,0.8,1.6,0.8,1.6,0.0,0.0,0.8,2.4000000000000004,0.8,0.0,-0.8,0.8,-0.8,1.6,-0.8,0.8,0.0,0.0,0.8,-2.4000000000000004,0.0,0.8,0.8,0.8,-0.8,0.0,1.6,0.0,0.8,-0.8,0.8,0.0,0.0,-0.8,0.8,1.6,-0.8,0.8,0.0,0.0,0.0,-0.8,0.0,0.0,0.8,0.8,0.0,0.8,0.8,0.8,0.8,0.0,0.8,-0.8,0.8,0.8,1.6,0.8,0.8,0.8,0.0,-0.8,0.8,0.0,1.6,-0.8,0.0,0.8,0.0,0.0,0.0,2.4000000000000004,0.0,0.8,1.6,0.8,0.0,0.0,0.8,0.0,0.0,1.6,0.8,0.8,0.0,0.0,1.6,0.0,1.6,0.0,0.0,1.6,1.6,1.6,0.8,0.8,1.6,-0.8,1.6,0.0,1.6,0.0,-0.8,0.8,-0.8,0.8,1.6,-0.8,2.4000000000000004,0.0,1.6,0.8,0.8,0.8,-0.8,0.0,0.8,-0.8,0.8,0.0,0.8,0.8,0.0,1.6,-0.8,1.6,0.8,0.0,3.2,0.0,1.6,0.0,-0.8,0.8,-0.8,0.8,0.8,0.0,-0.8,-0.8,2.4000000000000004,0.8,0.8,0.8,0.0,2.4000000000000004,0.8,0.8,0.8,0.8,0.0,-1.6,0.8,1.6,0.8,0.8,-0.8,1.6,1.6,0.8,0.8,0.8,3.2,-0.8,-0.8,0.8,0.8,-0.8,0.0,2.4000000000000004,1.6,0.0,0.8,1.6,1.6,-0.8,0.0,1.6,0.0,0.0,-0.8,0.8,1.6,0.0,0.0,1.6,2.4000000000000004,0.0,-0.8,0.0,0.8,2.4000000000000004,-0.8,0.0,2.4000000000000004,1.6,0.0,0.0,1.6,2.4000000000000004,-0.8,-0.8,-0.8,2.4000000000000004,0.0,0.8,1.6,0.0,0.8,0.0,-0.8,0.8,-0.8,1.6,0.0,0.0,0.8,0.0,1.6,0.0,0.8,0.8,0.0,0.0,-0.8,1.6,0.0,-0.8,0.0,1.6,2.4000000000000004,-2.4000000000000004,0.8,4.0,-0.8,0.0,0.0,0.0,0.8,-0.8,1.6,0.8,0.8,0.0,0.0,1.6,0.8,0.8,2.4000000000000004,-0.8,0.0,-0.8,0.8,0.8,0.0,0.8,0.8,1.6,0.8,-0.8,0.0,0.0,-0.8,-0.8,0.0,0.8,0.0,0.8,0.8,0.8,0.0,0.0,0.0,0.8,0.0,-0.8,-0.8,0.0,0.8,0.0,0.0,0.8,0.0,0.8,0.8,0.0,0.0,-0.8,0.8,-0.8,2.4000000000000004,0.0,0.8,0.8,0.8,1.6,0.8,0.0,0.8,0.0,0.8,-0.8,0.0,0.8,0.0,0.8,0.0,-0.8,0.8,0.0,1.6,-0.8,0.8,-0.8,0.8,0.8,-0.8,0.8,0.8,0.0,0.0,0.8,0.8,1.6,0.0,0.8,0.0,1.6,0.8,0.0,0.8,0.8,1.6,-0.8,0.0,0.8,-1.6,0.0,0.8,-0.8,0.8,0.8,1.6,0.0,0.0,0.8,0.0,0.8,0.0,-1.6,0.0,0.8,0.8,0.0,0.0,1.6,0.0,0.0,-0.8,-0.8,1.6,0.0,0.0,0.8,0.8,1.6,0.8,1.6,1.6,0.8,0.0,-0.8,1.6,-0.8,0.0,0.8,0.0,1.6,-0.8,0.0,1.6,0.0,0.8,0.8,0.0,0.0,-1.6,0.8,0.0,1.6,1.6,0.0,1.6,0.8,-0.8,0.8,0.0,1.6,1.6,-0.8,-0.8,0.0,0.0,1.6,0.0,0.8,-0.8,0.0,0.0,0.8,0.8,0.8,0.8,0.8,0.0,0.8,0.0,1.6,0.8,-1.6,0.0,-0.8,1.6,1.6,0.8,1.6,-0.8,0.8,0.0,-0.8,1.6,0.8,0.0,0.0,0.8,0.0,0.0,0.8,0.0,0.8,0.8,0.8,1.6,0.0,0.8,0.8,0.0,0.8,-0.8,0.0,1.6,-0.8,0.8,0.0,0.8,1.6,0.0,0.8,-0.8,0.8,-0.8,0.0,0.8,0.0,1.6,0.0,0.8,1.6,0.0,1.6,0.0,1.6,0.8,-1.6,0.8,0.0,0.0,0.0,0.0,0.0,0.0,0.0,0.8,0.8,0.8,-0.8,0.8,1.6,1.6,0.0,0.0,0.8,0.0,0.0,0.8,-0.8,0.8,-0.8,-0.8,0.0,-0.8,0.0,1.6,0.0,0.0,-1.6,0.8,0.0,0.0,0.0,0.8,0.0,0.8,0.0,-1.6,1.6,-0.8,0.0,0.0,0.0,0.8,-0.8,0.8,0.0,-0.8,0.0,0.0,0.0,-0.8,1.6,0.8,-0.8,0.0,-0.8,-0.8,0.8,-0.8,0.8,-0.8,0.0,1.6,-0.8,1.6,0.0,0.0,0.0,-1.6,0.0,0.0,0.8,1.6,0.0,0.8,0.0,0.8,0.8,-0.8,0.8,-0.8,0.8,-0.8,-0.8,0.8,-0.8,0.8,0.0,0.8,1.6,-1.6,0.8,-0.8,-0.8,0.0,-0.8,0.8,-0.8,0.0,-0.8,0.0,0.8,0.0,0.8,0.8,-0.8,0.0,0.0,0.0,1.6,-0.8,1.6,0.8,0.8,-0.8,0.8,1.6,0.0,0.0,0.0,-0.8,0.8,-0.8,1.6,0.8,0.0,0.0,0.0,0.8,0.8,0.8,1.6,0.0,2.4000000000000004,-0.8,0.8,0.0,0.0,0.8,-1.6,1.6,0.8,1.6,1.6,0.8,1.6,0.8,0.8,0.0,0.0,0.0,0.8,0.0,0.0,0.0,-0.8,0.0,0.8,0.0,0.0,0.8,0.0,0.8,0.8,0.8,0.0,0.0,0.0,0.0,1.6,0.8,0.8,0.8,-0.8,0.8,0.8,0.8,0.0,-0.8,1.6,0.8,0.8,-0.8,0.8,1.6,0.0,0.8,1.6,0.8,0.8,-0.8,2.4000000000000004,0.8,0.0,0.0,0.0,1.6,-1.6,-0.8,0.8,0.8,0.8,0.0,0.8,0.8,-0.8,0.8,0.0,1.6,0.0,0.0,2.4000000000000004,0.8,0.8,0.8,0.0,1.6,0.0,0.0,0.0,-0.8,-0.8,0.0,0.8,0.8,0.0,0.8,0.8,0.8,-0.8,0.8,1.6,0.8,0.8,0.0,0.8,0.0,0.0,0.8,0.0,-0.8,0.8,0.0,0.0,0.0,0.8,1.6,0.8,-1.6,0.0,1.6,0.0,0.0,0.0,-0.8,-0.8,0.8,0.0,0.0,-0.8,-0.8,1.6,0.8,0.0,-0.8,0.8,0.0,-0.8,0.8,1.6,0.0,0.0,0.0,1.6,0.8,0.0,0.0,-0.8,1.6,0.0,0.0,0.8,0.0,0.8,0.0,0.8,1.6,0.8,1.6,0.0,1.6,0.0,0.0,0.8,0.0,0.8,1.6,0.0,2.4000000000000004,0.0,0.0
event_40,1625266795.0559103,0.0,0.0,-0.8,0.0,1.6,0.8,0.0,1.6,0.0,-0.8,0.8,0.0,1.6,0.0,0.8,1.6,0.8,0.8,0.8,0.0,2.4000000000000004,0.0,-0.8,0.8,0.8,0.0,0.8,1.6,1.6,2.4000000000000004,0.8,-0.8,0.0,0.8,-0.8,0.0,0.0,0.8,0.8,0.8,0.8,0.8,0.0,0.8,0.8,2.4000000000000004,0.0,0.0,0.8,0.0,0.8,-0.8,0.8,1.6,-0.8,0.8,0.8,0.8,0.8,-0.8,0.8,0.8,2.4000000000000004,0.0,0.8,2.4000000000000004,0.8,1.6,0.8,0.0,1.6,-1.6,-0.8,-0.8,1.6,1.6,0.0,0.8,0.0,-0.8,1.6,-0.8,1.6,-0.8,0.0,0.8,0.0,1.6,-0.8,0.8,0.8,-0.8,1.6,-0.8,0.8,1.6,0.8,0.8,-0.8,0.8,-0.8,-0.8,-0.8,-16.0,-65.60000000000001,-77.60000000000001,-39.199999999999996,-12.8,-8.0,-3.2,-0.8,-2.4000000000000004,-5.6,-3.2,-2.4000000000000004,-2.4000000000000004,0.8,0.0,0.0,0.8,0.0,-0.8,-0.8,1.6,0.8,-0.8,0.8,2.4000000000000004,0.0,0.0,0.8,0.8,0.8,0.0,-1.6,0.0,0.0,-0.8,1.6,0.8,0.8,0.0,0.0,1.6,0.0,-0.8,0.0,0.8,0.0,0.0,0.8,0.8,2.4000000000000004,0.8,0.0,1.6,0.0,0.8,0.8,0.0,0.8,1.6,1.6,0.0,1.6,2.4000000000000004,-0.8,1.6,0.8,0.8,1.6,-0.8,0.0,0.0,0.0,2.4000000000000004,0.0,0.8,0.0,1.6,0.0,0.8,0.8,0.0,0.0,0.8,-0.8,1.6,0.0,0.8,0.8,0.0,1.6,-0.8,0.8,0.8,-0.8,1.6,0.8,1.6,0.0,0.0,0.0,0.0,0.0,-0.8,0.8,-0.8,-0.8,0.8,0.0,-1.6,0.8,0.0,0.0,0.8,0.8,0.0,0.0,0.0,-0.8,0.8,2.4000000000000004,0.0,0.8,-0.8,1.6,0.8,0.0,0.0,-0.8,0.8,0.0,-0.8,0.8,-0.8,0.8,0.8,0.0,1.6,0.0,0.0,0.0,0.8,0.8,-0.8,1.6,0.0,0.8,0.8,0.0,1.6,0.8,0.8,0.8,-0.8,0.8,-0.8,0.8,0.0,0.8,-0.8,0.8,0.0,0.8,-0.8,0.0,0.0,0.8,0.8,-1.6,-0.8,2.4000000000000004,-2.4000000000000004,-1.6,3.2,0.8,-2.4000000000000004,0.8,1.6,0.0,-0.8,1.6,0.0,1.6,0.0,-1.6,1.6,0.0,0.8,0.0,0.8,0.0,0.0,0.8,0.0,1.6,0.0,0.0,1.6,0.0,0.8,1.6,-0.8,0.8,0.0,0.0,0.8,-0.8,0.8,0.0,0.0,0.8,-0.8,1.6,0.0,0.0,1.6,-1.6,-0.8,-0.8,1.6,-0.8,0.0,0.8,0.0,1.6,1.6,0.0,0.8,0.0,0.8,0.0,0.8,1.6,0.0,0.8,0.8,0.8,0.8,0.0,0.8,0.8,0.0,0.8,0.0,0.8,0.8,0.0,0.8,1.6,0.8,0.0,1.6,1.6,1.6,-0.8,1.6,0.0,0.8,0.0,0.8,1.6,1.6,1.6,0.0,0.8,0.8,0.0,-0.8,0.0,0.0,-0.8,0.8,1.6,0.8,1.6,0.0,0.0,0.8,0.0,0.8,0.0,0.8,0.8,0.0,0.8,1.6,0.8,0.8,0.0,0.0,0.8,0.0,0.0,0.8,0.0,0.0,-0.8,0.0,0.8,1.6,0.0,1.6,0.8,-0.8,1.6,-0.8,0.0,0.0,0.0,0.8,0.0,0.8,0.0,0.8,1.6,-0.8,0.0,0.0,1.6,0.8,0.0,0.8,1.6,0.0,1.6,0.8,-0.8,0.8,0.0,0.8,0.0,0.8,0.0,-0.8,0.8,0.0,0.8,0.8,0.8,1.6,-0.8,-0.8,1.6,0.0,-0.8,0.8,0.8,0.0,0.0,0.8,0.0,-0.8,0.8,0.0,0.8,0.0,1.6,0.0,0.0,1.6,0.0,0.0,0.8,0.0,0.8,0.0,0.8,-0.8,-0.8,0.0,0.8,0.0,0.0,0.8,0.8,0.0,0.8,0.8,1.6,0.8,0.8,0.8,0.0,1.6,1.6,0.0,-0.8,0.0,0.8,1.6,0.8,-0.8,0.8,-0.8,0.0,0.0,0.0,0.0,0.0,-0.8,0.0,-0.8,-0.8,-1.6,0.0,0.0,0.0,0.0,0.0,0.0,1.6,0.0,0.0,0.0,1.6,-1.6,0.8,0.8,0.8,0.8,-0.8,0.8,1.6,0.8,0.8,-1.6,0.8,-0.8,-0.8,1.6,0.0,0.8,0.8,0.8,0.8,0.0,0.0,0.0,1.6,0.0,-0.8,0.8,0.0,-0.8,0.0,0.0,1.6,0.0,0.8,0.8,0.0,1.6,-1.6,0.0,1.6,0.8,1.6,0.0,1.6,0.8,0.8,0.8,-0.8,1.6,0.0,0.0,1.6,-0.8,0.8,1.6,0.8,1.6,-2.4000000000000004,0.0,0.0,0.8,0.0,-0.8,0.8,0.8,0.0,0.8,0.0,1.6,0.0,0.0,0.8,-0.8,1.6,0.8,0.0,-0.8,0.8,-0.8,0.0,0.0,0.8,0.8,0.0,-0.8,0.0,0.0,-0.8,0.0,0.0,0.8,0.0,0.0,1.6,0.8,0.8,0.0,0.8,-0.8,-1.6,0.0,1.6,0.0,0.0,0.8,0.0,-0.8,0.0,-0.8,-0.8,0.8,0.8,0.8,0.8,0.8,0.0,0.8,0.8,0.0,2.4000000000000004,0.0,0.0,-0.8,-0.8,0.0,-0.8,0.0,-0.8,0.8,-0.8,-0.8,0.0,-0.8,0.0,0.8,0.0,0.0,-0.8,0.0,1.6,-0.8,1.6,0.0,0.8,0.0,0.0,1.6,0.0,0.0,0.8,-0.8,0.8,-0.8,1.6,1.6,0.8,0.8,0.0,0.0,0.8,-1.6,1.6,-0.8,1.6,-0.8,-0.8,0.8,-1.6,0.8,0.8,0.0,0.0,0.8,1.6,-2.4000000000000004,0.0,0.8,-1.6,0.8,1.6,1.6,1.6,-0.8,0.8,-0.8,0.0,0.8,0.8,0.8,0.0,0.8,0.0,-1.6,0.8,-0.8,-0.8,0.8,-0.8,-1.6,0.8,2.4000000000000004,0.8,1.6,0.0,0.8,0.8,0.8,0.0,0.8,0.0,0.8,-0.8,0.0,0.8,0.8,0.0,0.8,0.8,0.0,0.8,0.8,0.8,-1.6,0.8,0.0,0.8,1.6,0.0,0.8,1.6,0.8,1.6,0.8,0.8,0.8,-0.8,0.8,0.0,0.8,0.0,0.0,0.8,0.8,0.8,1.6,0.0,1.6,0.0,-0.8,0.0,1.6,1.6,0.8,0.8,0.0,-1.6,0.8,-0.8,0.8,-0.8,0.0,0.0,0.8,0.8,-2.4000000000000004,0.8,0.8,0.0,0.0,0.0,1.6,1.6,0.8,0.8,0.0,0.8,0.8,0.0,0.8,0.0,0.8,0.0,0.8,1.6,-0.8,0.0,-0.8,-0.8,0.8,0.0,0.0,0.8,0.8,1.6,0.8,0.8,-0.8,0.0,0.0,0.8,1.6,0.0,0.8,0.8,-0.8,1.6,0.0,0.8,-0.8,0.0,-0.8,0.0,0.8,0.8,0.0,0.8,0.8,0.0,0.8,0.0,1.6,-0.8,0.0,0.8,0.0,0.0,-1.6,0.0,1.6,0.0,0.8,0.8,0.8,0.0,-0.8,1.6,-0.8,1.6,-0.8,-0.8,1.6,0.8,0.0,1.6,0.0,0.8,0.8,0.0,0.8,0.0,0.8,0.8,0.0,0.8,-0.8,0.8,0.0,0.0,0.0,0.8,0.8,0.8,0.0,0.0,-0.8,0.8,0.8,0.0,0.8,-0.8,1.6,0.8,0.0,1.6,-0.8,1.6,-0.8,0.0,0.8,0.0,0.0,0.0,0.0,0.0,-0.8,0.8,-0.8,0.0,0.8,0.0,0.8,0.0,0.8,-0.8,0.0,0.0,-0.8,1.6,0.0,0.0,0.0,-1.6,1.6,0.0,0.0,0.0,-1.6,0.0,-0.8,-1.6,0.0,0.8,0.8,-1.6,0.0,0.0,-0.8,0.0,-0.8,0.8,0.0,-1.6,-0.8,0.0,0.8,0.0,0.0,0.0,0.8,0.0,0.8,-0.8,0.8,0.0,0.8,0.8,0.8,0.0,0.8,0.0,0.8,-0.8,0.8,1.6,0.0,-0.8,-0.8,0.0,0.0,0.0,0.8,0.0,0.0,-0.8,0.0,0.8,0.8,-0.8,0.8,0.0,0.8,0.0,-0.8,0.8,0.8,0.8,0.0,0.8,-0.8,0.8,0.8,-0.8,0.8,0.0,0.0,0.0,-0.8,1.6,0.8,0.0,0.0,-1.6,0.8,-0.8,-0.8,0.8,0.0,0.0,0.8,0.0,0.8,-0.8,0.8,0.0,-0.8,0.0,0.0,1.6,0.0,0.8,0.0,0.0,0.0,1.6,0.0,-0.8,0.0,0.0,0.0,0.8,0.0,-0.8,1.6,-0.8,0.8,0.0,0.0,0.0,-0.8,0.8,0.0,-0.8,0.8,-0.8,-0.8,0.0,0.8,0.8,0.0,1.6,0.0,0.0,0.8,0.8,0.8,0.8,0.8,0.8,0.8,1.6,-0.8,0.8,0.0,0.0,0.0,-0.8,0.0,-0.8,0.0,1.6,-0.8,0.0,0.0,0.8,0.8,0.0,0.0,0.0,0.0,0.8,0.0,-0.8,0.8,0.0,0.8,0.0,0.8,-1.6,0.8,3.2,0.0,-2.4000000000000004,2.4000000000000004,1.6,-2.4000000000000004,0.8,1.6,0.0,0.0,0.0,0.0,0.0,-0.8,0.0,0.8,1.6,-0.8,1.6,0.8,0.0,0.0,0.0,1.6,0.0,-1.6,0.0,2.4000000000000004,1.6,0.0,0.0,2.4000000000000004,0.0,1.6,0.0,0.0,0.8,-0.8,0.8,-0.8,0.0,0.0,0.0,1.6,0.8,0.8,0.0,-0.8,2.4000000000000004,-1.6,0.0,0.0,0.0,1.6,-0.8,1.6,0.8,0.8,0.8,0.8,0.8,0.0,0.0,0.8,0.0,2.4000000000000004,-0.8,0.0,1.6,1.6,0.8,0.8,0.8,0.8,0.0,0.0,-1.6,0.8,0.0,0.8,0.8,0.0,0.8,0.8,-0.8,1.6,-1.6,0.8,0.0,0.8,-0.8,0.0,0.8,0.0,0.0,0.8,-0.8,0.8,0.8,0.8,0.8,-1.6,0.8,0.0,0.0,-0.8,0.0,0.8,-1.6,0.8,0.0,-1.6,0.8,0.0,0.8,0.0,0.0,0.0,0.0,0.0,0.0,0.0,1.6,0.0,-0.8,-0.8,0.0,0.0,-0.8,-0.8,0.8,0.0,1.6,0.0,-0.8,0.8,0.0,0.0,0.0,0.8,0.8,0.8,0.8,0.8,-0.8,0.0,0.0,0.0,0.0,-0.8,0.8,-0.8,0.0,0.8,0.0,0.8,0.0,0.8,1.6,0.0,0.8,-0.8,0.8,0.8,1.6,0.8,-0.8,0.8,0.8,-0.8,0.8,-0.8,0.0,0.0,-0.8,1.6,0.0,0.0,0.0,0.0,0.8,-1.6,0.8,-0.8,0.8,0.0,-0.8,0.8,0.8,0.0,0.8,0.0,1.6,-0.8,0.8,1.6,-1.6,1.6,0.8,0.0,0.8,-0.8,0.0,-1.6,-0.8,1.6,1.6,0.0,0.8,0.0,-0.8,0.0,0.8,0.0,0.0,0.0,0.0,-0.8,0.8,0.0,0.0,0.0,0.0,-2.4000000000000004,0.0,0.8,0.0,0.8,0.0,2.4000000000000004,0.0,0.8,0.8,0.0,1.6,0.8,0.0,0.0,0.8,0.0,1.6,0.0,0.0,0.0,0.0,0.8,0.0,0.0,-0.8,0.0,0.0,-0.8,0.0,-0.8,0.8,0.8,0.0,0.8,0.0,0.8,0.0,0.0,0.8,1.6,0.8,1.6,0.8,2.4000000000000004,0.0,0.8,0.0,-0.8,0.0,0.0,0.8,-0.8,-0.8,0.8,0.8,0.8,0.0,-0.8,0.8,0.0,-0.8,0.8,0.0,0.8,-1.6,0.0,0.8,-1.6,0.8,1.6,0.8,0.0,1.6,1.6,-0.8,0.8,0.0,0.8,0.8,-0.8,1.6,0.8,-0.8,0.8,-0.8,0.0,-1.6,0.0,-0.8,-0.8,0.8,0.0,-0.8,0.8,0.8,-1.6,-0.8,-0.8,0.0,0.0,1.6,0.0,0.0,0.0,0.0,0.8,0.8,0.0,-0.8,0.8,0.0,-1.6,0.0,0.8,0.8,0.0,-0.8,0.8,0.8,-0.8,0.0,0.0,-0.8,-0.8,-0.8,0.8,0.8,-0.8,0.8,0.8,0.8,0.8,0.8,0.0,-0.8,-0.8,0.8,0.0,0.8,0.0,0.8,0.0,0.8,-1.6,0.8,0.0,0.0,-0.8,0.0,-0.8,-0.8,0.0,0.8,0.8,0.0,-0.8,0.0,0.8,0.8,-0.8,0.0,-0.8,0.0,0.0,-0.8,0.0,0.0,-0.8,1.6,-0.8,0.0,0.8,0.8,0.0,0.8,1.6,0.0,0.0,0.0,0.0,1.6,-0.8,0.8,0.8,-0.8,2.4000000000000004,-0.8,0.8,0.0,-0.8,0.8,0.0,0.8,0.8,-1.6,0.8,0.0,-0.8,-0.8,0.8,1.6,-1.6,0.0,0.0,0.8,1.6,-1.6,0.8,0.0,-0.8,0.0,-0.8,0.8,0.0,0.8,0.8,0.0,1.6,0.0,0.8,0.0,-0.8,-0.8,-0.8,0.0,0.8,0.0,0.0,0.0,0.0,-0.8,0.8,0.8,-0.8,-0.8,-0.8,0.8,1.6,0.0,0.0,1.6,0.0,0.0,1.6,0.8,0.0,0.8,-0.8,0.8,0.0,-0.8,1.6,0.8,0.8,-1.6,0.8,0.0,0.0,0.0,0.8,0.0,1.6,0.0,1.6,0.0,1.6,0.8,0.0,0.8,-0.8,1.6,0.8,0.0,0.0,0.0,0.0,-1.6,0.0,0.8,-0.8,0.8,-0.8,0.0,0.0,0.0,0.0,0.8,0.8,0.0,0.8,0.0,0.0,0.0,0.8,0.8,0.8,-2.4000000000000004,0.8,1.6,0.0,0.0,-0.8,1.6,0.0,0.8,0.0,0.0,1.6,0.0,0.0,0.0,0.0,1.6,0.0,1.6,0.8,-0.8,0.8,0.0,1.6,0.0,-0.8,0.8,0.8,0.8,0.0,-0.8,0.8,0.0,0.0,0.0,0.0,0.8,-0.8,1.6,0.8,1.6,1.6,-0.8,1.6,0.8,-0.8,1.6,0.8,0.8,0.0,0.0,0.0,0.0,0.0,1.6,0.8,2.4000000000000004,0.0,0.8,0.0,0.8,0.8,1.6,1.6,0.0,-0.8,0.0,0.0,0.8,0.0,0.8,0.0,-0.8,1.6,0.0,0.0,0.8,0.8,0.0,0.8,0.8,0.8,-0.8,0.0,0.0,0.0,-0.8,0.0,0.0,0.8,-0.8,0.8,0.8,1.6,1.6,0.0,0.0,0.8,0.0,-0.8,0.8,2.4000000000000004,0.0,-0.8,0.0,-0.8,0.8,0.0,0.8,0.0,0.0,0.0,-0.8,0.0,1.6,0.0,1.6,0.0,0.8,0.0,0.0,1.6,0.0,-0.8,-0.8,0.8,1.6,0.0,0.8,-0.8,0.8,0.8,0.8,0.8,0.0,0.8,-0.8,0.8,0.0,1.6,0.8,0.0,0.8,0.8,0.0,1.6,0.0,0.0,0.0,0.0,0.8,0.0,-1.6,0.8,-0.8,0.8,0.0,0.0,0.0,-0.8,0.0,0.0,0.0,0.8,-0.8,0.8,-0.8,0.8,0.8,0.8,0.8,0.0,0.8,0.8,0.0,0.8,0.0,0.8,-0.8,-0.8,0.8,0.8,0.0,1.6,0.0,-1.6,0.8,0.0,0.8,0.8,0.0,0.8,0.8,0.8,0.0,0.0,0.8,-0.8,0.0,0.0,0.8,1.6,-0.8,0.8,0.8,0.0,0.0,0.0,-0.8,-0.8,0.0,0.0,-0.8,0.8,-0.8,-0.8,0.0,1.6,0.0,-2.4000000000000004,0.8,0.8,-1.6,0.0,-0.8,0.8,0.0,-1.6,0.0,0.0,0.0,0.8,0.8,0.8,0.8,0.8,0.8,0.8,1.6,0.0,0.0,0.8,0.8,0.0,-0.8,0.0,0.0,0.0,0.0,0.0,0.8,-0.8,0.8,1.6,-1.6,0.0,0.0,-0.8,0.8,-1.6,0.8,0.0,0.8,0.0,0.0,0.0,0.0,0.8,0.8,0.0,0.8,0.0,1.6,0.8,0.0,0.0,0.8,0.0,-0.8,0.8,1.6,-1.6,-0.8,0.0,-1.6,0.0,0.0,0.8,0.0,0.0,0.8,-0.8,0.0,-0.8,-0.8,1.6,-1.6,0.0,0.8,0.0,0.0,0.0,0.0,0.8,1.6,-0.8,-0.8,0.0,0.8,-0.8,-0.8,0.8,0.0,0.0,0.8,0.8,2.4000000000000004,0.0,0.8,0.8,0.8,-0.8,0.0,-0.8,0.0,0.0,0.8,0.0,1.6,-0.8,-0.8,0.8,-0.8,0.8,-0.8,1.6,0.0,1.6,0.0,-0.8,0.8,0.0,0.0,0.0,-0.8,0.8,-0.8,-1.6,0.8,-1.6,0.0,0.0,0.8,0.8,-0.8,1.6,-1.6,0.0,-0.8,-0.8,0.0,-0.8,0.8,-0.8,-0.8,0.8,-0.8,0.8,0.0,0.0,2.4000000000000004,0.0,1.6,-0.8,0.0,0.8,-0.8,1.6,0.0,0.0,0.0,-0.8,0.8,-1.6,-0.8,-0.8,-0.8,1.6,0.0,0.0,-1.6,0.8,0.8,-1.6,1.6,0.0,-0.8,0.0,0.0,0.8,-0.8,-0.8,1.6,0.8,0.8,-0.8,0.0,1.6,0.0,0.0,-0.8,0.0,0.8,0.0,0.8,0.8,0.8,0.0,0.8,0.8,-0.8,0.0,-0.8,0.0,0.0,0.0,1.6,0.0,0.0,0.0,1.6,0.0,0.0,0.0,-0.8,0.0,1.6,0.0,0.8,0.8,0.8,-0.8,0.8,0.0,0.0,0.8,-0.8,0.0,0.0,-0.8,1.6,1.6,0.0,-0.8,-0.8,-0.8,0.0,0.0,0.8,-0.8,0.8,-0.8,0.0,0.8,0.0,0.8,0.0,1.6,0.0,1.6,1.6,-1.6,0.8,0.0,-0.8,0.0,0.0,0.8,-0.8,0.0,0.0,-0.8,0.0,-1.6,-0.8,0.8,0.0,0.8,-0.8,0.0,1.6,-0.8,0.8,0.0,-0.8,-1.6,-0.8,1.6,-0.8,0.0,0.0,-0.8,1.6,0.0,-0.8,-0.8,0.0,0.0,-0.8,0.8,-0.8,-0.8,0.8,-0.8,1.6,0.8,0.0,0.8,-0.8,0.0,0.0,0.8,0.0,0.0,0.8,0.0,0.0,0.0,-0.8,0.8,0.0,0.8,-0.8,0.0,0.8,0.8,0.8,-0.8,0.0,2.4000000000000004,0.0,0.8,0.8,0.0,-0.8,0.0,0.0,0.8,0.0,0.8,0.0,0.8,-1.6,0.0,0.8,0.0,-2.4000000000000004,1.6,0.0,-0.8,-0.8,-0.8,1.6,-0.8,0.0,1.6,1.6,-0.8,0.0,0.0,0.0,0.8,-0.8,-0.8,0.8,0.0,0.0,0.0,0.0,1.6,-2.4000000000000004,-0.8,1.6,0.0,0.8,-0.8,0.8,1.6,0.0,0.8,0.0,0.0,1.6,0.0,0.0,0.0,0.8,0.8,0.0,0.8,0.0,1.6,1.6,-0.8,0.0,0.8,0.8,0.0,-0.8,1.6,0.0,0.0,0.0,0.0,1.6,0.0,1.6,1.6,-1.6,0.0,0.8,0.0,-0.8,0.8,0.0,1.6,0.8,0.8,-0.8,0.0,0.8,-0.8,0.8,0.0,1.6,0.0,1.6,1.6,0.8,0.0,0.0,-0.8,1.6,-0.8,0.8,0.8,0.0,0.8,0.8,0.8,0.0,0.0,1.6,0.8,2.4000000000000004,0.0,0.8,0.0,0.8,0.0,-0.8,0.8,0.8,0.0,-0.8,-0.8,0.0,1.6,0.0,0.0,0.0,0.8,0.8,-0.8,0.0,0.8,0.8,0.0,0.0,1.6,-1.6,-0.8,0.8,0.0,0.0,0.0,1.6,0.0,0.8,0.8,0.0,1.6,-0.8,-1.6,0.8,-0.8,0.8,0.8,0.8,1.6,0.0,1.6,0.0,0.0,0.8,0.8,0.0,0.8,0.0,0.0,-0.8,0.8,0.8,0.0,0.8,0.0,2.4000000000000004,-1.6,-0.8,-0.8,-0.8,1.6,-0.8,0.0,2.4000000000000004,-0.8,1.6,0.0,1.6,0.8,0.0,1.6,0.0,2.4000000000000004,0.0,0.0,0.8,0.8,0.0,1.6,0.0,0.8,0.0,0.8,-0.8,0.0,0.8,0.8,0.8,0.0,0.0,0.8,0.0,1.6,0.0,0.0,0.8,0.8,1.6,-1.6,-0.8,0.8,0.8,0.8,-0.8,-0.8,1.6,0.8,0.0,0.0,0.0,-0.8,0.8,-0.8,0.8,1.6,0.0,0.0,-0.8,0.0,0.0,0.8,-0.8,-0.8,1.6,0.0,0.8,0.8,0.0,0.8,1.6,0.8,-0.8,0.0,2.4000000000000004,0.8,0.8,0.8,1.6,1.6,0.0,0.0,-0.8,0.0,0.8,-2.4000000000000004,0.0,0.0,0.8,0.0,-0.8,2.4000000000000004,-1.6,0.0,0.8,-0.8,0.8,-0.8,1.6,0.8,0.0,0.8,0.0,0.0,0.0,0.8,0.8,0.0,1.6,-0.8,-0.8,1.6,1.6,0.0,0.8,1.6,0.8,-1.6,1.6,0.0,0.8,0.0,0.0,0.8,-0.8,0.0,2.4000000000000004,-0.8,2.4000000000000004,-1.6,0.8,0.0,0.0,0.8,0.0,0.0,0.8,-0.8,0.8,0.0,0.8,0.0,0.0,0.8,-1.6,1.6,1.6,-0.8,0.8,0.8,0.0,0.0,0.0,0.8,0.0,0.8,0.0,0.0,0.0,0.0,2.4000000000000004,0.8,0.0,0.0,0.8,1.6,1.6,0.8,0.0,-0.8,-0.8,-1.6,0.0,0.8
event_41,1625266797.2070334,0.8,0.0,0.8,0.0,0.8,0.8,-0.8,0.8,0.8,0.0,0.8,-0.8,0.8,-0.8,0.8,0.0,0.0,0.8,0.0,0.0,0.8,0.0,0.8,-0.8,1.6,-0.8,0.8,0.8,0.8,0.8,-0.8,-0.8,0.0,0.0,1.6,0.0,0.8,0.0,0.8,0.0,-0.8,0.0,1.6,0.0,0.0,0.8,0.0,0.8,0.8,1.6,0.0,0.0,0.0,0.0,0.0,0.0,0.8,0.0,-0.8,0.0,-0.8,0.0,0.0,0.0,0.8,0.0,0.8,0.0,0.8,0.0,-0.8,0.8,-0.8,-0.8,-0.8,0.8,0.8,-0.8,0.0,0.8,0.0,0.0,0.0,-0.8,0.8,0.0,-0.8,1.6,0.0,1.6,0.0,0.8,2.4000000000000004,0.8,0.0,-0.8,0.8,0.8,0.0,0.8,0.8,0.0,-1.6,-39.199999999999996,-108.80000000000001,-89.6,-37.6,-11.2,-8.0,-2.4000000000000004,-3.2,-7.200000000000001,-4.800000000000001,-2.4000000000000004,-3.2,-1.6,2.4000000000000004,-0.8,-2.4000000000000004,0.8,-2.4000000000000004,-0.8,0.0,-1.6,0.8,-2.4000000000000004,0.0,1.6,-1.6,0.0,-0.8,0.8,0.0,-0.8,0.0,0.8,0.0,0.0,-0.8,0.0,-0.8,0.0,0.0,0.8,0.0,-2.4000000000000004,1.6,0.8,0.8,0.8,-0.8,0.8,-1.6,-0.8,0.8,0.0,0.0,0.0,0.0,-1.6,0.0,0.0,0.8,-0.8,-0.8,0.8,0.8,0.8,0.8,0.0,1.6,-0.8,-0.8,0.0,0.8,0.8,0.0,0.0,1.6,1.6,0.8,-1.6,0.0,0.8,-0.8,0.0,0.0,2.4000000000000004,0.0,-0.8,0.8,1.6,1.6,0.0,0.0,1.6,0.0,0.0,-0.8,1.6,-0.8,0.0,0.0,-0.8,0.8,0.0,1.6,1.6,-0.8,0.0,-0.8,0.8,1.6,-0.8,3.2,0.8,0.0,1.6,0.0,1.6,-0.8,0.8,0.0,-1.6,0.0,0.0,1.6,0.8,0.0,-0.8,-1.6,-0.8,0.0,-0.8,0.8,0.0,0.8,0.0,-1.6,0.8,0.0,0.8,-0.8,1.6,0.0,-0.8,1.6,-0.8,-0.8,-0.8,-0.8,0.0,-1.6,0.0,0.8,-1.6,1.6,-1.6,-0.8,0.0,-0.8,0.0,-0.8,0.0,0.0,-0.8,1.6,0.0,0.0,0.0,-0.8,-0.8,0.0,0.8,0.0,0.8,-0.8,0.0,-0.8,0.0,0.0,0.0,0.8,-0.8,-1.6,0.0,0.0,0.8,0.0,-0.8,0.0,-0.8,-1.6,0.8,0.0,0.0,-0.8,-0.8,-0.8,0.8,0.0,0.0,1.6,0.8,0.8,0.8,0.0,0.8,0.0,0.0,0.8,0.8,0.0,0.0,1.6,0.8,-0.8,0.8,0.0,0.8,-0.8,0.0,-0.8,0.0,0.8,0.8,0.8,0.8,-0.8,0.8,-0.8,0.8,-0.8,0.8,0.0,0.8,0.8,0.0,-0.8,0.8,0.0,0.0,0.8,0.0,1.6,0.0,1.6,-0.8,0.0,0.0,0.0,1.6,0.0,0.8,0.0,-0.8,0.8,-2.4000000000000004,0.8,0.8,-1.6,0.8,-0.8,0.8,-0.8,0.8,1.6,-0.8,0.0,-0.8,0.0,1.6,-0.8,1.6,0.0,-0.8,1.6,0.0,0.8,0.8,0.8,0.8,0.8,0.0,-1.6,0.8,1.6,0.8,0.0,0.0,0.0,0.0,0.0,0.8,0.0,-0.8,0.0,1.6,0.0,0.0,-0.8,0.8,0.0,0.8,0.8,0.8,0.8,0.0,0.8,-0.8,0.8,0.0,0.8,0.8,0.8,-0.8,0.8,0.0,0.8,0.8,-0.8,1.6,0.0,0.0,1.6,0.8,0.0,-0.8,0.0,0.8,0.0,0.0,-0.8,0.0,1.6,0.8,-0.8,0.0,0.8,-0.8,1.6,0.8,-1.6,1.6,0.0,0.0,0.8,0.0,0.0,0.8,-1.6,0.8,0.8,0.8,0.0,0.8,0.0,-0.8,0.0,0.8,0.8,0.0,0.0,0.8,0.8,0.0,0.0,0.8,-0.8,-0.8,1.6,1.6,0.0,0.8,-1.6,0.8,0.0,0.8,0.8,0.0,1.6,-0.8,-0.8,0.8,1.6,0.8,0.0,-0.8,0.0,0.8,0.0,-0.8,0.0,0.0,0.8,-0.8,0.8,1.6,0.8,0.0,0.8,0.0,-0.8,0.8,0.8,0.0,-0.8,-0.8,0.0,0.8,-0.8,0.0,0.8,1.6,0.0,0.8,0.8,0.0,0.0,-0.8,-0.8,0.0,-0.8,1.6,0.8,0.0,0.0,-0.8,0.0,0.0,0.0,0.8,0.0,0.8,0.8,0.0,0.0,0.8,0.8,0.8,0.0,0.8,0.0,0.8,0.0,0.0,1.6,0.0,0.0,0.0,0.0,0.8,-0.8,2.4000000000000004,0.8,-1.6,0.8,0.0,0.8,-0.8,1.6,0.8,-0.8,0.8,-0.8,0.0,1.6,0.0,0.8,-0.8,1.6,0.8,0.0,0.8,-0.8,1.6,0.8,0.0,0.8,0.0,1.6,0.0,0.8,0.8,0.0,0.8,-0.8,0.8,0.0,0.0,2.4000000000000004,0.0,0.0,-0.8,0.0,0.8,-0.8,0.8,0.8,0.8,0.8,-0.8,0.8,0.0,0.8,0.0,0.0,0.0,0.8,0.0,0.0,0.0,0.8,-1.6,1.6,0.0,0.0,0.0,0.0,0.0,-0.8,0.0,0.0,-0.8,0.8,0.0,0.0,0.0,0.0,-0.8,0.0,0.8,0.8,0.0,0.0,-0.8,0.0,0.0,0.0,-0.8,0.8,2.4000000000000004,0.0,0.0,0.0,0.0,0.0,-0.8,0.0,0.0,0.8,-0.8,-0.8,0.8,0.8,-0.8,0.0,0.8,1.6,-0.8,1.6,0.0,0.0,0.0,0.0,0.8,0.8,-2.4000000000000004,0.0,0.0,0.8,0.0,-0.8,1.6,0.0,1.6,0.0,0.0,1.6,-1.6,0.0,0.0,0.8,0.8,0.8,0.0,-0.8,1.6,-0.8,-1.6,1.6,0.0,-0.8,0.8,0.8,-0.8,-1.6,0.8,0.0,0.0,0.8,-0.8,0.8,0.8,-1.6,0.8,0.0,1.6,1.6,-0.8,1.6,0.0,0.8,0.8,0.8,1.6,-0.8,0.0,-0.8,0.0,0.0,0.8,0.8,1.6,-0.8,-0.8,-0.8,0.0,0.0,-0.8,0.0,0.8,0.0,-0.8,0.8,1.6,-0.8,0.8,0.8,0.8,0.8,0.8,0.0,0.0,0.0,0.8,0.8,-0.8,0.0,0.8,0.8,0.0,-0.8,-0.8,-0.8,0.0,0.0,-0.8,0.0,0.0,0.8,0.0,0.8,0.8,0.8,0.0,-1.6,0.8,2.4000000000000004,-0.8,-0.8,0.0,0.0,0.8,0.0,0.0,-1.6,1.6,0.8,-1.6,1.6,0.8,0.0,0.8,0.0,1.6,0.0,1.6,0.0,-0.8,0.0,-0.8,0.8,-0.8,-0.8,0.8,-1.6,1.6,-0.8,0.0,1.6,0.0,0.8,-1.6,0.8,0.8,0.0,0.8,0.0,0.8,0.0,-0.8,1.6,-0.8,0.8,0.0,0.0,-0.8,0.8,0.0,0.8,0.0,0.0,-0.8,0.0,-0.8,0.0,-0.8,0.8,0.8,0.0,0.8,-1.6,0.0,0.8,0.0,0.8,0.8,0.0,0.0,0.8,-1.6,-0.8,0.0,0.0,-1.6,0.8,0.8,1.6,-0.8,0.0,-0.8,0.0,0.8,0.8,0.8,0.0,0.8,0.0,0.0,0.8,-0.8,0.0,0.8,-1.6,-0.8,-0.8,0.8,0.0,0.8,0.8,0.0,0.8,0.8,0.0,0.8,0.0,1.6,0.8,0.0,0.8,-0.8,1.6,0.0,0.8,0.8,-0.8,1.6,0.8,0.0,0.0,0.0,0.8,0.0,0.0,0.0,0.8,0.8,0.0,0.8,0.8,0.0,0.0,0.0,0.0,1.6,0.0,0.0,0.0,1.6,1.6,0.8,0.0,0.0,0.8,0.0,-0.8,0.0,-0.8,0.8,0.8,0.8,0.0,-0.8,0.0,0.0,0.0,0.0,-0.8,0.0,0.0,-0.8,0.8,0.8,0.8,0.8,0.0,-0.8,0.8,0.0,-0.8,0.0,0.8,0.8,0.0,0.0,0.8,0.0,0.0,-0.8,-0.8,-0.8,-0.8,0.0,-0.8,0.0,0.8,0.0,0.0,0.8,0.8,0.0,0.0,-0.8,-1.6,-0.8,0.8,0.8,0.0,0.0,1.6,-0.8,1.6,-0.8,-0.8,0.0,0.0,-0.8,-0.8,0.8,0.8,-1.6,1.6,0.8,-0.8,0.8,0.0,0.8,-1.6,0.0,0.0,0.8,0.0,-1.6,1.6,1.6,0.0,1.6,0.0,0.0,0.0,-0.8,0.8,-0.8,2.4000000000000004,0.0,0.0,2.4000000000000004,0.0,0.8,2.4000000000000004,-1.6,2.4000000000000004,-0.8,-0.8,0.0,0.0,0.0,0.8,1.6,-0.8,-0.8,0.0,-1.6,1.6,-1.6,0.0,0.0,0.0,0.0,-0.8,0.0,0.8,0.0,0.8,-1.6,0.0,1.6,0.0,-0.8,-0.8,0.0,0.8,-0.8,0.0,0.8,1.6,-0.8,0.8,0.0,0.0,0.0,0.0,0.8,0.0,0.0,0.0,0.0,1.6,0.8,0.0,1.6,-0.8,0.0,-0.8,0.0,-0.8,-0.8,0.0,0.0,0.0,0.0,0.0,-0.8,0.0,-0.8,-0.8,0.0,0.0,0.0,1.6,-0.8,1.6,0.0,0.8,0.0,0.0,0.8,0.0,0.0,-0.8,0.0,1.6,-0.8,1.6,0.0,0.8,1.6,0.0,0.0,0.8,-0.8,1.6,1.6,1.6,0.0,0.8,1.6,-0.8,1.6,0.8,0.0,0.8,-0.8,0.8,0.0,0.0,1.6,0.0,0.8,-0.8,0.8,0.0,0.0,0.8,0.0,0.0,1.6,-0.8,0.0,0.0,1.6,0.0,0.8,0.0,-0.8,1.6,0.8,-0.8,0.8,-0.8,0.8,0.0,-0.8,1.6,0.0,0.8,0.8,-0.8,0.8,0.0,0.0,0.0,-0.8,0.8,0.8,-0.8,0.8,0.8,0.8,0.8,-0.8,-0.8,0.0,0.8,0.0,0.8,0.8,1.6,-0.8,0.8,0.8,-0.8,0.8,0.0,0.0,0.0,0.0,0.8,0.8,0.8,1.6,0.0,0.8,0.0,0.0,0.0,0.0,-0.8,-0.8,0.0,0.8,0.8,1.6,0.8,0.0,0.8,0.8,-0.8,-0.8,0.8,0.8,2.4000000000000004,0.8,0.8,0.8,1.6,0.0,0.0,0.8,0.0,0.0,0.0,-0.8,0.8,0.0,1.6,0.8,0.0,0.0,0.0,0.8,0.8,0.0,0.8,0.0,0.8,0.0,-0.8,0.8,0.0,1.6,0.8,-0.8,0.0,0.0,1.6,-0.8,0.0,0.0,-0.8,0.0,-0.8,0.8,1.6,-0.8,1.6,0.0,0.0,0.0,0.8,0.8,-0.8,0.8,0.0,-0.8,0.8,0.0,0.0,1.6,-0.8,0.0,0.8,1.6,0.8,0.0,0.0,1.6,1.6,1.6,0.0,0.0,0.8,0.0,-0.8,1.6,0.0,0.0,0.0,0.0,1.6,0.8,0.8,0.0,0.0,-0.8,0.8,0.8,0.8,1.6,0.0,1.6,1.6,0.8,0.8,0.0,1.6,0.8,0.0,0.8,0.0,1.6,0.8,-0.8,2.4000000000000004,1.6,0.8,0.8,0.8,1.6,-1.6,0.0,-1.6,0.0,1.6,0.0,1.6,1.6,0.0,1.6,0.8,0.8,0.0,0.0,0.0,1.6,1.6,-0.8,1.6,1.6,0.0,1.6,0.0,0.0,0.8,0.8,0.8,-0.8,0.8,0.0,-0.8,0.0,0.0,1.6,0.8,1.6,0.0,-0.8,0.8,0.8,0.8,0.8,0.0,0.8,-0.8,0.0,2.4000000000000004,-0.8,0.8,-0.8,0.0,0.0,0.0,1.6,0.0,0.0,1.6,1.6,3.2,-0.8,-1.6,0.8,0.0,0.8,0.8,2.4000000000000004,0.8,0.0,0.0,0.8,0.8,0.8,0.0,0.8,0.8,0.0,0.8,0.8,0.0,0.8,1.6,1.6,0.0,0.8,1.6,0.8,0.8,0.0,0.8,0.8,1.6,0.8,0.8,0.8,0.8,0.0,0.8,0.8,0.8,0.8,0.8,0.8,0.0,0.8,2.4000000000000004,0.0,1.6,-0.8,0.0,0.0,0.8,-0.8,0.8,0.8,2.4000000000000004,-0.8,0.8,0.0,0.8,0.8,0.0,0.8,-0.8,1.6,0.8,-0.8,0.8,-0.8,0.8,0.0,-0.8,0.8,0.0,0.8,1.6,-0.8,0.8,0.8,1.6,0.0,0.0,1.6,0.0,1.6,1.6,0.0,0.8,-0.8,0.0,-0.8,1.6,2.4000000000000004,-0.8,0.8,0.0,1.6,0.8,0.0,0.8,-0.8,0.8,0.8,0.0,0.8,0.0,0.8,0.0,0.0,0.0,0.0,0.8,0.8,0.8,0.0,-0.8,0.0,0.0,0.8,0.0,0.0,2.4000000000000004,0.0,1.6,0.8,0.0,1.6,0.0,0.8,0.8,1.6,0.8,0.8,0.8,1.6,0.8,0.8,0.0,0.8,-0.8,-0.8,0.8,0.0,0.0,0.8,1.6,0.0,0.0,0.0,0.0,0.8,-0.8,0.0,-0.8,1.6,0.8,0.0,1.6,-0.8,0.8,1.6,0.8,0.0,1.6,0.8,0.0,0.0,0.8,0.8,1.6,-0.8,0.8,1.6,-0.8,0.8,0.0,0.0,0.8,-0.8,0.8,-0.8,0.0,0.8,-1.6,1.6,0.8,0.0,0.8,0.0,-0.8,0.0,1.6,0.0,0.0,0.8,0.8,1.6,1.6,0.8,0.0,0.0,0.8,0.8,0.8,0.8,0.8,0.8,0.8,0.0,1.6,-0.8,0.8,0.8,-0.8,-0.8,-0.8,0.0,0.0,-0.8,0.8,0.8,1.6,0.0,0.8,0.8,0.0,-0.8,0.0,0.0,0.8,0.0,1.6,0.0,1.6,0.0,0.8,0.8,0.0,0.8,-0.8,-0.8,0.8,0.0,0.8,0.8,0.8,0.8,0.8,0.0,-0.8,0.0,0.8,0.8,1.6,0.0,0.0,0.8,0.0,-0.8,0.0,-0.8,-0.8,1.6,1.6,0.8,0.8,0.8,0.8,0.0,0.0,0.0,2.4000000000000004,0.0,0.8,0.0,-0.8,0.8,0.8,0.8,0.8,0.0,0.8,0.0,0.8,0.8,-0.8,0.8,0.0,-0.8,0.8,0.8,0.8,0.0,0.0,1.6,0.0,1.6,-0.8,0.0,1.6,-0.8,0.0,0.0,0.8,0.8,0.0,0.8,0.0,0.8,0.8,0.0,1.6,-0.8,-0.8,-1.6,0.0,0.8,-0.8,1.6,0.8,0.0,0.0,0.8,0.8,0.0,0.0,0.8,0.8,1.6,0.8,0.8,2.4000000000000004,1.6,0.0,2.4000000000000004,0.8,-0.8,0.8,0.0,0.0,-1.6,0.0,2.4000000000000004,1.6,-0.8,0.8,-0.8,0.0,0.0,0.0,1.6,0.0,1.6,0.8,0.8,0.8,0.0,1.6,0.8,0.0,0.0,0.8,0.8,-1.6,0.0,0.0,0.8,0.0,0.8,0.0,0.0,1.6,0.8,-0.8,-0.8,0.8,2.4000000000000004,-0.8,-2.4000000000000004,4.800000000000001,-0.8,-1.6,0.8,1.6,-0.8,0.8,1.6,-0.8,-1.6,0.8,0.8,0.8,-0.8,1.6,1.6,0.8,0.0,-0.8,1.6,1.6,-1.6,0.0,-0.8,1.6,0.0,0.0,1.6,0.0,0.0,0.8,1.6,0.8,-1.6,0.8,0.8,0.8,1.6,0.8,2.4000000000000004,0.8,0.8,0.8,-0.8,0.8,-0.8,0.8,1.6,-0.8,1.6,-0.8,1.6,1.6,0.0,0.8,0.0,0.8,-0.8,0.0,0.8,-0.8,0.8,0.8,-0.8,1.6,-0.8,0.8,0.8,0.0,1.6,0.0,0.8,0.0,0.0,0.0,-0.8,1.6,-0.8,0.0,1.6,-0.8,0.8,-0.8,1.6,0.8,-0.8,0.8,0.0,-1.6,1.6,0.8,-0.8,1.6,0.0,-2.4000000000000004,0.8,0.8,-0.8,0.0,1.6,0.0,0.0,1.6,0.0,0.8,0.8,-0.8,-0.8,0.0,0.8,1.6,-0.8,0.8,0.0,0.0,1.6,0.0,0.0,0.0,-0.8,-0.8,-0.8,1.6,0.0,0.0,0.8,0.0,0.8,-0.8,0.8,0.0,-1.6,1.6,0.0,1.6,0.0,-0.8,0.0,0.0,1.6,0.8,0.8,0.8,0.0,0.0,0.0,0.8,1.6,-0.8,1.6,0.8,1.6,0.8,0.8,1.6,0.8,0.8,0.8,0.0,1.6,-1.6,1.6,0.8,0.0,0.8,0.0,0.0,1.6,0.0,1.6,0.8,1.6,0.8,0.0,0.8,-0.8,0.0,0.8,0.8,0.0,1.6,1.6,-0.8,0.8,0.0,0.0,0.0,-0.8,0.8,0.0,0.0,-0.8,0.0,0.0,0.0,-0.8,-0.8,-0.8,0.0,0.8,-0.8,0.8,0.8,-0.8,-0.8,0.0,0.0,-0.8,0.8,0.8,-0.8,0.8,0.0,0.8,0.0,0.0,-0.8,0.0,-0.8,0.8,0.8,0.0,0.0,0.0,0.8,1.6,0.8,0.0,-0.8,0.8,0.0,0.0,-0.8,0.8,0.0,0.0,0.8,1.6,0.0,0.8,0.0,0.0,0.8,0.0,0.8,0.0,1.6,1.6,0.0,0.0,0.8,0.0,-0.8,0.8,0.8,-0.8,0.0,0.0,0.0,0.0,0.8,0.8,0.0,0.0,0.8,0.0,1.6,0.0,0.8,0.0,0.0,0.0,0.0,0.0,1.6,-0.8,0.8,0.0,0.8,1.6,0.0,0.8,0.8,0.8,0.8,-1.6,1.6,0.8,0.8,-0.8,0.0,0.8,-0.8,0.8,-0.8,-0.8,0.8,0.0,0.8,0.0,-0.8,0.8,-0.8,1.6,-0.8,-0.8,0.8,0.8,0.8,0.8,0.0,1.6,0.0,0.8,-0.8,0.0,0.8,-0.8,-0.8,0.8,0.0,0.8,1.6,-0.8,1.6,1.6,0.8,-0.8,2.4000000000000004,-0.8,-1.6,0.8,2.4000000000000004,-1.6,0.8,-0.8,1.6,0.0,0.0,0.8,1.6,0.0,-0.8,0.8,0.8,2.4000000000000004,0.8,0.0,0.8,1.6,-0.8,1.6,0.8,0.0,-0.8,0.0,0.0,-0.8,0.0,1.6,0.0,0.8,-0.8,1.6,-0.8,0.0,0.8,0.0,0.8,1.6,-0.8,0.8,0.0,0.8,0.8,0.0,0.8,0.0,1.6,0.0,0.8,0.8,0.8,1.6,-0.8,0.8,1.6,0.0,0.8,0.8,0.0,0.0,-0.8,0.8,-0.8,0.8,0.8,0.0,0.0,0.0,1.6,0.0,1.6,0.0,0.0,-0.8,0.8,0.0,0.0,0.8,1.6,1.6,0.8,0.0,-0.8,0.0,0.8,-0.8,0.0,0.8,0.8,-0.8,0.0,0.0,0.8,0.8,0.8,0.8,0.0,0.0,-0.8,0.0,-0.8,0.0,0.0,-0.8,-0.8,0.0,0.8,0.8,1.6,0.0,-1.6,0.8,2.4000000000000004,0.0,1.6,1.6,1.6,0.8,0.0,0.0,0.8,0.8,0.0,0.0,0.0,0.8,1.6,1.6,0.8,0.8,0.8,0.0,1.6,-0.8,0.8,-0.8,1.6,0.0,-0.8,0.8,0.0,1.6,0.0,0.8,0.8,0.0,3.2,-0.8,0.8,1.6,-0.8,0.8,0.0,0.0,1.6,0.0,0.8,-0.8,0.0,0.0,0.0,1.6,0.0,1.6,0.8,0.0,1.6,-0.8,0.8,0.8,-1.6,0.8,-1.6,2.4000000000000004,0.8,-0.8,0.8,-0.8,1.6,0.8,0.0,0.8,0.0,0.8,-0.8,0.8,1.6,0.0,1.6,0.8,1.6,-0.8,0.0,0.8,0.8,0.0,0.0,0.8,0.0,0.0,0.0,0.0,0.0,0.8,-0.8,0.8,0.0,0.0,0.0,0.0,0.0,1.6,0.0,-0.8,2.4000000000000004,1.6,0.0,1.6,0.8,1.6,0.8,0.0,0.8,0.8,0.0,0.8,0.0,1.6,-0.8,0.0,-0.8,0.0,0.8,0.8,0.8,0.0,0.0,0.0,0.0,0.8,0.0,0.8,0.8,0.0,2.4000000000000004,0.0,0.8,1.6,0.0,0.8,0.8,0.8,0.0,0.8,0.8,0.8,0.8,-1.6,1.6,1.6,0.0,0.0,0.0,0.0,0.0,0.8,0.8,0.0,0.8,0.0,-1.6,0.0,0.8,0.8,0.8,-0.8,1.6,0.8,2.4000000000000004,0.8,0.0,0.8,-0.8,0.0,0.0,0.8,0.8,0.0,0.8,0.8,1.6,0.0,0.8,2.4000000000000004,-0.8,1.6,0.0,-0.8,0.8,-0.8,0.0,1.6,0.0,0.0,0.8,0.0,0.0,-0.8,1.6,0.0,1.6,0.0,0.8,1.6,1.6,0.8,0.8,0.0,1.6,-0.8,0.0,0.0,0.0,0.8,1.6,0.0,0.8,0.8,0.8,0.0,0.8,-0.8,0.8,0.0,1.6,-0.8,0.0,0.0,0.0,0.0,0.0,0.0,0.0,1.6,0.8,0.0,0.0,1.6,0.8,0.0,-0.8,0.8,1.6,0.0,0.8,0.8,0.0,0.0,0.8,0.0,0.0,0.0,0.0,0.8,0.8,0.0,0.8,0.8,-0.8,0.0,0.0,0.0,0.0,0.8,-0.8,0.8,1.6,1.6,0.0,-1.6,0.8,0.8,-1.6,0.8,0.0,0.8,0.8,0.8,2.4000000000000004,-0.8,0.0,0.0,0.0,-0.8,0.0,-0.8,1.6,3.2,-2.4000000000000004,-2.4000000000000004,4.0,-0.8,-0.8,2.4000000000000004,0.8,0.8,0.8,0.0,0.0,2.4000000000000004,-0.8,0.0,2.4000000000000004,0.0,-1.6,1.6,0.8,0.0,0.0,0.8
event_42,1625266799.3931584,0.8,1.6,0.0,0.0,0.8,0.0,0.8,0.8,0.8,0.0,0.8,0.0,0.8,0.0,0.8,0.8,0.0,0.8,1.6,0.8,0.8,0.8,2.4000000000000004,-0.8,1.6,0.8,0.8,0.0,-1.6,0.0,0.8,-0.8,1.6,-0.8,0.0,0.8,0.0,2.4000000000000004,0.8,-1.6,1.6,-0.8,1.6,0.0,0.0,0.8,0.0,0.8,0.8,0.8,0.0,1.6,1.6,-0.8,1.6,0.0,0.8,1.6,-0.8,0.8,0.8,0.0,1.6,-1.6,0.8,0.0,0.8,1.6,0.0,1.6,0.8,2.4000000000000004,1.6,-0.8,0.8,0.8,-0.8,-0.8,0.8,1.6,0.8,1.6,0.8,0.8,1.6,0.8,0.8,0.8,0.8,0.8,-0.8,0.8,1.6,1.6,1.6,-0.8,1.6,0.8,0.8,0.8,1.6,0.0,-0.8,-16.0,-70.4,-88.8,-56.0,-21.6,-8.8,-4.800000000000001,-0.8,-4.0,-6.4,-4.0,-4.0,-1.6,1.6,0.0,-0.8,0.8,0.8,0.8,0.8,1.6,1.6,0.8,-1.6,0.0,-0.8,-0.8,0.8,1.6,0.8,0.8,-0.8,1.6,-0.8,0.8,-1.6,0.0,2.4000000000000004,-2.4000000000000004,-3.2,3.2,0.8,-2.4000000000000004,0.0,3.2,-1.6,-0.8,2.4000000000000004,0.8,0.0,-2.4000000000000004,2.4000000000000004,0.0,-0.8,0.0,0.0,1.6,0.0,-1.6,0.8,-1.6,0.8,-0.8,0.8,1.6,-1.6,0.8,0.0,0.8,0.8,-0.8,1.6,-0.8,0.0,0.0,0.0,2.4000000000000004,0.0,1.6,1.6,0.8,2.4000000000000004,-0.8,0.8,1.6,0.0,0.8,0.0,2.4000000000000004,0.0,0.8,1.6,0.8,2.4000000000000004,0.8,0.0,1.6,-0.8,0.8,0.8,1.6,0.0,0.0,0.0,0.0,0.0,0.0,0.8,0.8,-0.8,-0.8,0.0,0.8,0.8,-0.8,0.8,0.8,1.6,-0.8,0.8,-0.8,1.6,-0.8,0.8,0.8,0.0,0.0,0.8,0.8,0.8,-0.8,0.0,-0.8,0.8,-0.8,0.8,1.6,0.0,-0.8,0.0,0.0,0.0,0.0,0.8,0.8,-0.8,0.8,0.0,0.0,0.0,0.0,0.0,-0.8,0.8,0.8,0.8,0.0,-0.8,0.8,0.0,0.8,0.8,0.0,0.0,0.0,0.8,0.0,0.0,-0.8,-0.8,1.6,0.0,-1.6,0.0,0.8,0.0,0.8,0.8,0.8,0.8,1.6,0.0,0.0,1.6,0.8,-0.8,0.0,-0.8,0.8,0.8,0.0,0.8,0.0,0.8,0.0,0.8,0.8,-1.6,0.8,0.0,0.0,0.8,-0.8,2.4000000000000004,1.6,0.8,0.8,0.0,0.8,-0.8,0.8,0.0,0.0,0.8,-0.8,0.8,1.6,0.8,1.6,0.0,0.8,0.0,-0.8,1.6,0.0,0.0,1.6,0.8,0.8,-1.6,0.8,-0.8,0.0,0.8,0.0,0.0,0.0,0.0,-0.8,-0.8,0.8,0.0,0.8,-0.8,-0.8,2.4000000000000004,0.0,0.0,0.8,0.8,0.8,0.8,0.0,0.8,1.6,0.0,0.0,0.0,0.0,0.0,0.0,0.0,0.0,0.8,0.0,0.8,0.8,1.6,0.0,0.0,-0.8,-0.8,-0.8,0.8,0.0,0.0,0.8,0.0,1.6,0.8,0.8,0.8,-0.8,0.8,-1.6,0.8,0.8,0.0,0.8,-0.8,0.8,0.8,0.0,0.8,0.0,0.0,0.8,0.0,0.8,-0.8,0.8,0.0,0.8,0.8,0.0,1.6,0.0,0.8,0.0,0.0,0.8,1.6,0.0,0.8,0.8,0.8,-0.8,2.4000000000000004,0.8,0.8,0.0,0.0,0.0,0.8,0.8,1.6,0.8,1.6,-0.8,0.8,0.8,0.0,0.0,1.6,0.8,1.6,-0.8,1.6,0.8,0.8,0.8,0.8,0.8,1.6,1.6,0.8,0.0,-0.8,0.0,0.8,0.0,0.8,0.8,0.8,-1.6,0.8,0.0,0.0,0.0,1.6,0.8,0.8,0.8,0.0,-1.6,1.6,1.6,-1.6,2.4000000000000004,-0.8,-1.6,0.8,1.6,0.0,0.0,1.6,1.6,0.8,0.0,-0.8,0.0,0.8,-0.8,0.8,0.0,0.8,0.8,0.0,0.8,0.0,0.0,-0.8,0.0,1.6,-0.8,0.0,0.0,0.0,1.6,-0.8,1.6,0.8,1.6,0.8,0.8,0.0,0.0,0.8,1.6,0.0,1.6,0.0,1.6,0.8,0.8,0.0,1.6,0.8,0.0,-0.8,0.8,0.0,0.8,0.8,0.8,1.6,0.0,0.0,0.8,-0.8,1.6,-0.8,1.6,0.8,0.8,1.6,-0.8,0.8,0.8,0.8,1.6,-0.8,0.0,1.6,0.0,0.8,0.0,1.6,0.0,0.8,0.8,0.0,1.6,0.0,0.8,-0.8,0.0,0.0,-1.6,0.0,0.8,0.8,0.8,-1.6,0.0,0.8,0.0,0.8,-0.8,0.0,0.0,0.8,0.0,0.0,0.8,0.8,0.0,0.8,0.0,-0.8,0.8,0.0,0.0,0.8,0.0,0.8,1.6,0.0,1.6,0.0,0.0,0.0,0.8,0.8,-0.8,0.0,0.0,0.0,0.8,0.0,2.4000000000000004,0.8,0.8,1.6,0.0,0.0,-0.8,1.6,0.8,1.6,1.6,0.0,1.6,1.6,0.0,2.4000000000000004,0.0,1.6,0.8,0.0,0.8,0.0,0.0,1.6,0.8,0.8,-0.8,1.6,-0.8,0.8,0.8,0.0,1.6,0.0,0.0,0.8,0.0,1.6,-0.8,0.8,0.0,-1.6,1.6,0.8,0.8,0.0,-0.8,0.8,-0.8,0.0,0.8,0.8,0.8,0.8,0.0,0.0,-0.8,1.6,-0.8,0.0,0.8,0.0,0.8,0.0,0.8,-0.8,0.8,0.0,-0.8,0.8,0.8,0.8,0.8,-0.8,2.4000000000000004,-0.8,0.8,0.8,0.0,0.8,0.0,0.0,0.8,0.8,0.0,0.8,0.0,0.8,-0.8,1.6,-0.8,1.6,-0.8,-0.8,0.0,0.0,0.0,0.0,0.0,0.8,0.8,0.8,0.8,0.8,0.0,0.0,0.8,0.0,1.6,0.0,0.8,0.8,1.6,0.0,0.8,0.8,0.8,0.0,-0.8,-0.8,0.8,0.0,1.6,0.8,0.0,-0.8,0.8,0.8,0.8,0.0,0.8,-0.8,1.6,-0.8,0.0,1.6,0.8,0.8,-0.8,0.0,0.0,0.0,0.8,0.8,0.8,0.0,0.0,0.0,-1.6,1.6,0.0,-1.6,1.6,-0.8,0.8,0.8,1.6,0.8,0.0,1.6,0.8,1.6,1.6,0.8,0.8,0.8,-0.8,0.8,0.0,1.6,0.0,0.0,0.0,0.8,0.8,0.8,0.0,0.0,0.8,1.6,-0.8,0.0,0.0,0.0,0.8,0.8,1.6,-0.8,0.0,0.8,0.0,0.8,0.0,-0.8,0.0,0.0,0.8,0.8,1.6,0.8,0.8,0.8,0.0,0.8,-0.8,1.6,0.8,2.4000000000000004,0.8,0.8,0.8,0.8,0.8,0.8,1.6,0.8,0.0,0.8,-0.8,0.0,0.8,0.8,0.8,0.0,0.0,0.0,0.8,0.0,-0.8,0.0,0.0,0.8,-0.8,0.0,-0.8,0.8,0.8,0.8,0.8,1.6,0.8,0.8,0.8,0.8,0.8,0.0,0.0,0.0,0.8,1.6,-0.8,1.6,0.0,-1.6,1.6,0.0,0.8,-0.8,-0.8,0.8,-0.8,1.6,0.0,0.0,0.0,-0.8,0.0,-0.8,0.8,3.2,-0.8,-1.6,2.4000000000000004,0.0,-1.6,0.0,1.6,-0.8,-0.8,1.6,0.0,1.6,-0.8,0.0,1.6,-0.8,0.0,0.0,0.0,1.6,-1.6,0.0,0.0,0.0,0.0,-0.8,0.8,0.8,-1.6,1.6,0.8,1.6,0.8,0.0,1.6,0.8,1.6,0.0,1.6,0.0,0.8,-0.8,0.0,-0.8,0.0,0.0,0.0,0.0,0.0,0.8,0.8,0.8,0.8,0.0,-0.8,0.0,0.0,0.0,0.8,0.0,0.8,0.0,0.0,0.8,0.0,0.8,0.8,0.8,0.8,1.6,0.0,0.0,0.0,-0.8,1.6,-0.8,0.0,0.8,0.0,0.0,0.0,-0.8,-0.8,-0.8,0.8,-0.8,-0.8,0.8,0.0,-0.8,0.8,1.6,-1.6,0.0,0.8,-1.6,0.0,0.8,0.0,0.0,-0.8,1.6,0.0,1.6,0.0,-0.8,1.6,-0.8,-0.8,0.8,0.0,1.6,0.0,0.8,1.6,-1.6,0.0,-0.8,0.8,0.0,-0.8,0.8,-0.8,0.8,-0.8,0.0,2.4000000000000004,-0.8,0.0,0.8,0.0,0.8,-2.4000000000000004,2.4000000000000004,0.0,0.8,0.8,-0.8,0.8,0.8,-0.8,0.8,-0.8,0.8,-0.8,-1.6,0.0,-0.8,0.8,0.0,0.8,0.8,0.0,0.8,0.0,0.0,0.0,0.8,0.0,0.0,-0.8,0.0,0.0,0.8,-0.8,0.8,0.8,0.8,1.6,0.8,0.0,0.8,0.8,1.6,0.0,0.0,0.8,0.8,0.0,0.8,0.0,-0.8,0.8,0.8,0.8,0.8,0.8,0.0,0.0,0.8,0.0,0.8,0.8,0.0,-0.8,0.0,1.6,0.8,-0.8,0.8,0.8,0.8,0.8,-0.8,0.8,-0.8,1.6,-0.8,0.0,0.8,0.0,2.4000000000000004,-0.8,0.8,1.6,0.0,1.6,0.0,0.0,0.8,-1.6,1.6,0.0,0.0,0.8,0.0,0.8,-0.8,0.8,0.8,-0.8,0.0,-0.8,0.0,0.8,-0.8,0.8,0.8,1.6,-0.8,2.4000000000000004,2.4000000000000004,-1.6,0.8,0.0,0.0,0.0,-0.8,2.4000000000000004,0.8,0.8,0.0,0.0,0.8,-0.8,0.0,1.6,-0.8,1.6,0.8,0.8,0.8,0.0,0.8,-0.8,0.8,0.8,0.8,1.6,-1.6,0.0,0.8,0.0,-0.8,-1.6,0.0,-0.8,0.0,0.8,0.0,0.0,0.0,0.8,0.8,0.0,0.8,0.0,0.0,0.8,0.8,0.0,0.0,0.8,-0.8,-1.6,1.6,0.8,-0.8,0.0,0.8,1.6,0.8,-0.8,0.0,1.6,0.8,-0.8,-0.8,0.8,0.8,0.0,0.8,0.8,0.0,0.0,0.0,1.6,0.0,0.0,0.0,0.0,0.0,0.0,0.8,0.8,0.0,0.8,0.8,1.6,0.8,0.8,0.0,0.0,2.4000000000000004,0.0,0.8,0.8,0.8,0.8,0.0,0.0,0.8,-0.8,0.8,0.0,1.6,-0.8,0.8,1.6,1.6,0.0,0.0,0.0,0.8,-0.8,0.8,0.8,0.8,0.0,-1.6,0.8,0.8,0.8,0.8,0.8,0.8,0.8,0.0,0.0,-0.8,0.8,0.0,0.0,0.0,0.0,0.8,-0.8,0.0,0.8,-0.8,1.6,-0.8,0.0,0.0,0.0,0.0,0.8,0.8,0.8,0.0,0.8,-0.8,0.0,0.8,0.8,0.0,-0.8,0.8,0.0,0.0,0.8,0.0,0.8,0.8,-0.8,-0.8,1.6,1.6,0.0,0.8,1.6,0.0,-0.8,1.6,0.8,0.0,-0.8,0.0,-0.8,0.0,0.0,0.8,0.0,2.4000000000000004,0.0,0.8,1.6,-0.8,0.8,-0.8,0.8,0.8,2.4000000000000004,-0.8,0.8,0.8,0.8,0.8,0.8,-0.8,0.0,0.0,0.0,0.8,0.0,0.0,1.6,0.0,0.0,0.0,1.6,0.8,0.0,0.8,0.0,0.8,0.0,0.0,0.8,-0.8,2.4000000000000004,0.0,0.8,0.8,0.8,3.2,1.6,1.6,0.0,0.0,1.6,0.0,0.0,0.8,0.0,0.8,-0.8,0.8,-0.8,0.0,0.8,0.0,0.8,0.0,0.0,0.0,0.8,0.8,0.0,0.8,-0.8,0.0,-0.8,0.8,0.8,0.0,0.0,1.6,0.8,0.8,0.8,0.0,0.0,-1.6,-0.8,1.6,0.0,0.0,-0.8,0.0,0.8,0.0,-0.8,0.8,0.0,0.0,0.8,0.0,0.8,0.0,0.0,0.0,0.8,0.0,0.8,0.8,0.0,0.0,0.0,1.6,1.6,0.8,0.8,0.0,0.8,2.4000000000000004,-0.8,0.0,0.8,-0.8,0.0,0.0,-0.8,0.0,0.0,1.6,0.0,0.0,0.0,0.8,0.8,0.8,0.0,0.8,0.0,1.6,-1.6,0.0,0.8,0.0,0.8,0.0,1.6,0.0,1.6,1.6,0.0,1.6,0.0,0.8,0.8,-0.8,1.6,0.8,0.0,0.8,0.0,0.0,0.8,0.8,0.8,-0.8,0.8,0.8,0.0,0.8,0.0,0.0,1.6,0.8,0.0,0.8,2.4000000000000004,0.0,0.0,0.0,1.6,1.6,0.0,-0.8,0.8,1.6,0.8,-0.8,1.6,0.8,0.8,1.6,0.0,1.6,0.0,0.8,2.4000000000000004,0.0,0.8,-0.8,0.0,1.6,-0.8,1.6,-0.8,0.8,0.0,0.0,0.8,0.8,0.0,0.0,1.6,1.6,2.4000000000000004,0.8,-0.8,0.8,1.6,0.0,1.6,0.0,0.8,0.8,-0.8,0.8,0.8,0.0,0.8,0.8,1.6,0.0,0.8,0.0,1.6,0.0,0.0,0.8,0.0,0.8,0.8,0.0,0.8,0.0,1.6,0.8,0.8,1.6,0.0,1.6,-0.8,1.6,0.0,0.0,0.0,1.6,1.6,-0.8,0.8,0.8,-0.8,0.8,0.0,0.0,0.8,0.0,1.6,0.8,0.8,0.8,-0.8,1.6,0.0,0.0,0.8,0.8,0.8,-0.8,-0.8,1.6,1.6,0.8,-1.6,1.6,1.6,0.0,0.0,-1.6,1.6,0.0,0.0,1.6,0.0,1.6,0.0,0.0,1.6,-0.8,0.8,0.8,0.0,0.8,0.0,1.6,0.0,0.8,0.8,0.8,0.0,-1.6,0.8,0.8,0.8,2.4000000000000004,0.0,1.6,2.4000000000000004,0.8,1.6,-0.8,0.0,0.0,-0.8,0.0,0.0,0.0,0.0,0.8,1.6,0.8,0.0,0.8,-0.8,0.8,-0.8,0.8,-0.8,0.8,0.0,0.0,0.8,0.0,0.0,0.8,0.8,0.8,2.4000000000000004,3.2,0.0,0.8,1.6,-0.8,0.8,0.8,0.0,0.8,0.8,0.0,-0.8,0.0,0.0,0.8,0.8,0.8,0.8,0.0,1.6,1.6,0.8,0.8,0.8,0.0,0.0,0.0,0.8,0.8,0.8,0.0,0.8,0.8,0.0,0.8,-1.6,0.8,0.8,0.0,0.0,-0.8,0.0,0.8,0.8,2.4000000000000004,0.0,0.0,1.6,-0.8,-0.8,1.6,0.0,-2.4000000000000004,2.4000000000000004,1.6,-2.4000000000000004,1.6,0.8,0.0,0.8,-0.8,0.8,0.0,0.8,0.0,1.6,0.8,0.0,1.6,2.4000000000000004,0.0,0.8,-0.8,2.4000000000000004,0.8,0.0,1.6,0.8,0.0,0.8,0.0,1.6,-0.8,0.8,-0.8,0.8,0.8,0.0,0.0,0.8,-0.8,0.0,-0.8,0.8,1.6,0.8,1.6,0.0,1.6,0.8,0.0,0.8,-0.8,1.6,0.8,0.0,0.8,0.8,-0.8,0.8,0.8,0.8,0.8,2.4000000000000004,0.8,0.0,0.8,-0.8,0.8,1.6,0.0,0.0,0.0,0.8,-0.8,0.8,1.6,0.8,0.8,0.0,0.8,0.8,1.6,0.8,-0.8,0.8,0.8,-0.8,0.0,1.6,0.0,0.0,0.0,0.8,0.0,0.0,1.6,0.8,0.0,-0.8,0.8,0.0,0.0,0.0,0.0,0.8,0.8,0.0,1.6,0.0,-0.8,-0.8,0.8,0.0,0.8,0.0,1.6,0.8,1.6,-0.8,1.6,0.0,1.6,0.0,-0.8,1.6,-0.8,0.0,2.4000000000000004,0.0,1.6,0.0,0.0,0.0,0.8,-0.8,0.0,0.0,1.6,-0.8,0.0,-0.8,0.0,1.6,0.0,0.0,0.0,0.8,0.8,0.0,0.8,0.0,0.8,0.0,-0.8,1.6,1.6,0.8,0.8,-0.8,0.0,0.0,0.0,0.0,0.0,0.8,0.0,-0.8,0.8,0.8,0.8,0.0,0.0,-0.8,-0.8,1.6,0.8,0.8,0.8,0.8,1.6,0.8,0.0,0.0,0.8,0.8,0.0,0.0,0.0,0.8,0.8,1.6,0.8,0.0,0.0,1.6,1.6,-0.8,0.8,0.8,1.6,0.8,-0.8,0.8,0.8,0.0,1.6,0.0,2.4000000000000004,0.8,0.0,0.8,0.8,2.4000000000000004,0.0,1.6,0.8,0.0,0.0,0.8,0.0,0.8,0.0,1.6,0.0,1.6,0.8,1.6,1.6,-0.8,0.8,-0.8,0.0,2.4000000000000004,-0.8,0.8,-0.8,1.6,1.6,-0.8,1.6,0.0,0.0,1.6,-0.8,1.6,0.8,0.8,1.6,0.8,1.6,0.0,1.6,0.8,0.8,1.6,0.0,1.6,-0.8,0.0,0.8,0.0,0.8,0.0,0.8,1.6,0.0,0.8,0.8,0.8,0.8,0.0,0.0,-0.8,1.6,0.8,0.0,0.8,0.8,0.0,0.8,-1.6,0.0,0.8,0.8,-0.8,0.0,1.6,0.0,0.8,1.6,0.8,-0.8,0.8,0.0,0.8,0.0,0.8,0.8,0.8,0.8,0.0,0.8,0.8,-0.8,1.6,0.8,0.0,1.6,-0.8,0.8,0.8,1.6,0.8,0.8,0.8,1.6,0.0,0.8,0.0,1.6,0.0,0.8,0.8,0.8,0.8,1.6,0.8,0.8,-1.6,0.0,-0.8,0.8,0.8,-0.8,0.8,0.8,-0.8,0.0,0.0,1.6,1.6,1.6,0.8,-0.8,1.6,0.8,-0.8,0.8,0.0,1.6,-1.6,0.0,0.8,-0.8,1.6,0.0,1.6,-0.8,0.0,2.4000000000000004,-0.8,0.8,0.0,-0.8,1.6,0.8,0.8,0.0,0.8,0.0,-2.4000000000000004,0.8,1.6,0.8,0.8,-0.8,1.6,0.8,0.8,1.6,-1.6,2.4000000000000004,-0.8,0.0,0.0,-0.8,1.6,0.0,0.8,0.0,0.8,0.0,0.8,0.8,-0.8,0.0,0.0,0.0,0.8,0.0,0.0,0.8,-0.8,1.6,0.8,0.8,0.8,0.0,0.8,0.8,2.4000000000000004,0.8,-0.8,1.6,0.0,0.8,1.6,-0.8,0.0,0.8,-0.8,0.0,1.6,-0.8,0.0,0.0,0.0,0.0,0.0,-1.6,0.8,0.8,1.6,0.0,0.8,-0.8,0.0,0.8,0.0,1.6,-0.8,0.0,0.0,0.0,1.6,-0.8,0.8,1.6,0.0,0.8,0.0,2.4000000000000004,0.0,-0.8,0.0,-0.8,0.0,0.0,0.0,0.0,0.0,0.8,0.8,0.8,0.8,0.0,0.8,1.6,0.8,-0.8,0.0,2.4000000000000004,0.8,0.0,0.8,0.0,2.4000000000000004,0.0,-0.8,0.0,0.0,0.8,-0.8,0.8,0.8,1.6,0.8,0.0,1.6,-0.8,0.8,0.0,-0.8,0.0,0.0,0.0,0.0,-0.8,0.8,-0.8,1.6,0.0,-0.8,0.0,0.8,0.0,0.0,0.8,0.0,0.8,-0.8,1.6,0.8,0.8,-0.8,0.8,0.8,0.0,0.8,-0.8,0.0,0.8,-1.6,1.6,0.8,0.0,-0.8,0.0,0.8,0.8,-0.8,0.8,-0.8,0.0,0.0,0.0,0.8,-0.8,-0.8,0.0,0.0,0.0,1.6,0.8,0.8,0.0,1.6,0.0,0.0,0.0,0.8,0.0,0.0,1.6,0.8,-0.8,1.6,0.8,0.0,0.0,0.8,2.4000000000000004,0.0,1.6,0.8,0.0,1.6,-0.8,0.0,0.8,2.4000000000000004,1.6,0.0,1.6,1.6,0.8,0.8,-0.8,-0.8,0.0,0.8,0.0,-0.8,0.8,0.8,1.6,1.6,0.8,2.4000000000000004,-1.6,0.8,1.6,-0.8,0.8,-0.8,0.0,0.0,-1.6,0.0,0.8,0.8,1.6,0.0,1.6,0.0,-0.8,0.0,0.0,1.6,0.8,2.4000000000000004,1.6,0.8,0.0,0.0,0.0,-0.8,0.0,0.0,-0.8,0.8,-0.8,1.6,0.8,0.0,0.8,-0.8,0.0,0.0,0.0,1.6,0.8,1.6,0.0,0.0,0.0,1.6,0.8,0.8,0.0,0.0,1.6,0.8,0.8,1.6,0.0,0.0,-1.6,0.0,0.8,0.8,-0.8,0.0,0.8,0.0,0.8,0.8,0.0,0.8,0.8,0.8,1.6,0.8,1.6,0.8,1.6,0.8,-1.6,0.8,0.8,0.8,1.6,0.0,3.2,0.0,0.8,0.8,-0.8,1.6,0.0,0.0,1.6,0.8,1.6,0.0,1.6,1.6,-0.8,0.8,0.0,2.4000000000000004,0.0,0.0,0.8,0.0,0.8,0.0,-1.6,0.0,0.8,0.8,1.6,0.0,1.6,-1.6,1.6,1.6,0.8,0.0,0.0,1.6,0.0,0.8,0.8,0.0,1.6,0.0,0.0,0.0,0.0,0.8,0.0,0.8,0.8,-0.8,0.8,-0.8,0.8,0.0,0.8,1.6,0.0,1.6,0.0,-0.8,1.6,0.8,0.0,-0.8,1.6,1.6,0.0,0.8,-0.8,-0.8,0.8,-0.8,-0.8,0.8,0.8,-0.8,0.0,0.8,-0.8,-0.8,0.0,0.0,0.8,0.0,0.0,0.8,0.0,0.0,0.0,0.8,-0.8,-0.8,0.8,2.4000000000000004,0.0,0.0,0.0,0.8,0.0,0.0,-0.8,0.8,0.0,0.8,-1.6,-0.8,0.8,0.8,1.6,-0.8,0.8,0.8,-0.8,0.8,0.0,0.8,0.0,0.8,0.8,-0.8,0.8,0.8,0.8,0.8,0.0,0.8,0.8,0.8,0.8,0.0,0.8,1.6,0.0,0.8,0.8,1.6,-1.6,1.6
event_43,1625266801.5472817,0.0,0.8,0.0,1.6,0.8,0.8,1.6,-0.8,0.0,-1.6,0.8,0.8,-0.8,0.8,0.8,0.0,0.0,0.0,0.8,0.0,0.0,-0.8,-0.8,2.4000000000000004,0.0,0.0,0.8,0.0,-0.8,0.0,0.8,-0.8,-0.8,0.0,-0.8,-1.6,0.0,0.8,0.0,-0.8,0.0,0.0,0.0,0.8,-0.8,0.8,0.0,0.8,0.8,0.8,0.8,0.8,0.8,0.0,0.0,0.0,1.6,1.6,0.0,-0.8,0.8,0.0,-1.6,0.0,0.8,0.8,0.0,0.0,-0.8,0.8,-0.8,0.8,0.8,0.0,0.8,0.0,0.0,0.0,0.0,0.0,0.8,0.0,-2.4000000000000004,0.8,0.8,0.8,0.8,0.8,2.4000000000000004,0.8,1.6,-0.8,-0.8,1.6,-0.8,0.8,1.6,0.0,0.0,1.6,0.8,0.8,-6.4,-36.00000000000001,-56.800000000000004,-35.2,-15.2,-8.0,-2.4000000000000004,0.0,-0.8,-3.2,-0.8,-1.6,-2.4000000000000004,0.8,0.8,-0.8,1.6,-0.8,0.8,-0.8,0.8,1.6,-0.8,0.0,0.8,0.0,0.0,0.0,-0.8,0.0,-0.8,0.0,0.8,0.0,-1.6,0.0,1.6,0.0,-0.8,0.0,0.0,0.8,0.0,0.8,1.6,-0.8,0.0,0.0,0.0,0.0,0.0,0.0,-1.6,0.0,0.8,0.0,0.8,0.0,-0.8,-0.8,0.0,0.8,1.6,-1.6,0.8,0.8,0.0,0.8,-0.8,0.8,-0.8,0.0,0.0,0.0,0.8,0.8,0.0,-0.8,-0.8,-1.6,-0.8,2.4000000000000004,0.0,0.0,0.8,0.0,0.0,-0.8,-0.8,0.0,0.8,0.0,-1.6,0.8,0.0,0.0,0.8,-0.8,1.6,0.0,0.0,0.8,-0.8,-1.6,-0.8,0.0,0.0,-0.8,1.6,0.0,0.8,0.8,0.0,0.8,-0.8,0.0,-0.8,0.0,0.0,0.8,0.0,0.8,0.0,0.0,0.0,1.6,0.0,0.0,0.8,-1.6,0.8,0.0,-0.8,0.8,-0.8,0.8,0.0,0.8,-0.8,0.0,0.0,0.0,0.8,0.0,-0.8,0.0,-0.8,1.6,0.0,-0.8,0.0,-0.8,0.8,0.8,0.0,0.0,0.8,-0.8,-0.8,0.0,0.0,0.0,-0.8,-0.8,-1.6,-0.8,0.0,0.0,0.0,0.8,0.0,0.8,-0.8,-0.8,0.0,-0.8,0.8,-0.8,-1.6,0.8,0.0,0.8,-0.8,0.8,0.8,0.0,0.8,-0.8,-0.8,0.0,-0.8,0.8,0.0,0.0,-0.8,-0.8,0.0,1.6,0.8,-0.8,0.0,0.8,-0.8,0.0,-0.8,0.0,0.8,-1.6,0.0,0.0,-0.8,1.6,0.0,0.0,0.0,0.0,0.0,0.0,2.4000000000000004,-0.8,1.6,0.8,0.0,0.8,-0.8,0.0,0.0,-1.6,0.0,-2.4000000000000004,0.8,-0.8,0.0,0.8,-1.6,0.8,0.0,-0.8,0.8,-1.6,0.8,-1.6,0.8,0.8,-1.6,0.8,-0.8,0.8,0.8,0.0,-0.8,0.0,0.0,0.0,-0.8,1.6,-0.8,-0.8,0.0,-0.8,-0.8,-1.6,0.0,0.0,0.0,0.0,-0.8,0.8,-0.8,0.0,0.0,-0.8,0.8,-0.8,-0.8,1.6,-0.8,0.0,0.0,0.8,0.0,-0.8,-0.8,0.0,0.8,0.0,-0.8,-0.8,0.8,0.0,-0.8,0.0,0.0,0.8,0.8,0.0,0.8,0.0,0.8,0.8,0.0,0.0,-0.8,0.0,0.8,0.0,0.0,-0.8,1.6,-0.8,0.0,0.8,0.0,0.0,-0.8,0.8,0.0,1.6,0.8,-1.6,0.0,0.0,0.0,0.8,-0.8,1.6,-1.6,-0.8,2.4000000000000004,-1.6,-2.4000000000000004,3.2,1.6,-0.8,-0.8,1.6,-1.6,0.8,0.0,0.0,2.4000000000000004,0.0,-0.8,0.0,0.0,0.0,0.8,0.8,1.6,0.0,0.8,0.0,1.6,0.0,0.0,0.8,-0.8,0.0,0.8,-0.8,0.8,0.0,0.8,0.8,0.0,0.0,-0.8,0.0,0.0,0.0,-0.8,0.0,0.8,-0.8,0.8,-0.8,-1.6,-0.8,0.0,0.0,-0.8,0.0,0.8,0.0,1.6,-0.8,-0.8,0.8,0.0,-0.8,-0.8,0.0,0.8,0.0,0.0,0.8,-0.8,0.0,0.8,0.8,0.0,-0.8,-0.8,0.0,-0.8,0.8,0.0,1.6,0.8,0.8,2.4000000000000004,-0.8,0.0,-0.8,-1.6,-0.8,1.6,-0.8,-0.8,1.6,0.0,-0.8,0.8,0.0,-0.8,0.8,0.8,0.8,0.0,0.0,2.4000000000000004,0.8,0.8,0.0,0.8,-0.8,0.0,0.0,-0.8,-0.8,0.0,-2.4000000000000004,0.0,0.8,-0.8,0.8,0.8,0.8,0.0,1.6,1.6,-0.8,1.6,0.8,0.0,1.6,-0.8,0.0,-0.8,0.8,0.0,-1.6,0.0,-0.8,0.0,1.6,-0.8,0.8,0.0,-0.8,0.8,-0.8,0.8,0.0,0.0,-0.8,0.0,0.8,-0.8,0.0,-0.8,0.0,0.8,0.0,-0.8,-0.8,0.0,0.0,0.0,-0.8,0.0,-0.8,0.8,0.0,0.0,0.0,-0.8,0.8,0.8,-0.8,0.0,0.8,0.0,0.8,-0.8,0.8,1.6,2.4000000000000004,0.0,1.6,0.8,0.0,-0.8,0.0,-0.8,2.4000000000000004,0.0,0.8,0.8,0.0,0.0,0.8,0.0,0.0,-1.6,-0.8,-0.8,0.8,0.0,0.8,0.8,0.8,0.0,-0.8,-0.8,0.0,-0.8,1.6,0.0,0.8,0.0,-0.8,2.4000000000000004,0.0,1.6,0.8,0.0,0.8,0.0,1.6,0.0,0.0,0.8,-0.8,0.0,-0.8,0.0,1.6,-0.8,0.8,0.0,-0.8,1.6,-0.8,0.0,0.0,0.8,0.0,-0.8,0.8,0.0,0.0,0.8,-0.8,-0.8,-0.8,1.6,1.6,0.8,0.8,0.0,0.8,0.8,-0.8,-0.8,0.0,1.6,-0.8,0.0,0.0,-0.8,0.0,0.8,0.8,0.8,-0.8,0.8,0.8,-0.8,0.0,0.0,0.0,0.0,0.0,0.8,1.6,0.0,0.0,0.8,1.6,0.0,0.0,1.6,-0.8,0.8,-0.8,0.8,0.8,1.6,0.0,0.8,-0.8,0.8,-1.6,0.8,0.8,0.0,0.8,0.8,0.0,0.8,-0.8,0.8,0.8,0.8,0.0,0.0,0.0,1.6,0.0,0.0,-0.8,0.8,0.8,0.0,1.6,-0.8,2.4000000000000004,0.8,0.8,0.8,0.8,1.6,-0.8,0.8,1.6,0.0,0.8,-0.8,0.0,-0.8,-0.8,0.8,-0.8,0.8,0.8,0.0,0.8,0.8,0.8,0.0,1.6,0.0,-2.4000000000000004,1.6,0.8,0.0,0.8,0.0,1.6,-0.8,0.8,0.0,-0.8,2.4000000000000004,0.0,0.0,0.0,-0.8,0.8,-0.8,0.8,0.8,-0.8,0.8,0.8,0.8,-0.8,-0.8,0.0,0.0,0.8,-0.8,-0.8,0.8,-0.8,1.6,0.8,0.8,0.8,0.0,0.0,0.0,0.8,0.8,0.8,0.8,0.8,0.0,0.8,0.8,0.0,0.0,0.8,-0.8,0.8,-0.8,0.8,0.0,0.0,-0.8,-0.8,0.0,0.8,0.0,0.8,0.8,0.8,0.0,-0.8,0.0,1.6,1.6,-1.6,0.8,0.0,0.0,0.8,0.0,-1.6,0.0,0.0,-0.8,-1.6,1.6,0.0,-0.8,0.0,-1.6,-0.8,0.8,0.8,0.0,-0.8,1.6,0.8,-0.8,0.0,0.0,0.8,0.0,0.0,-0.8,0.0,0.8,0.0,0.8,0.8,0.0,0.8,0.0,0.0,-0.8,-0.8,0.0,-0.8,0.8,0.8,0.0,0.0,0.0,1.6,0.0,0.0,0.8,0.8,0.8,-0.8,-0.8,0.8,0.0,0.8,0.0,0.8,0.0,0.8,0.0,0.8,0.8,0.0,0.0,-0.8,0.8,0.0,0.8,0.8,0.8,0.0,0.8,0.8,0.0,-0.8,0.0,-0.8,-0.8,-0.8,1.6,0.8,-0.8,-0.8,-1.6,-1.6,0.8,-0.8,0.8,0.0,0.8,0.0,-0.8,0.8,-1.6,0.8,0.8,-0.8,0.0,0.8,0.8,-0.8,0.0,0.8,0.8,-0.8,0.0,0.0,0.8,0.0,0.8,0.0,-0.8,-0.8,0.8,0.8,0.0,0.0,0.8,-0.8,1.6,0.0,0.0,0.8,-1.6,-0.8,-0.8,0.8,0.0,0.0,0.8,-0.8,0.0,1.6,-0.8,0.0,0.8,0.0,0.0,-0.8,0.0,-0.8,0.8,0.8,-0.8,0.0,-0.8,-0.8,0.8,-1.6,0.8,-0.8,0.0,1.6,0.0,1.6,0.8,0.8,0.0,0.0,1.6,0.0,-0.8,0.0,0.8,3.2,-0.8,0.8,0.8,0.8,0.0,0.8,0.0,0.8,-0.8,0.0,-0.8,0.8,-1.6,0.8,0.0,0.8,-0.8,0.0,0.0,0.8,0.0,1.6,0.8,0.8,0.0,0.0,0.8,0.8,0.0,-0.8,0.8,-0.8,0.8,0.8,0.0,0.0,0.0,1.6,-0.8,0.0,0.0,0.8,0.8,-0.8,0.8,-0.8,0.0,0.8,-0.8,0.8,0.8,0.0,0.8,0.8,1.6,0.0,0.0,0.8,-0.8,1.6,0.0,-0.8,1.6,0.0,2.4000000000000004,0.8,1.6,0.8,-1.6,1.6,-0.8,0.8,0.8,0.0,1.6,0.0,0.8,0.8,0.0,1.6,-0.8,0.8,-0.8,0.0,0.8,-1.6,1.6,0.8,0.0,0.8,-0.8,0.8,0.0,0.0,0.0,-0.8,0.8,-0.8,0.0,0.0,-0.8,0.8,-0.8,-0.8,0.8,0.0,0.8,0.0,-0.8,0.0,0.0,0.0,0.0,2.4000000000000004,-1.6,-0.8,0.8,0.0,0.0,-0.8,0.8,0.0,0.8,0.8,-1.6,0.8,0.0,0.8,0.8,-0.8,0.0,0.8,0.0,0.0,-0.8,0.0,0.0,-0.8,0.0,0.0,0.0,-0.8,-0.8,0.8,0.0,0.0,0.8,-0.8,0.0,0.8,0.8,-0.8,0.0,0.8,-0.8,-0.8,0.8,-0.8,-0.8,1.6,0.0,0.0,2.4000000000000004,-0.8,0.8,0.8,0.0,-1.6,0.0,0.8,-0.8,0.0,0.8,0.8,0.8,-0.8,2.4000000000000004,0.8,-0.8,0.8,0.0,1.6,0.0,-1.6,0.0,0.0,0.8,0.0,1.6,0.8,-0.8,0.0,0.0,0.0,-0.8,-0.8,1.6,1.6,0.0,0.8,0.0,2.4000000000000004,-0.8,0.8,1.6,-0.8,0.8,-1.6,-0.8,0.8,-0.8,1.6,0.0,0.8,-0.8,-0.8,0.8,0.0,0.0,1.6,-0.8,0.0,0.0,0.0,0.0,0.8,0.0,0.0,0.0,-0.8,0.8,0.8,-0.8,0.8,-0.8,-0.8,0.8,-0.8,0.0,0.8,0.0,0.0,-0.8,0.8,0.0,-0.8,0.8,-0.8,0.0,0.8,1.6,0.8,0.0,0.0,0.8,0.0,-0.8,0.0,1.6,0.8,0.0,0.0,1.6,0.0,0.8,-1.6,0.0,0.0,-0.8,-0.8,-0.8,1.6,0.8,0.8,1.6,0.8,0.8,0.0,0.8,1.6,-0.8,0.8,-0.8,0.8,0.0,-0.8,0.0,0.0,0.8,0.0,0.8,1.6,-0.8,-1.6,0.0,0.0,2.4000000000000004,-0.8,0.8,0.8,0.8,1.6,0.0,0.0,0.8,-0.8,0.0,-2.4000000000000004,0.0,0.0,0.8,0.0,-0.8,-0.8,0.0,-0.8,0.0,-1.6,0.8,0.0,0.8,0.0,0.0,0.8,0.8,0.0,0.8,0.0,-0.8,1.6,0.8,0.0,-0.8,0.8,-0.8,-0.8,0.0,0.8,0.8,0.0,0.8,0.8,-1.6,0.0,-0.8,-0.8,0.0,0.8,0.8,-0.8,0.8,0.0,0.0,0.0,-1.6,-1.6,0.0,0.8,0.8,0.0,0.0,0.8,-0.8,0.8,0.0,-0.8,0.8,-0.8,-0.8,0.0,-0.8,0.0,0.0,0.8,0.8,-0.8,-0.8,0.0,0.0,-0.8,-1.6,0.0,-0.8,0.8,0.0,0.0,1.6,1.6,1.6,0.0,0.8,0.8,-0.8,0.8,-0.8,0.0,0.8,-0.8,1.6,0.8,-0.8,1.6,0.8,0.8,-0.8,0.0,-0.8,-0.8,0.0,0.8,0.8,0.0,-0.8,0.8,-1.6,0.8,0.0,0.8,0.8,0.0,0.0,0.8,0.8,1.6,-0.8,0.8,0.8,0.0,2.4000000000000004,0.8,0.8,-0.8,0.8,0.0,-1.6,0.0,0.0,0.0,0.0,-0.8,0.0,-1.6,0.8,-0.8,0.0,0.8,0.0,-0.8,-1.6,0.0,0.8,-2.4000000000000004,0.0,-0.8,-0.8,0.8,0.0,0.8,-0.8,-0.8,0.8,0.0,0.8,-0.8,-0.8,0.0,0.0,0.8,-0.8,0.0,0.0,0.8,0.8,0.0,0.0,0.0,0.8,-0.8,0.8,-0.8,0.8,0.8,-1.6,0.8,0.8,-1.6,1.6,0.0,0.8,0.0,0.0,0.0,-0.8,0.8,0.8,0.0,0.8,-0.8,0.8,-0.8,0.0,-0.8,0.0,0.8,-0.8,0.0,0.0,0.0,2.4000000000000004,0.0,0.8,0.0,-0.8,0.8,0.0,0.0,0.0,0.0,0.8,-0.8,0.0,0.0,0.0,0.0,-0.8,0.8,0.0,0.8,0.8,-0.8,1.6,0.0,0.8,0.0,-1.6,1.6,0.0,0.0,0.8,0.0,0.0,0.0,0.8,0.0,-0.8,0.8,0.0,0.0,0.8,0.0,0.0,0.0,0.0,-0.8,-0.8,1.6,0.0,1.6,0.0,1.6,0.8,0.0,0.8,-0.8,0.0,0.8,0.0,0.8,0.0,0.8,0.8,0.0,0.8,0.0,0.0,0.0,0.0,-0.8,0.0,-0.8,0.8,0.8,0.8,0.8,0.0,0.8,0.0,0.8,0.8,1.6,-0.8,0.0,0.0,0.8,0.0,0.0,0.0,1.6,0.8,0.8,0.8,0.8,-0.8,0.0,-0.8,0.8,0.0,0.8,0.8,0.0,0.0,0.0,-0.8,0.8,-1.6,0.8,0.0,0.0,0.0,-0.8,0.8,0.0,1.6,0.0,0.0,0.8,0.0,0.8,0.0,0.0,0.8,0.0,-0.8,0.0,0.0,1.6,-0.8,1.6,1.6,-1.6,1.6,-0.8,0.8,0.0,-0.8,1.6,-1.6,0.8,0.8,-0.8,2.4000000000000004,-1.6,-0.8,0.0,1.6,0.8,-0.8,1.6,0.0,0.0,1.6,-0.8,0.0,0.0,0.0,0.0,0.8,0.8,0.0,-0.8,-0.8,0.0,0.0,0.0,0.8,1.6,-0.8,1.6,0.0,0.8,-0.8,-0.8,0.8,0.0,0.0,0.0,0.0,0.8,1.6,-0.8,0.8,0.0,1.6,0.0,0.0,0.8,0.8,0.0,0.0,0.0,0.8,-0.8,0.0,0.0,0.0,0.0,0.8,0.0,0.8,-0.8,0.8,-0.8,0.0,0.0,0.0,0.8,0.0,0.0,0.0,-1.6,0.0,-1.6,0.0,0.8,0.0,1.6,0.0,0.0,0.0,-1.6,0.0,-0.8,-0.8,0.0,0.8,-0.8,-0.8,0.0,-0.8,0.0,0.8,0.8,0.8,0.0,0.8,0.8,0.0,0.0,-0.8,0.0,0.0,-1.6,0.8,0.0,0.0,0.8,-0.8,0.8,0.0,0.8,0.8,0.0,1.6,-0.8,0.8,0.8,0.8,1.6,0.8,0.0,0.0,0.0,-0.8,0.0,1.6,0.0,0.0,0.0,0.0,0.8,-0.8,0.0,0.8,0.8,0.0,0.0,0.0,0.0,-0.8,0.0,0.8,0.8,0.8,0.0,0.8,0.8,-0.8,0.8,0.0,1.6,0.0,-0.8,0.0,0.8,0.8,1.6,0.0,1.6,0.0,-0.8,0.0,0.0,0.0,0.8,0.0,0.8,0.0,-0.8,0.0,1.6,1.6,0.8,1.6,0.0,0.8,0.8,-0.8,0.0,0.0,0.0,0.8,0.0,0.8,0.0,0.0,0.0,0.0,0.0,-0.8,0.0,0.0,0.0,0.8,-0.8,0.8,0.8,0.0,0.8,-0.8,0.8,-0.8,0.0,1.6,-1.6,0.0,0.0,-0.8,0.8,-0.8,0.0,-0.8,0.8,1.6,-1.6,1.6,0.0,0.0,0.8,0.0,1.6,0.0,0.8,0.8,0.8,0.0,-0.8,0.8,0.0,-0.8,0.8,0.0,1.6,0.8,0.8,0.8,0.0,0.8,-1.6,0.8,0.8,0.8,0.8,0.8,1.6,0.8,0.0,0.8,0.0,0.8,-1.6,0.8,0.8,0.0,0.0,0.0,0.0,0.8,0.0,1.6,0.0,0.0,0.0,0.8,0.8,1.6,0.0,0.0,-0.8,0.0,-0.8,1.6,-0.8,0.0,0.8,0.0,0.0,-0.8,0.8,0.0,-0.8,0.8,0.8,0.8,-0.8,-0.8,-0.8,-0.8,-0.8,0.0,1.6,0.0,0.0,0.8,-1.6,0.8,0.8,-0.8,1.6,-2.4000000000000004,-0.8,0.8,0.8,1.6,-0.8,0.8,0.0,0.0,0.8,-1.6,0.0,0.0,1.6,-0.8,0.0,1.6,0.0,0.8,0.0,-1.6,1.6,-0.8,0.0,1.6,-0.8,0.0,0.0,0.8,0.0,-0.8,0.0,0.8,0.8,0.0,0.0,1.6,0.0,0.0,0.8,0.8,1.6,0.0,0.8,0.8,1.6,0.0,0.8,0.8,0.0,0.0,0.8,-0.8,0.8,0.0,0.8,0.8,-0.8,-0.8,0.0,0.0,0.8,-0.8,0.8,0.0,1.6,0.8,-1.6,0.0,0.8,0.8,0.8,-0.8,0.8,1.6,0.8,-0.8,0.8,0.8,0.0,-0.8,0.0,1.6,0.8,0.0,0.8,0.0,-0.8,0.8,0.0,0.8,0.0,0.8,0.0,0.0,0.8,1.6,0.0,1.6,0.0,-0.8,0.0,1.6,0.8,0.8,0.8,0.8,0.0,0.8,0.8,-1.6,0.8,0.0,0.0,0.0,0.8,0.8,-0.8,0.8,1.6,-0.8,0.0,0.0,0.8,0.0,-0.8,0.8,0.0,0.8,0.0,0.0,2.4000000000000004,0.0,2.4000000000000004,0.8,0.0,0.8,-0.8,0.8,-0.8,0.8,0.8,-0.8,0.8,1.6,0.8,2.4000000000000004,0.0,1.6,-0.8,-0.8,0.8,0.0,0.8,0.8,0.8,0.0,-0.8,0.8,0.8,0.8,0.0,0.8,0.8,0.0,0.0,0.0,0.0,0.0,0.0,0.0,0.0,0.0,1.6,0.8,0.0,0.0,0.8,0.8,0.0,0.0,0.8,0.8,0.0,0.8,0.8,-0.8,0.8,0.8,0.0,0.0,0.8,0.8,0.0,1.6,0.8,0.0,0.8,-0.8,0.0,-0.8,1.6,0.0,0.8,0.8,0.8,0.0,0.0,0.0,-0.8,0.0,0.8,-0.8,0.0,0.0,0.8,0.8,-0.8,1.6,0.0,0.8,0.0,0.8,1.6,-0.8,0.0,0.0,-0.8,0.8,-0.8,1.6,-0.8,0.0,1.6,-1.6,0.8,-0.8,0.0,2.4000000000000004,0.8,1.6,0.8,0.8,1.6,0.0,0.8,0.8,0.0,0.0,-0.8,0.8,0.0,0.8,1.6,0.8,0.8,0.8,-0.8,-0.8,0.8,-0.8,-1.6,3.2,0.8,-2.4000000000000004,0.0,2.4000000000000004,0.0,-0.8,0.8,1.6,-1.6,0.0,0.8,0.0,0.8,-0.8,1.6,-0.8,-1.6,1.6,0.8,0.8,0.0,-0.8,-0.8,0.0,-0.8,0.0,0.0,0.0,0.8,-0.8,1.6,0.8,-0.8,1.6,0.0,0.0,0.0,0.8,0.8,-0.8,0.8,0.8,0.0,2.4000000000000004,0.0,0.0,0.0,-0.8,0.0,-0.8,0.0,0.8,1.6,0.8,-0.8,0.8,0.8,0.0,0.0,-1.6,0.8,-1.6,-0.8,0.8,-0.8,0.0,0.8,0.8,0.8,0.8,0.8,-0.8,0.8,0.8,0.0,2.4000000000000004,-0.8,0.0,0.8,0.0,0.0,-0.8,1.6,0.0,-0.8,0.0,0.0,0.8,-0.8,0.8,0.0,0.0,0.8,-0.8,0.0,0.8,-1.6,0.8,0.0,0.8,0.0,-0.8,0.0,-0.8,0.8,1.6,0.0,0.0,0.8,0.8,0.0,0.0,0.8,0.0,0.0,-0.8,0.0,0.8,-0.8,1.6,0.0,0.0,0.0,1.6,1.6,-0.8,0.8,0.0,1.6,0.0,0.0,-0.8,0.8,-0.8,-1.6,0.0,1.6,0.8,0.0,0.0,1.6,0.0,0.0,-0.8,-0.8,1.6,0.8,-1.6,0.8,0.0,0.0,0.0,0.0,0.8,0.0,0.8,-0.8,0.8,-0.8,-1.6,0.8,0.8,0.0,0.8,0.0,1.6,-0.8,0.0,0.8,0.8,0.8,-0.8,0.8,0.0,1.6,0.0,0.0,1.6,0.0,0.0,0.8,0.0,1.6,-0.8,-0.8,-0.8,0.0,1.6,0.0,1.6,1.6,-1.6,1.6,-0.8,0.0,-0.8,0.0,0.8,0.8,0.8,0.0,0.8,1.6,0.0,0.0,0.0,0.0,0.0,0.8,0.8,-0.8,0.8,0.0,0.0,0.8,0.0,0.8,0.0,0.8,-0.8,-0.8,0.8,0.8,0.0,0.8,0.8,0.0,0.8,0.0,2.4000000000000004,0.8,0.8,0.0,-0.8,0.0,0.8,0.0,0.0,0.0,1.6,0.8,0.8,-1.6,-0.8,0.8,0.0,0.0,0.8,1.6,1.6,0.0,0.8,0.8,-0.8,0.8,0.0,0.8,0.0,-0.8,1.6,0.0,0.0,0.0,0.0,1.6,0.0,0.0,0.8,0.0,0.8,-0.8,0.8,0.0,1.6,1.6
event_44,1625266805.8485277,0.0,0.0,0.0,-0.8,0.8,0.8,0.8,-0.8,-0.8,0.0,0.0,0.8,0.8,0.0,-0.8,1.6,0.0,-0.8,0.0,0.8,0.0,0.0,0.0,0.8,0.8,-0.8,0.8,0.0,-0.8,0.0,-2.4000000000000004,0.0,0.0,0.0,0.0,-0.8,1.6,0.0,0.0,1.6,-0.8,0.0,-0.8,0.8,1.6,-0.8,0.8,0.0,0.8,0.8,-0.8,0.0,0.0,-0.8,0.0,-0.8,2.4000000000000004,0.0,0.8,0.0,0.0,0.0,-0.8,0.8,0.0,-1.6,0.0,0.0,0.8,-1.6,0.0,0.0,0.8,1.6,0.0,0.0,0.8,0.0,-0.8,0.0,0.0,1.6,-0.8,0.8,0.8,0.8,0.0,0.0,0.0,0.0,0.0,0.0,-1.6,0.8,0.0,1.6,0.8,0.0,0.0,0.8,0.0,-0.8,-8.0,-45.6,-63.2,-37.6,-16.0,-8.8,-4.0,-0.8,-3.2,-4.0,-1.6,-1.6,-1.6,0.8,-0.8,0.0,-0.8,0.0,-0.8,-1.6,0.8,0.0,0.0,-0.8,0.8,-0.8,-0.8,0.8,-0.8,0.0,-0.8,0.0,1.6,0.8,0.8,0.0,0.8,0.8,-2.4000000000000004,0.0,0.8,1.6,0.0,0.0,2.4000000000000004,-0.8,0.0,0.0,-1.6,0.8,-1.6,0.0,0.0,0.0,0.0,-0.8,0.0,1.6,0.0,0.8,-0.8,0.8,-0.8,-0.8,0.8,0.0,0.8,0.0,0.0,0.8,-0.8,1.6,0.0,1.6,0.8,-0.8,2.4000000000000004,0.0,0.8,0.0,0.8,1.6,-0.8,0.8,0.8,-1.6,1.6,0.0,-0.8,0.0,0.0,0.8,0.8,0.8,-0.8,0.0,0.8,-0.8,0.8,-0.8,-0.8,0.8,0.8,0.0,0.0,0.8,0.8,0.0,0.8,0.8,-0.8,0.8,0.0,0.0,0.8,0.8,0.0,-1.6,-0.8,0.0,-0.8,-0.8,-0.8,0.8,-1.6,1.6,0.0,0.0,0.8,0.0,0.8,0.8,0.8,0.0,-0.8,0.8,-1.6,0.0,0.0,1.6,0.8,0.0,0.0,0.8,0.0,-0.8,0.0,0.0,0.8,-0.8,-0.8,0.8,0.0,0.0,0.8,0.0,0.8,0.0,-0.8,0.0,0.8,0.0,-1.6,0.0,0.8,-1.6,0.0,-0.8,0.8,0.0,0.8,0.0,-0.8,0.0,-0.8,1.6,0.0,1.6,1.6,0.0,0.0,1.6,-0.8,1.6,-0.8,1.6,0.0,-1.6,0.0,0.0,0.0,0.8,-0.8,0.8,-1.6,0.0,-0.8,0.0,0.0,-0.8,-0.8,0.8,-0.8,0.0,-0.8,0.0,0.8,0.8,0.8,0.0,1.6,0.0,0.0,0.0,0.0,0.0,0.0,-1.6,0.8,-0.8,0.0,0.0,-0.8,0.0,0.0,0.0,0.0,0.0,1.6,-0.8,0.0,0.8,0.0,-0.8,0.8,-0.8,-0.8,0.8,1.6,0.0,0.0,0.0,1.6,1.6,0.8,0.0,-0.8,0.0,0.8,-0.8,0.0,0.8,-0.8,0.0,0.0,0.8,0.8,-0.8,0.8,0.8,-0.8,0.0,-0.8,0.8,-0.8,-0.8,0.8,0.0,0.8,0.8,0.8,1.6,-0.8,0.0,-0.8,0.0,1.6,0.0,2.4000000000000004,0.0,0.8,0.8,0.0,0.8,-0.8,0.0,0.8,0.0,0.8,-0.8,0.8,0.8,0.0,0.0,-0.8,0.0,0.0,-0.8,0.8,-0.8,0.8,-0.8,0.0,0.0,-1.6,0.0,-0.8,0.8,0.0,0.8,1.6,-0.8,0.8,1.6,0.0,0.8,0.0,1.6,0.8,-0.8,0.8,-0.8,0.0,-1.6,0.0,0.8,0.0,1.6,0.0,0.8,1.6,0.0,0.8,1.6,0.0,-0.8,-0.8,1.6,-0.8,0.0,0.0,0.0,0.8,0.8,0.0,-1.6,0.8,0.0,-0.8,0.0,0.8,0.0,0.8,-0.8,1.6,-0.8,-0.8,0.8,0.0,-0.8,0.0,0.8,0.8,0.8,-0.8,0.8,1.6,-0.8,0.8,0.8,0.8,0.0,-0.8,0.0,0.0,2.4000000000000004,0.0,0.0,1.6,-0.8,0.0,0.8,-0.8,0.8,-0.8,-0.8,0.8,0.8,0.8,0.8,0.8,0.8,0.0,0.8,-0.8,1.6,0.0,0.8,1.6,-0.8,-1.6,1.6,0.8,-1.6,0.8,3.2,-1.6,-1.6,3.2,0.8,-0.8,0.8,1.6,0.8,-1.6,1.6,0.8,0.8,0.0,0.0,0.8,-0.8,1.6,0.8,0.0,0.8,-1.6,1.6,0.8,0.8,0.8,-1.6,0.8,-0.8,-0.8,0.8,0.8,0.8,0.0,0.8,0.8,-0.8,0.8,0.8,0.0,0.8,0.8,0.0,0.0,0.8,0.0,-0.8,0.8,-0.8,1.6,0.0,1.6,1.6,-0.8,0.0,0.8,0.0,0.8,0.0,0.8,1.6,0.0,0.0,0.8,-0.8,-0.8,-0.8,1.6,0.0,0.8,0.0,0.0,1.6,1.6,0.0,0.0,0.0,0.8,0.0,-0.8,1.6,0.0,0.0,2.4000000000000004,-0.8,0.8,0.0,0.8,0.0,0.8,0.0,0.0,-0.8,0.8,-1.6,0.8,0.0,0.8,0.8,-1.6,0.0,-1.6,0.8,0.8,0.0,0.0,0.0,0.0,-0.8,-0.8,1.6,0.8,-0.8,0.0,0.0,0.8,0.0,1.6,-0.8,0.0,0.8,0.0,0.8,0.0,0.0,0.0,0.8,-1.6,-1.6,0.8,0.8,0.0,0.8,0.0,0.0,1.6,0.8,0.0,0.0,0.8,-0.8,-0.8,0.0,0.8,0.8,-0.8,0.8,1.6,0.0,0.0,0.8,0.8,-0.8,0.0,0.8,0.8,1.6,0.8,-0.8,1.6,-0.8,0.8,0.8,0.0,0.8,0.0,0.8,0.8,1.6,0.0,0.0,0.8,1.6,0.0,1.6,0.8,0.0,0.8,0.0,-0.8,0.0,0.0,2.4000000000000004,0.8,0.0,-0.8,0.0,0.8,0.0,0.0,0.8,0.0,2.4000000000000004,0.0,0.0,0.0,0.8,0.8,0.0,0.8,-0.8,0.8,0.8,-0.8,0.0,-0.8,0.0,0.0,-1.6,1.6,0.8,-0.8,0.8,0.0,0.0,0.8,-0.8,0.8,0.0,1.6,0.8,0.0,1.6,0.0,0.8,0.0,0.0,0.0,-0.8,1.6,0.8,0.8,0.8,0.8,0.8,0.8,0.0,0.0,0.0,0.8,-0.8,-0.8,0.8,0.0,0.8,0.8,0.8,0.0,0.8,1.6,0.8,0.0,0.0,-0.8,1.6,0.0,0.8,0.8,0.0,0.8,0.8,0.8,0.8,0.8,0.8,0.0,0.0,0.8,-0.8,0.8,0.0,1.6,-1.6,0.0,0.8,-0.8,0.0,0.0,0.0,0.0,0.0,1.6,0.0,0.8,-0.8,-1.6,0.0,0.0,-1.6,1.6,0.8,0.8,0.8,-0.8,0.8,0.8,0.8,0.8,0.0,0.8,0.8,0.8,0.0,0.0,0.8,0.0,-0.8,0.8,0.0,0.8,0.0,0.0,0.8,-0.8,0.8,0.8,0.8,0.8,-0.8,1.6,0.0,1.6,0.8,-1.6,0.8,-0.8,-2.4000000000000004,0.0,2.4000000000000004,0.0,-1.6,1.6,0.8,-0.8,2.4000000000000004,-0.8,0.8,1.6,0.0,0.8,-0.8,1.6,0.0,0.0,1.6,0.0,1.6,0.8,0.8,1.6,-1.6,0.8,0.0,0.0,0.0,0.0,0.8,0.8,0.0,0.8,0.0,1.6,0.8,0.0,0.0,0.8,0.8,-0.8,0.8,0.0,0.8,0.8,0.8,1.6,0.8,-0.8,0.0,-0.8,1.6,-1.6,1.6,0.8,0.0,0.8,-0.8,0.0,1.6,-0.8,1.6,0.8,0.0,-0.8,-0.8,1.6,0.0,0.0,0.8,0.0,0.0,0.8,0.8,-0.8,0.0,0.0,1.6,0.0,-0.8,0.0,0.0,0.0,-0.8,-0.8,0.0,0.8,0.0,0.0,0.0,0.0,-0.8,-0.8,0.8,0.8,0.0,-0.8,0.0,0.0,0.0,0.8,-0.8,0.0,0.0,1.6,0.0,0.0,-0.8,-0.8,0.0,-0.8,-0.8,0.8,0.8,1.6,-0.8,-0.8,1.6,0.0,1.6,0.0,0.8,-0.8,-1.6,0.0,0.8,0.0,1.6,-0.8,0.8,-0.8,0.0,0.8,-0.8,0.8,-1.6,-0.8,0.8,-0.8,0.8,0.0,0.8,0.8,-0.8,1.6,0.0,0.8,0.0,-0.8,-0.8,-0.8,0.8,0.8,0.0,0.8,-1.6,0.0,-0.8,0.8,0.8,0.0,0.0,0.8,0.0,-0.8,-0.8,0.8,-0.8,0.8,0.0,-0.8,2.4000000000000004,0.0,0.0,-0.8,0.0,0.0,-0.8,0.0,0.0,-0.8,0.8,0.0,0.8,-0.8,0.0,1.6,-0.8,0.0,0.0,0.8,0.0,0.0,0.0,0.0,1.6,-1.6,-0.8,0.8,0.8,0.0,-1.6,0.8,0.8,0.0,0.8,0.0,0.0,0.0,0.0,-0.8,0.0,0.8,0.0,0.8,0.8,0.0,0.8,-0.8,0.0,0.0,0.0,0.0,-0.8,0.0,0.0,0.0,0.0,1.6,1.6,0.0,0.0,0.0,0.0,0.0,0.8,0.8,0.8,0.8,1.6,0.8,0.8,-0.8,0.8,0.0,-0.8,0.8,-1.6,-1.6,0.0,-0.8,1.6,0.8,0.0,0.0,-0.8,0.0,0.0,-0.8,0.8,0.0,0.8,0.0,0.0,0.8,0.8,0.8,0.0,0.0,-1.6,1.6,2.4000000000000004,0.0,0.8,0.8,-0.8,-0.8,-0.8,0.8,1.6,-0.8,0.8,0.0,0.0,0.8,0.0,0.8,0.0,1.6,0.8,0.0,1.6,0.0,0.0,1.6,0.0,-0.8,0.8,1.6,0.8,1.6,0.8,0.8,0.8,1.6,0.0,0.0,0.0,-0.8,0.0,0.0,1.6,0.0,0.0,0.8,1.6,1.6,0.0,1.6,1.6,-0.8,0.0,-0.8,0.0,0.8,-0.8,0.8,0.8,0.8,-0.8,0.0,0.8,0.0,-0.8,-0.8,0.8,1.6,-0.8,0.8,0.8,0.0,0.8,0.0,0.0,0.8,-0.8,0.0,-1.6,0.8,0.8,0.8,0.8,0.0,-0.8,0.0,-0.8,1.6,-0.8,1.6,0.0,0.0,0.8,-1.6,0.8,0.0,-0.8,0.0,-0.8,0.0,1.6,0.8,0.8,-0.8,0.0,-0.8,0.8,-0.8,0.0,0.8,-0.8,0.8,-0.8,-1.6,0.0,-0.8,0.8,-0.8,0.0,1.6,-0.8,0.8,0.0,0.0,1.6,-0.8,0.0,0.8,0.8,0.8,0.0,-0.8,1.6,1.6,-2.4000000000000004,-0.8,4.0,-1.6,-1.6,0.8,0.8,-0.8,0.8,0.0,0.0,0.8,0.0,-0.8,1.6,-1.6,-0.8,0.0,1.6,-0.8,-0.8,0.0,-0.8,1.6,0.0,0.0,1.6,0.0,0.8,-0.8,0.0,0.0,0.0,0.0,-0.8,0.8,0.0,0.0,1.6,0.0,0.8,0.0,0.0,0.8,-0.8,0.8,1.6,-0.8,0.0,-1.6,0.8,0.0,0.8,0.0,0.0,0.8,0.8,0.0,0.8,-0.8,0.8,-0.8,0.0,0.0,0.0,2.4000000000000004,0.8,0.8,0.0,0.8,1.6,-0.8,0.0,0.8,0.8,-0.8,-1.6,1.6,-1.6,0.8,-0.8,0.0,0.8,0.0,0.8,-0.8,0.8,1.6,-1.6,0.0,0.0,-1.6,0.8,1.6,0.8,0.0,-0.8,1.6,0.0,0.8,-0.8,-0.8,1.6,-0.8,0.8,1.6,-0.8,0.8,0.0,0.8,0.8,-0.8,0.8,0.0,0.8,0.0,0.8,0.8,-0.8,0.0,0.0,-0.8,0.8,0.0,0.8,0.0,-0.8,0.8,-0.8,2.4000000000000004,-0.8,1.6,0.0,0.8,1.6,0.8,0.0,0.8,-0.8,0.0,0.0,0.0,0.0,0.0,0.0,2.4000000000000004,1.6,0.8,0.8,0.0,0.0,0.0,-0.8,0.8,-0.8,2.4000000000000004,0.8,0.0,0.8,0.0,0.0,0.0,0.8,0.8,0.8,0.8,0.0,1.6,1.6,-0.8,0.8,-1.6,0.8,0.8,0.0,0.8,0.0,0.0,0.8,0.8,0.8,-0.8,1.6,-0.8,0.0,0.8,-0.8,1.6,0.0,-0.8,0.0,-0.8,2.4000000000000004,-0.8,0.0,0.8,0.8,2.4000000000000004,0.8,0.0,0.0,0.8,1.6,-0.8,0.8,0.0,0.8,0.8,-0.8,1.6,0.0,0.0,1.6,-1.6,0.0,0.0,0.0,0.8,-0.8,1.6,0.0,0.8,0.8,0.0,0.8,0.0,0.0,-0.8,0.0,1.6,1.6,0.0,0.8,0.0,1.6,0.0,1.6,0.0,0.8,0.0,-1.6,0.0,0.0,0.0,1.6,0.0,0.8,-0.8,0.0,0.0,0.0,0.0,0.8,0.0,0.8,0.0,0.0,0.0,0.8,1.6,0.8,-0.8,0.8,0.8,0.0,0.8,-0.8,0.0,-0.8,-0.8,0.8,0.0,0.8,-0.8,0.8,0.0,0.0,0.8,-0.8,0.8,0.0,0.8,0.0,-1.6,0.8,0.8,0.0,0.0,-0.8,0.8,-0.8,0.8,0.8,-0.8,0.8,0.8,-0.8,0.8,0.8,0.8,0.0,0.0,-0.8,0.0,1.6,0.0,0.8,0.0,0.0,0.0,0.0,2.4000000000000004,1.6,-0.8,0.0,0.0,0.8,0.0,0.0,0.0,0.8,0.8,0.0,0.0,0.8,0.8,0.0,0.8,0.0,1.6,-0.8,0.0,1.6,0.0,-0.8,0.0,0.0,0.8,-0.8,0.0,-0.8,0.0,0.0,0.8,0.8,0.0,0.0,0.0,0.0,0.8,-0.8,0.0,-0.8,0.0,0.8,0.0,0.0,0.0,-0.8,0.0,-0.8,0.0,1.6,0.0,0.0,0.8,0.0,0.0,-0.8,-0.8,0.0,0.8,-0.8,0.0,0.0,-0.8,-0.8,0.8,0.0,0.8,0.0,0.8,0.8,0.8,0.0,0.0,0.8,-0.8,-1.6,1.6,0.8,0.0,0.0,-0.8,1.6,0.8,1.6,1.6,-0.8,0.8,-0.8,0.8,1.6,0.8,0.8,0.0,0.8,1.6,0.0,-0.8,-0.8,1.6,-0.8,0.8,0.0,-0.8,3.2,-1.6,0.0,2.4000000000000004,0.0,0.8,0.0,1.6,0.0,-1.6,0.8,0.0,1.6,0.8,-0.8,2.4000000000000004,0.0,0.0,1.6,-0.8,1.6,-0.8,0.8,-0.8,0.0,0.8,0.8,1.6,0.0,-0.8,0.8,-0.8,0.0,-0.8,0.0,0.8,-0.8,0.0,-0.8,0.8,1.6,0.0,1.6,0.0,0.8,0.8,0.8,-0.8,-0.8,0.0,-0.8,0.0,0.0,0.8,0.8,-0.8,-0.8,0.0,0.0,0.0,0.0,-0.8,0.0,0.0,0.0,-0.8,0.8,-0.8,0.8,0.8,-0.8,-1.6,0.0,1.6,0.0,0.0,0.8,0.0,1.6,0.8,0.0,0.0,0.0,0.8,-0.8,0.8,0.0,0.8,0.8,-0.8,1.6,0.8,0.8,1.6,-0.8,0.0,0.0,0.8,0.8,0.0,1.6,-1.6,0.8,0.0,0.0,1.6,0.0,0.0,-0.8,0.0,0.0,0.0,0.8,0.0,-0.8,0.8,-1.6,0.8,0.0,0.0,0.0,-1.6,0.8,0.0,0.0,1.6,0.0,0.8,-0.8,0.8,-0.8,-0.8,0.0,0.0,-0.8,1.6,0.0,0.8,-0.8,0.8,0.0,0.8,0.0,0.0,1.6,0.0,-0.8,0.8,-0.8,0.0,-0.8,0.0,1.6,0.0,0.8,-0.8,0.8,0.8,-0.8,1.6,0.0,0.0,0.8,0.0,0.0,0.0,-0.8,-0.8,0.8,0.0,-0.8,0.8,0.8,0.0,0.8,0.0,0.8,0.8,0.8,-0.8,0.0,0.8,0.8,0.8,0.0,0.0,0.8,0.0,0.0,0.8,0.8,0.0,0.0,0.8,-1.6,0.8,0.0,0.8,0.0,-0.8,1.6,0.8,0.8,1.6,0.8,0.8,0.8,0.8,0.8,0.0,2.4000000000000004,-0.8,0.8,1.6,0.8,0.8,0.8,1.6,0.8,-0.8,-0.8,-0.8,1.6,0.0,0.8,0.0,-0.8,-0.8,0.0,-0.8,0.8,-0.8,0.8,-0.8,0.8,0.8,-2.4000000000000004,0.0,-0.8,0.8,0.8,-0.8,0.8,1.6,0.0,-0.8,0.8,1.6,0.0,0.8,-0.8,1.6,0.8,-0.8,0.8,-0.8,-0.8,-0.8,-0.8,0.0,-0.8,0.0,0.0,0.0,0.8,0.8,0.8,1.6,-1.6,0.0,-0.8,2.4000000000000004,1.6,0.0,0.8,0.0,0.8,1.6,0.0,0.8,0.0,0.8,-0.8,0.0,0.0,0.0,-0.8,0.0,0.0,0.8,0.0,0.0,1.6,-0.8,0.8,1.6,0.0,0.0,-0.8,0.8,2.4000000000000004,0.0,1.6,0.8,0.0,1.6,0.0,0.0,0.8,2.4000000000000004,-0.8,0.0,0.8,-0.8,0.8,0.8,1.6,1.6,-0.8,0.0,0.0,0.0,0.8,0.0,0.8,0.0,-0.8,0.0,0.0,1.6,-1.6,1.6,0.8,0.0,-0.8,0.0,0.0,2.4000000000000004,0.0,0.0,0.0,0.0,2.4000000000000004,0.0,0.0,-0.8,1.6,0.8,0.0,0.8,0.0,0.8,-0.8,0.8,0.0,0.0,0.8,0.8,0.0,0.8,0.0,0.0,0.0,0.8,0.8,0.0,1.6,-1.6,-0.8,1.6,0.0,0.8,0.0,0.8,0.8,-0.8,1.6,0.0,0.0,0.8,-0.8,0.8,0.0,0.8,0.8,0.0,0.8,0.0,0.0,0.8,0.8,1.6,0.0,-0.8,0.0,-0.8,1.6,1.6,-2.4000000000000004,0.8,2.4000000000000004,0.0,0.8,1.6,0.8,0.0,0.8,0.0,1.6,0.0,-0.8,0.8,1.6,-0.8,0.8,0.8,0.8,0.8,-1.6,-0.8,0.0,0.0,0.0,0.0,0.8,-0.8,0.8,0.0,0.0,0.0,0.8,0.0,0.8,-1.6,0.8,0.0,1.6,0.0,-0.8,1.6,-0.8,0.8,0.8,-0.8,1.6,-0.8,0.8,0.0,-1.6,1.6,-1.6,0.0,-0.8,0.0,0.0,-1.6,0.0,-0.8,0.8,0.0,0.0,0.8,0.8,0.8,0.0,0.0,-0.8,-1.6,0.0,0.8,0.0,0.0,0.0,1.6,-0.8,0.8,0.8,-2.4000000000000004,1.6,-0.8,-0.8,0.8,0.0,0.8,0.8,0.0,0.8,0.0,2.4000000000000004,-0.8,0.0,0.0,0.0,0.0,-1.6,0.0,1.6,0.0,2.4000000000000004,0.8,0.0,0.0,0.8,0.8,-1.6,1.6,0.0,1.6,0.8,0.8,0.8,0.0,0.0,0.0,0.0,0.8,0.0,-0.8,-0.8,0.0,0.0,1.6,0.8,-0.8,0.0,0.0,0.0,1.6,0.0,0.0,0.0,0.8,0.0,-0.8,1.6,-0.8,0.0,0.0,0.0,0.8,-0.8,0.0,0.0,0.0,-0.8,0.0,0.8,-0.8,0.8,0.8,0.0,1.6,-1.6,-0.8,0.0,-1.6,0.8,-0.8,0.8,0.8,-0.8,0.8,0.0,0.8,1.6,-0.8,0.0,-0.8,0.8,1.6,-0.8,0.0,0.0,0.0,0.8,0.0,0.8,0.0,1.6,-0.8,0.8,1.6,0.0,1.6,0.0,0.8,0.8,-0.8,0.8,0.0,0.0,0.0,-1.6,0.8,-0.8,-0.8,0.0,0.0,0.8,0.0,1.6,0.8,0.0,0.8,-0.8,0.8,1.6,-0.8,0.8,0.8,1.6,-0.8,0.8,-0.8,0.0,0.0,-0.8,-0.8,0.8,0.0,0.8,0.0,0.8,0.0,-0.8,0.0,0.0,0.0,0.0,-0.8,0.8,-1.6,0.0,1.6,0.8,0.8,0.0,-0.8,0.0,0.0,0.8,0.0,0.0,0.8,0.8,-1.6,0.0,0.8,0.0,0.0,0.8,0.0,-0.8,0.0,1.6,0.8,-0.8,0.0,0.8,0.0,0.0,0.8,0.0,1.6,0.0,-0.8,0.0,0.0,0.8,-0.8,0.0,1.6,0.0,1.6,0.0,-0.8,0.8,-0.8,0.0,0.0,0.0,1.6,0.0,0.8,0.8,-0.8,0.0,0.8,0.0,-0.8,0.0,-0.8,0.0,1.6,0.0,0.8,0.0,0.0,1.6,0.0,0.8,0.8,-0.8,1.6,-0.8,3.2,0.8,0.0,0.8,-0.8,0.8,0.0,0.8,0.0,0.0,0.0,-0.8,0.8,0.8,0.0,1.6,-0.8,-0.8,0.0,-1.6,0.8,-1.6,0.8,0.8,1.6,0.8,-0.8,-0.8,0.0,0.0,0.0,0.8,0.0,0.8,0.8,0.8,0.0,0.8,0.0,0.8,-0.8,0.0,0.0,0.0,0.8,0.0,-0.8,0.8,0.8,0.8,0.8,0.8,0.8,0.0,0.8,0.0,-0.8,0.0,1.6,-0.8,0.8,0.8,0.0,0.0,-0.8,1.6,0.0,1.6,0.0,-0.8,0.8,-0.8,0.8,0.0,0.0,0.0,0.0,0.8,0.8,0.0,0.8,-0.8,0.0,-0.8,0.0,0.0,0.0,0.0,-0.8,-0.8,1.6,-0.8,0.8,0.0,0.0,0.8,-0.8,0.8,0.0,1.6,0.8,-0.8,0.8,1.6,-1.6,0.8,-0.8,0.0,0.0,0.0,-0.8,-0.8,0.8,0.0,0.8,0.8,-2.4000000000000004,0.8,-0.8,0.0,0.0,0.0,0.0,0.0,0.0,0.0,-0.8,0.0,0.0,0.8,0.8,0.0,1.6,-0.8,-0.8,1.6,0.0,1.6,0.0,0.8,0.8,0.0
event_45,1625266808.0346527,0.0,1.6,0.8,0.0,1.6,1.6,1.6,-0.8,0.8,1.6,0.0,0.8,0.0,0.8,0.8,-1.6,0.8,-0.8,-0.8,0.0,0.8,0.0,0.0,0.8,0.0,-0.8,0.8,0.0,0.8,0.8,-1.6,0.8,-1.6,1.6,0.8,0.0,0.8,0.0,1.6,0.8,0.8,0.8,-0.8,1.6,0.0,0.8,0.8,-0.8,0.8,0.0,0.0,0.8,0.0,0.8,0.8,0.0,0.0,1.6,0.0,0.0,-0.8,0.0,0.8,1.6,0.8,2.4000000000000004,-0.8,0.0,0.0,0.8,0.0,1.6,0.8,0.0,0.8,0.8,0.0,1.6,0.8,1.6,0.8,0.0,0.8,0.0,0.8,1.6,0.8,0.8,-0.8,0.0,-0.8,0.8,-1.6,0.8,0.8,0.0,0.0,-0.8,0.0,0.8,0.0,-0.8,-16.8,-32.800000000000004,-25.6,-12.8,-3.2,-1.6,-0.8,-0.8,-3.2,-1.6,0.0,0.0,-0.8,0.0,0.0,-1.6,1.6,0.8,-0.8,0.8,0.0,1.6,0.0,0.8,1.6,-0.8,1.6,-0.8,-0.8,0.8,0.0,1.6,0.8,0.0,0.8,-0.8,0.8,0.0,0.0,1.6,0.0,0.8,-0.8,0.0,1.6,0.0,1.6,-1.6,0.0,-0.8,0.0,2.4000000000000004,0.0,0.0,1.6,-0.8,-0.8,0.0,2.4000000000000004,-1.6,0.0,3.2,0.8,0.0,0.0,0.0,1.6,0.8,2.4000000000000004,1.6,0.8,1.6,0.8,0.0,0.0,0.8,0.8,0.0,0.8,-0.8,-0.8,0.8,0.0,0.8,0.8,0.8,0.0,-0.8,0.0,0.8,1.6,0.0,0.0,0.0,0.0,0.0,0.0,0.0,0.8,-0.8,0.0,1.6,0.0,0.0,0.8,1.6,0.0,0.0,0.0,0.8,0.8,-0.8,0.0,0.0,0.0,0.0,-1.6,0.8,-0.8,0.0,0.8,-0.8,0.8,0.0,-0.8,0.0,-1.6,-0.8,0.0,1.6,0.8,1.6,1.6,0.8,0.0,0.8,0.8,-0.8,0.8,0.8,0.0,0.0,0.0,0.8,0.8,-0.8,1.6,-0.8,0.8,0.0,0.0,0.8,-0.8,-0.8,0.0,0.8,-0.8,0.0,1.6,0.0,-0.8,0.8,0.0,0.0,-0.8,-0.8,0.8,0.0,0.8,0.8,0.0,1.6,-0.8,1.6,-0.8,0.0,0.8,0.8,0.0,-0.8,0.0,1.6,-0.8,0.8,-0.8,0.0,0.0,0.8,0.8,0.0,0.8,0.8,0.0,0.0,0.8,0.0,0.0,0.0,0.8,0.0,1.6,1.6,0.0,0.0,0.8,0.8,-0.8,-0.8,0.8,0.8,0.8,0.0,-0.8,0.0,-0.8,0.0,0.0,-1.6,0.0,0.0,-0.8,0.0,0.0,-0.8,0.8,-0.8,-0.8,-0.8,1.6,0.0,-0.8,0.8,0.8,0.0,0.8,0.0,0.8,-0.8,0.8,-0.8,0.0,0.0,0.0,1.6,0.0,0.8,0.0,0.8,0.8,0.0,0.0,0.0,-0.8,0.8,0.0,0.0,0.0,0.8,0.8,0.0,0.8,0.8,0.0,0.0,0.8,0.0,0.8,0.0,0.8,1.6,1.6,0.0,0.8,-0.8,0.8,0.0,-0.8,-0.8,1.6,-0.8,1.6,1.6,0.0,-0.8,0.0,0.0,0.0,0.0,0.0,-1.6,1.6,0.0,-0.8,0.8,0.0,0.8,0.0,0.8,0.0,0.0,1.6,-0.8,0.0,0.8,-0.8,0.0,-0.8,0.8,0.0,-0.8,0.8,-0.8,-0.8,-0.8,0.8,0.8,-0.8,0.0,0.0,0.0,0.0,0.0,-0.8,0.8,-1.6,-0.8,0.0,0.8,0.0,-0.8,0.0,1.6,0.8,1.6,-0.8,0.0,0.0,-0.8,0.0,0.0,0.0,2.4000000000000004,0.8,-0.8,1.6,0.0,0.0,0.0,1.6,-0.8,-0.8,0.0,0.0,0.0,0.0,0.8,1.6,0.0,0.8,0.8,0.8,0.8,-0.8,1.6,0.0,3.2,0.0,-0.8,0.8,0.0,1.6,0.0,-0.8,0.0,-0.8,0.8,0.0,-0.8,0.8,-0.8,1.6,0.0,-0.8,0.0,0.0,0.8,-1.6,0.0,0.8,0.0,0.8,-1.6,0.8,0.8,-0.8,0.8,0.0,0.0,0.8,0.0,0.0,-0.8,0.0,0.0,0.0,0.8,0.0,0.8,-0.8,0.0,-0.8,-1.6,0.8,0.0,0.0,-0.8,-0.8,1.6,-0.8,1.6,0.0,0.0,0.0,0.0,-1.6,0.0,0.8,0.8,0.0,0.0,0.0,0.0,0.0,-0.8,0.0,0.0,0.0,0.0,-0.8,0.0,0.8,1.6,0.0,0.0,0.0,-0.8,0.0,0.0,-0.8,-0.8,-0.8,0.0,-0.8,-0.8,-0.8,1.6,-0.8,0.0,3.2,0.0,-3.2,1.6,1.6,-0.8,1.6,0.8,0.0,-0.8,0.0,-1.6,0.8,-0.8,0.0,0.8,-0.8,0.0,-0.8,1.6,1.6,0.0,1.6,0.0,-0.8,-1.6,0.0,1.6,0.0,-0.8,0.8,-0.8,0.8,0.0,0.8,0.0,0.0,0.8,0.0,1.6,-0.8,0.0,1.6,-0.8,0.8,0.0,0.0,1.6,-0.8,0.8,0.0,-0.8,0.0,-0.8,0.8,0.0,-1.6,0.8,-0.8,0.8,0.0,0.0,0.0,-0.8,0.0,-1.6,-0.8,2.4000000000000004,-0.8,0.0,-0.8,1.6,-0.8,0.8,0.8,-1.6,0.8,0.0,-0.8,0.0,0.8,0.8,0.8,0.0,0.8,0.8,0.0,-0.8,0.0,-0.8,-1.6,0.8,0.0,-0.8,-0.8,0.8,0.8,0.0,0.0,0.8,0.0,0.8,-0.8,1.6,0.8,0.8,0.8,0.8,1.6,0.8,0.0,1.6,0.0,0.0,-0.8,-0.8,0.0,0.0,0.8,0.8,0.8,0.8,0.0,0.0,-0.8,0.0,0.0,0.8,-0.8,0.8,-0.8,0.0,0.0,-0.8,0.0,0.0,0.8,0.0,-0.8,1.6,-0.8,0.0,0.8,0.0,-0.8,-0.8,0.8,0.8,-0.8,1.6,0.8,-0.8,0.8,-0.8,0.0,0.0,0.0,0.0,0.0,0.8,0.0,0.8,1.6,0.8,0.0,0.0,2.4000000000000004,0.8,-0.8,0.8,-0.8,0.8,0.0,-0.8,0.8,0.0,0.8,-0.8,0.0,1.6,0.0,0.0,0.0,0.0,1.6,0.0,0.0,0.8,0.0,0.0,-0.8,0.8,0.8,0.0,0.8,0.8,0.8,0.8,0.8,0.8,0.0,0.0,0.8,1.6,2.4000000000000004,0.0,0.0,1.6,1.6,0.8,0.8,0.8,0.0,0.0,0.0,-0.8,0.0,-0.8,0.8,0.8,0.0,0.0,0.0,-0.8,0.0,-0.8,0.8,0.0,0.0,0.0,0.0,1.6,0.8,0.8,1.6,0.0,0.8,1.6,0.8,0.8,0.0,0.0,-0.8,0.0,0.0,0.8,1.6,0.0,0.8,0.0,-0.8,0.8,0.0,0.8,0.8,0.8,0.8,0.0,0.8,1.6,0.0,2.4000000000000004,-0.8,-0.8,0.0,0.0,0.8,0.0,0.0,1.6,0.8,0.8,-0.8,0.0,1.6,0.0,0.0,-0.8,1.6,0.8,0.0,1.6,0.8,0.0,0.8,0.8,2.4000000000000004,0.0,0.0,0.0,1.6,0.8,-0.8,2.4000000000000004,0.8,0.0,1.6,0.8,0.0,0.8,0.0,1.6,0.8,1.6,0.0,0.8,0.0,0.8,0.8,0.8,1.6,0.0,-0.8,0.8,-0.8,0.0,0.0,0.0,0.0,0.8,0.0,0.0,0.0,-0.8,0.0,0.0,-0.8,0.8,0.8,-0.8,0.0,0.0,0.8,0.0,0.0,0.0,0.8,0.0,0.0,0.8,-0.8,0.8,1.6,0.0,0.0,0.0,0.8,0.0,0.0,0.8,0.0,0.0,-0.8,-0.8,1.6,-0.8,0.8,-0.8,0.8,0.0,-0.8,0.0,-2.4000000000000004,-0.8,0.0,-0.8,0.8,-0.8,0.8,0.0,0.0,1.6,-1.6,1.6,0.0,-1.6,1.6,0.0,0.8,0.8,0.8,0.8,-0.8,0.0,-1.6,0.0,-0.8,-1.6,0.0,-1.6,0.0,0.0,-0.8,1.6,0.0,0.8,0.0,-0.8,0.8,-1.6,0.8,0.8,1.6,1.6,-0.8,0.0,0.8,-0.8,1.6,-0.8,0.0,0.8,-1.6,-0.8,-0.8,-0.8,0.0,0.8,0.8,-1.6,0.8,0.8,0.0,0.0,-0.8,0.8,0.0,0.0,0.0,0.0,1.6,0.0,1.6,0.8,0.0,1.6,1.6,0.0,0.0,0.0,0.8,0.0,0.0,0.8,1.6,-0.8,0.0,-0.8,0.0,0.0,0.8,0.0,-0.8,0.0,0.8,-0.8,0.8,0.8,-1.6,0.0,-0.8,-0.8,-1.6,0.8,0.0,-0.8,0.0,0.8,-0.8,0.8,0.0,0.8,0.0,0.0,0.8,0.8,0.8,0.0,-0.8,0.8,0.8,0.8,-0.8,0.8,0.8,-0.8,0.0,0.0,0.8,-0.8,-0.8,-0.8,0.8,0.0,0.0,0.0,0.0,-0.8,-0.8,0.8,-0.8,1.6,-0.8,0.8,0.0,2.4000000000000004,0.8,0.0,0.0,-0.8,0.8,-0.8,-1.6,0.8,0.0,1.6,0.8,0.8,0.0,0.0,0.8,-0.8,0.0,0.8,-0.8,1.6,-0.8,-0.8,1.6,0.8,1.6,-0.8,0.0,-0.8,0.0,0.8,0.0,0.0,1.6,-0.8,0.0,-0.8,0.8,0.0,-0.8,0.0,0.0,0.0,0.0,0.0,0.8,0.8,0.8,0.8,-0.8,1.6,0.0,0.0,1.6,0.0,0.0,0.0,0.8,0.8,-0.8,0.0,0.8,0.0,0.8,-0.8,0.0,0.8,-0.8,0.8,0.0,0.0,0.8,0.0,0.8,0.8,0.8,0.0,0.8,0.8,-0.8,0.8,0.0,0.8,0.0,0.0,0.0,0.0,0.0,0.0,0.0,1.6,0.0,0.0,1.6,0.8,2.4000000000000004,0.8,0.0,0.8,0.0,1.6,0.0,0.8,1.6,-1.6,-0.8,-0.8,1.6,0.0,0.0,0.8,0.8,0.0,1.6,-0.8,1.6,-0.8,0.8,0.8,0.8,0.8,-0.8,0.0,0.8,0.8,0.8,0.8,0.8,1.6,0.0,0.8,0.0,0.8,1.6,0.0,-0.8,0.8,0.0,0.0,0.8,0.8,-0.8,0.0,0.8,-0.8,1.6,0.8,0.0,0.0,0.0,0.8,-0.8,0.8,0.8,-1.6,0.8,0.8,0.0,0.0,0.0,0.8,-0.8,0.8,-0.8,0.0,1.6,0.0,-0.8,-0.8,0.8,1.6,0.8,0.8,0.0,0.0,0.0,0.0,1.6,0.0,-1.6,0.0,0.0,0.8,0.0,0.0,0.8,0.8,0.0,1.6,0.8,1.6,-1.6,0.8,0.8,0.8,0.8,0.8,0.0,0.8,0.0,0.8,-0.8,0.8,0.8,0.0,1.6,-0.8,0.8,1.6,0.8,2.4000000000000004,0.0,0.0,0.0,0.8,0.8,-1.6,0.0,0.8,0.0,0.8,-0.8,1.6,0.0,0.0,1.6,-1.6,2.4000000000000004,0.8,0.0,1.6,0.0,0.8,-0.8,0.0,0.8,0.0,0.8,0.0,0.8,0.0,-0.8,0.8,0.0,0.8,0.8,0.0,1.6,0.8,0.8,0.0,1.6,0.0,-0.8,0.8,0.0,0.0,0.8,-1.6,0.8,0.8,1.6,0.8,0.0,1.6,0.0,0.0,0.8,0.0,0.0,0.0,0.8,0.8,-0.8,0.0,0.0,0.0,-0.8,0.0,0.8,0.0,0.0,-0.8,0.8,0.0,1.6,-0.8,1.6,0.0,0.0,0.0,0.0,0.8,1.6,0.0,0.8,0.8,1.6,-0.8,0.0,0.8,0.0,0.0,0.0,0.0,0.8,-0.8,0.0,0.0,2.4000000000000004,-0.8,-3.2,2.4000000000000004,0.8,-3.2,1.6,1.6,0.0,-0.8,0.8,1.6,-0.8,0.8,0.0,1.6,0.0,-1.6,1.6,0.0,0.8,0.0,0.0,0.8,0.0,0.8,0.8,-0.8,1.6,-0.8,-0.8,1.6,0.0,0.8,-0.8,0.8,0.8,-1.6,1.6,0.0,0.0,0.0,-0.8,0.0,-0.8,1.6,0.0,0.0,0.0,0.0,1.6,0.0,0.8,-0.8,-0.8,0.8,-1.6,0.0,1.6,0.0,0.0,0.0,0.8,1.6,-0.8,1.6,0.0,0.0,0.0,0.8,0.8,0.0,1.6,0.8,0.8,0.8,0.0,0.8,0.8,-0.8,0.0,1.6,0.8,0.8,0.8,0.8,1.6,0.8,-0.8,0.8,-0.8,1.6,0.0,-0.8,0.8,0.8,0.8,1.6,0.0,1.6,0.0,0.0,0.0,1.6,0.0,0.0,0.8,0.8,0.0,-0.8,0.0,0.0,0.0,0.0,0.0,0.0,1.6,0.8,0.8,0.0,1.6,0.8,0.0,0.8,0.8,0.8,0.0,0.0,0.8,-1.6,0.8,0.0,-0.8,0.0,0.0,0.8,0.0,0.0,0.8,-0.8,0.8,-0.8,-1.6,0.8,0.8,0.8,0.0,0.0,1.6,-0.8,1.6,-0.8,-1.6,0.8,-0.8,-0.8,-0.8,0.8,0.8,-1.6,0.8,0.8,0.8,0.0,0.0,1.6,-1.6,0.8,0.0,0.0,0.8,-0.8,0.0,1.6,-0.8,0.8,0.8,0.0,0.8,0.0,0.8,0.0,0.0,-0.8,1.6,1.6,0.8,0.8,1.6,0.8,0.8,-0.8,0.8,0.0,0.0,0.8,0.8,0.8,1.6,-0.8,0.0,0.0,0.8,0.0,0.8,0.0,0.8,0.8,-0.8,-0.8,0.8,-0.8,0.0,0.0,-1.6,1.6,0.0,0.0,0.8,-0.8,0.0,-0.8,-0.8,0.8,0.8,0.0,0.0,0.0,-0.8,0.0,0.0,-0.8,0.0,0.0,-0.8,0.0,0.8,0.8,-0.8,0.0,0.8,0.0,0.8,0.8,-0.8,1.6,0.0,1.6,0.8,0.0,0.0,-0.8,0.0,0.8,-0.8,0.0,0.0,0.0,-0.8,0.0,1.6,-0.8,0.8,0.0,0.0,-0.8,-0.8,0.8,0.8,0.0,0.0,0.0,0.8,0.0,1.6,0.0,0.0,1.6,-0.8,0.0,0.8,1.6,0.8,0.8,0.8,0.8,-0.8,0.8,0.8,0.8,0.8,-0.8,-0.8,0.0,0.0,0.8,0.8,1.6,-1.6,0.0,0.0,0.0,0.0,0.0,-0.8,0.8,0.0,-0.8,0.8,0.8,0.8,0.0,0.0,-1.6,0.8,0.8,-1.6,0.0,0.8,-0.8,-1.6,0.8,0.0,0.0,0.8,1.6,0.0,-0.8,0.0,0.8,0.8,0.8,1.6,0.0,0.8,1.6,0.0,0.8,0.8,-1.6,-1.6,0.0,0.8,0.8,-0.8,0.8,-0.8,0.8,1.6,0.0,0.0,0.8,0.8,0.0,0.0,0.8,-1.6,0.0,0.0,0.8,0.8,-1.6,0.0,0.0,0.0,0.8,-0.8,1.6,-0.8,0.0,0.0,0.0,1.6,-0.8,0.8,1.6,0.0,0.0,-0.8,1.6,2.4000000000000004,-0.8,0.8,0.8,0.8,0.0,0.8,0.8,0.0,0.8,-0.8,0.0,0.8,-1.6,1.6,0.8,0.8,0.0,-0.8,-0.8,1.6,0.0,1.6,0.0,0.8,0.0,0.0,0.8,0.8,0.8,0.0,0.8,0.0,1.6,0.8,-0.8,0.0,0.8,0.8,0.0,0.8,0.8,0.0,0.8,0.8,-0.8,0.0,0.0,0.0,0.0,0.0,-0.8,0.0,0.0,0.0,1.6,0.0,0.8,0.8,-1.6,1.6,0.8,0.0,0.0,0.8,0.0,-1.6,0.8,0.0,-0.8,0.0,-0.8,0.8,-0.8,0.0,1.6,0.0,0.8,0.0,0.0,0.0,0.0,0.8,-0.8,0.0,0.8,0.0,0.0,0.0,0.8,0.0,-0.8,0.8,-0.8,0.0,0.0,-1.6,0.8,-0.8,1.6,0.0,0.8,0.8,0.0,0.8,0.0,0.0,0.0,-0.8,0.8,-0.8,0.0,0.8,0.0,0.8,0.0,0.0,-0.8,0.0,1.6,-2.4000000000000004,0.8,0.8,0.0,0.8,-0.8,0.8,0.8,-0.8,1.6,0.0,0.8,1.6,0.0,0.8,-0.8,1.6,-0.8,-1.6,0.8,0.8,0.0,-0.8,-0.8,0.8,-0.8,0.8,0.8,0.0,0.8,0.0,1.6,-0.8,1.6,1.6,0.0,1.6,-1.6,-0.8,0.0,1.6,2.4000000000000004,0.0,0.8,2.4000000000000004,1.6,1.6,0.0,0.8,1.6,0.8,0.0,1.6,0.8,0.8,0.8,0.8,1.6,0.8,0.0,0.0,0.8,0.8,0.8,0.0,0.8,0.0,0.8,0.8,1.6,0.8,0.8,0.8,0.0,0.8,0.0,0.8,0.8,0.8,1.6,0.0,1.6,0.8,-0.8,0.8,0.0,1.6,0.8,-0.8,0.8,0.0,0.8,0.8,0.8,1.6,-1.6,0.8,0.8,-0.8,0.8,0.0,1.6,0.8,-0.8,0.0,-0.8,1.6,0.0,-0.8,0.0,-1.6,2.4000000000000004,0.8,0.8,0.0,0.0,1.6,-0.8,0.0,2.4000000000000004,0.8,-0.8,0.0,0.8,0.0,-0.8,0.8,1.6,0.0,-0.8,0.8,0.0,0.8,0.8,0.8,1.6,0.0,-0.8,0.0,2.4000000000000004,0.8,0.0,1.6,1.6,0.8,0.8,0.0,-0.8,0.0,0.0,0.0,0.0,0.8,0.8,0.8,0.8,0.8,0.0,0.0,1.6,0.8,0.0,0.8,-0.8,0.8,0.8,0.0,0.8,0.8,0.8,0.8,0.8,0.0,0.0,0.0,0.0,1.6,1.6,-1.6,1.6,0.0,1.6,0.0,0.8,0.0,0.0,1.6,0.0,-0.8,1.6,-0.8,0.8,0.0,0.0,-0.8,0.8,0.0,1.6,-1.6,0.8,0.8,0.8,-0.8,0.0,1.6,0.0,0.0,0.0,0.0,0.0,0.8,1.6,0.8,0.0,0.0,-0.8,0.8,-1.6,1.6,0.8,-0.8,0.8,-0.8,0.0,0.0,0.0,0.0,0.0,2.4000000000000004,0.8,0.8,1.6,-0.8,0.8,-0.8,-0.8,-0.8,0.8,1.6,0.0,1.6,0.8,-0.8,0.0,0.0,-0.8,1.6,0.0,0.8,0.0,0.0,0.0,0.0,1.6,0.0,0.0,0.0,0.0,1.6,0.0,0.0,0.0,0.8,-0.8,0.8,0.0,0.8,1.6,0.8,0.8,0.8,0.0,0.8,-0.8,0.0,0.0,2.4000000000000004,0.8,0.0,0.8,0.8,-0.8,1.6,0.0,1.6,-0.8,0.0,-0.8,0.0,0.0,1.6,1.6,0.8,-0.8,1.6,0.0,0.0,0.0,2.4000000000000004,0.0,0.0,0.8,-0.8,1.6,1.6,0.8,0.8,0.0,0.8,1.6,0.0,0.8,-0.8,1.6,0.0,0.0,0.8,0.0,1.6,0.0,-0.8,1.6,-1.6,1.6,0.0,0.8,-1.6,-0.8,1.6,-0.8,0.0,1.6,-1.6,0.8,0.0,0.0,0.8,0.8,1.6,0.0,0.0,1.6,0.8,2.4000000000000004,0.0,0.8,0.8,-0.8,0.8,-0.8,0.8,1.6,0.0,0.0,0.8,1.6,0.8,0.8,2.4000000000000004,0.0,0.8,-0.8,1.6,0.8,-0.8,0.8,0.8,0.0,0.0,0.0,0.8,0.8,0.0,1.6,0.8,1.6,-0.8,0.0,1.6,0.8,-0.8,0.8,0.0,0.8,-0.8,0.8,0.8,0.0,0.8,0.8,0.8,0.8,-0.8,0.8,0.8,0.0,0.0,0.0,0.8,1.6,0.0,0.0,0.0,0.0,0.0,0.8,0.0,0.0,0.8,0.8,0.8,1.6,0.0,0.8,0.8,0.0,1.6,0.0,0.8,0.8,0.8,0.8,0.0,1.6,0.0,0.0,0.0,0.0,0.8,0.8,0.8,0.0,0.8,0.0,-1.6,1.6,1.6,0.0,1.6,0.0,0.8,1.6,0.0,0.8,-0.8,0.0,0.0,0.0,2.4000000000000004,0.8,0.8,0.8,-0.8,2.4000000000000004,-0.8,0.8,0.0,0.8,0.8,-1.6,0.8,0.0,0.0,0.0,0.0,1.6,0.0,-0.8,1.6,-0.8,0.8,-0.8,0.8,0.0,1.6,0.8,0.0,0.8,1.6,0.0,0.8,-0.8,0.0,0.0,-2.4000000000000004,0.0,0.0,0.8,0.8,0.8,2.4000000000000004,-0.8,0.0,0.0,0.8,0.0,0.0,0.8,0.0,0.8,0.0,0.0,0.8,0.0,0.0,0.8,-1.6,0.0,0.0,0.0,0.8,0.8,-0.8,0.0,-0.8,0.0,-0.8,0.0,1.6,0.8,0.0,-0.8,0.0,1.6,-1.6,1.6,1.6,-0.8,0.8,0.8,0.0,0.8,0.8,-0.8,-0.8,0.8,0.8,0.8,0.8,-0.8,0.8,0.0,0.0,0.0,0.0,0.8,0.0,0.8,1.6,0.8,0.8,-1.6,0.8,1.6,0.0,0.8,0.8,-1.6,-0.8,0.0,0.8,-1.6,0.8,0.0,0.8,1.6,-1.6,1.6,1.6,-0.8,-0.8,1.6,0.8,1.6,0.8,0.8,0.8,0.8,-0.8,0.8,0.8,0.0,-0.8,0.0,0.0,0.0,-0.8,1.6,0.0,0.0,0.8,0.8,0.8,0.8,-0.8,1.6,-0.8,0.8,0.0,-0.8,0.8,0.0,0.0,0.0,0.8,0.8,0.8,0.8,0.0,-0.8,0.8,0.0,0.0,0.0,0.0,0.8,-0.8,1.6,0.0,0.0,-0.8,0.0,0.0,0.0,0.0,0.0
event_46,1625266810.191776,1.6,0.0,0.8,1.6,0.0,1.6,-0.8,0.8,0.8,-0.8,1.6,0.0,0.8,0.0,0.0,1.6,-0.8,0.8,0.0,0.8,0.8,-0.8,1.6,0.8,0.0,0.0,0.8,0.8,1.6,0.0,0.8,0.0,2.4000000000000004,0.0,0.8,1.6,0.0,0.8,-1.6,0.8,0.0,0.8,1.6,0.8,0.0,0.0,0.0,0.0,-0.8,0.0,0.0,-0.8,0.0,0.0,-0.8,0.8,0.8,1.6,0.8,0.8,0.8,1.6,0.0,0.8,0.8,0.8,0.0,-0.8,0.8,0.8,0.0,0.0,0.0,-0.8,-0.8,0.0,0.8,-0.8,0.0,0.8,0.0,0.8,0.8,0.8,0.0,0.8,-0.8,-0.8,0.0,0.8,0.8,0.8,0.8,1.6,0.0,2.4000000000000004,0.8,0.0,0.0,0.8,0.0,0.0,-0.8,-29.6,-91.2,-84.8,-37.6,-13.600000000000001,-9.600000000000001,-6.4,-1.6,-6.4,-4.800000000000001,-3.2,-4.800000000000001,-2.4000000000000004,-0.8,0.8,0.0,0.0,0.8,-0.8,-0.8,0.0,0.0,-0.8,0.0,3.2,-0.8,0.0,1.6,0.8,1.6,0.0,0.0,2.4000000000000004,-0.8,0.0,-0.8,0.0,0.0,0.0,1.6,1.6,-0.8,0.0,-0.8,1.6,-1.6,0.8,0.0,1.6,-0.8,-0.8,0.8,1.6,0.8,0.8,-0.8,0.8,0.8,0.8,0.0,0.0,0.0,1.6,0.0,0.0,0.8,1.6,0.0,0.8,-0.8,-0.8,0.8,0.8,-0.8,0.0,0.8,0.0,0.8,0.0,0.8,0.0,0.8,-0.8,-0.8,0.8,0.8,0.0,0.8,0.0,0.8,-0.8,0.8,0.8,-0.8,0.0,-0.8,-0.8,0.8,0.0,0.8,0.0,0.8,0.8,0.0,0.8,0.0,0.8,0.0,-0.8,1.6,-1.6,0.8,0.8,0.0,0.8,-1.6,0.8,0.8,-0.8,1.6,-0.8,0.8,0.8,1.6,0.8,0.0,1.6,0.8,-0.8,1.6,-0.8,0.8,0.0,-0.8,0.0,-1.6,0.8,0.8,0.0,0.0,-0.8,0.8,-0.8,0.8,0.0,0.0,0.0,0.8,0.0,-0.8,-0.8,0.0,0.0,0.0,-0.8,0.0,2.4000000000000004,0.0,0.0,0.8,-0.8,0.0,-0.8,-0.8,0.8,0.0,0.0,0.0,-1.6,-0.8,-0.8,0.0,-0.8,0.0,0.0,0.0,-0.8,0.8,0.8,0.0,0.0,-0.8,-0.8,0.0,0.0,0.0,0.0,0.8,0.8,0.0,0.8,0.0,-0.8,0.8,0.0,0.0,-0.8,0.8,0.8,0.0,0.0,0.8,0.8,0.0,0.8,0.0,0.8,-0.8,0.0,0.8,-0.8,-0.8,0.0,1.6,0.8,0.0,0.8,0.0,-0.8,-0.8,-0.8,1.6,0.0,0.8,0.8,0.0,1.6,-0.8,0.0,0.8,-0.8,0.8,-1.6,0.0,0.0,0.0,1.6,-0.8,0.8,0.0,-0.8,0.8,0.0,-0.8,-0.8,0.0,0.8,-1.6,0.0,0.0,0.0,0.8,0.0,0.8,-1.6,0.8,0.8,-1.6,0.8,0.0,0.0,0.8,-0.8,0.8,0.8,0.8,0.8,0.0,0.0,0.0,0.8,-0.8,-0.8,0.8,0.0,0.8,-0.8,-0.8,0.0,0.8,0.0,-1.6,0.8,1.6,0.8,-0.8,0.0,2.4000000000000004,0.8,0.8,-0.8,0.0,1.6,0.0,-0.8,0.8,-0.8,0.0,0.8,0.8,0.0,0.0,0.8,0.0,0.8,-1.6,0.0,-0.8,0.0,0.8,-0.8,0.8,0.8,0.0,0.8,0.8,0.8,-0.8,-0.8,0.0,-0.8,1.6,-0.8,0.8,1.6,0.0,0.8,0.8,0.8,0.8,0.0,-0.8,-0.8,1.6,0.8,0.8,1.6,0.0,0.0,0.0,-0.8,0.0,-0.8,0.8,-1.6,0.8,0.8,-0.8,0.8,0.0,0.8,0.0,0.0,0.8,0.8,0.8,0.0,0.0,1.6,-0.8,0.0,-0.8,0.0,1.6,-0.8,1.6,0.0,-0.8,0.8,-0.8,1.6,0.0,0.0,0.8,0.0,0.8,0.8,0.0,0.8,-0.8,0.0,0.0,0.8,0.8,-0.8,0.8,0.8,0.0,1.6,-0.8,0.8,0.8,0.0,0.8,0.0,0.0,1.6,1.6,0.0,1.6,1.6,-0.8,-0.8,0.8,0.0,-0.8,0.8,-0.8,0.0,0.8,0.8,0.8,1.6,0.8,0.8,0.8,0.0,-1.6,0.8,0.0,2.4000000000000004,0.8,0.0,2.4000000000000004,0.8,0.8,0.0,0.0,0.8,0.0,0.8,0.0,-0.8,0.0,1.6,0.0,1.6,0.0,-0.8,0.8,0.8,-0.8,-0.8,0.0,0.0,0.0,0.0,-1.6,1.6,0.0,0.8,0.0,0.0,1.6,0.0,0.0,0.8,0.8,0.8,-1.6,0.8,0.8,0.0,0.0,0.8,0.8,-0.8,0.8,1.6,0.0,0.0,0.0,0.8,0.0,0.0,-0.8,0.0,0.8,0.0,-1.6,0.8,0.0,-0.8,-0.8,-0.8,1.6,0.0,2.4000000000000004,0.0,0.0,0.8,-0.8,0.0,-0.8,-0.8,0.8,0.8,0.8,0.0,0.8,0.0,-0.8,0.0,0.0,0.0,0.0,0.0,0.8,0.8,-0.8,0.8,0.8,0.0,0.8,1.6,0.0,0.0,1.6,0.8,0.8,-0.8,0.8,0.8,1.6,-1.6,0.0,0.0,0.8,-0.8,-0.8,0.8,-0.8,0.8,0.8,1.6,1.6,-0.8,-0.8,0.0,0.0,-0.8,0.0,0.8,0.8,-2.4000000000000004,0.8,0.0,0.0,0.8,0.8,1.6,0.0,1.6,0.8,0.0,0.0,-0.8,1.6,0.8,-0.8,1.6,0.0,0.0,0.0,-0.8,0.0,-0.8,0.8,-1.6,-0.8,1.6,-0.8,0.0,0.8,0.8,0.0,0.0,0.8,-0.8,-0.8,1.6,0.0,0.0,-0.8,1.6,0.0,1.6,-0.8,-0.8,0.8,0.8,0.0,0.0,0.8,0.0,0.0,0.0,0.8,0.0,0.0,0.0,0.8,-0.8,-0.8,0.0,-0.8,0.0,-0.8,0.0,0.8,0.0,-0.8,0.8,-0.8,0.0,-0.8,0.0,0.8,0.8,0.0,0.0,0.8,0.8,0.0,0.0,0.0,0.8,-0.8,-0.8,0.0,0.0,0.0,0.8,0.0,0.0,0.8,0.0,0.0,0.8,0.0,0.8,0.0,0.8,-1.6,-0.8,0.0,0.8,0.0,-0.8,0.8,0.0,0.0,1.6,0.8,0.8,1.6,0.0,0.8,-0.8,-0.8,0.8,-1.6,1.6,0.8,-0.8,0.8,0.0,0.8,0.0,0.8,1.6,0.0,0.8,0.0,-0.8,1.6,-0.8,0.8,-0.8,1.6,0.8,-1.6,0.8,0.0,0.8,1.6,0.0,2.4000000000000004,-0.8,0.0,0.0,-0.8,0.0,0.0,0.8,0.0,0.8,1.6,0.0,2.4000000000000004,0.8,0.0,0.0,-1.6,2.4000000000000004,0.0,-0.8,0.0,0.0,1.6,-0.8,0.8,0.8,-0.8,0.0,0.0,0.0,0.8,0.0,0.0,0.0,1.6,0.0,1.6,0.0,0.0,0.0,-1.6,0.0,0.0,-1.6,0.8,0.8,0.8,-0.8,0.0,0.0,0.8,-0.8,0.0,0.0,0.0,-0.8,0.0,0.0,0.8,0.0,0.0,0.8,0.8,1.6,0.8,0.0,0.0,0.0,0.8,0.0,0.0,0.8,0.8,0.0,0.0,0.8,-1.6,1.6,-0.8,-0.8,0.8,0.8,0.0,0.0,0.0,0.8,-0.8,1.6,-0.8,-1.6,-0.8,-0.8,1.6,-0.8,0.0,2.4000000000000004,0.8,0.8,-0.8,0.0,1.6,0.0,0.0,0.0,0.8,0.8,-0.8,0.8,0.8,0.0,0.0,0.0,1.6,-0.8,-0.8,0.8,0.8,0.8,-0.8,0.0,0.0,-0.8,0.0,0.8,1.6,0.0,0.0,2.4000000000000004,-0.8,0.8,-0.8,0.8,1.6,0.0,0.8,-0.8,0.0,0.8,0.0,0.8,0.0,0.0,0.8,0.8,0.8,0.8,-0.8,0.8,-0.8,0.8,0.8,0.8,0.8,0.0,0.0,0.0,0.0,0.8,0.0,0.8,0.0,-0.8,0.8,0.8,0.0,0.8,0.8,0.0,0.0,0.0,0.8,0.0,-1.6,0.0,0.8,0.0,0.0,0.0,-0.8,0.0,0.0,0.0,0.0,0.0,0.0,-0.8,0.0,-0.8,-0.8,0.8,0.8,0.8,0.8,0.8,0.8,0.0,0.8,-0.8,-0.8,1.6,-0.8,-0.8,0.8,0.0,0.8,0.8,0.8,0.8,0.0,0.0,0.0,0.0,-0.8,-0.8,0.8,-0.8,0.0,0.8,-0.8,1.6,0.0,0.8,0.0,-0.8,1.6,-1.6,0.8,0.8,0.0,0.8,0.0,1.6,0.0,0.0,1.6,-0.8,0.8,0.8,0.8,0.8,-0.8,0.8,1.6,-0.8,0.0,0.0,0.8,-1.6,-0.8,0.0,0.8,0.0,0.8,-0.8,0.0,0.8,0.8,-0.8,0.0,0.8,0.0,0.8,1.6,-0.8,0.8,0.0,-0.8,0.0,-0.8,0.0,0.8,-0.8,0.0,0.0,0.0,-0.8,0.0,0.0,-0.8,0.0,0.8,-0.8,1.6,0.8,0.8,0.8,0.0,-0.8,-0.8,1.6,0.8,0.0,0.8,0.0,0.8,-0.8,0.0,0.0,0.8,0.0,-0.8,0.0,0.0,0.0,0.0,-1.6,1.6,0.8,-0.8,1.6,-0.8,0.0,-0.8,0.0,0.8,-0.8,0.0,0.0,0.8,0.0,0.0,1.6,0.0,0.0,0.8,0.8,0.0,0.8,1.6,0.8,0.0,1.6,-0.8,0.8,0.0,0.0,0.0,-0.8,0.0,0.0,0.0,0.8,0.0,0.0,-0.8,0.8,1.6,0.0,0.8,0.0,0.0,1.6,0.0,0.0,0.0,0.8,0.8,0.0,1.6,-0.8,1.6,0.8,-0.8,1.6,0.8,-0.8,-1.6,-0.8,1.6,0.0,0.0,0.0,0.0,0.0,1.6,0.8,0.8,0.0,0.8,1.6,0.8,0.8,0.8,-0.8,0.8,0.0,0.0,0.0,1.6,0.0,-0.8,0.8,1.6,0.8,1.6,0.0,0.8,0.8,0.0,0.8,0.0,0.8,0.0,0.8,1.6,0.0,0.8,0.8,0.8,0.0,0.0,-0.8,0.8,0.0,0.8,0.0,0.0,0.8,-0.8,0.8,0.0,1.6,0.0,-1.6,1.6,0.0,2.4000000000000004,0.0,0.0,1.6,0.0,1.6,0.8,0.8,1.6,-1.6,0.8,-0.8,0.8,0.8,1.6,0.8,-0.8,0.0,0.0,0.0,0.8,-0.8,0.8,-0.8,0.8,0.0,-1.6,1.6,0.0,0.8,1.6,0.8,1.6,0.8,0.0,0.0,-0.8,1.6,0.0,0.0,0.0,0.8,1.6,0.0,0.8,0.0,-0.8,1.6,-0.8,1.6,0.0,0.0,-0.8,0.8,0.8,0.8,0.0,1.6,-0.8,0.0,-0.8,0.8,0.0,0.8,-0.8,0.8,1.6,0.0,-0.8,-0.8,1.6,0.0,-0.8,0.0,0.8,1.6,0.0,0.0,0.8,-0.8,0.8,0.8,1.6,0.0,-0.8,0.0,0.8,0.0,0.0,-0.8,1.6,1.6,1.6,1.6,0.8,1.6,-0.8,-0.8,0.8,0.8,-0.8,0.0,1.6,0.8,0.0,1.6,-0.8,1.6,-0.8,-0.8,0.8,-1.6,0.0,0.8,0.8,0.0,-0.8,0.8,-1.6,1.6,0.0,0.0,0.8,0.0,0.0,0.0,-0.8,0.8,0.0,0.8,0.0,-0.8,1.6,1.6,0.0,0.0,0.0,0.0,-0.8,0.8,0.8,0.0,-0.8,-0.8,-1.6,-1.6,0.0,0.0,-0.8,0.0,0.8,0.0,0.8,0.0,0.0,-0.8,0.0,-1.6,-1.6,-0.8,0.8,0.0,0.8,-0.8,1.6,0.0,0.0,-0.8,-1.6,1.6,0.8,-0.8,0.0,0.0,0.8,0.8,-0.8,1.6,-0.8,0.0,0.0,0.0,0.0,0.0,0.0,0.0,0.8,-0.8,-1.6,1.6,0.0,-0.8,0.8,0.0,0.8,-0.8,0.0,1.6,0.8,-0.8,0.8,0.8,0.8,-0.8,1.6,-0.8,0.0,-0.8,-1.6,0.8,0.0,-0.8,1.6,-0.8,0.8,0.0,0.8,0.8,-0.8,0.8,0.8,-0.8,0.0,-2.4000000000000004,0.0,0.8,0.0,0.8,-0.8,0.0,-1.6,0.8,0.8,-0.8,0.8,0.0,0.8,0.0,-0.8,1.6,0.8,0.0,0.8,-0.8,0.0,0.8,1.6,0.0,0.0,1.6,-0.8,0.0,1.6,0.0,0.0,0.0,0.8,-1.6,0.0,0.8,0.8,1.6,-0.8,0.8,1.6,0.8,0.0,-0.8,0.8,-0.8,-1.6,0.0,-0.8,0.8,0.0,0.0,0.0,0.8,-0.8,0.8,0.8,-0.8,0.0,0.0,0.0,0.0,-0.8,0.8,1.6,0.8,1.6,0.0,0.8,-0.8,-1.6,1.6,-0.8,0.0,-0.8,-0.8,0.0,0.0,0.0,0.0,0.0,0.8,-0.8,-0.8,0.0,0.0,0.0,0.8,0.8,0.8,0.0,-0.8,0.0,0.8,-0.8,1.6,-0.8,1.6,-0.8,-0.8,0.8,-0.8,0.0,0.0,0.0,0.0,0.0,0.8,0.0,-0.8,1.6,-0.8,1.6,-1.6,0.8,2.4000000000000004,-1.6,0.8,0.0,-0.8,1.6,0.0,0.0,-1.6,0.0,0.0,-1.6,0.8,0.0,-0.8,1.6,-1.6,0.0,-0.8,0.8,0.8,0.8,0.8,-0.8,0.8,1.6,-0.8,-0.8,-0.8,0.8,-0.8,0.8,0.8,0.8,0.0,0.8,1.6,-0.8,2.4000000000000004,1.6,-1.6,-0.8,2.4000000000000004,-0.8,-1.6,1.6,0.0,-0.8,0.8,0.8,0.8,0.0,0.0,0.8,0.0,-0.8,0.0,2.4000000000000004,-0.8,0.0,0.8,0.8,0.0,0.8,0.8,1.6,-0.8,0.0,-0.8,0.8,0.8,0.8,0.0,0.0,-0.8,0.0,0.0,0.8,0.0,0.0,0.8,0.0,0.8,0.0,-0.8,0.8,0.0,0.8,0.0,-0.8,1.6,0.0,0.8,0.0,-0.8,0.0,-0.8,0.0,0.8,0.8,-0.8,-0.8,0.0,-1.6,0.0,0.8,0.0,0.8,-0.8,0.0,0.8,0.8,0.8,0.0,0.8,-0.8,-1.6,1.6,0.0,0.8,0.8,0.0,2.4000000000000004,0.0,0.8,0.0,-0.8,1.6,0.0,0.8,-0.8,0.8,0.8,-0.8,2.4000000000000004,0.8,-1.6,1.6,-0.8,1.6,-0.8,0.8,0.8,0.0,0.8,0.0,1.6,1.6,-0.8,1.6,0.0,0.8,0.8,-0.8,0.0,0.8,0.8,0.0,-0.8,0.8,0.8,-0.8,0.8,0.8,0.0,-1.6,0.0,-0.8,0.0,0.0,1.6,0.8,0.8,0.0,-0.8,-0.8,0.0,0.0,0.8,0.0,0.8,-0.8,-0.8,0.0,0.8,1.6,0.8,0.8,-0.8,0.8,0.0,-0.8,0.8,0.8,1.6,0.0,0.0,0.0,0.8,0.8,0.8,0.0,0.0,0.0,1.6,0.8,0.0,1.6,0.0,0.8,0.0,0.0,0.8,0.8,0.0,-1.6,0.0,0.8,0.0,0.8,0.0,0.0,0.8,1.6,0.0,0.0,1.6,-0.8,0.0,1.6,-0.8,0.8,0.8,0.8,0.8,0.0,0.0,-0.8,0.8,0.0,-0.8,0.0,0.0,0.0,0.0,0.0,0.8,0.0,0.8,1.6,1.6,0.0,0.0,-0.8,1.6,2.4000000000000004,0.8,-0.8,0.0,0.8,0.0,1.6,0.0,0.0,0.0,0.0,0.0,0.8,0.0,1.6,1.6,0.8,0.0,0.0,-0.8,1.6,0.0,1.6,0.8,0.8,0.0,0.8,0.8,0.8,0.0,0.0,0.8,0.0,0.8,1.6,-1.6,0.8,0.0,0.8,0.0,-0.8,0.8,0.8,-0.8,0.0,0.0,-0.8,0.8,-0.8,0.0,0.0,1.6,0.8,-0.8,1.6,0.8,0.0,0.8,-0.8,-1.6,0.0,2.4000000000000004,0.8,-0.8,0.8,0.8,0.0,0.0,-0.8,0.0,-0.8,0.0,-0.8,0.0,1.6,0.8,1.6,0.8,0.8,0.8,0.0,0.8,0.8,-0.8,-0.8,0.0,0.8,-0.8,1.6,0.0,1.6,0.0,-0.8,0.8,0.0,0.0,0.0,0.8,0.8,0.0,-0.8,0.0,0.0,0.8,0.0,0.8,0.8,0.0,0.8,0.0,-0.8,0.8,0.8,0.8,-0.8,3.2,-0.8,-1.6,2.4000000000000004,0.8,-0.8,0.8,-0.8,0.8,0.0,0.0,0.0,0.8,0.0,0.0,1.6,0.0,0.8,0.8,0.8,0.0,1.6,0.8,0.0,0.0,0.8,0.8,0.8,0.0,0.8,-1.6,0.8,0.0,-0.8,1.6,1.6,1.6,0.0,0.8,0.8,0.0,2.4000000000000004,-0.8,-0.8,0.0,1.6,1.6,0.0,0.8,2.4000000000000004,0.8,1.6,-0.8,-0.8,1.6,-0.8,0.0,0.0,0.8,1.6,0.0,1.6,0.8,0.8,-0.8,-0.8,0.8,-0.8,0.8,0.0,0.0,2.4000000000000004,-0.8,0.0,0.8,0.0,1.6,0.0,1.6,0.0,-1.6,0.8,-0.8,1.6,0.0,1.6,1.6,-0.8,0.8,0.0,0.0,0.0,-1.6,0.0,0.0,0.0,0.0,0.8,0.8,0.8,0.0,0.0,0.8,0.0,0.0,1.6,0.8,0.8,0.8,0.0,0.8,1.6,0.8,0.0,-0.8,0.0,0.8,0.0,0.0,0.8,0.0,0.0,-0.8,-0.8,0.8,1.6,0.0,0.8,-0.8,-1.6,0.0,0.0,0.8,-0.8,0.0,0.0,0.8,1.6,0.8,-0.8,0.8,-0.8,-1.6,0.8,2.4000000000000004,0.8,0.8,0.0,0.8,0.8,0.0,-1.6,-0.8,0.8,0.0,0.0,0.8,0.8,0.0,0.0,-0.8,0.8,0.0,0.8,0.0,0.8,-0.8,-0.8,-0.8,0.0,0.0,0.0,-0.8,0.8,0.0,0.8,0.8,-0.8,0.0,-1.6,0.0,0.8,0.8,0.8,0.8,0.8,0.8,0.0,1.6,-0.8,0.8,0.0,-0.8,0.0,-0.8,0.8,0.8,0.0,0.8,-2.4000000000000004,0.8,-0.8,0.0,0.0,-0.8,1.6,0.0,0.0,0.0,0.0,1.6,-0.8,0.8,0.8,-0.8,1.6,0.8,0.8,-0.8,0.0,0.8,0.0,0.0,0.8,0.8,0.8,0.0,-0.8,0.0,0.0,0.8,0.0,0.0,0.8,0.8,0.0,0.8,-0.8,0.0,0.0,0.8,-0.8,0.0,1.6,0.0,0.8,0.0,0.8,0.8,0.8,0.0,0.8,0.0,0.8,-1.6,-0.8,0.0,0.0,0.8,0.0,0.8,0.0,0.0,0.8,0.0,0.0,0.0,0.8,0.8,-1.6,0.0,-0.8,1.6,0.8,-0.8,1.6,0.0,0.8,0.0,-0.8,1.6,1.6,0.0,0.8,0.8,0.8,-1.6,1.6,0.0,0.0,0.8,-0.8,0.0,0.0,-0.8,3.2,0.8,0.8,-0.8,0.8,0.0,0.0,0.0,0.8,-0.8,1.6,-1.6,0.0,0.0,0.0,0.8,-0.8,0.8,0.0,2.4000000000000004,0.8,0.0,0.0,0.0,0.0,-0.8,-1.6,0.8,-0.8,-0.8,0.0,-0.8,0.0,0.0,0.0,0.0,0.0,-0.8,0.0,0.8,0.8,0.8,-0.8,0.8,0.0,-0.8,0.8,1.6,1.6,0.0,0.0,0.8,0.8,1.6,-0.8,-0.8,0.0,0.0,0.0,0.0,0.0,0.0,-0.8,0.0,0.0,0.0,0.0,0.8,0.8,0.0,0.0,0.0,0.0,0.8,0.0,0.8,0.8,0.0,0.8,0.0,0.8,0.0,-0.8,0.8,0.0,0.8,-0.8,1.6,0.8,0.0,0.0,0.0,0.8,1.6,0.0,0.8,0.0,0.8,-0.8,0.8,1.6,-0.8,0.0,0.8,-1.6,0.8,0.8,-1.6,-1.6,3.2,0.0,-3.2,3.2,0.0,-0.8,0.8,0.0,0.8,0.8,-1.6,0.0,0.0,2.4000000000000004,0.0,1.6,-0.8,-0.8,0.8,-0.8,0.8,0.0,-0.8,1.6,0.0,0.8,-0.8,0.0,0.8,-0.8,0.8,0.8,-0.8,0.8,-0.8,-0.8,0.0,0.8,0.8,0.8,0.8,0.0,0.8,1.6,0.0,0.0,0.0,0.8,0.0,0.8,0.8,0.0,0.8,0.0,0.8,0.0,0.8,0.8,1.6,-0.8,0.0,0.0,0.0,0.8,0.8,-0.8,0.8,-0.8,0.8,0.8,0.0,1.6,-0.8,0.0,0.8,1.6,0.0,-0.8,2.4000000000000004,0.8,0.0,2.4000000000000004,0.0,1.6,-0.8,-0.8,0.0,0.0,0.0,0.8,0.0,1.6,0.0,0.8,-1.6,0.8,0.8,0.0,0.0,0.0,1.6,0.8,-0.8,2.4000000000000004,0.8,0.0,1.6,-0.8,2.4000000000000004,0.0,0.0,0.8,0.0,0.0,0.0,0.0,0.8,0.0,0.8,0.0,1.6,-1.6,0.0,0.0,0.0,0.0,-0.8,0.0,0.0,0.0,0.8,0.0,1.6,0.0,0.0,0.0,1.6,-0.8,1.6,0.8,0.0,0.8,2.4000000000000004,0.0,-0.8,0.8,0.0,-0.8,0.0,0.0,1.6,-0.8,0.0,0.0,-0.8,1.6,0.0,1.6,0.0,-0.8,0.0,0.0,0.8,0.0,0.0,1.6,0.0,0.0,0.0,0.8,1.6
event_47,1625266812.342899,-0.8,0.8,0.0,-0.8,0.0,-1.6,-1.6,-0.8,1.6,-0.8,-0.8,0.8,0.0,-0.8,0.0,-0.8,0.0,0.8,0.0,-0.8,0.0,0.0,0.0,0.8,0.0,0.8,0.0,-1.6,0.0,0.0,-0.8,0.0,-0.8,-0.8,0.8,0.0,0.0,1.6,0.0,0.0,0.0,0.0,0.8,0.0,0.0,0.0,1.6,0.0,0.0,0.8,-0.8,0.0,0.8,0.0,1.6,-1.6,0.8,0.0,0.0,0.0,0.0,0.8,1.6,-0.8,1.6,-1.6,1.6,-0.8,0.8,0.0,0.0,0.0,-0.8,-0.8,1.6,-0.8,0.8,-1.6,-0.8,0.8,0.0,1.6,0.8,0.0,0.0,0.8,0.0,0.0,0.8,-0.8,0.0,1.6,-2.4000000000000004,0.0,-0.8,0.0,0.0,0.8,1.6,0.0,0.8,0.8,-8.8,-42.4,-54.400000000000006,-31.200000000000003,-10.400000000000002,-3.2,-2.4000000000000004,-2.4000000000000004,-4.0,-3.2,-1.6,-0.8,-1.6,-0.8,0.0,0.0,0.0,-1.6,0.0,0.8,-0.8,1.6,0.8,-2.4000000000000004,0.8,2.4000000000000004,-0.8,-0.8,0.0,0.8,-0.8,0.0,0.0,0.8,0.0,0.0,0.0,0.0,0.0,-0.8,-0.8,0.8,0.0,0.0,-0.8,1.6,0.0,0.0,0.0,0.8,0.0,0.0,0.8,0.0,0.0,0.0,0.0,0.8,0.0,2.4000000000000004,0.0,-0.8,0.8,0.8,0.0,0.0,0.0,1.6,0.0,0.8,0.0,-0.8,0.0,-0.8,0.8,-1.6,0.8,0.8,-1.6,1.6,0.0,0.0,0.0,-1.6,0.8,0.0,0.8,0.8,0.0,0.8,-0.8,0.8,-0.8,-0.8,1.6,-0.8,0.8,0.0,-0.8,0.0,-1.6,-1.6,-2.4000000000000004,-0.8,1.6,-2.4000000000000004,1.6,-0.8,0.8,0.0,-0.8,0.8,-0.8,0.8,0.0,-2.4000000000000004,0.8,-0.8,1.6,0.0,-0.8,2.4000000000000004,-0.8,0.8,0.8,0.0,0.0,-1.6,0.8,0.0,0.0,0.0,-0.8,1.6,0.0,-0.8,0.8,0.0,1.6,-0.8,0.0,0.8,0.8,0.0,-0.8,1.6,0.8,-0.8,1.6,0.0,0.8,-0.8,-1.6,0.0,0.0,-0.8,0.8,0.8,0.8,0.0,0.0,-0.8,0.0,0.0,0.0,-0.8,-0.8,0.0,0.0,0.8,0.8,0.8,0.0,0.0,-1.6,-0.8,-0.8,0.0,-0.8,0.0,0.0,-0.8,-0.8,0.0,0.8,-0.8,1.6,0.0,-1.6,0.0,-0.8,0.0,-0.8,-0.8,0.8,-0.8,0.0,0.0,-0.8,0.8,-1.6,0.8,0.0,0.8,0.8,0.0,1.6,0.0,0.0,1.6,-0.8,0.0,-0.8,0.8,0.0,0.0,0.8,0.0,0.0,0.0,-0.8,0.0,0.0,0.8,0.8,0.8,0.8,-0.8,0.8,-0.8,0.0,1.6,-0.8,0.0,-1.6,0.8,0.0,0.0,0.8,-0.8,0.0,1.6,0.0,0.0,0.8,1.6,0.0,0.0,1.6,0.0,-0.8,0.0,-1.6,0.0,-0.8,1.6,0.0,0.8,0.8,0.0,0.0,0.8,-1.6,0.8,-0.8,0.8,0.0,0.0,0.8,0.0,0.0,0.0,-0.8,0.0,0.8,0.8,-0.8,0.0,0.8,0.0,-0.8,0.0,0.0,0.0,0.0,0.8,-0.8,-0.8,-0.8,0.8,0.8,0.8,0.0,0.8,0.0,0.8,0.0,0.0,0.0,-0.8,-1.6,-0.8,0.0,0.0,0.0,0.0,0.8,0.8,1.6,0.0,-1.6,1.6,0.0,-0.8,0.0,0.0,0.8,-0.8,0.8,-0.8,0.0,-0.8,-0.8,0.8,0.0,-0.8,0.8,-0.8,0.0,-1.6,0.0,0.8,0.0,1.6,0.0,1.6,1.6,-1.6,-0.8,0.0,1.6,0.0,-0.8,0.0,-0.8,-0.8,0.8,-1.6,0.8,-0.8,0.8,0.0,0.0,-0.8,0.0,0.0,0.0,-0.8,0.0,-0.8,0.8,0.0,0.8,0.0,0.0,0.0,-0.8,0.0,0.8,0.8,0.0,-0.8,0.8,0.8,0.8,-0.8,0.0,0.0,0.0,0.0,0.0,-0.8,0.8,0.0,0.0,0.0,-2.4000000000000004,0.0,0.8,-0.8,0.8,0.0,0.0,0.8,0.8,0.8,0.8,0.8,-0.8,-1.6,0.8,1.6,0.0,0.8,0.0,0.8,0.8,0.8,-0.8,-1.6,0.8,0.8,0.0,0.8,0.0,0.8,0.0,-0.8,0.8,0.8,-0.8,0.0,2.4000000000000004,-2.4000000000000004,-1.6,3.2,0.8,-3.2,1.6,0.0,0.8,0.0,0.8,0.0,0.0,0.0,-0.8,1.6,0.0,0.0,0.8,0.0,0.8,0.8,-1.6,1.6,-1.6,0.0,-0.8,0.8,0.0,-0.8,0.0,0.8,0.0,0.0,-0.8,0.8,0.0,-0.8,0.0,0.8,0.8,0.8,0.0,0.0,0.0,0.8,0.0,0.8,0.0,0.0,0.8,0.8,0.0,0.0,-0.8,0.8,0.0,0.0,0.8,0.8,-0.8,0.0,0.8,-0.8,0.0,0.8,-0.8,0.0,0.0,-0.8,0.0,0.0,0.0,-1.6,0.0,-0.8,-1.6,0.0,0.0,0.8,0.8,0.0,1.6,-0.8,0.8,-0.8,-0.8,0.8,0.8,0.0,-0.8,1.6,0.0,-0.8,1.6,0.8,0.8,0.0,0.8,2.4000000000000004,-0.8,0.8,0.0,0.8,0.0,-0.8,0.0,1.6,0.8,0.0,1.6,1.6,0.0,0.8,0.0,1.6,1.6,-0.8,0.8,-0.8,0.8,0.0,0.0,2.4000000000000004,0.0,0.8,-0.8,-0.8,1.6,-0.8,2.4000000000000004,0.8,0.8,0.0,0.0,0.8,0.0,-0.8,0.8,0.0,1.6,-1.6,0.0,0.8,0.0,0.8,0.0,0.0,-0.8,0.0,1.6,-1.6,0.8,0.0,0.0,-0.8,-0.8,0.8,-0.8,-0.8,0.0,-0.8,0.0,0.0,-0.8,0.0,-1.6,1.6,0.0,-0.8,0.8,0.8,0.8,0.0,-0.8,0.8,-1.6,1.6,0.8,-0.8,0.8,0.0,0.8,0.8,-0.8,0.8,0.0,0.8,-1.6,0.8,0.8,0.0,0.8,1.6,1.6,0.0,-0.8,0.8,0.8,-0.8,0.0,0.8,0.0,-0.8,-0.8,0.0,1.6,0.0,0.8,0.8,0.0,-0.8,-0.8,0.8,0.0,1.6,0.0,0.0,0.8,0.0,-0.8,0.8,0.8,0.8,0.0,0.0,0.0,0.0,0.0,1.6,0.8,0.0,-0.8,0.8,0.0,1.6,-0.8,1.6,0.8,0.8,0.8,0.0,0.0,0.8,0.8,0.8,0.8,0.0,0.8,0.8,1.6,-0.8,0.8,1.6,-0.8,0.0,0.0,1.6,0.0,0.0,0.8,-0.8,1.6,0.0,0.0,0.8,-0.8,0.8,0.0,0.8,0.8,-0.8,1.6,-0.8,0.0,0.8,0.0,0.0,-0.8,0.8,0.0,0.0,1.6,-0.8,-0.8,0.0,0.0,0.0,-0.8,0.8,0.0,-0.8,0.0,0.0,0.8,-0.8,0.0,1.6,-0.8,-0.8,0.0,-0.8,0.0,0.0,0.0,0.8,0.0,0.0,0.8,0.0,-0.8,0.0,-0.8,1.6,0.8,0.0,0.8,0.8,0.0,-0.8,0.8,0.8,0.8,0.0,0.0,0.0,-1.6,0.0,0.8,0.0,0.0,-0.8,0.8,-1.6,0.8,0.8,0.8,0.8,0.0,-0.8,-1.6,-1.6,1.6,0.0,0.0,0.8,-0.8,0.8,0.0,0.8,0.0,0.0,0.8,-0.8,0.0,1.6,0.8,0.8,-0.8,-0.8,-0.8,-0.8,0.8,0.0,0.8,0.0,0.8,0.0,-0.8,0.8,0.0,0.8,-0.8,-2.4000000000000004,0.0,0.0,0.0,0.8,0.0,1.6,-0.8,0.8,0.8,-1.6,0.8,-0.8,0.0,0.8,0.8,1.6,-0.8,0.0,0.0,0.0,1.6,0.0,1.6,-1.6,0.0,0.0,0.0,0.8,-0.8,0.0,2.4000000000000004,0.8,0.0,1.6,0.0,-0.8,-0.8,1.6,0.8,1.6,1.6,0.0,0.0,1.6,0.8,-0.8,0.0,0.8,0.0,-0.8,0.8,0.0,0.0,2.4000000000000004,-0.8,0.8,0.0,0.8,1.6,1.6,-0.8,0.0,0.8,0.8,-1.6,-0.8,0.0,0.0,0.0,-0.8,1.6,0.0,-0.8,0.8,0.8,0.8,0.8,0.0,0.8,-1.6,1.6,1.6,0.8,1.6,-0.8,0.8,0.8,0.0,0.8,-0.8,0.8,0.8,0.0,0.8,0.0,0.8,1.6,0.0,0.0,0.0,1.6,0.0,0.0,0.0,0.0,1.6,0.8,0.8,0.0,-0.8,1.6,-1.6,0.8,0.8,0.0,1.6,-2.4000000000000004,1.6,0.8,-0.8,0.8,0.0,0.8,-0.8,-1.6,0.8,0.0,0.8,0.8,0.8,0.8,0.0,1.6,-0.8,0.0,0.0,0.0,1.6,0.0,1.6,0.8,0.8,2.4000000000000004,-0.8,1.6,0.0,0.8,0.0,-1.6,0.0,0.8,0.8,1.6,-0.8,1.6,-0.8,0.8,0.0,-0.8,0.0,0.0,0.0,1.6,-0.8,0.8,0.8,0.8,0.0,-0.8,0.8,-0.8,0.8,0.8,0.0,-0.8,0.0,0.0,-0.8,-0.8,0.0,0.0,0.0,0.0,0.0,0.0,0.8,0.8,0.8,0.0,0.0,0.8,0.8,0.0,1.6,-0.8,1.6,0.0,-0.8,0.0,0.8,0.0,-0.8,1.6,0.0,0.0,1.6,-0.8,0.8,0.8,0.0,0.8,-0.8,0.0,0.0,0.8,0.8,0.8,0.8,0.0,0.8,0.8,-0.8,0.0,0.0,0.0,0.0,0.0,1.6,0.8,0.0,0.8,0.0,1.6,0.8,-0.8,1.6,-0.8,2.4000000000000004,0.0,0.0,0.8,0.0,0.8,-0.8,-0.8,0.0,-1.6,0.8,-0.8,0.0,0.0,0.0,1.6,-1.6,-0.8,-0.8,0.0,0.8,-1.6,0.8,-0.8,0.8,0.0,-1.6,0.8,0.0,0.0,0.8,0.0,-1.6,0.8,0.8,0.8,0.0,0.8,0.0,0.0,-0.8,0.0,0.8,-0.8,0.8,0.0,-2.4000000000000004,1.6,0.0,0.0,0.8,0.0,0.8,-0.8,0.8,0.0,0.0,0.8,-0.8,-1.6,0.0,1.6,1.6,0.8,0.0,1.6,0.0,-0.8,0.0,0.0,0.8,0.8,-0.8,0.0,0.8,0.8,0.8,0.0,0.8,0.0,0.8,0.0,1.6,-0.8,-0.8,0.8,0.0,-0.8,-0.8,0.8,1.6,0.0,0.8,0.8,0.8,0.8,-0.8,1.6,0.8,1.6,0.0,0.8,0.8,0.8,0.0,1.6,0.0,0.8,-1.6,0.0,0.8,-0.8,0.8,0.8,1.6,0.8,-1.6,1.6,-1.6,0.8,0.0,0.8,0.8,0.0,0.0,0.8,0.8,0.0,-0.8,1.6,0.8,0.0,1.6,0.0,0.0,-0.8,0.0,1.6,-0.8,0.8,1.6,0.0,-0.8,0.0,0.0,-1.6,0.0,0.8,0.0,0.0,0.0,0.8,0.0,0.8,0.8,-1.6,0.0,0.0,-1.6,0.0,0.0,0.0,0.8,0.8,1.6,0.8,0.8,0.8,0.0,0.0,-0.8,-0.8,0.8,0.8,0.8,1.6,0.0,0.8,0.8,0.0,0.8,0.0,0.0,0.0,0.0,0.8,0.0,0.0,0.0,0.8,1.6,-0.8,0.8,0.0,0.8,-0.8,0.8,0.8,0.8,0.0,0.8,-0.8,1.6,1.6,0.0,-1.6,2.4000000000000004,0.8,-1.6,0.8,1.6,-0.8,0.8,0.0,0.8,0.0,0.0,0.0,0.0,0.8,0.0,0.0,1.6,-1.6,0.0,-0.8,1.6,0.0,0.0,0.8,0.8,1.6,1.6,-0.8,1.6,0.0,0.8,0.8,-1.6,0.0,-0.8,0.0,0.0,0.0,0.0,0.0,0.8,0.0,-0.8,0.0,-0.8,0.8,0.0,0.0,0.0,0.8,0.8,-0.8,0.8,1.6,0.0,0.8,0.8,0.8,0.0,0.0,0.0,0.0,0.8,0.0,0.0,0.8,0.0,0.8,0.0,0.8,0.8,0.8,0.8,0.8,0.0,0.0,0.0,-0.8,0.8,0.8,-0.8,0.8,0.8,-0.8,0.0,0.0,0.0,-1.6,-0.8,0.0,0.0,0.8,1.6,0.0,2.4000000000000004,1.6,0.0,1.6,0.0,0.8,0.8,0.0,-0.8,-0.8,-0.8,0.8,0.8,0.0,0.0,0.0,-0.8,1.6,-0.8,1.6,-0.8,0.8,0.8,0.8,2.4000000000000004,0.0,0.8,0.0,0.0,1.6,0.0,1.6,-0.8,-0.8,2.4000000000000004,-0.8,0.8,0.0,-0.8,1.6,-0.8,1.6,0.0,-0.8,1.6,0.0,1.6,0.0,0.8,0.8,-0.8,0.0,-0.8,-0.8,1.6,-0.8,-0.8,-0.8,0.8,0.8,-1.6,1.6,0.8,0.8,0.0,-1.6,0.8,0.0,0.8,0.0,-0.8,1.6,0.0,0.0,0.0,0.0,0.8,0.0,0.0,0.0,-0.8,0.0,0.0,0.8,-0.8,0.0,0.8,1.6,0.8,0.0,0.0,0.0,0.8,0.0,0.8,0.8,0.8,0.0,0.0,0.0,0.8,-0.8,0.0,0.8,0.0,-0.8,0.0,-0.8,0.0,0.0,0.0,-0.8,0.8,0.0,0.0,0.8,0.0,0.8,0.0,0.0,0.0,0.0,0.0,0.8,0.8,0.0,0.0,0.8,0.0,1.6,0.8,0.0,0.8,0.8,0.0,0.0,0.0,0.8,0.0,0.0,0.8,0.0,-0.8,0.0,0.0,-0.8,0.8,0.0,0.8,0.8,-0.8,0.8,0.0,0.0,-0.8,-1.6,0.8,0.8,0.8,0.0,0.0,1.6,0.0,0.8,0.0,-0.8,1.6,-0.8,-0.8,0.8,0.0,0.8,0.0,0.8,0.0,0.8,1.6,0.0,0.8,-1.6,0.0,0.8,-0.8,0.8,0.0,0.0,1.6,0.0,1.6,0.0,0.0,0.8,-1.6,1.6,-1.6,2.4000000000000004,0.8,-0.8,0.0,0.0,0.0,1.6,0.0,0.8,0.8,0.0,0.0,0.0,0.0,0.8,0.8,0.8,0.0,-0.8,-0.8,0.0,-0.8,1.6,0.0,0.0,0.0,0.8,0.0,0.8,0.0,0.8,0.8,0.0,1.6,0.8,0.0,0.8,0.0,1.6,0.0,-1.6,0.8,0.0,0.8,-0.8,0.0,0.0,0.0,1.6,-0.8,0.0,0.8,0.8,0.8,0.8,0.0,0.0,-0.8,0.0,-0.8,-0.8,1.6,0.0,0.0,0.0,0.0,0.8,-0.8,0.0,-1.6,0.8,0.0,-0.8,0.8,-0.8,0.0,-0.8,-0.8,1.6,0.8,0.0,-0.8,0.8,0.0,0.0,0.8,-0.8,0.0,0.8,-0.8,1.6,0.8,0.0,0.8,0.0,1.6,-0.8,1.6,0.8,0.8,1.6,0.8,1.6,0.8,-1.6,0.8,0.0,0.0,0.0,0.0,0.0,0.0,0.8,2.4000000000000004,0.8,0.0,0.0,0.0,-0.8,0.0,0.0,0.0,0.0,0.8,0.0,0.8,-0.8,0.8,1.6,0.8,0.0,0.8,0.8,0.0,0.0,0.8,1.6,0.8,-0.8,-0.8,1.6,0.0,-0.8,0.0,0.0,0.0,0.8,0.0,2.4000000000000004,-0.8,-0.8,0.8,0.0,0.0,0.0,-0.8,0.8,-0.8,0.0,0.8,0.8,0.0,-0.8,0.0,0.8,0.0,1.6,-0.8,0.8,0.8,0.0,0.0,0.8,1.6,0.0,1.6,0.8,0.0,0.8,-0.8,1.6,0.0,-0.8,0.0,-1.6,0.8,-0.8,0.0,0.8,0.0,0.8,0.0,0.0,0.8,-1.6,-0.8,-0.8,0.8,0.8,0.8,0.8,-0.8,1.6,0.0,0.8,0.0,0.8,0.8,-1.6,0.8,1.6,-2.4000000000000004,1.6,0.8,0.8,0.8,0.0,0.0,0.0,-0.8,0.8,0.0,3.2,0.0,0.8,0.0,0.0,2.4000000000000004,0.0,0.8,1.6,0.8,0.0,0.0,1.6,1.6,1.6,0.0,0.0,2.4000000000000004,0.8,0.0,0.8,-0.8,1.6,0.0,0.0,0.0,0.8,1.6,0.0,-0.8,0.8,0.8,0.0,0.8,0.0,0.0,0.8,0.8,0.0,0.0,0.0,1.6,0.0,0.0,0.8,0.0,0.8,0.0,0.0,0.0,0.0,0.8,0.8,1.6,0.0,-0.8,0.8,-0.8,1.6,-0.8,0.0,0.8,-0.8,0.0,-0.8,-0.8,0.8,0.0,0.0,0.8,0.0,0.0,0.0,0.0,0.0,1.6,0.8,0.8,1.6,0.8,1.6,0.0,-0.8,1.6,0.0,0.0,0.0,0.0,0.0,0.0,1.6,0.8,-0.8,1.6,-2.4000000000000004,0.8,0.0,-0.8,0.0,-0.8,0.0,0.0,-0.8,0.0,-0.8,0.8,0.8,0.8,1.6,0.8,0.0,0.8,1.6,0.0,-0.8,0.8,0.0,0.0,0.8,0.0,0.0,-0.8,0.0,0.0,0.0,0.8,0.8,0.8,-0.8,0.8,0.0,-1.6,0.8,-1.6,0.0,0.8,0.8,0.0,-0.8,0.0,0.8,0.0,1.6,0.0,-0.8,0.0,0.0,0.8,0.0,0.8,0.0,0.8,0.0,1.6,-0.8,-0.8,0.0,0.0,0.0,-0.8,0.0,0.0,0.8,-0.8,0.0,0.0,0.8,0.8,0.8,-0.8,-0.8,-0.8,0.0,0.0,1.6,0.0,0.0,0.8,0.8,0.0,1.6,0.0,0.0,0.0,-0.8,0.0,0.0,0.0,0.0,0.0,1.6,-1.6,0.8,0.0,-0.8,0.8,0.0,0.0,0.8,-0.8,0.0,0.8,0.8,0.0,-0.8,0.8,-0.8,1.6,0.0,-1.6,0.8,-0.8,0.8,-0.8,0.8,0.8,0.0,0.0,0.0,0.8,-0.8,-0.8,0.8,0.8,-0.8,0.0,0.8,0.0,0.0,0.0,0.8,-0.8,0.0,-2.4000000000000004,-0.8,1.6,1.6,0.0,0.0,0.8,0.8,1.6,0.8,-0.8,1.6,-0.8,-0.8,0.8,0.8,1.6,0.0,0.8,0.0,0.0,-0.8,0.8,0.8,-0.8,0.0,1.6,0.0,0.0,0.0,0.0,0.0,0.0,-0.8,1.6,0.0,-0.8,0.0,0.8,0.0,0.0,-0.8,1.6,0.8,1.6,0.0,0.0,0.0,0.8,0.0,0.0,0.0,-0.8,0.0,1.6,0.0,1.6,0.0,0.8,0.8,0.8,0.8,0.8,-0.8,1.6,-0.8,-0.8,-0.8,-0.8,-0.8,-0.8,0.8,-0.8,0.8,0.8,-1.6,0.8,0.0,-1.6,0.8,-0.8,0.8,0.0,-0.8,1.6,0.0,-1.6,0.0,0.8,0.8,-1.6,0.8,0.8,-0.8,0.8,-0.8,0.0,0.8,-0.8,-0.8,-0.8,1.6,0.0,0.0,0.8,0.0,0.0,0.0,0.0,-0.8,0.8,1.6,-0.8,0.0,0.8,0.8,0.8,0.0,2.4000000000000004,0.8,0.0,1.6,0.8,0.0,0.0,-0.8,0.8,0.0,0.0,-0.8,0.8,0.8,0.8,0.8,0.0,1.6,0.0,0.0,0.8,0.8,0.8,0.8,0.8,1.6,0.0,1.6,0.0,0.8,-0.8,-0.8,0.0,0.0,0.0,0.8,-0.8,0.0,-0.8,-0.8,-0.8,-0.8,-0.8,0.8,0.8,0.0,0.0,-1.6,0.8,0.8,0.8,0.8,-0.8,0.0,1.6,0.0,0.8,-0.8,0.0,0.0,-1.6,0.0,0.8,1.6,-0.8,-0.8,0.8,-1.6,0.8,0.0,0.0,0.8,0.0,1.6,-0.8,0.8,0.0,0.0,1.6,0.0,-0.8,1.6,0.0,0.8,0.8,1.6,2.4000000000000004,0.8,2.4000000000000004,-0.8,0.8,0.8,0.0,0.0,-0.8,0.8,0.0,-0.8,2.4000000000000004,0.8,0.0,-0.8,0.8,0.8,-1.6,1.6,-0.8,0.8,0.8,-0.8,1.6,0.0,0.0,1.6,0.0,0.8,1.6,-0.8,0.0,-0.8,1.6,-0.8,0.0,1.6,0.8,0.8,0.8,0.8,0.0,0.0,0.8,0.0,0.0,0.0,0.8,0.8,0.0,-0.8,-0.8,-0.8,1.6,0.0,0.8,-0.8,0.8,0.8,-0.8,0.8,0.8,0.8,0.8,0.0,-0.8,0.8,0.8,-0.8,0.0,1.6,0.0,0.0,0.0,0.8,0.0,0.0,1.6,0.0,-0.8,0.0,0.8,0.8,0.0,0.8,0.8,0.8,1.6,-0.8,0.0,0.0,-0.8,-0.8,0.0,2.4000000000000004,0.0,0.0,0.0,0.0,-0.8,0.0,0.8,-1.6,0.8,1.6,-1.6,0.8,1.6,0.8,0.0,0.8,1.6,0.8,0.8,-0.8,0.0,1.6,-0.8,0.0,0.8,0.8,-0.8,0.0,0.8,-0.8,0.0,0.0,1.6,0.8,-0.8,0.8,0.8,0.8,0.0,-0.8,0.8,0.8,-0.8,1.6,-0.8,1.6,0.8,-0.8,0.0,-0.8,0.0,1.6,0.8,0.0,-0.8,0.8,-1.6,0.8,0.0,0.8,0.8,0.8,-0.8,0.8,0.0,1.6,0.0,0.0,0.0,-0.8,1.6,-0.8,0.0,-0.8,0.8,3.2,-0.8,0.0,0.0,0.0,0.0,0.0,0.0,0.0,0.0,0.0,-0.8,0.0,0.8,0.8,0.8,0.8,0.8,0.0,0.0,0.0,0.0,0.0,1.6,0.0,0.8,0.0,0.8,0.8,-0.8,-0.8,-0.8,0.0,0.0,-0.8,-0.8,0.8,0.0,0.8,0.8
event_48,1625266814.4930222,2.4000000000000004,0.8,0.0,1.6,1.6,0.8,0.0,0.8,0.8,-0.8,-0.8,0.8,0.8,-0.8,0.0,0.0,-1.6,0.8,0.8,0.0,0.8,1.6,-0.8,0.0,1.6,0.0,-0.8,0.0,-0.8,0.0,-0.8,0.0,0.8,0.0,0.8,0.8,0.0,0.8,0.8,0.0,0.8,0.0,-0.8,0.0,0.8,0.0,0.8,0.8,1.6,1.6,-0.8,0.0,0.8,-0.8,0.8,-0.8,0.8,-0.8,0.0,0.0,0.0,0.8,0.0,0.8,0.8,-1.6,1.6,0.8,0.8,1.6,0.0,0.8,0.8,1.6,0.0,0.0,2.4000000000000004,0.8,0.0,-0.8,0.0,1.6,-0.8,0.8,0.8,0.0,1.6,0.0,0.0,1.6,0.8,1.6,-0.8,1.6,-0.8,-0.8,0.8,-0.8,0.8,0.8,0.8,0.8,-2.4000000000000004,-28.800000000000004,-54.400000000000006,-40.0,-14.400000000000002,-7.200000000000001,-4.800000000000001,-2.4000000000000004,-0.8,-3.2,-3.2,-2.4000000000000004,-2.4000000000000004,-0.8,0.8,0.0,0.0,0.0,0.8,0.8,0.0,0.8,0.0,-0.8,1.6,-0.8,-0.8,0.8,0.8,0.8,-0.8,0.0,1.6,0.8,0.8,0.0,0.8,1.6,0.0,-0.8,0.0,0.8,0.8,0.0,1.6,1.6,0.8,0.8,-0.8,2.4000000000000004,0.8,0.8,1.6,0.8,0.8,0.8,0.8,1.6,0.0,0.8,0.8,0.0,0.8,-0.8,0.8,0.0,3.2,0.8,0.0,1.6,1.6,0.8,0.8,0.0,1.6,-0.8,-0.8,0.0,0.0,0.0,0.8,0.8,1.6,0.0,0.0,0.0,0.0,-0.8,1.6,0.8,0.8,0.0,-0.8,0.8,2.4000000000000004,-0.8,0.8,0.8,0.8,1.6,0.0,-0.8,0.0,0.0,0.0,0.0,0.8,0.8,-0.8,0.0,0.8,0.0,-0.8,-0.8,0.0,0.0,0.8,1.6,-0.8,-0.8,0.8,0.8,-0.8,0.8,0.8,-0.8,0.0,1.6,0.8,0.0,0.0,1.6,2.4000000000000004,0.8,0.0,0.0,1.6,0.8,-0.8,0.8,0.0,0.0,1.6,0.8,0.8,0.0,0.0,-0.8,0.8,0.0,0.0,1.6,0.0,-0.8,1.6,0.0,1.6,0.8,0.0,2.4000000000000004,0.0,0.8,0.8,0.0,0.0,0.8,2.4000000000000004,0.0,0.0,2.4000000000000004,0.0,0.8,-0.8,0.0,1.6,-0.8,0.8,0.0,0.8,0.8,-0.8,0.0,-0.8,0.8,0.0,-0.8,0.8,0.0,-0.8,0.8,-0.8,0.8,-0.8,-0.8,0.0,0.8,1.6,0.0,2.4000000000000004,0.8,-0.8,0.8,0.0,0.8,-0.8,0.0,0.0,-0.8,0.0,0.0,0.8,0.0,-0.8,-0.8,0.0,0.8,0.0,1.6,0.0,1.6,0.0,0.0,1.6,-0.8,-0.8,0.0,0.8,0.0,-0.8,0.0,0.8,0.0,1.6,0.0,-0.8,0.8,-0.8,0.0,0.0,0.0,-0.8,0.0,0.8,0.8,0.8,0.0,0.0,0.0,-0.8,0.8,-0.8,0.0,0.8,-0.8,0.8,0.8,1.6,0.0,0.0,0.0,-0.8,0.0,1.6,-0.8,2.4000000000000004,0.0,1.6,0.8,0.8,0.8,0.0,0.0,0.0,0.0,0.0,0.0,2.4000000000000004,-0.8,1.6,-0.8,0.8,0.8,-0.8,0.8,0.0,-0.8,1.6,-0.8,0.8,-0.8,0.0,0.8,-0.8,1.6,0.0,0.0,0.8,-0.8,0.8,0.0,0.8,0.8,-0.8,0.0,0.0,1.6,1.6,-0.8,0.0,-0.8,-0.8,0.8,1.6,0.8,-0.8,1.6,0.0,-0.8,0.8,-0.8,0.0,0.0,0.0,-1.6,-1.6,1.6,0.0,0.0,0.8,0.8,0.8,0.8,0.0,-1.6,0.8,0.8,-0.8,-0.8,0.0,0.8,0.0,0.0,0.8,0.8,-0.8,0.8,0.8,-0.8,0.0,0.8,0.0,0.0,0.0,0.8,1.6,0.0,0.0,0.8,0.8,0.0,-0.8,0.8,-0.8,0.0,0.0,0.0,1.6,0.0,-0.8,1.6,-0.8,1.6,0.0,0.0,0.8,0.0,0.0,0.8,0.0,1.6,0.0,0.8,-0.8,0.8,0.8,0.0,0.8,0.0,0.0,-0.8,-0.8,0.8,0.8,0.0,0.0,-0.8,1.6,0.8,0.8,0.0,0.8,1.6,0.0,1.6,0.0,0.0,0.0,0.0,1.6,-0.8,0.0,1.6,-0.8,1.6,0.0,1.6,0.0,0.0,1.6,-0.8,1.6,0.0,-2.4000000000000004,0.0,0.8,1.6,0.0,0.0,0.8,-0.8,2.4000000000000004,-0.8,0.0,1.6,0.0,0.0,0.0,0.8,0.8,-1.6,1.6,0.8,0.0,0.8,0.0,0.8,-0.8,-0.8,-0.8,0.0,0.0,0.0,0.0,0.8,-0.8,0.8,1.6,0.8,0.8,0.0,0.0,0.8,1.6,0.0,0.0,1.6,1.6,-0.8,1.6,0.8,1.6,0.0,-0.8,0.0,0.0,0.0,0.8,-0.8,0.8,-0.8,0.0,0.8,0.0,0.0,0.0,0.8,1.6,0.0,-0.8,-0.8,1.6,0.8,0.0,0.8,-1.6,1.6,0.8,0.0,0.8,0.0,0.8,-0.8,-0.8,1.6,0.0,-0.8,0.0,0.0,0.0,-0.8,1.6,-0.8,0.0,0.8,0.0,0.0,0.8,0.8,0.0,0.0,0.0,-0.8,0.0,0.8,-0.8,0.8,0.8,0.8,0.8,0.8,-0.8,0.0,0.8,0.8,-0.8,-0.8,1.6,0.0,0.0,0.0,1.6,0.0,0.0,0.8,0.0,0.0,0.0,0.0,-0.8,-0.8,0.8,0.8,0.8,0.8,0.0,1.6,0.0,1.6,-0.8,0.8,0.0,1.6,0.0,0.0,1.6,2.4000000000000004,-0.8,0.8,0.8,-0.8,0.8,1.6,0.0,0.0,0.0,0.8,0.0,0.8,0.0,0.0,0.0,0.0,0.0,0.0,0.0,1.6,0.0,0.0,1.6,0.0,1.6,0.8,0.0,0.0,1.6,1.6,-0.8,0.0,2.4000000000000004,0.0,-0.8,0.0,0.8,0.8,0.0,0.8,0.0,-0.8,0.0,0.8,0.8,0.0,-0.8,0.8,0.8,0.8,-0.8,0.0,0.0,-2.4000000000000004,0.0,-0.8,1.6,0.0,-0.8,1.6,0.0,0.8,0.8,0.0,0.0,0.0,1.6,0.0,0.0,1.6,0.0,0.8,0.8,0.8,0.8,-0.8,0.8,0.8,-0.8,0.8,0.0,1.6,0.0,0.0,0.0,0.8,0.8,0.0,0.8,0.8,0.0,0.0,0.0,1.6,1.6,-0.8,0.0,0.8,1.6,-0.8,0.8,0.8,-0.8,0.8,-1.6,-0.8,0.8,0.0,1.6,0.8,0.0,-0.8,0.0,-0.8,0.8,0.0,0.8,0.8,0.0,-0.8,0.8,0.0,0.8,0.8,0.8,0.8,-0.8,0.8,0.0,0.0,0.0,1.6,2.4000000000000004,-0.8,0.0,1.6,1.6,0.8,0.0,0.8,-0.8,0.0,0.8,-0.8,0.8,0.0,0.8,0.0,0.8,2.4000000000000004,0.8,0.8,0.8,-1.6,0.8,0.8,0.0,-0.8,0.8,1.6,-0.8,1.6,-0.8,-0.8,0.0,-1.6,0.0,0.0,0.0,1.6,-1.6,0.8,1.6,-0.8,0.0,-0.8,0.8,-0.8,-0.8,0.0,-0.8,0.0,0.0,0.0,0.8,0.0,0.8,0.0,0.0,0.8,-0.8,0.8,-1.6,2.4000000000000004,0.0,0.8,1.6,0.0,0.8,0.8,-0.8,0.8,-0.8,0.8,-0.8,0.0,0.0,0.0,1.6,-0.8,-0.8,0.0,-0.8,1.6,-0.8,0.8,0.0,0.8,0.0,0.0,0.0,0.8,0.0,0.8,0.0,0.8,1.6,0.0,0.8,0.0,0.8,0.0,0.0,0.0,0.8,0.8,0.0,-0.8,0.8,-1.6,0.8,0.8,0.0,0.0,0.8,1.6,-0.8,0.8,0.8,0.0,0.8,-1.6,0.0,0.0,2.4000000000000004,0.8,0.0,0.8,0.0,1.6,0.8,0.8,-0.8,0.0,0.8,-0.8,0.8,0.8,0.8,0.8,0.8,0.8,0.8,-0.8,0.8,0.0,0.8,0.0,0.0,0.8,0.8,1.6,-1.6,0.8,1.6,-0.8,1.6,-0.8,0.0,-0.8,0.0,1.6,0.8,0.8,0.8,0.0,2.4000000000000004,-1.6,0.8,0.0,0.0,0.8,-0.8,0.8,-0.8,0.0,1.6,0.0,0.8,-1.6,0.0,0.8,0.0,0.0,1.6,0.8,0.0,0.8,-1.6,0.8,2.4000000000000004,-0.8,-2.4000000000000004,4.0,0.0,-0.8,1.6,0.8,0.0,-1.6,0.0,0.8,-1.6,0.8,2.4000000000000004,-0.8,-0.8,-0.8,0.0,0.8,0.0,0.8,-0.8,0.8,1.6,0.0,1.6,0.0,0.0,1.6,0.0,0.0,0.8,1.6,0.8,0.8,0.8,0.8,0.8,1.6,0.0,0.0,0.8,-0.8,0.0,0.8,1.6,0.8,0.8,0.0,0.8,0.8,0.0,0.8,0.8,-0.8,0.0,0.0,1.6,0.8,-0.8,1.6,0.8,0.8,0.0,0.8,0.8,0.0,-0.8,0.8,1.6,2.4000000000000004,-0.8,1.6,1.6,1.6,0.8,0.8,0.0,0.8,0.0,0.0,-0.8,0.8,0.8,0.8,1.6,0.8,-1.6,0.8,0.8,1.6,0.0,0.8,0.0,1.6,0.8,-0.8,0.8,0.8,0.0,0.0,0.0,0.8,0.8,1.6,-0.8,0.0,0.0,0.0,1.6,-0.8,0.8,1.6,-0.8,1.6,0.0,-1.6,-0.8,-0.8,0.8,0.0,0.8,0.8,0.0,0.8,0.0,0.0,0.8,0.0,-0.8,0.8,1.6,0.8,0.0,-0.8,1.6,0.0,0.8,0.0,0.0,1.6,-0.8,-0.8,0.0,0.8,0.8,0.0,0.8,0.8,0.0,0.8,0.8,0.0,-0.8,-0.8,0.8,-1.6,0.0,0.0,0.0,0.8,0.0,1.6,0.8,0.0,0.8,-0.8,1.6,-0.8,1.6,0.0,-0.8,2.4000000000000004,1.6,0.8,1.6,0.8,2.4000000000000004,0.0,1.6,-0.8,0.0,0.8,0.8,1.6,0.8,-0.8,0.8,-0.8,1.6,0.0,1.6,0.8,1.6,0.0,0.0,0.8,0.8,-0.8,0.8,0.0,0.8,2.4000000000000004,0.0,0.8,0.0,0.8,0.8,0.0,0.0,0.0,1.6,-0.8,-0.8,1.6,-0.8,0.8,0.0,0.0,0.8,0.8,0.8,-0.8,0.8,0.8,0.0,0.8,0.0,-0.8,0.8,0.8,0.8,0.0,0.0,0.0,2.4000000000000004,0.8,0.8,-0.8,-0.8,0.0,0.8,0.0,0.8,0.8,0.8,0.0,0.8,0.0,0.0,0.0,0.8,0.8,0.8,0.8,0.8,0.0,0.0,-0.8,1.6,1.6,0.0,0.0,0.0,0.8,0.0,0.0,0.8,0.0,-0.8,0.8,0.8,1.6,-1.6,0.8,0.8,0.0,0.8,-0.8,0.0,0.0,0.0,0.8,0.0,0.0,0.0,0.0,0.8,0.8,-0.8,-0.8,-0.8,1.6,-0.8,-0.8,0.8,0.0,0.8,0.0,0.0,-0.8,0.8,0.8,0.0,1.6,0.8,-0.8,0.0,-0.8,1.6,0.8,0.0,0.8,0.0,0.8,0.0,0.0,0.8,0.0,0.8,0.0,1.6,0.0,-0.8,0.8,-0.8,-1.6,-0.8,0.8,-0.8,0.8,2.4000000000000004,-2.4000000000000004,1.6,3.2,0.0,0.8,-0.8,1.6,0.0,-0.8,1.6,0.8,0.8,0.0,0.0,0.0,-0.8,0.0,1.6,0.8,0.0,-0.8,-0.8,1.6,0.0,0.0,0.8,0.8,0.8,0.0,1.6,0.8,0.0,-1.6,0.0,0.8,1.6,0.0,0.0,1.6,0.8,0.8,0.8,-0.8,0.8,0.0,-0.8,0.8,0.0,-0.8,0.8,0.0,0.0,0.8,0.8,0.0,0.8,-0.8,0.8,-0.8,0.0,0.8,-0.8,0.0,0.0,0.0,0.0,0.0,0.8,0.8,0.0,0.0,-0.8,0.8,0.8,-0.8,-0.8,-0.8,0.8,-1.6,0.8,0.0,-1.6,0.8,-0.8,0.0,-1.6,0.8,1.6,-1.6,0.8,-0.8,-0.8,1.6,-1.6,0.8,-0.8,0.0,0.8,0.8,1.6,0.8,0.0,1.6,-1.6,0.0,0.0,0.8,0.8,-1.6,1.6,0.0,-0.8,0.0,-0.8,0.8,-0.8,0.0,1.6,-0.8,0.0,0.8,-0.8,-0.8,-0.8,0.8,0.8,0.8,0.8,0.0,0.0,1.6,0.0,0.0,0.0,1.6,0.0,0.0,0.8,0.0,0.0,0.8,0.0,0.0,-0.8,-0.8,-0.8,-0.8,-0.8,0.0,0.8,0.8,0.0,0.8,0.0,1.6,-0.8,0.0,0.0,0.8,0.0,-0.8,0.0,0.0,0.0,0.0,0.0,0.0,0.8,0.8,0.8,0.0,0.0,0.0,0.0,-0.8,0.0,0.8,1.6,0.0,-0.8,-0.8,-0.8,0.0,0.0,0.8,0.0,0.8,0.8,0.0,0.8,-0.8,0.0,-0.8,-1.6,1.6,0.8,0.0,1.6,-0.8,1.6,0.8,0.8,0.0,-1.6,0.8,-0.8,0.0,0.8,0.8,0.8,-0.8,0.8,1.6,1.6,0.0,-0.8,0.8,-0.8,0.0,0.0,-1.6,0.8,-0.8,0.8,2.4000000000000004,0.0,1.6,0.8,0.0,1.6,-1.6,0.0,0.8,0.8,0.8,0.0,0.8,0.0,0.0,0.8,-0.8,0.8,0.0,0.0,0.0,0.0,-0.8,0.8,-0.8,0.0,0.0,0.0,-0.8,0.0,0.0,0.0,0.0,1.6,-1.6,0.8,0.0,0.8,0.8,0.8,0.8,0.0,1.6,0.8,-0.8,0.0,-0.8,0.0,0.8,0.0,0.8,0.8,0.8,0.0,-0.8,-0.8,-0.8,0.8,0.8,-0.8,0.0,0.0,1.6,0.0,0.0,1.6,0.0,0.8,-0.8,-0.8,1.6,-0.8,0.8,0.8,0.0,0.0,0.0,-0.8,-1.6,1.6,0.8,-1.6,0.8,0.0,0.8,0.8,0.0,0.8,0.8,0.8,0.8,0.0,0.0,-0.8,0.8,0.0,0.0,1.6,-0.8,0.8,0.0,0.8,0.8,0.0,0.8,-1.6,0.8,0.0,0.8,0.8,0.0,0.0,0.8,-0.8,0.8,0.0,0.0,-0.8,0.0,-1.6,0.0,0.0,0.8,0.0,0.8,-0.8,0.0,-1.6,0.8,0.0,0.8,0.0,1.6,0.8,0.0,0.8,0.0,-0.8,0.0,-0.8,0.0,0.0,0.8,0.0,0.0,-0.8,0.0,0.0,0.8,1.6,0.8,-0.8,0.0,0.8,-0.8,0.8,0.8,0.8,0.0,-0.8,1.6,-0.8,0.0,0.0,0.0,2.4000000000000004,-1.6,0.0,0.8,0.8,1.6,0.8,0.8,0.0,-0.8,4.0,-1.6,-3.2,2.4000000000000004,1.6,-2.4000000000000004,0.0,1.6,0.0,0.0,0.0,0.0,1.6,-0.8,-0.8,1.6,0.0,0.8,-0.8,0.8,0.0,-1.6,0.0,0.0,2.4000000000000004,0.8,0.0,1.6,-0.8,0.0,0.0,0.8,1.6,-0.8,0.8,0.8,1.6,0.0,0.8,0.8,0.0,-0.8,0.0,0.0,0.0,0.0,2.4000000000000004,1.6,-0.8,0.8,0.8,0.0,0.8,-0.8,0.8,0.0,1.6,0.8,0.0,0.8,0.8,0.0,0.8,0.8,0.0,1.6,0.0,0.0,0.0,0.8,0.0,0.0,0.0,1.6,0.8,-0.8,0.0,-0.8,0.0,-0.8,0.0,0.0,0.0,0.0,0.0,1.6,0.8,0.8,0.8,0.0,-1.6,0.0,0.0,0.8,0.8,0.8,0.0,0.8,0.0,1.6,0.8,-0.8,0.0,0.8,0.0,0.0,1.6,0.0,-0.8,0.0,0.8,0.8,0.8,0.0,0.8,0.0,0.0,2.4000000000000004,0.0,0.0,-0.8,0.0,1.6,0.8,1.6,0.8,-0.8,0.8,0.0,0.8,0.0,1.6,0.0,0.0,2.4000000000000004,0.8,0.0,1.6,-0.8,0.8,-0.8,-0.8,0.0,-0.8,0.0,0.8,0.0,0.0,-1.6,0.0,-0.8,0.0,-1.6,0.0,0.0,0.0,-0.8,0.0,-0.8,0.0,0.0,0.0,0.0,-0.8,2.4000000000000004,0.8,0.0,0.0,-0.8,1.6,-0.8,0.8,0.8,0.8,0.0,0.0,0.8,-0.8,0.0,0.8,-0.8,0.0,-0.8,1.6,0.0,0.0,0.8,0.8,1.6,-0.8,-1.6,-0.8,0.0,-0.8,0.0,-0.8,0.0,0.0,0.8,0.8,-0.8,0.0,-0.8,-0.8,0.8,0.0,0.8,0.0,0.0,0.0,0.0,0.0,0.0,0.0,0.0,-0.8,0.0,-0.8,-0.8,0.8,0.8,0.0,0.8,0.0,1.6,0.0,0.0,0.0,-0.8,2.4000000000000004,1.6,0.8,1.6,0.8,1.6,0.0,1.6,1.6,0.8,0.8,-0.8,0.8,-0.8,0.0,0.8,0.0,1.6,-0.8,0.0,0.0,0.0,1.6,0.8,0.8,1.6,-0.8,0.8,0.0,0.8,0.0,0.8,0.8,-1.6,1.6,0.0,0.0,1.6,-0.8,0.8,0.0,-0.8,1.6,0.8,0.0,0.0,0.0,-0.8,-0.8,0.0,0.0,-0.8,-0.8,0.0,0.0,0.8,0.0,0.8,0.8,-0.8,-0.8,0.8,0.8,0.0,0.8,0.0,0.0,-0.8,1.6,-0.8,-1.6,1.6,-0.8,0.8,0.8,0.0,0.8,1.6,0.0,0.8,1.6,0.0,0.8,0.8,-0.8,0.8,-0.8,-0.8,0.8,-0.8,0.0,0.8,0.8,0.0,0.8,0.8,-2.4000000000000004,0.0,0.8,0.0,2.4000000000000004,0.0,0.8,0.8,0.8,0.8,0.8,0.0,0.8,0.0,0.8,-0.8,0.8,-0.8,0.8,0.8,-0.8,0.0,-0.8,-0.8,0.8,-0.8,0.0,0.0,0.8,-0.8,-0.8,0.8,-0.8,0.8,0.8,0.0,0.0,0.0,0.8,0.8,-0.8,0.0,-0.8,0.8,0.0,0.8,0.8,-0.8,0.0,0.0,-0.8,0.8,0.0,0.8,0.0,0.0,0.8,-0.8,0.0,0.0,0.0,0.8,-1.6,0.0,-0.8,1.6,0.8,-1.6,0.8,0.0,0.8,0.8,-0.8,0.0,0.8,0.8,-1.6,0.8,0.8,0.0,0.8,0.0,0.8,0.0,-0.8,0.0,0.0,-0.8,-0.8,0.8,0.0,-0.8,0.8,0.8,0.0,0.8,0.8,0.8,0.8,0.0,-0.8,0.0,0.8,0.0,0.0,0.0,0.8,1.6,0.8,0.8,0.0,1.6,0.0,-0.8,0.0,0.0,0.8,0.8,0.8,0.8,-0.8,0.0,0.0,0.0,0.0,-0.8,0.0,0.8,0.0,0.0,0.8,1.6,0.0,0.8,0.0,0.0,0.8,0.8,0.8,-0.8,0.0,0.8,-0.8,0.8,0.8,0.0,0.8,0.0,0.0,-0.8,0.8,1.6,0.0,0.8,0.0,0.8,0.0,-0.8,1.6,0.0,2.4000000000000004,0.0,-0.8,1.6,0.0,0.0,0.0,0.0,0.8,-0.8,1.6,-0.8,-1.6,0.8,-0.8,0.0,0.8,0.8,1.6,0.0,0.0,1.6,0.0,0.8,-0.8,0.8,0.8,-0.8,0.8,0.8,0.0,0.0,0.0,1.6,0.0,0.8,0.8,0.8,0.8,-0.8,1.6,0.0,1.6,1.6,-0.8,0.8,0.0,0.8,0.8,-0.8,0.0,0.0,0.8,0.0,-0.8,0.0,0.8,0.0,0.0,-1.6,-0.8,0.0,-0.8,-0.8,0.8,0.0,1.6,-0.8,0.0,0.0,0.0,0.0,0.0,0.0,0.0,0.8,0.8,0.0,0.0,0.0,-0.8,0.0,-0.8,0.8,-0.8,-0.8,0.8,-0.8,-0.8,0.0,-0.8,0.0,-1.6,1.6,0.0,-1.6,1.6,-0.8,0.0,0.0,-0.8,0.0,0.0,2.4000000000000004,0.0,0.8,0.0,0.8,0.8,0.0,0.0,0.0,0.0,0.8,-0.8,0.8,1.6,0.0,1.6,-0.8,0.0,0.8,-1.6,-0.8,-0.8,-0.8,0.0,-0.8,0.8,-0.8,0.8,-0.8,0.8,0.8,0.0,0.8,0.0,0.8,0.0,0.0,0.8,1.6,0.0,2.4000000000000004,0.0,1.6,-1.6,0.0,0.0,0.0,0.0,-1.6,0.0,0.0,0.0,0.8,1.6,0.0,-0.8,0.0,0.0,0.8,-1.6,0.0,-0.8,-0.8,0.0,-0.8,-0.8,-0.8,0.0,0.8,0.0,0.0,1.6,0.0,0.8,0.0,0.8,-0.8,-0.8,0.0,0.8,0.8,0.0,0.0,0.0,-2.4000000000000004,0.8,-0.8,-0.8,-0.8,0.0,1.6,-1.6,0.8,1.6,-0.8,0.8,-0.8,-0.8,-0.8,0.8,0.0,-0.8,0.8,0.0,0.0,0.8,0.0,-0.8,0.0,0.8,-0.8,0.0,1.6,0.0,0.0,0.0,0.0,0.8,-0.8,0.8,0.8,0.0,-0.8,-1.6,-0.8,0.0,-0.8,0.0,0.0,0.0,-0.8,0.0,0.0,0.0,0.0,0.0,0.0,0.8,-0.8,0.0,1.6,0.8,-0.8,0.8,0.0,0.8,-0.8,-0.8,0.0,0.8,0.0,0.0,-0.8,0.0,0.0,0.0,0.8,0.0,0.0,0.8,-0.8,0.8,-1.6,-0.8,0.0,0.8,-0.8,0.0,0.0,0.8,1.6,0.8,0.8,0.0,0.8,0.8,-0.8,0.0,-0.8,0.8,-0.8,0.0,0.8,-1.6,0.0,0.8,-0.8,0.0,0.0,-0.8,0.8,-0.8
event_49,1625266818.811269,1.6,-0.8,0.8,0.0,0.0,0.0,-0.8,0.0,-0.8,0.0,0.8,-0.8,1.6,0.0,0.0,1.6,0.0,0.0,-1.6,0.0,0.0,0.8,1.6,0.0,0.0,1.6,-0.8,0.8,0.0,0.0,0.0,-1.6,0.0,0.0,-0.8,0.8,0.0,-0.8,-0.8,0.8,0.0,0.8,-0.8,-0.8,0.0,0.0,-1.6,0.8,0.0,0.0,0.0,0.0,0.0,-0.8,0.8,0.0,0.0,0.0,0.0,0.0,0.8,-0.8,1.6,0.8,0.0,1.6,-0.8,0.0,0.0,0.0,0.0,0.0,0.8,0.8,0.0,0.0,0.0,-0.8,0.8,-0.8,-0.8,0.8,1.6,0.8,-0.8,0.8,1.6,0.0,1.6,0.0,0.8,1.6,-0.8,0.0,0.0,0.0,0.0,0.0,0.0,0.8,0.8,0.0,-4.800000000000001,-28.0,-41.60000000000001,-28.0,-16.0,-7.200000000000001,0.0,-1.6,-5.6,-2.4000000000000004,0.8,-3.2,-0.8,3.2,-0.8,-0.8,0.0,-0.8,1.6,-0.8,-0.8,0.8,1.6,0.0,0.8,1.6,0.0,0.0,0.0,-0.8,2.4000000000000004,-1.6,1.6,0.8,0.0,0.0,-0.8,1.6,-0.8,-1.6,0.8,0.0,1.6,-0.8,0.0,1.6,-0.8,1.6,-0.8,-0.8,0.0,-0.8,1.6,0.0,0.0,0.8,-0.8,0.0,-0.8,0.8,1.6,-0.8,1.6,-0.8,0.0,0.8,0.0,1.6,0.0,0.8,0.8,0.8,0.0,0.0,0.0,0.8,0.0,-0.8,-0.8,0.8,-0.8,0.0,0.8,0.8,0.8,0.8,0.0,-1.6,0.8,0.8,-0.8,0.8,0.0,0.8,0.8,-0.8,1.6,0.0,1.6,0.0,0.8,0.8,-1.6,0.8,0.8,0.8,0.8,0.8,1.6,0.0,1.6,0.8,0.8,0.0,-0.8,2.4000000000000004,-0.8,2.4000000000000004,1.6,0.0,1.6,0.0,1.6,0.8,0.0,1.6,-0.8,0.8,0.8,-0.8,-0.8,0.8,1.6,0.8,-1.6,1.6,-0.8,0.8,-1.6,0.8,0.8,0.8,0.0,-0.8,-0.8,0.0,-0.8,0.0,0.8,0.0,0.8,0.0,0.8,0.0,0.0,0.0,-0.8,0.0,0.0,0.8,0.0,0.0,0.0,-1.6,0.8,0.0,-0.8,0.0,0.0,0.0,0.0,0.8,0.8,0.0,0.8,0.0,-0.8,0.0,0.8,0.0,0.0,0.0,1.6,-0.8,1.6,0.0,0.0,0.8,-0.8,0.8,0.8,0.8,0.8,0.0,0.8,0.8,0.0,0.0,0.0,0.8,-0.8,0.0,0.0,0.8,0.8,0.0,-0.8,0.8,0.8,0.8,0.8,0.0,0.0,-0.8,0.8,0.8,0.8,0.0,1.6,0.8,1.6,-0.8,0.0,-0.8,-0.8,0.0,-0.8,0.0,0.0,0.8,2.4000000000000004,0.8,0.8,-0.8,-0.8,0.0,0.8,0.0,0.8,-0.8,1.6,-1.6,0.0,0.8,0.0,0.8,0.0,1.6,0.0,1.6,0.8,-0.8,2.4000000000000004,0.0,1.6,-0.8,0.0,0.8,0.0,-0.8,0.0,0.0,-1.6,-1.6,0.0,-0.8,-0.8,0.8,-0.8,0.0,0.0,1.6,0.0,0.0,0.8,-0.8,0.0,1.6,-0.8,0.8,0.8,1.6,0.8,1.6,0.8,-0.8,0.8,-0.8,-0.8,0.8,0.8,0.8,-0.8,0.0,0.0,0.0,0.8,-0.8,0.0,0.0,0.0,-0.8,0.0,0.8,-1.6,0.0,1.6,0.0,-0.8,0.8,0.0,-0.8,-1.6,0.0,0.8,0.8,0.0,1.6,0.8,1.6,0.0,0.8,0.0,0.8,0.0,0.0,-0.8,0.8,0.0,0.8,0.0,1.6,0.0,-0.8,1.6,-0.8,-0.8,1.6,-0.8,1.6,-1.6,-0.8,1.6,0.0,0.8,0.8,-1.6,0.0,0.8,1.6,0.0,0.0,0.8,0.0,0.0,-0.8,0.0,0.8,-1.6,1.6,0.0,-1.6,0.8,-0.8,0.8,0.0,0.8,0.0,0.0,0.8,0.0,0.0,0.8,-0.8,0.0,0.0,1.6,0.8,-0.8,1.6,0.8,0.8,0.8,0.0,1.6,0.0,0.8,0.0,0.8,1.6,0.0,0.8,0.0,0.8,0.8,0.8,1.6,0.8,0.0,0.0,-1.6,0.0,0.0,0.0,0.0,0.8,0.8,0.0,1.6,0.8,0.8,0.0,0.0,1.6,1.6,-0.8,0.0,1.6,1.6,-0.8,1.6,0.8,-0.8,0.8,0.0,0.8,0.8,0.8,1.6,0.8,1.6,0.0,0.8,0.8,0.0,0.0,0.8,0.0,0.8,0.8,0.0,0.8,1.6,0.0,0.8,1.6,0.0,2.4000000000000004,1.6,0.0,0.0,0.8,0.0,-1.6,1.6,0.0,-0.8,0.0,0.0,0.8,0.0,0.0,0.8,0.0,0.0,0.8,0.8,0.0,0.0,1.6,-0.8,1.6,-0.8,-0.8,0.8,0.0,1.6,0.0,0.0,2.4000000000000004,0.0,0.8,-0.8,0.0,1.6,-0.8,0.8,0.0,0.0,1.6,0.0,1.6,0.8,0.8,0.0,0.0,1.6,-1.6,0.8,0.0,0.8,1.6,-0.8,0.0,0.0,0.0,1.6,0.0,1.6,0.8,-1.6,2.4000000000000004,0.8,2.4000000000000004,0.8,0.0,0.8,0.8,0.8,0.0,0.8,0.0,-0.8,1.6,-0.8,0.0,-0.8,0.0,0.8,1.6,0.0,0.0,0.0,0.0,-0.8,0.8,-0.8,0.0,0.0,-1.6,0.0,1.6,0.0,0.0,0.0,-1.6,0.8,0.8,0.0,0.8,0.0,-0.8,0.8,0.0,0.0,0.0,0.0,0.8,0.8,-0.8,0.0,0.0,0.0,0.0,1.6,0.0,0.8,0.0,0.0,-0.8,-0.8,-0.8,-0.8,0.8,1.6,0.8,0.0,0.8,0.8,-0.8,0.0,0.0,-0.8,1.6,0.0,-1.6,0.8,0.8,0.0,0.8,0.0,0.8,-0.8,0.0,0.8,-0.8,-0.8,-0.8,0.0,0.0,0.0,1.6,0.0,1.6,0.8,0.8,0.8,0.0,0.8,-1.6,0.0,0.8,1.6,0.0,-0.8,0.0,0.0,-0.8,1.6,0.0,0.8,0.8,-0.8,0.8,-0.8,-0.8,0.8,-0.8,0.8,-0.8,0.0,-0.8,0.0,0.0,0.0,0.8,0.0,0.0,0.0,-0.8,1.6,0.0,-0.8,0.8,-0.8,1.6,0.8,-0.8,1.6,0.0,0.8,-0.8,-0.8,0.8,-0.8,0.0,0.8,0.0,0.0,-0.8,0.8,-0.8,0.0,0.0,0.0,-0.8,0.0,0.0,-0.8,0.0,-0.8,-0.8,-0.8,1.6,1.6,0.0,-0.8,0.8,0.8,-1.6,-1.6,0.8,0.8,-1.6,0.0,0.8,0.0,-1.6,0.8,0.0,0.0,-0.8,-1.6,0.8,0.8,-1.6,0.0,0.0,0.8,-0.8,-1.6,0.0,0.8,0.8,-0.8,0.0,1.6,0.8,-0.8,0.0,2.4000000000000004,0.8,0.0,0.8,0.0,1.6,-0.8,0.0,1.6,0.0,0.0,0.0,-0.8,0.0,0.0,1.6,0.8,0.0,0.0,0.0,0.8,0.0,0.0,0.8,-0.8,0.0,-0.8,0.0,0.8,-0.8,0.8,0.0,0.0,-0.8,0.0,0.0,0.0,0.8,0.0,-0.8,0.8,-0.8,0.8,-0.8,-0.8,0.8,-0.8,-0.8,0.8,0.8,0.8,-0.8,0.8,1.6,-0.8,0.8,-0.8,0.0,1.6,-0.8,0.0,0.0,0.0,0.0,-1.6,-0.8,0.8,0.0,0.8,-0.8,0.0,0.8,0.0,0.0,0.0,0.0,0.0,0.8,0.8,0.0,0.0,0.0,0.0,0.8,0.0,-0.8,-0.8,0.0,0.0,0.0,0.8,1.6,-0.8,0.8,0.0,0.8,0.0,-1.6,2.4000000000000004,0.0,2.4000000000000004,0.0,-0.8,1.6,0.8,0.8,0.8,0.8,0.8,-2.4000000000000004,2.4000000000000004,0.0,-1.6,1.6,1.6,0.0,0.0,1.6,0.8,-0.8,2.4000000000000004,0.0,0.8,0.8,-0.8,1.6,-0.8,-0.8,0.8,0.0,0.8,0.0,1.6,2.4000000000000004,0.8,1.6,-1.6,1.6,1.6,0.0,0.8,0.0,1.6,0.0,0.0,0.8,-0.8,0.0,0.0,0.8,0.0,0.0,0.8,-0.8,0.8,0.0,-0.8,2.4000000000000004,-0.8,0.0,0.0,0.8,1.6,-0.8,0.8,0.8,1.6,0.8,-0.8,0.8,0.8,-0.8,0.0,-1.6,0.8,0.8,0.8,0.8,0.8,0.0,0.0,0.8,1.6,0.0,0.0,0.0,-0.8,0.0,-0.8,0.0,0.8,0.8,0.0,1.6,0.0,-0.8,-0.8,-0.8,0.8,1.6,-0.8,0.8,0.8,-0.8,-1.6,0.8,-0.8,0.0,0.0,-1.6,-0.8,-1.6,-0.8,0.8,-0.8,0.0,-1.6,0.8,-0.8,0.0,0.0,-0.8,0.0,-0.8,-0.8,0.8,-0.8,0.0,-0.8,-0.8,1.6,-0.8,1.6,0.8,-1.6,0.0,0.0,0.8,0.0,0.0,0.8,0.0,0.0,0.0,-0.8,-0.8,-0.8,0.8,0.8,0.8,0.8,0.8,0.0,0.0,0.0,-0.8,0.0,0.0,-0.8,-0.8,0.0,-0.8,-0.8,-0.8,0.8,0.8,0.0,0.0,-1.6,0.0,-0.8,-0.8,0.0,0.0,0.0,0.0,-0.8,1.6,-0.8,-0.8,-0.8,-2.4000000000000004,0.0,-0.8,0.8,-0.8,0.8,-0.8,-0.8,0.8,0.0,0.0,0.8,-0.8,0.0,-1.6,0.0,0.0,0.8,0.0,0.8,0.8,1.6,-1.6,0.8,-0.8,0.0,0.0,-0.8,0.8,0.8,0.0,0.8,0.0,0.8,0.0,-0.8,-0.8,0.0,-0.8,1.6,0.0,0.8,-1.6,0.0,0.8,0.0,0.8,0.0,0.0,0.0,0.0,0.8,-0.8,0.8,0.8,-0.8,0.0,-0.8,0.8,0.8,-1.6,0.0,-1.6,-0.8,0.0,0.0,1.6,-0.8,0.8,0.0,-1.6,1.6,0.0,0.0,0.0,-0.8,-0.8,-1.6,0.8,0.8,0.0,-0.8,0.0,1.6,0.8,0.0,-1.6,0.0,0.0,-0.8,-0.8,0.8,0.0,0.8,0.0,0.0,0.0,-1.6,2.4000000000000004,0.0,-1.6,0.0,0.0,-0.8,0.0,0.0,0.0,0.0,0.0,0.0,0.0,0.8,-0.8,-0.8,0.0,0.0,0.8,0.0,-0.8,1.6,0.8,-0.8,0.8,-0.8,-0.8,-0.8,0.8,0.0,0.0,0.8,0.0,0.8,0.0,-0.8,0.8,-0.8,0.8,-0.8,0.8,-0.8,0.0,0.8,-0.8,0.0,0.0,0.8,0.8,-0.8,0.0,0.8,0.8,0.8,0.0,0.8,-0.8,-0.8,0.8,0.8,0.8,0.0,0.0,0.8,-0.8,1.6,0.8,0.0,1.6,0.0,0.8,-0.8,0.8,0.8,-0.8,0.8,-1.6,-0.8,-0.8,0.0,0.8,-1.6,0.8,0.8,0.0,1.6,-0.8,0.8,1.6,0.0,0.8,0.0,0.8,0.8,-0.8,0.8,0.8,0.8,0.0,0.0,0.8,-0.8,0.8,-0.8,0.0,0.0,-0.8,0.0,0.8,0.0,1.6,0.0,2.4000000000000004,0.0,0.0,1.6,0.0,2.4000000000000004,0.8,0.8,1.6,0.8,-0.8,0.0,1.6,0.0,-0.8,0.0,0.0,0.0,-0.8,1.6,0.0,0.0,-0.8,-0.8,0.0,0.0,-0.8,1.6,0.8,0.8,0.0,0.0,0.8,1.6,0.8,0.8,0.8,-0.8,1.6,1.6,-1.6,-0.8,0.8,0.8,0.0,0.0,1.6,0.8,-0.8,0.0,-0.8,-0.8,-0.8,0.8,0.0,-0.8,1.6,0.0,0.8,0.8,0.0,0.0,-1.6,0.8,0.0,0.8,0.8,-0.8,0.8,0.0,1.6,0.8,0.0,0.0,-1.6,0.8,1.6,-0.8,0.0,-0.8,0.0,-0.8,0.0,0.8,-0.8,0.8,-0.8,1.6,0.0,-0.8,0.8,0.8,0.8,0.0,0.0,2.4000000000000004,0.0,0.0,0.8,0.0,1.6,-0.8,0.8,0.8,0.8,0.8,0.0,0.8,0.0,-1.6,0.8,0.0,0.8,-0.8,0.0,1.6,-1.6,0.8,0.8,-0.8,0.0,-0.8,0.8,0.0,0.8,0.0,0.0,0.0,0.0,0.0,0.0,0.0,0.8,0.8,0.8,-0.8,0.0,2.4000000000000004,0.8,0.0,0.0,0.0,0.8,-1.6,0.8,0.8,0.8,1.6,0.8,0.8,0.8,-0.8,1.6,0.8,0.8,0.8,0.8,0.0,1.6,1.6,0.8,0.8,-0.8,0.0,0.0,0.8,-0.8,0.8,0.8,0.0,0.8,0.8,0.0,0.8,0.8,0.8,0.0,0.8,1.6,0.0,0.0,0.8,0.8,0.0,0.0,0.8,0.8,-0.8,0.0,-0.8,0.8,0.8,-0.8,0.8,0.0,0.0,0.0,0.0,0.8,0.8,0.0,-0.8,1.6,0.8,0.0,0.8,0.8,3.2,0.0,0.8,0.8,0.8,0.0,-1.6,-0.8,0.8,-0.8,0.8,0.0,0.0,0.0,-0.8,0.0,0.8,-0.8,1.6,0.0,1.6,0.0,0.0,1.6,0.0,0.8,0.0,0.0,0.0,0.0,0.8,0.0,0.0,1.6,0.0,0.0,-1.6,0.8,0.0,-0.8,0.0,-0.8,0.8,0.0,-0.8,0.0,0.0,0.8,0.0,0.0,1.6,0.8,0.8,0.8,0.0,0.0,0.0,1.6,0.0,-0.8,0.8,0.8,0.8,0.0,-0.8,0.0,0.0,0.0,0.0,-0.8,0.8,0.8,-0.8,0.8,0.0,0.0,0.8,0.0,0.8,0.0,0.0,0.0,-0.8,0.0,0.0,0.0,0.8,0.0,0.8,0.0,0.0,0.0,-0.8,0.8,-0.8,1.6,-0.8,0.0,0.8,0.0,1.6,0.0,0.8,0.0,-0.8,0.8,-1.6,0.0,0.0,0.8,1.6,-1.6,0.8,0.0,-0.8,2.4000000000000004,-0.8,1.6,0.0,1.6,-0.8,-1.6,0.8,0.0,0.8,0.0,-1.6,0.8,0.8,0.0,0.8,0.0,0.8,-0.8,0.0,0.0,0.0,1.6,-1.6,0.8,0.0,-1.6,0.8,0.0,-0.8,0.0,0.8,1.6,-1.6,2.4000000000000004,0.8,-1.6,2.4000000000000004,0.0,-0.8,0.0,1.6,0.8,0.0,0.0,0.8,1.6,1.6,-0.8,-0.8,1.6,0.8,-0.8,0.0,0.0,0.8,-0.8,0.8,1.6,0.8,0.0,0.0,0.8,-0.8,-0.8,0.0,-0.8,0.8,-0.8,0.8,1.6,0.0,0.0,0.0,0.8,0.0,-1.6,0.8,0.8,1.6,0.8,0.8,1.6,0.8,-0.8,0.8,-0.8,0.8,-0.8,-0.8,0.0,0.0,1.6,0.8,0.8,0.8,-1.6,0.8,-1.6,0.0,0.8,-0.8,0.0,0.0,0.0,0.0,-0.8,2.4000000000000004,0.8,0.0,0.0,-0.8,2.4000000000000004,0.0,0.8,1.6,-0.8,2.4000000000000004,-0.8,-0.8,0.8,1.6,-0.8,-1.6,0.8,0.0,-0.8,1.6,0.0,0.8,0.8,1.6,1.6,0.0,1.6,0.0,1.6,0.8,-1.6,1.6,0.8,0.8,0.8,0.0,1.6,0.0,0.0,0.0,0.0,0.0,-1.6,0.8,0.8,0.8,0.0,-0.8,1.6,0.8,0.0,0.8,0.0,0.8,-0.8,0.0,0.8,0.0,0.8,-0.8,0.0,0.0,0.8,0.8,0.8,0.0,0.0,-1.6,0.0,0.8,2.4000000000000004,0.0,1.6,0.8,0.8,0.8,0.8,0.0,0.8,0.0,0.8,-0.8,0.8,0.8,0.8,0.0,0.0,-0.8,0.8,0.8,0.8,-0.8,0.8,0.8,0.0,-0.8,0.0,0.8,0.0,0.0,0.0,-0.8,0.0,0.0,1.6,0.0,-0.8,-0.8,-0.8,0.0,-2.4000000000000004,1.6,0.8,-1.6,1.6,-1.6,-0.8,0.0,0.8,0.8,-0.8,1.6,0.0,-0.8,1.6,0.0,1.6,-0.8,-0.8,-0.8,-1.6,1.6,0.0,0.0,-0.8,0.0,0.0,-1.6,-0.8,-0.8,0.0,0.8,-1.6,0.8,-0.8,0.8,1.6,-0.8,1.6,0.0,-0.8,0.8,-0.8,0.0,-0.8,-0.8,0.0,-0.8,0.8,-0.8,0.8,0.8,0.0,0.8,0.0,0.0,0.0,0.0,0.0,0.0,0.0,0.0,1.6,1.6,-1.6,0.8,0.8,0.8,0.8,-0.8,-0.8,0.8,-0.8,2.4000000000000004,0.0,0.0,-0.8,0.0,0.0,0.8,-0.8,2.4000000000000004,0.0,1.6,0.0,-0.8,0.0,-0.8,0.8,0.0,0.0,0.8,0.0,0.8,-0.8,-0.8,0.8,0.0,0.8,0.0,0.0,1.6,0.0,-0.8,0.0,-0.8,0.8,-0.8,2.4000000000000004,-1.6,-0.8,1.6,-0.8,0.8,0.0,-0.8,0.8,-0.8,-1.6,0.0,1.6,0.0,-0.8,0.0,0.0,0.8,0.8,-0.8,1.6,0.0,-0.8,0.0,0.0,-0.8,0.0,0.8,0.8,-0.8,0.8,-0.8,-0.8,0.0,-0.8,0.0,0.8,0.0,0.0,0.8,0.0,-0.8,1.6,0.0,0.0,0.8,0.8,0.0,1.6,-0.8,1.6,0.0,0.8,0.0,1.6,0.8,-0.8,0.0,0.8,0.0,0.0,-1.6,0.0,-0.8,0.8,0.8,0.0,-0.8,0.0,0.0,0.8,-1.6,0.0,0.0,0.0,0.0,-1.6,0.0,0.8,0.0,-0.8,0.0,0.0,0.0,-0.8,0.0,1.6,0.0,0.0,0.0,0.8,0.0,0.0,0.8,0.8,-0.8,-1.6,0.8,1.6,-1.6,0.0,0.0,0.0,0.8,-0.8,0.8,-0.8,0.8,-0.8,-3.2,1.6,0.8,0.0,-0.8,-0.8,0.8,-0.8,0.0,0.8,-0.8,0.8,0.0,-0.8,0.0,0.0,1.6,-1.6,0.0,0.0,0.0,0.8,-0.8,1.6,0.0,0.0,-0.8,-0.8,1.6,-0.8,0.0,1.6,0.0,1.6,0.0,0.8,1.6,-0.8,0.8,0.8,1.6,0.0,-0.8,0.8,0.8,-0.8,1.6,-0.8,0.0,0.0,0.0,0.0,-0.8,0.0,0.0,0.8,0.0,0.0,0.8,-0.8,1.6,0.0,0.0,1.6,0.0,0.8,0.0,0.0,0.8,0.0,0.0,0.8,-0.8,0.8,-0.8,-0.8,0.0,0.8,0.0,-0.8,0.0,0.0,0.8,0.0,0.8,0.0,-1.6,0.0,0.8,0.0,-0.8,0.0,0.0,0.0,0.8,-0.8,0.8,0.8,-0.8,0.8,0.0,1.6,0.8,-0.8,1.6,0.0,0.8,1.6,0.0,0.0,0.8,0.8,-0.8,0.0,0.8,0.0,0.8,-0.8,0.0,0.0,0.8,0.8,0.0,0.0,0.8,0.0,0.8,0.0,0.0,0.0,0.8,0.8,-0.8,0.0,-0.8,1.6,0.8,0.0,0.8,1.6,0.8,0.8,0.8,0.8,-1.6,0.8,0.0,0.0,0.8,-2.4000000000000004,0.0,0.8,0.0,1.6,-0.8,1.6,0.8,0.0,0.8,-0.8,-0.8,1.6,0.0,1.6,-0.8,0.8,-0.8,0.0,0.8,0.0,0.8,-1.6,1.6,0.8,-0.8,1.6,-0.8,0.8,0.0,-1.6,0.8,-0.8,0.0,0.8,-1.6,0.0,-0.8,0.8,0.8,0.8,0.0,0.0,0.8,0.8,-0.8,0.0,0.0,0.8,-1.6,0.0,0.8,0.0,1.6,0.0,1.6,0.8,0.8,0.8,-0.8,0.0,1.6,0.8,0.0,1.6,0.8,0.0,0.8,0.8,0.8,-0.8,0.8,0.8,0.0,0.0,-0.8,0.0,0.8,-0.8,0.8,0.8,1.6,0.0,0.0,0.8,1.6,-0.8,0.0,0.8,1.6,0.0,0.0,0.0,0.0,0.0,0.0,-0.8,0.0,-0.8,0.0,-0.8,0.0,-0.8,0.8,0.8,0.0,-0.8,-0.8,0.0,0.8,-1.6,0.8,0.0,0.0,0.0,-0.8,0.8,0.0,0.8,0.8,0.0,1.6,0.8,0.8,0.0,-0.8,0.8,-0.8,0.0,-0.8,0.8,0.8,0.0,0.0,0.0,-0.8,0.0,0.0,0.0,0.8,-0.8,0.0,-0.8,0.0,0.0,-0.8,0.8,-1.6,-1.6,-0.8,0.8,0.0,-0.8,0.8,0.0,0.0,0.0,-0.8,-0.8,0.8,0.0,0.0,0.0,0.8,0.0,0.0,0.8,0.0,0.8,0.8,0.0,0.8,-1.6,0.0,0.8,0.0,1.6,0.8,-1.6,0.8,0.0,0.8,0.0,0.8,0.0,-1.6,0.0,0.0,0.8,0.0,-0.8,0.0,0.8,-0.8,0.0,-0.8,0.0,-0.8,0.0,0.0,0.0,0.8,0.8,0.0,0.0,-0.8,0.8,-1.6,0.0,-0.8,0.0,0.8,0.8,0.0,-0.8,-0.8,0.8,-0.8,0.8,-0.8,-0.8,1.6,0.0,0.8,-0.8,0.8,0.0,-1.6,0.8,0.0,1.6,0.8,-0.8,0.0,-1.6,0.0,0.8,0.8,0.8,0.0,0.8,0.0,0.0,0.0,-1.6,1.6,-1.6,-0.8,0.8,-0.8,-0.8,0.0,0.0,0.8,0.8,1.6,-1.6,0.0,0.8,0.0,0.0,0.0,0.8,0.8,-1.6,0.0,0.0,0.0,0.0,0.0,0.8,-0.8,0.0,0.0,0.8,-0.8,0.0,0.0,0.8,0.0,0.8,0.8,0.0,0.0,-0.8,0.0,0.8,1.6,0.0,-0.8,-0.8
event_50,1625266820.9613922,0.0,-0.8,1.6,0.8,0.0,-0.8,1.6,0.8,0.0,0.8,1.6,0.0,0.8,0.0,1.6,-0.8,-0.8,0.8,0.0,0.8,0.8,0.0,0.0,0.8,0.8,0.0,0.0,0.8,0.0,-0.8,0.0,0.8,0.0,0.8,0.0,0.0,0.0,0.8,0.0,-0.8,-0.8,0.0,0.0,-0.8,-0.8,1.6,-0.8,0.8,-1.6,0.0,-0.8,-0.8,0.0,0.0,0.0,1.6,-0.8,0.0,0.0,0.8,0.0,0.0,0.0,-0.8,1.6,0.0,-0.8,1.6,-0.8,1.6,0.0,-0.8,0.0,-0.8,0.8,0.0,0.0,0.8,-1.6,1.6,0.0,0.0,-0.8,-0.8,0.8,0.8,0.0,0.8,0.0,-0.8,-2.4000000000000004,0.0,1.6,0.8,0.0,0.0,0.8,0.0,1.6,0.0,-0.8,0.8,-5.6,-73.6,-141.6,-106.4,-46.400000000000006,-17.6,-10.400000000000002,-2.4000000000000004,-1.6,-10.400000000000002,-9.600000000000001,-4.0,-6.4,-0.8,0.8,-0.8,-2.4000000000000004,-1.6,-1.6,-2.4000000000000004,-0.8,0.8,-1.6,-1.6,1.6,0.0,-3.2,0.0,3.2,-0.8,-1.6,0.0,1.6,0.8,-1.6,0.8,0.8,-0.8,-0.8,-2.4000000000000004,1.6,0.0,0.0,0.0,0.8,-0.8,-2.4000000000000004,-0.8,0.0,0.0,2.4000000000000004,0.0,0.8,-1.6,0.0,1.6,-0.8,-0.8,-0.8,0.8,0.0,-0.8,1.6,-0.8,0.0,-0.8,0.0,0.8,-1.6,0.0,0.0,-1.6,1.6,-0.8,-0.8,0.0,-0.8,0.0,0.0,0.8,0.8,-0.8,0.8,-0.8,0.8,0.8,-1.6,0.0,0.0,2.4000000000000004,-0.8,-0.8,0.8,0.0,0.8,0.0,-1.6,0.0,0.0,0.0,-0.8,0.8,0.0,0.0,0.8,0.0,0.8,0.8,-1.6,0.0,0.0,0.0,-0.8,-0.8,0.0,-0.8,-0.8,0.8,0.8,-0.8,-0.8,0.0,-0.8,-0.8,-0.8,0.0,-0.8,0.0,0.0,0.0,0.0,0.8,-0.8,0.8,0.0,0.0,0.8,0.0,-0.8,0.0,0.0,0.8,0.0,0.0,-1.6,0.0,0.0,0.8,0.0,-0.8,0.0,0.8,0.8,0.0,0.0,1.6,0.8,0.8,-0.8,0.0,1.6,0.0,0.0,0.0,0.0,0.0,0.0,0.0,0.8,0.8,-0.8,-0.8,0.8,-2.4000000000000004,0.8,0.0,-1.6,0.0,-0.8,0.8,0.0,0.0,0.8,-1.6,1.6,-0.8,-0.8,0.0,0.0,0.8,0.0,0.0,1.6,0.0,0.8,0.0,-0.8,0.8,0.0,0.0,0.8,1.6,1.6,0.0,1.6,0.0,0.8,0.0,-0.8,1.6,-0.8,0.0,0.0,0.0,0.8,-1.6,0.0,0.8,0.0,0.8,-0.8,0.8,0.0,-0.8,0.8,0.0,2.4000000000000004,0.8,0.8,1.6,0.8,0.0,0.0,0.8,0.8,0.0,-1.6,0.0,0.0,-0.8,0.8,0.0,0.0,0.0,-0.8,0.8,0.8,0.0,0.8,0.8,0.8,-0.8,0.0,0.0,0.8,0.0,0.0,0.0,-0.8,1.6,0.8,0.0,0.8,0.0,0.0,-0.8,0.0,0.8,0.0,0.0,0.0,0.8,-0.8,0.0,0.0,0.8,-0.8,0.8,0.0,0.8,0.0,0.8,0.8,0.8,0.0,-1.6,0.0,1.6,0.0,1.6,0.8,1.6,0.0,0.8,-0.8,-1.6,0.8,0.8,-1.6,1.6,0.0,0.0,0.0,0.0,0.8,-0.8,0.0,0.0,0.0,0.0,0.0,0.0,1.6,-0.8,0.0,0.0,0.8,-0.8,-0.8,1.6,-0.8,1.6,-2.4000000000000004,0.0,0.8,0.8,0.8,0.8,0.0,0.8,0.8,1.6,-0.8,0.8,0.8,-2.4000000000000004,0.8,0.0,-0.8,1.6,-0.8,0.8,0.0,0.0,-0.8,0.8,-0.8,0.0,0.0,0.0,0.8,-0.8,0.0,0.8,0.8,0.0,0.0,0.8,0.8,0.0,0.0,0.0,0.0,0.0,0.0,-0.8,0.8,0.8,-0.8,0.8,0.0,-1.6,0.0,0.8,0.0,-0.8,0.0,0.0,0.8,1.6,0.0,0.8,-0.8,-1.6,-0.8,-0.8,0.8,-0.8,0.8,0.8,0.0,0.0,0.0,-2.4000000000000004,0.0,0.0,-0.8,-1.6,-0.8,0.0,0.0,1.6,-1.6,0.0,0.8,-0.8,0.8,-0.8,-0.8,0.0,0.0,0.0,0.0,0.8,1.6,0.0,0.0,0.8,0.8,0.0,0.0,0.0,-0.8,0.0,0.0,0.0,0.0,0.8,0.8,-0.8,1.6,0.8,0.0,0.8,0.0,-1.6,0.0,0.0,1.6,-1.6,0.8,-0.8,-0.8,-1.6,0.8,0.8,0.8,-0.8,1.6,0.8,0.0,0.0,0.0,0.0,0.0,0.0,0.8,3.2,0.8,0.0,0.0,0.8,0.0,0.0,-0.8,0.8,0.0,-0.8,-0.8,0.0,-0.8,0.8,0.8,0.0,-0.8,0.0,0.8,0.8,0.0,0.8,-1.6,0.0,-0.8,-2.4000000000000004,0.8,0.8,0.8,0.0,-0.8,0.8,0.8,2.4000000000000004,-0.8,-0.8,1.6,-0.8,0.0,0.0,0.0,0.8,-0.8,1.6,0.0,0.0,-0.8,-0.8,0.8,-1.6,-0.8,0.0,-0.8,0.8,0.0,0.8,0.8,0.0,0.8,0.0,0.0,0.0,-1.6,0.0,-0.8,0.8,0.0,0.8,2.4000000000000004,0.0,0.0,0.0,0.0,2.4000000000000004,0.0,2.4000000000000004,0.0,-0.8,0.8,0.0,0.8,0.0,-0.8,0.0,0.0,1.6,-1.6,0.8,0.0,0.0,0.8,-1.6,0.0,0.0,-0.8,0.0,-0.8,0.0,0.0,0.0,0.0,0.0,0.8,0.0,0.0,-0.8,0.0,0.8,-0.8,-0.8,0.8,-0.8,0.8,0.0,0.0,0.0,0.8,0.0,0.8,0.8,-0.8,0.0,0.8,-0.8,-1.6,0.0,1.6,0.0,0.0,0.0,0.8,0.0,0.0,0.0,0.0,0.8,0.8,0.0,0.8,0.8,0.8,0.0,-0.8,0.0,0.8,0.0,0.0,0.0,0.0,-0.8,-0.8,0.0,-0.8,0.8,0.0,1.6,1.6,0.0,2.4000000000000004,0.0,1.6,0.0,0.0,2.4000000000000004,1.6,0.8,0.0,1.6,3.2,-0.8,2.4000000000000004,0.0,0.0,1.6,-0.8,0.0,0.0,-0.8,2.4000000000000004,0.0,0.8,-0.8,0.0,0.0,0.8,0.8,0.0,0.0,0.8,0.0,0.0,-0.8,1.6,0.0,-0.8,0.8,-1.6,0.8,0.0,-0.8,0.0,-1.6,0.8,-0.8,0.0,1.6,0.8,0.8,0.8,0.0,0.0,0.0,0.0,0.0,-0.8,0.0,1.6,0.0,0.0,0.0,0.0,0.8,-0.8,0.0,0.0,1.6,-0.8,-0.8,0.0,0.0,0.0,0.8,0.0,-0.8,0.8,0.0,0.0,0.0,0.0,0.0,0.8,-0.8,0.0,0.0,0.0,0.8,1.6,0.8,-0.8,0.8,1.6,0.0,0.0,0.8,0.8,0.0,-0.8,0.0,0.0,0.8,0.0,0.8,1.6,2.4000000000000004,0.0,0.0,0.8,0.8,0.0,0.0,0.8,0.8,-0.8,-0.8,-0.8,0.0,0.0,2.4000000000000004,0.8,0.0,0.8,-0.8,0.8,1.6,-1.6,0.8,0.0,0.8,0.0,-0.8,1.6,-0.8,0.0,0.0,0.0,0.0,0.8,0.8,0.8,0.0,0.8,0.0,0.8,-0.8,0.0,1.6,0.0,1.6,0.0,-0.8,0.0,0.8,1.6,0.8,0.8,0.0,0.0,1.6,-0.8,0.8,0.8,-0.8,-0.8,-1.6,1.6,0.0,-0.8,0.8,0.8,0.0,0.8,0.8,-0.8,0.0,-0.8,0.0,0.8,0.8,0.8,0.0,0.8,0.0,0.8,0.8,0.0,0.8,-0.8,0.0,0.0,-0.8,1.6,0.0,0.8,0.8,0.8,0.8,0.0,0.8,0.8,-1.6,0.8,0.8,0.8,0.8,0.0,0.8,0.8,0.8,0.8,0.0,2.4000000000000004,-0.8,0.0,0.0,-0.8,0.8,0.8,0.8,0.8,0.0,0.8,-1.6,1.6,-0.8,0.0,0.0,0.0,0.0,-0.8,0.0,1.6,-0.8,2.4000000000000004,0.8,0.0,1.6,0.0,0.0,0.0,0.8,-0.8,-0.8,0.0,0.0,1.6,0.0,0.0,0.8,-0.8,0.0,0.0,0.0,0.0,-0.8,0.8,0.0,0.8,0.0,0.0,1.6,-0.8,0.0,0.0,1.6,1.6,-0.8,0.8,0.8,0.0,1.6,0.0,0.8,0.8,-0.8,-0.8,0.0,0.0,0.8,0.0,0.8,0.0,0.8,0.8,0.0,0.0,-1.6,0.8,0.0,0.0,0.0,0.8,0.0,0.8,0.0,0.0,1.6,0.8,0.0,-0.8,0.0,1.6,0.8,0.0,0.0,0.0,1.6,-0.8,0.8,0.0,0.8,0.0,-1.6,0.0,0.8,0.0,1.6,0.8,1.6,-1.6,0.8,-0.8,-0.8,0.8,0.0,0.0,0.8,-0.8,0.8,-1.6,0.8,0.0,0.0,0.8,-0.8,1.6,1.6,-0.8,0.8,-0.8,1.6,0.0,0.0,2.4000000000000004,0.0,0.0,0.8,0.8,0.8,-1.6,1.6,0.8,0.0,0.8,0.0,0.8,-0.8,0.0,0.8,0.0,1.6,-1.6,0.0,1.6,0.8,1.6,0.0,0.8,0.8,0.8,0.0,-0.8,0.8,0.8,0.0,1.6,0.0,0.8,0.0,0.0,0.8,-0.8,0.8,0.8,0.8,0.0,-0.8,0.8,0.0,0.0,0.0,0.0,1.6,0.8,1.6,0.8,0.8,0.8,-0.8,1.6,0.8,1.6,0.8,0.0,0.8,0.0,0.8,1.6,-0.8,1.6,-0.8,0.0,1.6,0.0,0.0,1.6,0.8,-0.8,-0.8,0.0,-1.6,0.8,0.0,0.8,0.0,0.0,-0.8,-0.8,0.8,0.0,0.8,1.6,0.0,0.8,0.8,0.8,0.8,-0.8,0.0,0.0,0.0,0.0,0.8,1.6,-2.4000000000000004,0.8,-0.8,-1.6,2.4000000000000004,0.0,-2.4000000000000004,0.8,2.4000000000000004,-0.8,-2.4000000000000004,2.4000000000000004,0.8,-1.6,0.8,0.8,0.0,-2.4000000000000004,1.6,0.8,-0.8,0.8,0.0,1.6,1.6,0.0,0.8,0.0,0.8,-2.4000000000000004,-0.8,1.6,0.8,0.0,-0.8,0.8,0.8,-0.8,0.0,0.8,-0.8,0.8,0.0,0.0,0.0,0.0,0.0,0.8,0.8,0.8,0.8,0.8,-0.8,0.8,0.8,0.0,2.4000000000000004,-0.8,0.0,0.8,0.8,0.0,0.8,0.8,0.8,0.0,-0.8,0.0,0.8,-0.8,1.6,0.0,0.8,0.0,0.8,0.0,0.8,-0.8,0.8,0.0,0.0,-0.8,-0.8,0.0,0.8,-0.8,1.6,0.0,0.0,0.8,0.8,0.0,-0.8,-0.8,1.6,0.0,0.0,0.8,0.0,-0.8,0.8,0.0,-1.6,0.8,0.8,-0.8,1.6,-1.6,0.0,0.8,0.0,0.8,0.0,1.6,-0.8,-0.8,0.0,0.0,0.8,0.0,-0.8,0.8,-0.8,1.6,0.0,-0.8,0.8,-1.6,0.0,0.0,0.0,0.8,0.0,0.8,0.0,0.0,0.0,0.0,1.6,-0.8,-0.8,0.0,-1.6,0.8,0.0,0.0,0.8,-0.8,0.8,0.8,0.8,0.0,-0.8,1.6,0.0,2.4000000000000004,0.0,0.8,0.8,0.0,-0.8,0.8,1.6,0.8,0.8,0.0,0.0,0.0,0.0,0.8,0.8,0.0,-0.8,-0.8,0.0,1.6,0.8,0.8,0.0,0.0,0.8,-0.8,0.0,0.8,0.8,1.6,1.6,-0.8,0.8,0.8,0.0,0.8,-0.8,0.0,-0.8,-0.8,0.8,0.8,0.0,0.0,0.0,0.0,0.0,0.0,-0.8,-1.6,0.0,0.0,0.0,0.8,0.8,0.8,0.0,-0.8,-0.8,0.0,1.6,-0.8,0.0,-0.8,0.8,-0.8,0.8,0.8,-2.4000000000000004,0.8,-0.8,-0.8,0.8,-1.6,0.8,1.6,0.0,1.6,-0.8,0.8,0.0,0.0,0.0,0.0,-0.8,-0.8,0.0,0.0,-0.8,1.6,-0.8,-0.8,0.0,0.8,0.8,-0.8,0.8,0.8,0.0,0.8,0.0,0.0,0.8,-0.8,0.8,0.0,0.8,0.0,0.0,0.0,0.0,0.8,0.8,0.0,0.0,-1.6,0.8,0.8,0.0,0.0,-0.8,0.0,0.0,-0.8,0.0,1.6,0.0,0.0,0.0,0.0,0.0,0.8,1.6,0.0,0.0,0.0,-0.8,-0.8,-0.8,0.8,0.8,0.0,0.8,-0.8,-1.6,0.8,-0.8,0.0,-0.8,0.0,0.8,-0.8,0.0,0.0,0.0,0.8,-1.6,-0.8,0.0,1.6,0.8,-0.8,0.8,0.0,0.0,0.8,-0.8,0.8,-0.8,1.6,-0.8,0.0,0.8,0.0,0.8,-0.8,0.8,2.4000000000000004,-0.8,-0.8,2.4000000000000004,-2.4000000000000004,-1.6,0.0,0.8,-0.8,0.0,1.6,0.0,1.6,-0.8,0.8,0.8,-0.8,0.0,0.0,0.0,1.6,-0.8,1.6,0.8,0.0,0.8,0.8,0.8,0.0,0.0,-0.8,-1.6,0.8,0.0,1.6,0.0,0.0,0.0,-0.8,0.8,0.0,-0.8,0.0,-1.6,2.4000000000000004,-0.8,0.0,1.6,-0.8,0.8,0.8,-0.8,0.8,0.8,1.6,0.0,0.0,0.8,-0.8,0.8,-0.8,1.6,0.8,-0.8,1.6,0.0,0.0,0.0,0.8,0.8,0.0,0.8,0.0,0.0,0.0,0.0,0.8,1.6,0.8,-0.8,-0.8,0.8,0.0,0.0,0.8,1.6,0.0,1.6,0.8,-1.6,0.8,1.6,0.0,0.0,0.0,0.0,0.8,0.0,0.8,0.8,0.8,-0.8,1.6,0.8,-0.8,0.0,-0.8,0.8,0.0,0.0,1.6,-0.8,1.6,0.8,0.0,0.8,-1.6,0.8,0.0,1.6,0.8,-0.8,0.8,0.8,0.0,0.0,-0.8,0.8,0.0,0.0,0.0,-0.8,0.0,0.0,0.8,-0.8,-1.6,0.0,0.0,0.0,-1.6,0.8,0.8,0.8,0.0,0.0,0.8,0.8,-0.8,0.0,0.8,-0.8,1.6,0.0,0.8,-0.8,0.0,0.0,-0.8,0.0,0.8,0.0,-0.8,0.0,-0.8,-1.6,0.8,0.8,0.0,0.8,0.0,0.8,0.0,0.8,0.0,0.0,0.8,-0.8,-0.8,0.0,0.8,0.0,0.8,-0.8,0.8,0.0,0.0,0.0,-1.6,0.8,0.0,-0.8,0.8,0.0,0.0,0.8,0.0,0.0,0.0,0.0,0.0,0.0,-0.8,-0.8,-0.8,0.0,-0.8,0.0,0.0,0.8,0.8,1.6,0.0,0.8,0.8,-0.8,0.8,0.8,1.6,0.8,0.0,0.8,1.6,-1.6,0.8,0.0,-0.8,0.0,-1.6,0.8,-0.8,0.0,1.6,0.8,0.8,0.0,0.0,-0.8,0.8,0.8,0.0,0.8,1.6,-0.8,0.0,-0.8,0.8,0.0,0.0,0.8,0.0,1.6,0.8,0.0,0.8,0.0,1.6,0.0,0.0,1.6,0.8,0.8,0.8,-0.8,-0.8,-0.8,1.6,0.0,0.0,1.6,0.0,0.0,0.8,0.8,0.0,-0.8,0.8,-1.6,-0.8,2.4000000000000004,0.0,0.0,-0.8,1.6,0.8,0.0,2.4000000000000004,0.8,0.8,0.8,0.0,0.0,0.8,0.8,0.0,0.0,0.0,0.8,0.0,0.0,0.0,-0.8,-0.8,-0.8,-0.8,0.0,0.0,0.8,0.8,1.6,0.0,0.0,0.0,-1.6,-0.8,0.0,0.8,1.6,0.8,0.8,0.8,1.6,-0.8,0.8,0.8,0.0,0.0,0.0,-0.8,0.0,-0.8,0.0,0.8,0.8,0.8,0.0,0.0,0.0,-1.6,1.6,0.0,2.4000000000000004,-1.6,-0.8,1.6,0.0,0.8,0.0,-0.8,0.8,0.8,0.8,0.0,0.8,0.8,0.0,0.0,-1.6,0.0,0.8,-0.8,2.4000000000000004,0.8,0.0,0.8,0.0,0.8,-0.8,0.0,0.8,0.0,0.8,0.0,0.0,1.6,0.8,0.0,0.8,2.4000000000000004,0.8,-0.8,0.8,0.0,0.0,0.8,-0.8,0.8,0.8,0.0,-0.8,0.0,0.8,0.8,0.8,0.8,0.8,0.0,0.8,0.8,0.8,0.0,0.0,-2.4000000000000004,2.4000000000000004,1.6,-3.2,1.6,3.2,-1.6,-0.8,2.4000000000000004,0.8,-0.8,0.8,0.8,1.6,0.8,0.0,0.8,2.4000000000000004,0.0,0.0,2.4000000000000004,0.0,0.0,0.0,-0.8,1.6,0.0,0.0,0.8,0.8,0.8,-0.8,1.6,0.0,0.0,-0.8,0.0,0.8,0.0,1.6,0.8,0.8,1.6,0.0,1.6,0.0,-0.8,2.4000000000000004,0.8,0.8,0.0,1.6,0.8,-0.8,0.8,0.8,0.0,0.8,-0.8,0.0,-0.8,-0.8,0.8,-0.8,0.0,0.0,0.8,0.0,-0.8,2.4000000000000004,-0.8,1.6,0.0,-1.6,0.0,-0.8,0.8,-0.8,0.8,1.6,0.0,0.8,-0.8,0.0,2.4000000000000004,0.0,0.8,0.0,0.8,1.6,0.0,0.0,1.6,1.6,0.8,0.0,1.6,0.0,0.0,0.8,0.0,1.6,0.8,0.0,1.6,0.0,0.8,0.8,1.6,0.8,0.0,2.4000000000000004,0.0,1.6,0.0,0.8,0.8,2.4000000000000004,0.0,0.8,1.6,-0.8,0.0,1.6,-0.8,1.6,0.0,0.8,0.8,0.8,0.0,0.8,0.0,0.0,0.8,0.8,0.8,0.8,0.8,0.0,0.8,0.8,0.0,0.8,1.6,0.0,1.6,0.8,-0.8,1.6,0.0,0.0,0.8,0.0,0.8,0.8,-0.8,0.8,0.0,0.0,0.0,0.0,0.8,0.0,0.8,0.0,0.8,0.8,0.0,0.8,-0.8,0.0,-0.8,0.8,2.4000000000000004,0.0,0.8,0.8,0.8,0.8,0.0,1.6,0.0,0.8,0.0,0.8,0.8,0.8,0.8,0.8,0.8,0.8,0.0,0.8,0.8,-0.8,0.0,-0.8,0.8,0.8,0.0,2.4000000000000004,-0.8,1.6,0.8,0.8,0.8,-0.8,1.6,-0.8,0.0,1.6,0.8,0.8,0.8,0.8,0.8,0.8,0.8,0.0,0.8,0.0,0.0,0.0,0.0,0.0,0.8,0.0,0.8,0.0,1.6,1.6,0.8,-0.8,0.8,0.8,0.0,0.8,0.0,-0.8,0.8,0.0,0.0,0.8,0.0,2.4000000000000004,1.6,0.0,0.8,0.0,0.0,0.8,0.0,1.6,1.6,-0.8,0.0,0.0,0.0,0.8,0.0,0.8,0.0,0.0,0.8,-1.6,0.8,0.0,-0.8,0.8,-0.8,-0.8,0.0,0.8,1.6,0.0,0.8,1.6,0.8,1.6,-0.8,0.8,0.0,0.0,-0.8,-0.8,1.6,0.0,0.0,0.0,0.8,1.6,-0.8,0.0,1.6,0.8,0.0,-0.8,0.8,-0.8,0.0,0.8,0.8,0.8,0.8,0.0,0.8,0.0,0.8,0.8,1.6,0.8,0.0,1.6,1.6,1.6,0.0,0.8,0.8,0.0,-0.8,0.0,0.0,0.0,0.8,0.8,0.8,0.0,0.0,1.6,-0.8,0.8,0.8,0.8,0.8,0.8,0.0,0.0,-1.6,0.8,0.0,0.0,0.8,0.0,1.6,0.8,0.8,0.8,0.8,0.8,-0.8,0.0,0.8,0.8,0.0,0.0,0.8,0.0,1.6,0.0,0.0,1.6,0.0,1.6,0.8,0.8,0.0,-0.8,2.4000000000000004,-0.8,0.0,0.8,0.0,0.8,0.0,0.0,1.6,0.0,0.8,0.0,0.0,0.8,-0.8,0.0,-0.8,1.6,0.0,0.0,1.6,0.8,0.0,0.0,0.0,1.6,-0.8,0.0,0.0,0.0,0.8,0.0,0.8,0.8,-0.8,1.6,0.0,1.6,0.0,-0.8,3.2,0.0,3.2,0.0,-0.8,1.6,0.0,1.6,1.6,-0.8,0.8,0.0,0.0,-1.6,1.6,0.0,-0.8,1.6,0.0,-0.8,0.8,-0.8,0.8,-0.8,0.0,0.8,0.8,0.8,-0.8,0.8,1.6,0.8,0.0,0.8,0.8,2.4000000000000004,0.0,0.8,0.8,0.8,0.0,0.8,0.8,0.0,0.0,-0.8,0.0,0.8,0.0,0.0,0.0,-0.8,0.8,0.8,0.0,0.0,0.8,0.0,0.0,0.8,-0.8,0.0,-1.6,0.8,0.0,0.0,0.8,0.0,1.6,0.0,-0.8,0.8,0.0,0.8,-1.6,0.0,0.8,0.0,0.8,0.0,0.8,0.0,-1.6,0.0,-0.8,0.8,-0.8,-0.8,1.6,0.0,0.0,0.0,0.8,1.6,0.0,2.4000000000000004,0.0,0.8,0.0,0.0,1.6,0.8,0.0,0.8,0.0,1.6,-1.6,1.6,0.0,1.6,0.8,-0.8,1.6,-0.8,0.0,1.6,0.0,1.6,0.8,0.0,0.0,0.0,0.8,-0.8,-0.8,1.6,-0.8,0.8,0.0,0.0,0.8,0.0,0.8,0.0,1.6,0.8,-0.8,2.4000000000000004,0.0,0.0,0.8,0.8,0.8,0.0,0.8,0.0,0.0,-0.8,-0.8,0.0,0.0,0.0,0.8,0.0,0.8,0.0,0.8,0.0,0.8,-0.8,-0.8,-0.8,0.8,0.0,-0.8,-0.8,-0.8,0.8,0.8,-0.8,-1.6,0.0,0.0,-0.8,0.0,0.8,0.0,0.8,0.0,1.6,0.0,-0.8,0.8,0.0,0.0,0.0,0.8,0.0,1.6,0.0,0.0,0.0,0.0,0.0
event_51,1625266823.1155152,1.6,0.0,0.0,0.0,1.6,0.0,0.0,0.8,0.8,0.0,0.0,-0.8,0.0,0.8,0.0,0.8,0.0,0.8,0.0,0.0,0.0,0.8,0.0,0.0,0.0,1.6,-0.8,0.8,1.6,0.0,0.0,0.8,0.8,0.0,-0.8,-0.8,-0.8,0.8,0.0,1.6,0.0,-0.8,-0.8,-0.8,-0.8,0.8,0.0,1.6,-0.8,0.8,-0.8,0.0,1.6,0.0,0.8,0.8,-0.8,0.0,0.0,0.8,0.0,-0.8,2.4000000000000004,0.0,0.8,0.8,0.8,0.8,-1.6,2.4000000000000004,-0.8,-2.4000000000000004,0.8,0.0,0.0,0.0,1.6,0.8,0.0,1.6,0.0,0.0,0.0,0.0,0.0,-0.8,2.4000000000000004,0.0,0.0,0.0,0.0,1.6,1.6,0.0,0.0,0.0,0.8,-1.6,-0.8,0.0,0.8,0.0,-2.4000000000000004,-21.6,-38.400000000000006,-30.4,-14.400000000000002,-7.200000000000001,-4.0,-2.4000000000000004,-2.4000000000000004,-2.4000000000000004,-2.4000000000000004,-2.4000000000000004,0.0,0.8,-0.8,0.0,0.8,-0.8,-1.6,-0.8,1.6,0.8,0.8,0.8,1.6,1.6,0.0,-0.8,1.6,-0.8,0.8,-0.8,0.0,0.8,-0.8,0.0,1.6,0.8,0.8,-0.8,1.6,0.0,0.8,0.0,0.0,0.0,0.8,0.0,-0.8,0.0,0.0,0.8,0.0,0.0,-0.8,0.8,0.8,0.8,-0.8,0.8,0.8,-0.8,0.8,0.0,1.6,0.0,0.0,0.8,-0.8,-0.8,0.8,-1.6,0.8,0.8,0.8,0.8,0.8,0.8,-0.8,0.8,0.0,-0.8,0.0,0.8,0.0,-0.8,-0.8,0.8,0.8,0.8,-0.8,0.0,1.6,0.0,0.0,0.8,0.0,0.0,0.0,0.0,1.6,0.8,0.0,-0.8,0.0,-0.8,0.0,-1.6,0.0,0.0,0.0,-0.8,0.0,0.0,0.8,0.0,0.0,0.8,0.0,0.0,0.0,0.8,0.8,0.8,0.8,1.6,-0.8,0.8,0.8,1.6,0.0,-0.8,0.0,-0.8,0.0,0.8,0.0,0.8,-0.8,0.0,0.8,0.0,0.0,0.8,0.8,1.6,0.0,0.0,0.0,0.8,0.0,-0.8,1.6,0.0,2.4000000000000004,0.8,-0.8,0.8,-1.6,0.0,0.0,-0.8,1.6,0.8,-0.8,0.0,0.0,0.0,0.0,0.8,-0.8,-0.8,0.8,-0.8,0.0,0.0,0.0,0.0,0.0,1.6,-0.8,0.8,2.4000000000000004,-0.8,0.8,-0.8,1.6,0.8,-0.8,0.0,-1.6,0.8,-0.8,-0.8,0.0,-0.8,0.8,0.0,0.0,0.8,-0.8,0.0,0.0,0.8,0.0,-0.8,0.8,0.8,0.8,0.8,0.0,1.6,0.0,1.6,0.0,0.0,1.6,-0.8,0.8,0.0,2.4000000000000004,-0.8,0.0,1.6,0.8,0.0,0.0,0.0,-0.8,-1.6,0.8,0.0,0.8,0.0,0.8,0.8,0.0,-0.8,0.0,-0.8,0.8,-0.8,1.6,-0.8,1.6,1.6,-0.8,1.6,0.0,0.8,0.8,-0.8,0.8,0.8,0.8,0.0,0.8,2.4000000000000004,0.0,0.0,0.0,0.8,1.6,-0.8,2.4000000000000004,0.0,-1.6,0.8,0.0,1.6,0.0,0.0,2.4000000000000004,0.0,1.6,0.0,0.0,0.8,-0.8,0.0,0.8,2.4000000000000004,0.8,0.0,0.8,0.0,0.8,2.4000000000000004,-0.8,0.0,0.0,0.0,0.0,0.0,0.0,-0.8,1.6,-0.8,0.0,1.6,0.0,0.0,0.8,-1.6,0.0,0.0,0.8,0.8,0.0,0.8,0.8,0.0,0.0,0.8,1.6,0.0,0.0,0.0,0.8,1.6,0.0,0.0,0.0,0.8,-0.8,0.0,0.8,0.8,-0.8,0.0,-0.8,1.6,-0.8,0.8,1.6,0.0,0.0,0.0,-0.8,0.8,-1.6,0.8,0.0,0.8,0.0,0.8,0.8,0.8,0.8,0.0,0.8,-0.8,0.8,0.0,0.0,0.0,0.0,1.6,-0.8,0.0,0.8,-0.8,0.0,-0.8,0.8,0.0,0.0,0.0,-0.8,0.8,0.0,0.0,0.8,0.8,1.6,0.0,0.0,0.0,-2.4000000000000004,0.8,0.8,0.0,0.8,0.0,1.6,-2.4000000000000004,0.0,0.0,0.0,1.6,-1.6,0.8,0.8,0.8,1.6,-0.8,1.6,0.8,-0.8,1.6,-0.8,1.6,0.0,-0.8,0.0,-0.8,-0.8,0.8,-0.8,1.6,-0.8,0.8,0.8,0.0,2.4000000000000004,-0.8,1.6,0.0,1.6,0.0,0.8,1.6,0.8,0.0,1.6,1.6,0.8,0.0,-0.8,0.0,0.0,0.8,0.8,1.6,0.0,0.0,0.8,0.8,1.6,-0.8,1.6,0.0,1.6,0.0,0.0,0.0,0.8,0.0,1.6,0.8,0.0,1.6,0.8,0.8,0.0,0.8,0.8,0.0,0.0,1.6,0.8,0.0,0.0,1.6,0.0,0.8,1.6,0.0,0.0,0.8,0.8,0.0,1.6,0.8,0.0,1.6,0.0,-0.8,0.0,1.6,0.8,0.0,0.0,0.8,0.8,0.8,0.8,-0.8,0.0,0.0,-0.8,0.8,0.8,0.8,0.8,1.6,1.6,-0.8,0.8,0.8,0.0,0.8,-0.8,-0.8,0.8,0.0,0.0,0.0,1.6,1.6,0.8,-0.8,-0.8,0.8,-0.8,0.0,0.0,0.8,0.0,0.8,1.6,1.6,0.0,0.8,0.8,0.8,0.0,-1.6,0.8,0.8,0.0,1.6,0.8,0.8,-0.8,0.0,0.0,0.0,0.0,1.6,0.0,0.8,0.0,-0.8,0.8,0.0,0.8,-0.8,0.0,-0.8,0.8,0.8,0.8,0.8,1.6,0.8,0.0,0.0,0.8,0.8,0.0,0.8,0.0,0.0,0.0,0.8,0.0,0.8,0.8,0.8,0.0,1.6,0.8,0.0,0.8,1.6,-0.8,-1.6,1.6,1.6,-1.6,1.6,1.6,0.0,2.4000000000000004,-0.8,0.8,0.8,0.0,0.0,0.0,2.4000000000000004,0.0,-0.8,0.8,1.6,1.6,0.0,-0.8,1.6,-0.8,0.0,-0.8,1.6,0.0,0.0,1.6,0.0,0.8,0.0,0.8,1.6,0.8,-0.8,-0.8,0.0,1.6,-1.6,1.6,0.0,0.8,0.8,0.0,0.0,0.0,0.0,0.8,-2.4000000000000004,1.6,-0.8,0.0,0.8,-0.8,1.6,0.8,-0.8,0.8,-0.8,0.8,0.8,0.8,0.8,0.0,0.8,0.8,0.0,0.0,0.0,0.0,0.8,1.6,0.0,0.0,0.0,-0.8,0.8,-0.8,1.6,0.8,-0.8,0.8,0.0,0.0,-0.8,0.0,-0.8,-0.8,0.0,0.0,0.8,0.8,0.8,0.0,-0.8,0.8,-1.6,0.0,1.6,0.8,0.8,-0.8,0.8,0.8,0.8,0.0,-0.8,1.6,-0.8,0.0,0.0,-0.8,0.8,0.0,0.0,0.8,0.0,1.6,0.8,-0.8,0.8,-0.8,0.8,-0.8,1.6,-0.8,-0.8,2.4000000000000004,0.8,0.0,0.8,0.8,0.8,-0.8,0.8,0.0,0.8,0.8,0.0,2.4000000000000004,0.8,0.0,0.0,0.0,0.8,-1.6,-0.8,0.8,-0.8,1.6,0.8,0.0,0.8,-0.8,0.8,-2.4000000000000004,3.2,0.8,-0.8,0.0,4.0,-0.8,-2.4000000000000004,0.8,2.4000000000000004,-1.6,0.0,3.2,0.0,1.6,0.0,2.4000000000000004,0.8,-0.8,1.6,0.8,0.8,0.0,0.0,0.8,-0.8,0.0,-1.6,0.8,0.8,0.0,0.0,0.8,1.6,-0.8,0.8,0.8,-0.8,0.8,0.8,-1.6,0.8,1.6,0.8,0.8,0.8,0.8,0.0,0.0,0.0,-1.6,0.0,0.8,0.0,0.0,0.0,0.0,0.8,0.8,1.6,0.8,0.8,0.0,0.0,-0.8,-0.8,0.8,0.0,0.0,0.0,-0.8,0.8,1.6,0.0,0.0,0.0,0.0,0.0,0.0,0.0,1.6,0.8,0.8,0.0,1.6,-0.8,0.8,0.0,0.8,0.8,-1.6,0.8,0.0,-1.6,2.4000000000000004,0.8,0.0,0.8,-0.8,-0.8,0.0,-0.8,-0.8,-0.8,0.0,0.0,0.0,0.0,-0.8,0.8,0.0,0.0,-0.8,0.0,0.8,0.0,1.6,1.6,0.8,0.8,-0.8,0.8,0.8,-0.8,0.8,-0.8,0.0,0.0,0.0,0.0,-0.8,0.0,0.0,-0.8,1.6,0.0,-0.8,1.6,-0.8,-1.6,0.8,1.6,-0.8,-0.8,0.8,0.0,0.0,1.6,0.8,0.0,0.0,0.0,-0.8,0.0,1.6,0.0,0.0,0.0,0.0,0.8,-0.8,0.0,0.8,-1.6,0.0,-1.6,0.0,0.0,-0.8,0.0,0.0,0.0,0.0,0.8,0.8,0.8,-0.8,0.8,0.0,1.6,0.0,0.0,0.8,0.8,0.8,1.6,-0.8,0.8,-0.8,0.0,-0.8,0.0,-0.8,1.6,1.6,0.8,0.0,1.6,0.0,0.0,0.8,1.6,0.8,0.8,0.0,0.0,0.0,0.8,0.0,0.0,0.0,0.8,0.8,0.0,0.0,-0.8,0.8,0.8,0.0,0.0,-0.8,0.8,0.0,0.8,0.0,-0.8,0.8,-0.8,0.0,-1.6,0.0,0.0,0.8,0.8,0.8,0.8,1.6,-0.8,0.8,0.0,1.6,0.0,0.0,0.0,0.8,0.0,0.8,-0.8,0.0,0.0,-0.8,0.0,0.8,1.6,0.8,0.8,0.0,-0.8,0.0,0.0,1.6,0.8,0.0,0.8,0.0,0.8,0.0,0.0,0.8,0.8,0.0,0.0,0.0,0.0,1.6,0.0,0.0,0.0,0.8,0.0,-0.8,1.6,0.8,-0.8,1.6,0.0,0.0,-0.8,-0.8,0.0,-0.8,1.6,1.6,0.0,1.6,0.0,1.6,-0.8,0.8,-0.8,-0.8,0.8,1.6,0.0,0.0,-0.8,1.6,0.0,0.0,0.8,0.0,2.4000000000000004,0.8,0.0,0.8,-0.8,0.0,-0.8,0.0,0.0,0.8,0.8,0.8,0.8,-0.8,-1.6,1.6,0.0,0.0,0.0,0.8,0.0,-0.8,2.4000000000000004,0.0,-0.8,1.6,-0.8,-0.8,0.0,-0.8,0.8,0.0,0.0,0.0,0.8,0.8,-1.6,0.8,-1.6,-0.8,0.0,0.8,1.6,0.0,0.0,0.8,0.8,0.8,0.0,0.0,0.8,0.0,0.8,0.0,0.8,-0.8,0.0,2.4000000000000004,0.8,0.8,0.0,1.6,0.8,-0.8,-0.8,0.0,1.6,0.0,0.0,1.6,0.0,0.8,0.8,0.0,0.8,0.0,0.0,0.8,-0.8,0.0,1.6,0.8,0.0,-0.8,0.8,0.8,0.8,-0.8,0.8,0.0,0.0,-0.8,0.0,0.8,0.8,0.8,0.0,0.0,0.8,0.0,0.8,-0.8,0.0,0.0,-0.8,0.8,-0.8,1.6,0.8,-0.8,0.8,-0.8,-1.6,0.0,-0.8,0.8,0.8,0.0,0.8,0.0,1.6,-0.8,1.6,0.8,-1.6,-0.8,-0.8,2.4000000000000004,0.0,0.0,2.4000000000000004,0.0,0.8,0.0,-0.8,0.0,-1.6,0.8,-2.4000000000000004,0.0,0.0,-0.8,1.6,0.0,0.8,1.6,-0.8,0.8,0.0,0.0,0.8,0.0,0.8,-0.8,1.6,-0.8,0.0,0.8,0.8,1.6,0.0,0.0,-1.6,0.8,0.8,0.8,1.6,0.8,0.0,2.4000000000000004,0.0,0.8,-0.8,0.0,-0.8,1.6,0.0,0.8,0.0,0.0,0.0,0.0,-0.8,0.8,-0.8,0.0,0.0,0.8,0.0,0.8,0.8,0.8,0.8,0.0,0.0,1.6,0.0,0.0,0.8,0.0,0.8,0.0,0.0,0.8,0.0,0.8,0.8,1.6,-0.8,0.0,0.8,-0.8,0.0,0.8,0.0,0.8,-0.8,0.8,-0.8,0.8,0.0,-0.8,0.8,-0.8,-0.8,0.0,0.8,0.8,0.0,0.8,1.6,0.8,2.4000000000000004,-0.8,0.0,0.8,0.8,0.0,0.0,0.8,0.0,0.0,0.8,0.8,1.6,0.0,0.0,2.4000000000000004,-0.8,0.8,0.0,0.8,0.8,0.0,0.8,0.0,-0.8,0.8,0.0,1.6,0.8,-0.8,0.8,0.0,0.8,0.0,0.0,0.8,0.8,0.0,1.6,0.0,1.6,-0.8,-0.8,0.8,0.8,1.6,1.6,0.8,0.8,0.0,0.0,-0.8,0.8,-0.8,0.0,0.0,-0.8,0.8,0.0,0.0,0.8,0.0,0.8,0.0,0.0,1.6,0.8,0.0,0.0,0.0,0.0,-0.8,0.0,-0.8,0.8,0.0,-1.6,-0.8,0.0,0.0,0.8,0.0,-0.8,0.8,0.0,0.8,0.8,0.0,0.0,0.8,0.0,0.0,0.0,0.8,0.8,0.0,-0.8,0.8,0.0,0.8,0.0,0.0,0.8,0.0,-0.8,0.8,0.8,0.8,-0.8,0.8,0.8,0.0,0.8,0.0,0.8,-0.8,-0.8,1.6,0.0,0.0,-0.8,0.0,1.6,0.0,0.8,0.8,-0.8,0.0,-0.8,0.8,-0.8,1.6,0.8,0.0,1.6,0.8,0.8,1.6,0.0,0.8,0.0,-0.8,0.8,-0.8,-0.8,0.8,0.8,-0.8,-0.8,1.6,0.0,0.0,-1.6,2.4000000000000004,0.0,0.8,0.0,-0.8,0.0,0.8,-0.8,0.8,0.0,0.0,0.0,0.8,-0.8,0.0,0.8,0.8,0.0,0.0,0.8,0.8,-0.8,0.8,0.0,-0.8,0.0,0.0,0.8,-0.8,0.0,0.8,0.0,1.6,0.8,0.8,0.8,-2.4000000000000004,0.0,0.8,0.0,-1.6,2.4000000000000004,0.8,-2.4000000000000004,1.6,1.6,-0.8,0.8,0.0,0.8,0.0,0.0,0.8,0.8,1.6,0.0,0.8,0.8,0.0,0.8,-0.8,0.8,0.0,-1.6,0.8,0.8,0.8,0.0,0.8,1.6,0.0,1.6,0.0,0.0,0.0,-0.8,1.6,0.8,0.0,0.8,0.0,1.6,0.0,0.8,1.6,-0.8,0.0,-0.8,0.0,0.0,0.0,0.8,0.8,0.8,0.0,-0.8,0.8,0.0,0.0,1.6,-0.8,1.6,0.0,0.8,0.8,0.0,1.6,0.8,0.8,0.0,0.8,0.8,0.0,0.8,-0.8,1.6,0.0,0.0,2.4000000000000004,0.8,0.8,0.8,-0.8,0.0,-0.8,0.8,2.4000000000000004,0.0,0.8,1.6,0.0,0.0,0.8,0.8,0.8,-0.8,-0.8,0.8,0.8,0.0,0.0,0.0,0.8,-0.8,1.6,0.0,-1.6,0.8,0.0,0.8,0.8,0.8,1.6,0.8,-0.8,0.0,0.0,0.8,0.0,2.4000000000000004,0.0,0.8,-0.8,-0.8,0.8,-0.8,0.8,2.4000000000000004,0.0,0.8,0.8,1.6,-0.8,-0.8,1.6,0.0,1.6,0.0,0.0,0.8,0.8,1.6,0.8,0.0,0.8,-0.8,1.6,-0.8,0.0,0.8,0.0,0.8,-0.8,-0.8,1.6,-1.6,0.8,-0.8,-0.8,0.8,0.0,0.8,-0.8,0.0,0.0,0.0,1.6,-0.8,0.8,0.0,0.8,0.0,-0.8,0.8,-0.8,0.8,-0.8,0.8,0.8,-0.8,2.4000000000000004,-0.8,-0.8,1.6,0.0,0.0,0.0,0.0,1.6,0.0,0.0,0.8,0.0,0.8,0.0,-0.8,0.8,1.6,0.8,0.0,0.0,0.8,0.8,1.6,-0.8,0.0,1.6,0.8,-0.8,0.0,0.8,0.8,0.0,0.8,0.8,0.8,0.8,0.0,0.8,0.0,-0.8,0.8,0.8,0.8,0.8,0.0,1.6,0.8,0.8,0.8,0.0,0.8,0.0,0.8,0.8,0.8,1.6,0.8,2.4000000000000004,1.6,0.0,1.6,-0.8,0.8,0.0,-0.8,0.8,0.8,0.8,0.0,0.8,1.6,-0.8,0.0,0.0,0.0,0.8,0.0,0.8,1.6,1.6,0.8,0.8,1.6,0.8,0.8,0.8,0.0,1.6,1.6,0.0,0.8,0.8,0.0,-0.8,0.0,0.8,0.8,1.6,0.8,0.0,0.0,0.0,0.8,0.8,-0.8,0.0,0.8,0.8,0.0,0.8,1.6,0.0,-0.8,0.0,-0.8,0.0,0.0,0.0,0.0,0.8,0.0,0.8,0.0,0.0,0.8,0.8,0.0,0.8,0.8,0.8,0.8,0.0,0.8,0.0,-0.8,0.0,0.0,0.0,0.0,0.8,0.0,0.0,0.0,0.8,0.8,0.8,-0.8,0.8,0.0,0.0,0.0,0.8,0.8,3.2,0.0,0.8,0.8,1.6,0.8,0.0,0.8,-0.8,0.0,0.0,0.8,0.8,0.0,1.6,0.8,0.0,0.0,-0.8,1.6,0.0,-1.6,0.8,-1.6,1.6,0.0,-0.8,0.0,-0.8,0.8,-0.8,1.6,0.8,0.8,0.8,-0.8,0.8,0.0,-0.8,1.6,-0.8,0.0,0.0,0.0,2.4000000000000004,-0.8,0.0,0.0,0.8,0.0,0.0,0.8,0.0,0.0,1.6,-0.8,0.8,-0.8,-1.6,-0.8,0.0,1.6,0.8,0.0,0.0,0.8,-0.8,1.6,0.8,0.0,0.8,0.8,0.0,0.0,0.0,0.8,0.8,-0.8,1.6,0.0,0.0,1.6,0.0,-0.8,0.0,0.0,0.0,-0.8,0.8,0.0,1.6,0.0,0.8,0.8,0.8,0.0,-0.8,1.6,0.0,2.4000000000000004,0.0,0.8,2.4000000000000004,0.0,0.0,0.0,0.0,0.0,0.0,0.0,-0.8,0.0,0.8,0.8,1.6,0.0,-0.8,0.0,-0.8,0.8,-0.8,0.8,1.6,0.0,0.0,0.0,0.8,0.0,-0.8,2.4000000000000004,0.0,0.8,2.4000000000000004,0.0,0.0,0.0,1.6,1.6,0.0,1.6,0.8,0.8,-0.8,0.0,1.6,-2.4000000000000004,0.0,0.0,0.0,0.8,-0.8,0.8,0.0,1.6,0.8,-0.8,0.8,0.0,0.0,0.8,0.0,0.8,0.8,0.0,0.0,0.0,2.4000000000000004,-0.8,-0.8,0.0,0.0,0.8,-1.6,0.8,0.8,0.0,1.6,0.0,0.8,0.0,0.0,0.8,-0.8,0.0,0.8,-0.8,0.0,-0.8,0.8,1.6,0.8,0.8,0.8,0.8,0.0,-0.8,0.8,0.0,0.8,0.0,0.8,1.6,2.4000000000000004,0.0,0.8,0.8,0.0,0.0,-1.6,0.0,0.0,0.0,0.8,-0.8,1.6,0.0,0.0,0.8,-0.8,0.0,2.4000000000000004,0.0,1.6,-1.6,0.8,0.0,0.8,0.8,0.0,0.0,-0.8,0.8,1.6,0.0,1.6,0.8,1.6,0.0,-1.6,2.4000000000000004,0.0,0.0,0.8,0.0,0.0,0.0,0.8,0.8,0.8,1.6,-0.8,0.0,0.0,0.8,0.8,0.8,0.8,-0.8,1.6,1.6,0.0,0.8,0.0,0.8,0.8,0.8,0.8,-0.8,1.6,0.8,-0.8,1.6,0.0,0.8,0.8,0.0,1.6,0.8,0.8,0.8,0.8,0.8,0.0,-0.8,0.8,0.0,0.0,0.8,1.6,0.8,0.0,0.8,0.0,0.0,-0.8,0.0,0.8,0.8,0.8,0.0,0.8,1.6,-0.8,1.6,0.8,0.0,0.0,-0.8,-0.8,0.0,0.0,1.6,0.8,1.6,-0.8,0.0,0.8,-0.8,-0.8,0.0,0.0,0.8,0.8,0.0,0.0,0.0,0.8,0.8,0.0,0.8,1.6,1.6,0.8,0.8,0.8,-0.8,0.8,0.0,0.8,0.0,0.0,0.0,-0.8,-0.8,0.8,0.8,0.8,-0.8,0.8,1.6,0.0,1.6,0.0,0.0,1.6,0.0,-0.8,0.0,1.6,0.8,-0.8,0.8,0.0,0.8,1.6,-0.8,0.0,1.6,0.8,0.0,0.0,0.8,0.0,0.0,1.6,1.6,0.0,-0.8,0.8,0.8,0.0,0.8,0.0,0.8,-0.8,0.0,1.6,0.8,0.8,0.8,1.6,0.8,0.8,0.8,0.8,1.6,0.8,0.8,0.8,0.8,1.6,0.0,0.8,1.6,0.8,0.8,2.4000000000000004,0.8,1.6,1.6,1.6,0.0,2.4000000000000004,0.8,0.8,0.0,0.0,1.6,0.8,0.0,0.8,0.8,0.8,0.0,0.0,0.8,0.8,1.6,-0.8,1.6,0.8,0.8,1.6,0.8,0.8,0.0,1.6,0.8,0.8,0.0,0.0,1.6,-1.6,0.0,1.6,0.8,1.6,0.0,1.6,1.6,0.0,0.8,-0.8,0.8,-0.8,-1.6,0.8,0.8,1.6,-0.8,1.6,0.8,0.0,2.4000000000000004,0.0,0.8,2.4000000000000004,0.0,0.8,0.0,0.8,0.8,0.0,0.8,0.0,0.8,-0.8,0.8,3.2,-2.4000000000000004,-0.8,2.4000000000000004,0.0,-0.8,0.0,0.8,0.8,2.4000000000000004,1.6,0.8,1.6,0.0,-1.6,2.4000000000000004,0.0,2.4000000000000004,0.8,0.0,1.6,-0.8,0.0,0.8,0.8,0.8,0.0,1.6,-0.8,0.0,0.0,0.0,-0.8,0.8,0.0,0.8,0.0,0.8,-0.8,0.0,0.8,0.0,0.0,0.0,-0.8,0.8,0.0,1.6,0.8,0.8,1.6,1.6,-0.8,0.8,0.8,0.0,0.0,-0.8,0.8,1.6,-0.8,-0.8,-0.8,-0.8,-0.8,0.8,0.0,0.0,0.0,0.8,-0.8,0.8,0.0,0.0,0.0,-0.8,-1.6,0.0,0.8,0.8,0.8,0.0,0.8,0.8,0.0,1.6,-0.8,0.0,0.8,0.0,0.8,0.0,0.0,0.0,0.0,1.6,0.8,-0.8,0.8,0.8,0.0,-0.8,-0.8,0.8,-0.8,0.8,-0.8,1.6,0.0,0.0,0.8,-1.6,0.0,-0.8,0.8,1.6
event_52,1625266827.4157612,1.6,0.0,0.0,0.8,1.6,-0.8,0.8,0.0,0.0,0.8,-0.8,0.0,0.0,1.6,-0.8,-0.8,1.6,0.8,-0.8,0.8,0.8,0.0,-1.6,0.8,0.8,0.0,-0.8,0.0,1.6,-0.8,0.0,-0.8,-0.8,0.0,-0.8,0.8,1.6,0.0,0.8,0.8,0.8,-0.8,0.0,0.8,-0.8,-0.8,-0.8,1.6,0.8,-0.8,0.8,0.0,0.8,0.8,-0.8,0.0,0.0,0.0,-0.8,0.8,1.6,0.0,0.8,0.0,0.0,0.8,-0.8,0.0,0.8,0.0,0.8,-0.8,0.8,-0.8,0.0,1.6,0.8,2.4000000000000004,-0.8,1.6,0.8,0.0,0.0,-0.8,1.6,0.8,0.0,1.6,0.0,1.6,0.8,0.8,0.0,0.8,1.6,-0.8,0.0,2.4000000000000004,-1.6,2.4000000000000004,0.0,0.8,-4.0,-40.800000000000004,-76.80000000000001,-58.4,-24.0,-8.0,-6.4,-1.6,-3.2,-5.6,-4.800000000000001,-1.6,-2.4000000000000004,-0.8,0.8,-0.8,0.0,-0.8,-0.8,0.8,0.0,0.8,0.0,-0.8,1.6,1.6,-0.8,0.8,1.6,0.8,0.8,-0.8,1.6,0.8,-0.8,0.0,0.0,0.8,0.8,0.8,3.2,0.8,0.0,0.0,0.8,0.0,0.8,0.8,0.8,0.8,0.8,0.0,0.0,0.8,0.8,0.0,0.0,1.6,0.8,0.0,0.8,0.0,0.8,0.8,-0.8,0.8,-0.8,0.0,0.8,-0.8,0.0,0.0,0.0,0.8,0.0,0.8,0.0,-0.8,0.8,-0.8,1.6,0.0,2.4000000000000004,0.8,-0.8,0.8,0.0,0.0,0.8,0.0,0.8,-0.8,0.0,0.0,0.0,0.8,0.8,0.0,0.0,0.0,0.8,-0.8,1.6,-0.8,0.8,0.8,0.8,1.6,-0.8,1.6,0.0,-1.6,0.0,-0.8,0.0,1.6,0.0,0.8,-0.8,0.0,0.0,-0.8,-0.8,0.0,0.0,-0.8,0.8,0.0,-0.8,-0.8,0.0,0.8,0.8,0.8,0.8,0.0,0.8,-0.8,0.0,0.0,-0.8,-1.6,0.8,0.8,0.0,0.0,-0.8,1.6,0.0,0.0,0.0,-0.8,0.8,-0.8,-0.8,0.8,0.0,0.8,0.0,0.8,2.4000000000000004,0.8,0.0,0.8,0.8,0.0,-0.8,0.8,-0.8,0.8,0.0,0.0,1.6,0.0,0.8,0.8,0.8,0.8,-0.8,0.8,0.8,0.8,0.0,-0.8,1.6,0.0,0.0,1.6,-2.4000000000000004,0.8,0.0,-0.8,0.0,0.0,1.6,0.0,0.0,1.6,-0.8,0.8,-0.8,0.8,0.8,0.0,0.8,0.0,-0.8,0.8,-0.8,1.6,-0.8,0.8,0.0,0.0,1.6,0.0,0.0,0.8,0.0,-0.8,0.0,0.0,-0.8,0.0,0.0,-1.6,0.8,-2.4000000000000004,-0.8,0.8,-1.6,0.0,0.0,0.0,-0.8,0.8,0.0,0.0,0.8,-1.6,-0.8,0.8,1.6,0.8,0.0,0.0,0.0,0.8,0.0,-0.8,-0.8,1.6,0.0,0.8,0.0,0.0,0.0,0.0,-0.8,0.8,0.8,-0.8,0.0,0.0,-1.6,0.0,0.0,1.6,0.8,0.8,0.0,0.8,0.8,0.0,0.8,1.6,0.0,-0.8,0.0,0.0,1.6,0.0,0.8,-0.8,0.8,-0.8,0.8,0.0,-0.8,0.8,0.0,0.0,1.6,0.0,1.6,0.0,0.8,0.0,0.0,-0.8,0.0,-0.8,1.6,-1.6,2.4000000000000004,-0.8,0.0,1.6,-0.8,0.8,0.8,0.8,0.8,0.0,2.4000000000000004,0.0,0.8,0.8,0.0,0.8,-0.8,1.6,1.6,-0.8,0.8,-1.6,0.8,0.8,0.0,0.8,-0.8,1.6,0.0,-0.8,0.8,-0.8,-0.8,0.0,-0.8,-0.8,-2.4000000000000004,0.8,-0.8,-0.8,0.0,0.0,0.8,-0.8,0.0,0.0,0.0,1.6,-1.6,0.0,0.8,-1.6,0.0,-0.8,0.8,-0.8,0.0,0.0,0.8,0.0,0.0,0.8,1.6,-0.8,1.6,-0.8,0.8,0.8,0.8,0.8,0.0,0.8,0.0,0.0,0.0,0.8,0.0,0.0,0.8,0.8,0.8,0.8,0.0,1.6,-0.8,0.0,0.8,0.0,0.8,0.8,0.8,0.8,-1.6,0.8,-1.6,1.6,0.0,0.0,0.8,-0.8,0.8,-1.6,0.0,0.8,-0.8,0.0,-0.8,-0.8,0.8,0.0,0.8,0.0,0.0,0.0,-0.8,0.8,0.0,1.6,0.0,0.0,0.8,-1.6,0.0,0.8,0.0,0.0,0.0,1.6,-0.8,0.8,0.8,-0.8,1.6,-0.8,0.0,0.8,1.6,1.6,0.0,0.8,0.0,0.0,1.6,0.0,0.0,0.0,0.0,-0.8,0.0,0.8,0.0,0.0,0.8,1.6,0.8,0.0,0.0,1.6,-0.8,0.8,0.8,0.0,0.8,-0.8,0.0,1.6,0.0,0.8,0.8,0.0,0.0,0.0,0.8,0.0,1.6,0.0,0.8,1.6,0.8,0.0,0.8,0.0,0.8,0.0,-0.8,0.0,0.8,0.0,1.6,0.8,0.0,-0.8,0.8,-0.8,0.8,-0.8,0.8,0.0,0.0,-0.8,-0.8,0.8,0.8,0.0,0.0,0.8,0.0,0.8,0.8,0.8,0.0,0.0,1.6,-0.8,0.0,1.6,0.0,0.0,0.0,0.0,0.0,-0.8,0.8,-0.8,0.0,0.8,0.0,0.8,0.8,0.8,-1.6,1.6,0.8,-0.8,1.6,0.8,0.0,0.8,0.0,0.8,0.0,0.0,-0.8,-1.6,0.8,-0.8,-0.8,0.0,-0.8,1.6,0.0,-0.8,0.0,-0.8,0.0,0.0,0.8,0.0,-0.8,0.0,-0.8,0.8,0.8,0.0,0.8,-0.8,0.8,0.8,0.0,0.0,0.0,0.8,0.0,1.6,0.8,0.0,2.4000000000000004,1.6,0.0,1.6,0.8,0.8,0.8,-0.8,0.8,-0.8,-0.8,0.8,0.8,0.0,-0.8,-0.8,-0.8,0.8,0.0,1.6,0.8,0.0,0.8,-0.8,0.0,1.6,0.0,0.8,0.0,-0.8,1.6,0.8,0.0,0.8,0.0,0.8,0.0,-0.8,1.6,1.6,0.0,1.6,-1.6,0.8,0.0,-0.8,0.0,-0.8,0.0,0.0,0.0,0.8,-1.6,0.8,0.0,-1.6,-0.8,0.0,1.6,0.0,0.0,1.6,0.8,0.0,0.0,0.0,0.0,0.0,0.0,-0.8,0.8,0.8,0.8,1.6,-0.8,0.8,0.8,0.8,0.8,-1.6,0.0,0.0,-0.8,0.0,-0.8,0.8,-0.8,0.8,0.8,-0.8,1.6,0.0,0.0,0.8,-0.8,0.8,1.6,0.0,0.8,0.0,0.8,-0.8,0.8,0.0,0.8,0.0,0.0,0.0,0.8,0.0,0.8,0.0,0.8,-0.8,0.0,0.8,0.0,0.0,-0.8,-0.8,0.0,-0.8,0.0,0.0,0.8,1.6,0.8,0.8,0.0,0.8,-0.8,0.0,0.8,-0.8,0.8,0.0,-0.8,1.6,0.8,-0.8,0.0,0.8,-1.6,0.0,0.0,0.0,0.0,-1.6,0.0,0.0,0.0,0.0,-1.6,0.8,-0.8,0.0,0.8,1.6,1.6,0.0,0.8,2.4000000000000004,0.0,1.6,-0.8,1.6,1.6,0.8,0.0,0.8,1.6,0.0,0.0,0.8,0.0,0.8,0.0,0.0,0.8,-1.6,0.8,-0.8,0.0,1.6,-0.8,0.8,1.6,0.8,0.8,0.0,1.6,-0.8,0.0,0.8,0.0,2.4000000000000004,0.0,1.6,0.8,0.8,0.8,0.0,0.8,0.8,-0.8,0.0,-2.4000000000000004,0.0,0.8,0.8,1.6,0.0,0.8,0.0,0.0,0.8,-0.8,0.0,0.0,0.8,0.0,-0.8,2.4000000000000004,0.0,0.8,1.6,-0.8,0.8,0.8,0.8,1.6,-0.8,0.8,-0.8,0.0,0.8,0.0,1.6,0.0,0.8,0.8,0.8,0.8,0.0,0.8,0.0,0.8,-0.8,0.0,0.0,0.0,0.0,0.8,0.8,0.0,-0.8,1.6,0.8,-0.8,0.0,0.8,0.8,0.8,-1.6,-0.8,0.8,0.0,-0.8,0.0,0.8,1.6,0.0,0.0,1.6,-0.8,0.8,-0.8,0.8,-0.8,-1.6,0.8,0.0,-0.8,0.8,0.0,1.6,0.0,0.8,0.8,0.0,1.6,-0.8,1.6,0.0,2.4000000000000004,0.8,-0.8,1.6,-0.8,0.0,0.8,-0.8,0.8,0.0,0.0,0.0,0.0,0.0,-0.8,0.0,0.0,-1.6,0.0,-0.8,0.8,-0.8,-0.8,0.8,1.6,-0.8,-0.8,-0.8,0.8,0.0,-0.8,1.6,-0.8,1.6,0.8,0.0,0.8,0.0,1.6,0.0,0.0,0.8,0.8,0.8,0.8,0.8,-1.6,-0.8,1.6,0.8,0.0,0.0,1.6,0.0,0.8,0.8,0.0,0.0,-0.8,-1.6,-0.8,1.6,0.0,0.8,-0.8,0.0,0.0,-0.8,-0.8,0.0,0.0,0.0,-0.8,0.8,0.0,0.8,-0.8,-0.8,1.6,0.0,-2.4000000000000004,2.4000000000000004,1.6,-2.4000000000000004,0.0,1.6,-0.8,-1.6,0.0,0.8,0.0,-1.6,0.8,1.6,-1.6,0.0,1.6,1.6,0.0,1.6,0.0,0.8,0.8,0.8,-0.8,0.0,0.0,-0.8,0.0,-0.8,0.0,-0.8,0.0,1.6,0.8,0.0,-0.8,-0.8,0.0,0.0,0.0,0.8,-0.8,0.0,-1.6,1.6,0.0,0.0,0.0,-0.8,1.6,0.0,0.8,0.8,-0.8,0.8,-0.8,0.8,0.8,-0.8,1.6,-0.8,-0.8,0.8,-1.6,0.0,-0.8,0.0,0.8,-0.8,0.8,0.0,0.0,0.8,0.0,-0.8,-0.8,0.0,-1.6,-0.8,1.6,0.0,0.0,-1.6,0.0,0.8,0.0,0.0,-0.8,0.8,0.8,-0.8,0.0,0.0,1.6,-0.8,0.8,0.8,-0.8,-1.6,0.8,0.0,-0.8,-0.8,-0.8,-0.8,0.8,-0.8,0.8,1.6,0.0,0.8,0.8,0.8,0.0,-1.6,0.0,0.8,0.8,-0.8,1.6,1.6,1.6,0.0,0.0,0.8,1.6,0.0,0.0,-0.8,0.8,0.8,0.0,0.0,-0.8,0.0,0.0,-0.8,0.8,-2.4000000000000004,2.4000000000000004,0.0,0.0,0.0,-0.8,0.8,0.0,0.0,0.8,0.0,0.0,0.0,1.6,0.0,-0.8,1.6,0.0,0.8,0.0,0.0,1.6,0.0,2.4000000000000004,0.8,-0.8,1.6,-0.8,0.8,0.0,0.8,0.8,0.0,0.8,0.0,-0.8,0.8,-0.8,-0.8,0.0,0.8,0.8,-1.6,0.8,0.0,0.0,0.8,-0.8,0.8,0.0,0.0,0.0,0.8,0.8,0.0,0.0,1.6,-0.8,0.8,-0.8,0.8,0.8,-0.8,0.0,0.0,0.0,-0.8,0.0,0.8,0.8,0.8,-0.8,1.6,0.0,0.0,-0.8,0.8,0.8,1.6,0.0,0.8,0.8,2.4000000000000004,-0.8,0.8,0.0,0.0,0.8,0.0,-0.8,-0.8,0.0,1.6,0.8,0.8,0.0,0.0,0.0,0.0,-0.8,0.0,-0.8,1.6,0.8,0.8,0.8,0.8,0.8,0.0,0.8,0.0,1.6,0.8,-0.8,0.8,0.0,0.0,0.0,-0.8,1.6,0.0,0.0,0.0,-0.8,-0.8,0.0,0.8,0.0,0.8,0.8,0.8,0.0,-0.8,0.8,0.0,1.6,0.0,-2.4000000000000004,0.8,0.8,0.8,0.8,0.8,2.4000000000000004,0.8,0.8,-0.8,-0.8,1.6,0.8,0.0,-0.8,0.0,0.0,-0.8,0.8,1.6,-0.8,1.6,0.0,1.6,0.0,0.0,0.8,-0.8,0.8,0.0,0.0,0.8,-1.6,1.6,0.0,0.8,0.8,-0.8,2.4000000000000004,0.0,1.6,0.8,0.0,0.8,0.8,0.8,1.6,0.8,0.8,-0.8,1.6,1.6,-1.6,0.8,3.2,-1.6,0.8,1.6,-1.6,0.0,0.0,0.8,1.6,1.6,0.0,-0.8,0.8,0.0,0.8,0.8,0.0,-0.8,0.0,1.6,0.0,0.0,0.8,1.6,0.0,0.0,0.0,1.6,0.8,-0.8,0.0,0.8,0.8,0.0,0.8,0.0,-0.8,0.8,0.0,2.4000000000000004,0.8,0.0,0.8,0.0,0.8,-0.8,1.6,2.4000000000000004,0.8,0.8,0.0,0.8,0.0,0.0,0.8,-0.8,0.8,0.0,0.0,1.6,1.6,0.8,0.8,0.8,0.8,0.0,0.8,0.8,-0.8,0.0,-0.8,0.0,0.8,0.8,1.6,0.0,1.6,0.0,0.8,1.6,0.0,1.6,0.0,0.0,0.8,1.6,0.8,-0.8,2.4000000000000004,0.8,0.8,1.6,0.8,1.6,0.0,0.0,0.0,0.8,0.0,0.8,0.0,0.8,0.0,0.8,0.0,0.8,-0.8,0.0,0.8,0.0,0.0,0.8,0.8,0.8,0.0,0.8,0.8,0.8,0.8,0.8,0.0,0.0,-0.8,0.8,-0.8,0.0,1.6,1.6,-0.8,-0.8,0.8,0.8,0.0,0.8,0.0,0.8,0.8,1.6,-0.8,0.8,0.8,0.0,0.8,-0.8,-0.8,-0.8,0.8,1.6,-0.8,1.6,0.0,0.8,0.8,0.0,0.0,0.0,0.0,0.0,-0.8,0.8,-0.8,0.0,0.0,0.0,0.8,-0.8,0.0,0.0,-0.8,0.8,-1.6,1.6,0.0,-0.8,-0.8,-0.8,0.8,0.0,0.0,0.8,-1.6,0.8,0.0,0.8,1.6,0.0,0.8,0.0,1.6,0.0,0.0,0.0,0.0,0.8,0.8,0.0,1.6,-0.8,2.4000000000000004,1.6,0.0,0.0,-0.8,0.0,1.6,0.8,0.8,0.0,1.6,0.0,0.0,0.8,0.0,0.0,0.0,1.6,0.8,0.8,0.8,0.8,0.8,1.6,-0.8,0.0,-0.8,1.6,0.0,-0.8,-0.8,-0.8,-0.8,-0.8,0.8,0.0,-0.8,0.0,0.8,0.8,0.8,0.0,0.0,0.8,-0.8,-0.8,0.8,0.8,0.0,0.0,-0.8,0.8,0.0,0.8,0.0,0.0,1.6,-1.6,-0.8,0.0,0.8,0.8,0.8,1.6,0.8,-0.8,0.0,-0.8,0.8,0.0,-0.8,1.6,-0.8,0.8,0.0,0.0,1.6,-0.8,0.0,0.0,0.8,0.8,-0.8,0.8,0.0,2.4000000000000004,0.8,-0.8,2.4000000000000004,0.8,0.0,0.8,-0.8,2.4000000000000004,-1.6,0.0,0.0,0.0,0.8,0.0,1.6,0.8,-1.6,0.8,-0.8,0.8,-1.6,0.8,0.0,0.0,0.8,-0.8,0.0,0.8,-0.8,1.6,0.8,0.8,1.6,-0.8,0.8,-0.8,0.8,0.0,-0.8,0.0,0.8,0.0,0.8,-0.8,-0.8,-0.8,0.0,0.0,0.0,0.0,0.0,0.0,-0.8,0.0,0.8,-1.6,0.8,-0.8,-0.8,0.0,-0.8,0.0,0.0,0.8,1.6,0.0,0.8,-0.8,0.0,1.6,0.8,-0.8,0.0,1.6,0.8,0.0,0.8,0.8,0.0,0.0,0.0,0.8,0.0,0.0,0.0,0.8,-0.8,0.0,1.6,0.8,0.0,0.8,2.4000000000000004,0.8,0.8,-1.6,-0.8,0.8,0.8,0.8,0.0,0.0,2.4000000000000004,0.0,0.8,0.8,-0.8,0.0,-0.8,0.8,0.0,0.0,1.6,1.6,0.0,-1.6,3.2,-0.8,-1.6,2.4000000000000004,0.8,-1.6,0.8,0.0,-0.8,-0.8,0.8,0.8,0.0,0.8,-2.4000000000000004,2.4000000000000004,0.8,-1.6,0.8,-0.8,0.0,-0.8,-0.8,0.8,0.0,0.0,0.8,0.0,0.0,-1.6,0.8,0.8,0.0,0.8,0.8,1.6,0.8,0.0,0.0,0.8,-0.8,-0.8,-0.8,1.6,0.0,0.0,-0.8,0.0,0.8,0.0,0.8,-0.8,0.0,-0.8,-0.8,0.8,0.8,0.8,1.6,0.0,1.6,-0.8,-0.8,0.0,0.0,0.0,0.0,0.0,0.8,0.0,0.0,0.0,0.0,0.0,0.0,1.6,0.0,0.0,-0.8,0.0,0.0,0.8,0.0,0.0,0.8,1.6,-0.8,0.0,0.0,0.0,0.0,0.0,-0.8,0.0,0.0,1.6,0.0,0.8,0.8,-0.8,0.8,0.0,-0.8,1.6,0.0,1.6,-0.8,0.0,0.8,0.0,0.8,-0.8,0.0,0.0,0.0,0.8,0.0,0.8,-0.8,0.0,0.0,0.0,2.4000000000000004,0.8,-0.8,0.8,-0.8,0.0,0.8,0.8,0.8,-0.8,0.0,0.8,-0.8,1.6,0.0,0.8,0.8,0.0,-0.8,0.8,1.6,0.0,0.0,0.8,0.8,1.6,0.8,0.0,-1.6,0.0,0.8,-0.8,0.0,2.4000000000000004,0.0,-0.8,0.8,0.0,1.6,-0.8,1.6,0.8,-0.8,0.0,0.0,0.0,0.8,-0.8,0.8,1.6,0.8,0.8,0.8,0.8,0.0,-0.8,1.6,0.0,1.6,0.8,0.8,2.4000000000000004,1.6,0.8,1.6,-0.8,2.4000000000000004,0.0,0.8,0.8,-0.8,0.8,0.8,1.6,0.8,0.0,0.8,-0.8,1.6,0.0,0.8,0.8,0.0,0.0,-0.8,0.0,1.6,0.0,0.8,0.0,-0.8,1.6,0.0,1.6,0.0,0.8,0.8,-0.8,0.8,0.0,1.6,0.0,0.0,1.6,-1.6,0.8,0.0,0.0,0.8,0.0,0.8,0.0,1.6,0.8,-0.8,1.6,-0.8,-1.6,0.8,0.0,1.6,-0.8,0.0,0.8,0.0,1.6,0.0,0.0,1.6,0.0,0.0,0.0,0.8,0.8,0.0,2.4000000000000004,0.8,0.0,0.0,0.8,0.8,-1.6,0.0,0.8,0.8,0.8,-0.8,1.6,1.6,0.0,2.4000000000000004,0.8,2.4000000000000004,0.0,0.0,1.6,0.8,1.6,0.0,0.8,0.0,0.0,0.0,1.6,0.8,1.6,0.0,-0.8,0.0,0.8,0.0,2.4000000000000004,0.0,0.0,-0.8,0.0,0.0,1.6,0.0,0.8,0.0,0.8,0.0,0.0,-0.8,0.8,0.8,0.0,0.0,-0.8,1.6,1.6,0.0,0.8,0.8,0.8,0.0,-0.8,0.8,0.0,0.0,0.8,0.0,0.0,-0.8,0.8,0.0,-0.8,0.0,-0.8,0.8,0.0,-0.8,0.8,0.8,0.8,0.0,0.8,1.6,0.0,0.8,0.0,0.8,0.0,0.0,0.8,-0.8,1.6,0.8,-0.8,0.0,0.0,0.8,0.8,0.8,1.6,-0.8,0.0,0.8,0.0,0.8,-0.8,0.8,0.0,0.0,0.8,0.0,0.8,0.0,0.8,1.6,0.0,0.8,-0.8,0.0,0.8,1.6,0.8,0.0,0.0,0.8,0.0,1.6,0.0,1.6,0.0,0.0,0.8,-0.8,0.8,2.4000000000000004,0.8,0.8,0.0,-0.8,0.8,0.8,1.6,0.8,0.0,0.0,0.8,0.8,0.8,-0.8,2.4000000000000004,0.8,0.8,0.8,2.4000000000000004,1.6,0.0,0.8,0.8,-0.8,0.0,1.6,0.0,0.8,0.8,0.8,0.0,-0.8,0.0,0.0,1.6,0.0,-0.8,1.6,-0.8,0.8,0.0,0.0,0.0,-0.8,-1.6,0.8,2.4000000000000004,0.0,0.8,0.8,0.0,0.8,1.6,0.8,-0.8,1.6,0.8,0.0,0.8,0.8,0.8,0.0,0.8,1.6,1.6,-0.8,0.8,0.0,-0.8,0.8,0.0,1.6,0.0,-0.8,0.0,0.8,1.6,0.0,0.8,0.8,0.0,0.0,0.0,1.6,0.8,0.8,1.6,0.8,0.8,0.0,0.8,0.0,0.0,0.0,-0.8,0.0,1.6,-0.8,1.6,0.8,1.6,-0.8,0.0,0.0,1.6,0.8,2.4000000000000004,0.0,1.6,1.6,0.0,0.8,1.6,0.0,0.8,0.8,0.0,0.8,0.8,0.8,0.0,0.8,0.8,0.0,0.0,1.6,0.8,0.8,0.8,0.8,-0.8,1.6,0.8,0.8,0.8,0.8,1.6,0.0,1.6,1.6,0.0,2.4000000000000004,-0.8,-1.6,1.6,0.8,0.0,0.0,0.8,1.6,0.0,1.6,0.0,0.8,0.0,-0.8,0.8,0.0,1.6,0.8,0.0,0.8,0.0,1.6,0.0,0.0,1.6,-0.8,2.4000000000000004,0.8,1.6,0.8,0.0,0.8,0.0,-0.8,0.8,0.0,1.6,0.8,0.8,1.6,-0.8,2.4000000000000004,0.0,0.0,0.0,0.0,2.4000000000000004,0.0,0.8,0.8,0.0,0.8,0.0,1.6,0.8,1.6,1.6,-0.8,0.0,0.0,0.0,1.6,-0.8,1.6,0.0,1.6,0.8,0.0,0.8,0.0,0.8,0.8,0.0,0.8,0.8,0.8,1.6,-0.8,0.0,-0.8,0.0,0.8,-0.8,0.8,-0.8,0.8,0.8,0.0,0.8,0.0,0.0,0.0,0.8,1.6,0.8,0.8,0.8,0.0,2.4000000000000004,-0.8,-0.8,0.0,1.6,0.8,0.0,0.8,0.8,0.8,0.8,0.8,0.0,0.8,0.8,0.0,1.6,0.0,0.8,0.8,0.8,2.4000000000000004,0.0,0.0,0.0,0.0,0.8,0.0,0.0,0.0,0.8,0.0,-0.8,2.4000000000000004,0.0,0.8,0.8,-0.8,0.8,-0.8,0.0,0.8,0.8,1.6,0.0,1.6,1.6,-0.8,1.6,-0.8,1.6,0.8,-1.6,0.8,0.0,0.8,0.8,0.8,1.6,-1.6,0.8,0.8,0.0,0.0,0.0,0.8,0.0,0.0,0.8,-0.8,1.6,0.8,0.0,0.0,0.0,1.6,0.0,0.8,0.0,0.0,0.8
event_53,1625266829.632888,0.0,-0.8,0.0,0.0,0.8,0.0,-0.8,0.0,0.0,0.0,-0.8,0.8,0.0,-0.8,0.8,-0.8,-0.8,0.8,0.8,0.8,0.0,0.8,1.6,0.0,-0.8,0.0,0.0,0.8,0.0,0.0,-0.8,0.8,-0.8,-0.8,0.8,0.8,0.8,0.8,0.0,0.8,-0.8,0.0,0.8,1.6,0.8,1.6,-0.8,0.8,0.8,0.8,0.8,0.0,0.0,0.0,0.0,0.8,0.8,0.0,-0.8,0.0,0.0,0.8,1.6,0.8,1.6,0.0,0.0,1.6,-0.8,0.0,0.0,0.8,0.8,-0.8,0.8,0.0,0.8,0.8,-0.8,0.8,0.0,0.0,-0.8,0.0,2.4000000000000004,-0.8,1.6,0.8,0.0,3.2,0.8,0.8,0.8,0.0,1.6,-1.6,0.8,0.8,0.8,0.8,-0.8,0.8,-6.4,-32.800000000000004,-43.2,-27.200000000000003,-9.600000000000001,-4.0,-1.6,-0.8,-2.4000000000000004,-1.6,-2.4000000000000004,-0.8,-2.4000000000000004,-1.6,0.8,-0.8,0.8,0.0,-1.6,0.8,-1.6,2.4000000000000004,0.8,-1.6,1.6,0.0,-0.8,0.0,0.8,0.0,-0.8,0.0,1.6,0.8,0.0,-0.8,0.8,-1.6,0.0,1.6,-0.8,0.8,-2.4000000000000004,0.0,1.6,0.8,1.6,0.8,0.0,0.0,-0.8,0.8,-0.8,1.6,0.0,0.8,0.0,0.8,0.0,2.4000000000000004,0.8,0.8,-0.8,-0.8,0.0,0.0,-0.8,1.6,0.8,0.0,-0.8,0.8,0.0,0.0,-0.8,0.8,0.0,0.8,0.0,0.8,0.8,0.0,0.0,0.0,0.0,0.8,0.0,0.8,-0.8,0.8,0.0,-0.8,0.0,0.0,0.8,1.6,-2.4000000000000004,1.6,-0.8,-0.8,0.0,0.0,1.6,0.0,0.0,0.8,0.0,1.6,0.0,0.8,0.0,-1.6,0.0,-0.8,1.6,0.0,0.8,0.8,0.8,0.8,0.0,-0.8,0.0,-0.8,0.0,-0.8,0.0,0.0,0.0,1.6,-0.8,0.8,0.0,-0.8,0.8,-0.8,0.0,-0.8,-0.8,0.0,-0.8,1.6,0.0,-0.8,0.8,-0.8,1.6,-0.8,-0.8,-0.8,-0.8,2.4000000000000004,0.8,0.0,0.8,0.0,0.8,-1.6,0.8,0.0,0.0,0.0,-0.8,0.0,-0.8,-0.8,2.4000000000000004,0.8,0.8,0.0,0.0,-1.6,-0.8,0.0,-0.8,-0.8,0.0,-0.8,0.0,0.0,0.8,-0.8,0.8,0.8,-0.8,0.8,-1.6,-0.8,0.8,-0.8,0.8,-0.8,-0.8,0.8,0.8,0.0,0.0,0.0,0.0,0.8,0.0,0.0,0.0,-0.8,0.8,-0.8,0.0,0.8,0.8,0.8,-1.6,0.8,-1.6,-0.8,1.6,0.0,-1.6,1.6,0.8,-0.8,0.0,0.0,-0.8,-0.8,0.8,0.0,1.6,0.8,0.8,0.8,0.8,0.8,0.0,0.0,0.0,-2.4000000000000004,0.0,-0.8,-0.8,0.0,-0.8,0.8,0.8,0.0,0.0,0.8,0.0,-1.6,0.0,0.8,0.8,1.6,0.0,0.8,0.8,0.0,0.8,0.0,0.0,0.8,0.0,0.0,-0.8,0.0,0.8,0.0,0.0,-0.8,0.0,0.8,-0.8,1.6,-0.8,0.0,0.0,-0.8,0.0,0.0,0.8,0.0,0.8,1.6,0.0,-0.8,0.8,0.0,0.0,0.0,0.0,-0.8,-0.8,0.0,0.8,0.8,-0.8,0.8,0.0,-0.8,0.0,1.6,0.0,-0.8,0.0,0.8,-0.8,0.0,0.8,-0.8,1.6,-1.6,-0.8,0.8,0.8,0.0,0.0,0.0,0.8,0.0,0.0,-0.8,-0.8,0.8,0.0,-0.8,-0.8,0.0,0.8,-0.8,-0.8,0.8,0.0,0.8,-0.8,0.0,0.0,-0.8,0.0,0.0,1.6,-0.8,-0.8,0.8,0.0,0.8,0.8,0.0,0.8,0.0,0.8,0.0,2.4000000000000004,0.0,0.0,1.6,0.8,0.0,0.8,0.0,0.8,-0.8,0.0,-0.8,0.8,0.8,0.0,0.8,1.6,0.0,1.6,-0.8,0.8,-0.8,-0.8,0.8,0.8,0.0,0.0,0.8,0.8,0.8,0.8,0.0,0.0,0.8,0.8,0.0,0.0,0.8,0.0,0.0,0.0,0.0,0.8,0.0,0.0,0.0,-0.8,0.0,0.8,0.8,-0.8,-0.8,0.8,-0.8,0.0,0.8,-0.8,0.8,0.0,0.0,-0.8,0.8,0.0,-1.6,0.8,1.6,0.8,0.8,0.0,0.8,0.8,0.8,0.0,0.8,0.0,0.8,1.6,0.8,1.6,1.6,-0.8,1.6,0.8,0.8,-0.8,0.0,0.0,0.0,1.6,0.8,1.6,0.0,0.0,0.8,0.0,0.8,-0.8,0.8,1.6,0.8,0.8,0.0,0.8,1.6,0.0,0.8,-0.8,0.8,1.6,-0.8,0.8,0.0,-0.8,0.8,-0.8,0.8,-1.6,0.0,0.8,-0.8,0.8,-0.8,-0.8,2.4000000000000004,-1.6,0.8,-1.6,-0.8,0.8,-1.6,1.6,-0.8,0.8,0.8,-1.6,0.8,0.0,0.8,0.8,-0.8,0.8,0.0,0.0,0.0,-1.6,-0.8,0.0,0.0,0.8,-0.8,0.0,1.6,-0.8,0.8,0.0,0.0,0.8,0.0,-0.8,0.0,1.6,0.0,0.8,0.0,0.8,0.0,0.8,0.8,0.0,0.0,0.8,-0.8,0.0,0.0,0.0,1.6,0.0,1.6,0.8,0.0,0.8,0.8,-0.8,-0.8,0.0,0.8,0.0,-0.8,0.8,1.6,0.0,0.8,0.0,0.0,0.0,-0.8,1.6,0.0,1.6,-0.8,0.8,1.6,0.0,0.0,0.8,0.0,0.8,-1.6,0.8,0.0,0.0,0.8,1.6,2.4000000000000004,0.0,0.0,0.0,0.0,0.8,-0.8,1.6,0.0,-0.8,0.0,-1.6,0.8,0.0,0.0,0.8,0.0,0.8,0.0,0.8,0.0,0.8,0.8,0.8,0.8,-0.8,0.0,1.6,-0.8,1.6,0.0,0.0,0.8,-1.6,0.8,0.0,0.0,1.6,-1.6,0.8,0.8,-1.6,0.8,-1.6,-0.8,-0.8,1.6,0.8,-0.8,1.6,-1.6,0.0,3.2,-2.4000000000000004,-0.8,3.2,0.0,-2.4000000000000004,1.6,1.6,-0.8,0.8,0.8,0.0,1.6,-1.6,0.0,0.8,-1.6,-1.6,0.0,0.8,0.0,-0.8,0.0,1.6,0.8,-0.8,0.8,0.8,0.8,-0.8,0.0,0.8,1.6,0.8,1.6,1.6,1.6,0.0,0.8,0.8,0.8,0.0,-0.8,0.0,-0.8,0.0,0.0,0.8,1.6,0.0,0.8,0.0,0.8,0.0,0.8,0.0,0.0,0.0,0.0,-0.8,1.6,0.0,0.8,0.0,-1.6,1.6,0.0,0.0,0.0,0.0,0.0,-0.8,0.0,0.0,0.8,0.0,-0.8,0.8,-2.4000000000000004,0.0,1.6,0.0,0.8,-0.8,0.0,0.8,0.0,0.8,0.0,0.0,0.8,0.0,0.0,0.8,1.6,0.0,0.0,1.6,0.8,0.8,-0.8,0.0,0.0,0.0,-0.8,0.8,0.8,0.8,0.0,0.8,2.4000000000000004,0.0,0.8,0.0,0.8,0.8,0.0,-0.8,0.0,0.8,0.0,0.8,1.6,0.0,0.0,0.8,0.8,0.0,0.0,0.0,0.8,0.8,0.8,0.8,2.4000000000000004,1.6,0.0,1.6,0.8,-0.8,0.0,-1.6,0.8,0.0,0.0,1.6,0.8,0.0,0.0,0.8,0.0,0.0,0.8,1.6,1.6,1.6,0.0,0.8,1.6,0.0,0.8,0.8,0.8,0.0,1.6,1.6,0.0,0.0,0.8,0.0,0.8,0.0,0.8,0.0,0.0,1.6,-0.8,0.0,0.8,0.8,0.8,-0.8,0.0,0.0,0.8,0.0,0.0,0.8,0.8,0.8,-0.8,0.0,1.6,-0.8,0.0,0.0,0.8,1.6,0.0,0.8,0.0,0.8,1.6,0.0,1.6,0.0,0.0,0.8,-0.8,1.6,0.0,0.0,0.8,0.8,0.8,0.0,1.6,0.8,0.0,0.8,0.0,0.8,0.0,0.0,1.6,0.0,1.6,-0.8,0.0,0.0,0.8,0.8,0.0,0.8,1.6,0.0,0.8,0.8,1.6,0.0,0.0,0.0,0.0,0.0,0.0,0.8,0.8,-0.8,0.0,-0.8,0.8,0.8,0.0,0.8,0.0,0.8,-0.8,0.8,0.0,0.0,0.8,0.0,0.0,1.6,0.8,0.0,0.8,0.8,0.8,-0.8,0.0,0.0,0.8,-0.8,0.8,0.0,-0.8,1.6,-0.8,0.8,0.0,0.0,1.6,0.0,0.8,0.0,0.0,0.8,-1.6,-0.8,0.0,0.0,0.8,0.0,0.8,-0.8,1.6,1.6,-1.6,0.8,0.0,0.0,0.8,-0.8,1.6,0.0,0.0,0.8,-0.8,0.8,0.0,-0.8,0.8,-2.4000000000000004,0.0,-0.8,0.8,0.8,0.0,0.8,0.0,0.0,0.0,0.0,0.8,0.0,0.0,0.0,0.0,2.4000000000000004,-1.6,0.8,0.0,0.0,0.8,1.6,1.6,0.0,0.8,0.0,0.0,0.0,-0.8,1.6,0.8,0.0,-0.8,0.8,0.0,0.8,0.0,0.8,0.8,1.6,0.8,0.8,0.8,0.0,0.0,0.8,0.8,0.8,0.8,1.6,0.8,0.8,0.0,0.0,-0.8,-0.8,0.8,0.0,-0.8,-0.8,0.0,-0.8,-0.8,0.8,0.0,0.0,0.8,0.0,0.0,0.0,0.8,-0.8,0.0,0.8,-1.6,-0.8,0.8,0.0,0.0,0.0,0.8,-0.8,0.0,0.8,-0.8,0.0,-0.8,0.8,0.0,-1.6,0.8,-0.8,0.8,1.6,0.0,0.0,-0.8,0.8,0.0,-0.8,0.8,-0.8,-0.8,0.8,0.0,-0.8,0.0,1.6,0.0,0.8,1.6,-1.6,1.6,0.0,1.6,0.8,0.0,0.8,1.6,0.0,0.0,0.0,1.6,-0.8,0.0,-0.8,0.0,1.6,0.8,1.6,0.8,0.0,0.8,0.0,1.6,0.0,0.0,1.6,0.0,-0.8,0.0,0.0,1.6,0.8,0.8,0.8,-0.8,1.6,0.0,1.6,0.8,2.4000000000000004,1.6,0.0,0.0,0.8,0.8,0.8,0.0,0.8,-0.8,0.0,0.8,0.0,0.8,0.8,0.8,0.8,0.0,-0.8,-0.8,0.8,-0.8,-0.8,0.0,1.6,0.0,0.0,0.8,0.0,0.8,1.6,0.0,-0.8,0.8,0.8,-0.8,1.6,0.8,0.0,1.6,0.0,1.6,0.8,-0.8,0.8,0.0,0.0,0.0,-0.8,0.0,0.0,0.8,-0.8,0.0,0.0,0.0,1.6,0.8,0.0,-0.8,0.8,1.6,1.6,-0.8,0.0,0.0,1.6,-0.8,0.8,0.8,0.0,0.0,-1.6,0.0,0.8,0.0,2.4000000000000004,0.0,0.8,0.0,0.0,0.0,0.0,0.0,0.0,0.0,0.8,-0.8,0.0,0.0,0.8,0.8,0.0,0.8,1.6,0.8,0.0,-0.8,0.0,0.8,0.8,0.8,-0.8,0.8,0.0,0.0,0.0,-1.6,0.0,-0.8,0.0,0.0,0.0,0.8,0.0,-0.8,0.0,0.0,0.0,1.6,-0.8,-1.6,0.0,1.6,-0.8,-1.6,-0.8,0.8,0.8,0.0,0.0,0.0,0.8,-0.8,-0.8,-0.8,0.0,0.0,-0.8,0.8,-0.8,0.0,0.0,0.0,0.8,-0.8,0.0,0.0,0.0,0.0,-0.8,0.8,-0.8,0.8,0.8,0.8,1.6,0.0,0.0,0.0,0.0,2.4000000000000004,-0.8,0.8,0.8,0.8,0.8,0.0,0.0,0.0,-1.6,0.0,0.0,0.0,-0.8,0.8,1.6,0.0,0.0,0.0,0.0,0.8,0.0,0.8,-0.8,0.8,0.0,0.0,0.0,-0.8,0.8,0.0,0.0,0.8,0.8,1.6,0.0,0.8,1.6,-0.8,0.8,0.0,0.8,0.0,-0.8,1.6,0.0,0.0,0.0,-0.8,1.6,-0.8,0.8,0.8,0.0,1.6,0.0,0.8,0.8,-0.8,0.0,-0.8,1.6,0.0,0.0,0.0,0.0,0.0,0.0,0.0,-0.8,0.8,0.0,-0.8,0.0,0.8,0.8,0.0,0.0,1.6,-0.8,0.0,0.0,0.0,0.0,0.0,0.8,0.0,0.0,-0.8,-0.8,0.8,0.0,0.0,0.0,0.0,0.0,-1.6,0.8,0.0,0.8,0.8,-0.8,0.8,0.8,-0.8,1.6,-0.8,0.0,-0.8,-0.8,0.8,-0.8,0.8,0.8,0.8,0.0,-0.8,0.8,0.0,0.8,-0.8,1.6,0.0,0.0,0.8,0.0,0.0,1.6,0.8,0.0,0.0,-1.6,1.6,0.0,0.8,0.8,-0.8,1.6,-0.8,0.8,0.0,0.0,0.0,-0.8,0.8,-1.6,0.0,2.4000000000000004,-0.8,0.8,0.8,1.6,0.0,0.0,0.0,-1.6,0.0,0.0,-1.6,0.0,0.8,1.6,0.8,0.0,1.6,-0.8,2.4000000000000004,0.0,-0.8,0.8,0.0,-0.8,-0.8,0.0,0.8,0.0,0.0,0.0,0.0,0.0,0.0,1.6,-0.8,0.0,0.8,0.0,0.0,0.0,3.2,0.0,-1.6,3.2,0.0,-0.8,0.0,0.0,0.0,-0.8,0.8,-0.8,1.6,0.8,0.8,0.8,0.8,-0.8,0.0,-0.8,0.0,0.0,0.0,0.0,1.6,0.0,0.8,0.0,0.0,0.8,0.8,0.0,0.8,-0.8,1.6,-0.8,-0.8,0.8,0.8,1.6,-0.8,1.6,0.0,0.0,0.8,-0.8,0.8,0.8,-0.8,0.0,-0.8,1.6,0.8,0.0,0.8,-0.8,0.8,-0.8,0.8,0.0,-0.8,1.6,0.8,0.0,0.8,0.0,0.8,0.0,-0.8,0.0,0.0,1.6,-0.8,0.8,0.8,0.8,0.8,0.8,0.8,0.0,0.0,1.6,-0.8,0.0,0.0,0.8,0.0,-0.8,1.6,0.0,0.0,1.6,0.8,0.0,-0.8,0.8,0.8,0.8,0.0,-0.8,0.8,-0.8,0.0,0.8,0.0,0.0,0.0,0.0,0.0,1.6,0.0,0.8,0.8,0.8,-0.8,1.6,0.8,0.0,0.0,0.0,0.0,0.0,0.8,2.4000000000000004,-0.8,0.0,0.0,-0.8,0.8,0.8,0.0,0.8,0.0,2.4000000000000004,0.8,0.0,0.8,0.0,0.8,0.8,0.8,-0.8,0.8,0.8,0.8,0.8,0.8,0.0,0.0,-0.8,0.8,1.6,-0.8,0.8,0.8,-0.8,0.8,0.8,0.0,0.8,0.0,0.8,0.0,1.6,1.6,0.0,0.8,0.0,0.0,0.8,1.6,0.8,0.8,1.6,1.6,0.8,1.6,-1.6,0.8,0.8,0.0,0.0,0.0,0.8,0.8,0.0,1.6,0.8,1.6,-0.8,0.8,2.4000000000000004,0.0,0.8,-0.8,0.8,0.8,0.0,0.8,0.8,0.8,0.8,0.8,1.6,0.0,0.8,0.8,0.8,1.6,0.0,1.6,0.0,1.6,0.0,0.8,0.8,0.0,0.0,0.8,0.0,0.0,0.0,1.6,0.0,0.0,-0.8,0.0,0.0,0.0,0.0,1.6,0.0,0.8,0.0,0.0,0.0,0.0,0.8,0.8,0.0,0.0,1.6,1.6,0.8,0.8,0.8,1.6,-1.6,0.0,1.6,0.8,1.6,0.8,0.0,0.0,-0.8,1.6,0.0,0.8,0.0,0.0,0.8,0.0,0.8,0.0,1.6,0.0,-1.6,2.4000000000000004,0.8,0.8,0.0,0.0,0.8,-0.8,1.6,0.0,-0.8,1.6,-0.8,0.0,0.0,0.8,0.8,-1.6,1.6,0.8,0.0,0.0,0.0,1.6,-1.6,-0.8,0.8,-0.8,0.8,0.0,0.8,0.8,0.0,0.8,0.0,1.6,0.8,-1.6,0.8,0.8,1.6,0.0,0.0,1.6,0.8,0.8,1.6,0.8,0.8,-0.8,0.0,-0.8,0.8,0.8,0.8,0.8,0.0,0.0,0.8,-0.8,1.6,0.0,1.6,0.8,0.8,0.8,0.0,0.8,1.6,0.8,0.0,1.6,0.8,1.6,1.6,-0.8,0.0,0.0,0.8,0.0,-0.8,0.0,0.8,-0.8,0.0,0.8,0.0,1.6,-0.8,0.0,0.8,0.0,0.8,0.0,0.8,1.6,0.0,0.8,-0.8,-0.8,0.0,1.6,0.8,0.8,0.8,0.8,0.8,0.0,0.0,0.0,0.8,0.8,-0.8,0.0,0.8,0.8,0.8,0.0,1.6,0.0,0.8,0.8,-0.8,0.8,0.0,0.8,0.0,-0.8,1.6,-0.8,0.8,0.0,-0.8,0.8,0.0,0.8,-0.8,0.0,0.8,-0.8,0.0,1.6,0.0,0.8,0.0,2.4000000000000004,0.0,0.8,0.8,-0.8,0.8,-0.8,0.8,3.2,-0.8,0.0,0.0,0.0,0.0,0.0,0.0,0.0,-0.8,0.8,0.0,1.6,0.0,0.0,0.8,0.0,0.8,-0.8,1.6,0.8,0.0,0.8,0.0,0.8,0.0,0.0,1.6,-0.8,0.8,-0.8,0.0,-0.8,0.0,0.8,0.0,0.8,0.8,0.8,0.8,0.8,0.0,-0.8,0.8,-0.8,-0.8,0.0,1.6,1.6,-0.8,0.8,0.8,0.8,0.8,0.0,-0.8,0.8,1.6,0.0,1.6,1.6,0.8,0.0,1.6,1.6,0.8,-0.8,0.8,1.6,0.0,0.8,0.0,0.0,0.8,0.0,0.8,1.6,0.8,1.6,0.0,-0.8,-0.8,0.0,0.8,0.8,2.4000000000000004,0.0,1.6,1.6,1.6,0.0,0.8,1.6,0.0,0.8,0.0,-0.8,1.6,0.0,0.8,2.4000000000000004,0.8,0.8,0.0,0.0,1.6,0.0,0.8,0.0,0.8,0.8,0.0,0.8,0.8,0.0,0.0,-0.8,0.8,0.8,1.6,0.8,0.8,0.8,0.0,-0.8,0.0,0.8,2.4000000000000004,0.0,0.8,0.8,0.0,0.0,0.8,1.6,0.0,0.8,2.4000000000000004,0.8,1.6,1.6,1.6,2.4000000000000004,-0.8,0.0,0.8,2.4000000000000004,1.6,0.0,0.8,1.6,0.8,0.8,-0.8,0.0,0.8,0.0,0.0,0.8,1.6,0.8,0.0,1.6,1.6,0.8,0.8,0.8,2.4000000000000004,0.0,0.0,0.0,1.6,0.0,-0.8,0.8,0.8,0.8,0.8,0.8,0.8,0.8,-0.8,0.0,1.6,1.6,0.0,0.8,0.8,1.6,1.6,0.8,0.0,0.8,0.8,0.0,-0.8,0.0,0.8,0.0,0.8,0.8,-1.6,1.6,-0.8,1.6,-0.8,0.0,0.8,0.8,0.8,-0.8,-0.8,1.6,-1.6,0.8,0.8,-0.8,2.4000000000000004,0.8,0.8,0.8,-0.8,0.8,-0.8,0.0,0.0,0.8,0.0,0.8,0.8,-0.8,0.0,0.0,-0.8,0.8,0.0,0.8,0.0,0.8,0.0,-0.8,0.8,-1.6,-0.8,0.8,0.8,1.6,0.0,0.0,0.8,0.0,0.8,0.0,0.8,1.6,0.8,0.0,0.0,0.0,0.8,0.0,0.8,1.6,1.6,0.0,1.6,0.0,-0.8,0.0,0.0,-0.8,-0.8,0.0,-0.8,2.4000000000000004,1.6,0.8,1.6,-0.8,0.8,0.0,-0.8,0.8,1.6,0.0,0.8,0.8,2.4000000000000004,-1.6,1.6,0.8,0.8,0.8,-0.8,0.8,0.8,0.0,2.4000000000000004,0.0,0.0,0.0,0.0,0.8,0.8,0.8,0.8,-0.8,1.6,-0.8,0.8,0.8,0.8,0.0,0.8,2.4000000000000004,0.0,1.6,2.4000000000000004,-0.8,0.0,0.8,0.8,-0.8,0.0,0.8,0.0,0.0,0.0,-1.6,0.8,0.8,0.0,0.8,0.0,0.8,0.0,0.8,0.8,0.8,0.0,0.0,1.6,-0.8,0.8,2.4000000000000004,0.8,0.8,0.0,0.8,1.6,0.0,0.8,-0.8,0.8,1.6,0.0,1.6,0.8,1.6,0.0,0.8,1.6,0.0,0.8,0.8,0.8,0.0,-0.8,1.6,0.0,0.0,0.8,0.0,0.8,0.8,-0.8,1.6,0.0,0.8,-0.8,0.8,0.8,1.6,0.0,0.8,0.8,0.8,0.0,0.8,0.0,1.6,0.8,0.8,0.8,0.0,0.8,0.8,1.6,0.0,0.0,0.0,0.8,0.8,-0.8,0.8,-0.8,0.0,0.8,-2.4000000000000004,0.8,-0.8,-0.8,0.8,0.0,0.8,0.0,0.8,0.8,0.8,2.4000000000000004,0.0,0.8,-0.8,0.0,2.4000000000000004,0.0,0.8,0.8,-0.8,0.8,0.0,0.8,0.0,0.0,0.8,0.0,0.8,0.0,0.0,1.6,-1.6,0.0,-0.8,1.6,0.8,-1.6,1.6,1.6,0.0,1.6,0.0,0.8,0.8,0.0,0.0,0.0,1.6,0.0,0.8,0.8,0.0,1.6,0.0,1.6,0.8,0.0,0.8,-0.8,1.6,0.8,0.0,1.6,0.0,0.8,0.0,1.6,0.8,0.0,0.8,0.0,0.0,1.6,-0.8,0.8,0.0,1.6,0.0,1.6,0.8,0.0,0.0,-0.8,0.0,1.6,0.0,1.6,0.0,0.0,0.8,0.0,0.0,1.6,0.8,0.8,0.0,0.0,0.0,0.0,0.0,0.8,0.8,0.8,0.8,0.8,0.8,0.0,0.0,0.0,0.0,0.0,0.0,0.8,-0.8,0.8,0.0,0.0,0.0,-0.8,0.0,0.0,0.0,0.0,0.0,0.0,0.0,0.0,0.8,0.0,1.6,0.0,-0.8,-0.8,0.8,0.0,0.8,0.0,0.8,0.0,0.8
event_54,1625266831.7900114,0.8,-0.8,0.0,0.0,0.0,0.0,0.0,0.8,0.0,0.0,0.8,0.8,0.0,0.8,0.8,0.0,0.8,1.6,0.8,0.8,0.8,0.0,-0.8,0.0,0.8,1.6,0.0,0.0,0.0,-0.8,0.0,1.6,0.0,0.8,0.0,0.0,0.8,-0.8,1.6,0.0,1.6,0.0,0.0,0.0,-0.8,0.0,0.0,-0.8,2.4000000000000004,0.0,1.6,-0.8,-0.8,1.6,-0.8,0.0,0.0,0.0,0.8,0.0,0.8,1.6,0.0,0.8,-0.8,0.8,-0.8,-0.8,0.0,-1.6,0.8,0.0,0.8,1.6,0.0,1.6,0.8,0.0,0.8,-0.8,1.6,0.0,2.4000000000000004,0.8,0.0,0.8,0.0,0.8,0.0,0.0,0.8,-0.8,0.8,0.0,0.0,0.8,0.8,0.8,0.0,0.0,-1.6,0.8,-10.400000000000002,-48.0,-43.2,-19.200000000000003,-8.8,-7.200000000000001,-0.8,0.0,-4.0,-4.0,-0.8,-0.8,-0.8,0.0,0.8,1.6,-0.8,0.0,0.8,-0.8,-0.8,0.8,-0.8,0.8,0.8,-1.6,0.0,1.6,0.8,0.0,-0.8,2.4000000000000004,0.8,0.0,0.0,0.0,0.8,0.0,0.0,-0.8,0.8,0.8,-0.8,0.8,0.8,1.6,0.0,0.0,0.0,0.0,0.0,0.0,0.0,1.6,1.6,0.8,0.8,-0.8,0.8,0.0,-0.8,0.8,0.0,0.0,0.0,0.0,0.0,-0.8,0.0,-0.8,1.6,-0.8,0.0,0.8,0.0,0.0,0.0,0.8,1.6,0.8,0.0,0.8,0.0,0.8,-0.8,1.6,0.0,0.8,0.0,-0.8,1.6,1.6,0.0,1.6,1.6,1.6,-0.8,0.0,0.8,0.8,0.0,-0.8,-0.8,1.6,-0.8,0.8,0.8,0.8,0.0,0.8,1.6,0.0,0.8,0.8,-0.8,0.8,-0.8,0.8,0.0,-1.6,1.6,0.8,0.0,0.8,0.0,-0.8,0.8,-0.8,0.0,0.8,0.8,0.8,-0.8,1.6,1.6,0.0,0.0,-0.8,0.0,-0.8,1.6,0.0,0.0,0.0,0.8,0.8,0.8,0.0,0.0,0.8,0.0,0.0,0.8,1.6,-0.8,0.8,0.8,0.0,0.8,0.0,0.0,0.8,-0.8,0.0,0.0,0.8,0.8,-0.8,0.8,0.8,0.8,0.0,0.0,0.0,-0.8,0.8,-0.8,0.8,1.6,-0.8,2.4000000000000004,0.8,1.6,-0.8,0.8,0.8,0.0,0.0,0.8,-0.8,0.8,0.0,0.8,0.8,0.0,0.0,0.0,0.8,-0.8,-0.8,0.8,0.0,0.8,0.0,0.0,0.8,0.8,-0.8,0.8,0.0,0.0,1.6,1.6,-0.8,1.6,0.8,0.0,0.8,-0.8,0.8,0.8,-0.8,0.8,0.0,-1.6,0.0,0.8,0.0,0.0,0.0,0.0,0.0,-0.8,0.0,0.0,0.8,0.0,0.0,0.8,1.6,0.8,0.0,0.0,0.0,0.8,1.6,0.0,0.8,0.0,-0.8,0.0,0.0,0.8,0.8,0.0,0.8,0.0,0.8,0.8,0.0,1.6,0.0,0.0,-0.8,0.0,1.6,0.0,0.0,1.6,-0.8,0.0,0.8,0.8,0.0,-0.8,0.0,0.0,1.6,0.8,0.0,0.8,0.0,0.0,1.6,0.8,0.0,-0.8,-0.8,-1.6,0.8,0.8,0.0,0.8,0.0,-0.8,0.0,0.0,0.0,-1.6,0.8,0.0,0.0,0.8,-0.8,0.8,0.0,-0.8,0.0,-0.8,0.8,0.8,0.0,0.8,-0.8,0.8,-0.8,-0.8,0.0,-0.8,0.0,0.0,-0.8,-0.8,-1.6,0.8,0.0,1.6,0.8,0.8,0.8,0.0,0.0,0.8,0.0,1.6,-0.8,-1.6,0.0,0.8,0.8,-0.8,0.0,1.6,-0.8,1.6,-0.8,0.0,0.8,0.0,-0.8,0.0,0.8,0.8,1.6,0.8,1.6,0.8,0.8,0.8,0.8,0.0,-0.8,0.0,0.8,0.0,0.8,0.0,1.6,0.0,-0.8,1.6,0.0,0.0,0.0,0.8,0.8,0.8,0.8,0.8,0.8,2.4000000000000004,-0.8,1.6,0.8,0.0,0.0,0.8,0.0,0.0,0.0,0.8,0.0,0.8,0.0,0.8,0.8,0.0,1.6,0.8,0.8,0.8,-1.6,0.0,-0.8,0.8,-0.8,0.0,1.6,-1.6,1.6,0.8,0.0,1.6,0.0,2.4000000000000004,-0.8,-1.6,2.4000000000000004,-0.8,0.0,0.8,0.8,0.0,0.0,0.8,-0.8,0.8,0.8,-0.8,2.4000000000000004,0.0,0.8,0.0,0.8,0.8,-1.6,1.6,0.8,0.0,0.8,0.8,1.6,0.0,0.8,0.8,-1.6,1.6,-0.8,0.0,0.8,0.8,0.8,0.8,0.0,0.8,-0.8,0.8,0.8,0.0,0.0,-0.8,0.8,0.8,0.0,0.8,0.0,1.6,0.8,0.8,0.0,0.0,0.8,-0.8,0.0,0.8,2.4000000000000004,-0.8,0.0,0.8,0.0,0.0,0.8,0.8,0.8,0.8,0.0,-0.8,0.8,-0.8,1.6,0.0,0.8,0.0,0.0,0.0,0.0,0.0,0.8,0.8,0.0,0.8,0.8,0.0,0.8,0.0,0.8,1.6,0.8,1.6,1.6,0.8,0.8,0.0,0.0,0.8,-0.8,0.0,0.8,-0.8,0.0,0.0,-0.8,1.6,0.0,0.0,0.0,0.0,1.6,-0.8,1.6,0.0,-0.8,0.0,-0.8,0.0,-0.8,0.0,1.6,0.8,1.6,-0.8,0.8,1.6,-0.8,0.0,0.0,0.0,0.0,0.0,1.6,-0.8,-0.8,0.0,0.8,1.6,-0.8,0.8,0.8,-0.8,0.0,-0.8,0.8,0.0,0.8,0.8,0.8,1.6,0.0,0.8,0.0,0.0,0.0,0.8,0.0,1.6,0.8,1.6,0.0,1.6,0.0,0.8,0.8,0.0,0.8,0.0,0.0,0.8,0.8,1.6,0.8,-0.8,0.0,0.0,0.0,0.8,0.0,-0.8,0.8,1.6,0.0,-0.8,0.8,0.0,0.0,0.8,0.0,-0.8,1.6,0.0,0.8,0.8,1.6,1.6,0.0,0.8,0.8,0.8,0.0,0.0,0.8,-0.8,0.8,1.6,0.8,0.8,0.8,1.6,-0.8,0.8,0.8,-0.8,0.8,-1.6,0.0,0.8,0.0,0.8,0.0,0.0,1.6,0.0,1.6,0.0,0.8,0.8,-1.6,0.0,0.0,0.0,0.8,0.0,0.8,0.0,0.0,0.8,0.8,0.8,-0.8,-0.8,0.8,0.8,0.0,-0.8,1.6,0.8,0.0,0.8,0.0,0.8,0.8,-0.8,0.8,0.8,1.6,0.8,-0.8,0.0,0.8,1.6,0.8,0.0,0.8,-0.8,-0.8,-0.8,0.0,0.0,0.8,0.8,0.0,0.0,0.0,0.0,0.8,-0.8,-0.8,0.8,0.8,0.8,0.0,0.8,0.0,0.8,0.8,1.6,0.8,2.4000000000000004,0.0,-0.8,0.0,0.8,0.8,0.0,0.0,1.6,0.0,0.8,0.0,-0.8,0.0,-0.8,0.8,-0.8,0.8,0.8,-0.8,0.8,0.0,0.0,-0.8,0.0,0.8,-1.6,0.0,0.8,-0.8,-0.8,0.0,2.4000000000000004,1.6,0.8,0.8,0.0,0.8,0.0,0.0,0.8,0.0,0.8,0.8,0.8,2.4000000000000004,-0.8,0.0,-0.8,0.0,0.8,-0.8,0.8,0.0,0.0,1.6,0.0,0.8,0.8,0.0,1.6,0.0,0.8,-0.8,0.8,0.8,0.0,0.8,0.0,1.6,0.8,-0.8,1.6,0.8,2.4000000000000004,0.8,-0.8,1.6,-0.8,0.0,1.6,0.0,1.6,0.0,0.8,0.0,0.0,0.8,0.0,0.8,0.8,0.8,0.0,0.0,0.8,0.0,0.0,0.8,0.8,2.4000000000000004,0.8,0.8,1.6,0.0,0.0,0.8,-1.6,1.6,2.4000000000000004,-2.4000000000000004,0.0,1.6,-1.6,-0.8,1.6,0.8,0.8,1.6,1.6,0.8,1.6,0.0,0.8,1.6,-0.8,0.0,0.0,1.6,0.0,-1.6,0.8,0.0,1.6,0.0,0.0,1.6,0.0,0.0,0.8,-0.8,0.0,-0.8,0.0,0.0,0.0,0.8,0.0,0.8,0.0,0.0,0.8,-0.8,0.8,0.8,0.0,0.0,0.0,1.6,-0.8,1.6,0.8,0.0,0.0,0.0,0.8,0.8,0.0,2.4000000000000004,0.0,1.6,-0.8,0.8,0.8,0.0,0.8,0.0,0.0,0.0,-0.8,1.6,-0.8,1.6,1.6,0.0,0.0,0.0,0.0,0.8,-0.8,1.6,-0.8,-0.8,0.8,-0.8,0.8,0.0,0.8,0.0,0.0,2.4000000000000004,0.0,0.8,0.8,0.0,0.8,-0.8,1.6,1.6,-0.8,0.8,-0.8,0.0,0.0,0.8,1.6,-0.8,1.6,1.6,-0.8,1.6,0.0,0.0,0.0,0.0,0.0,0.0,1.6,0.8,1.6,0.8,1.6,0.8,1.6,0.8,0.0,0.8,1.6,-0.8,0.0,1.6,0.8,0.0,0.0,0.8,0.0,0.0,1.6,2.4000000000000004,0.0,0.0,1.6,0.0,0.8,0.0,0.0,2.4000000000000004,0.0,0.8,0.0,0.8,0.8,-0.8,2.4000000000000004,0.8,1.6,0.8,-0.8,2.4000000000000004,0.8,0.0,0.8,0.0,1.6,-0.8,0.8,0.8,-0.8,0.8,1.6,1.6,0.8,-0.8,1.6,0.0,1.6,0.8,0.0,0.0,1.6,0.0,-0.8,0.0,1.6,0.0,0.8,0.0,-0.8,1.6,0.8,0.8,0.0,1.6,1.6,0.0,0.8,0.0,0.8,-0.8,0.8,1.6,-1.6,0.0,0.0,-0.8,0.8,0.0,0.8,-0.8,0.8,0.8,0.0,1.6,0.0,-1.6,0.8,0.8,0.8,0.8,0.0,1.6,0.8,1.6,0.0,-0.8,0.8,0.8,0.8,0.8,0.0,1.6,-0.8,0.8,1.6,-0.8,0.8,0.8,0.8,-0.8,0.0,0.8,1.6,0.8,0.0,0.0,2.4000000000000004,-0.8,1.6,0.0,0.0,0.8,0.0,0.0,0.8,0.8,0.8,0.8,0.8,0.8,-0.8,1.6,0.0,0.8,0.0,0.0,0.8,0.0,0.8,1.6,0.0,0.8,-0.8,0.0,0.8,0.8,0.0,0.8,1.6,1.6,1.6,0.8,0.0,1.6,0.0,0.0,1.6,-0.8,0.8,0.8,1.6,0.8,0.8,0.0,0.0,0.0,1.6,0.0,0.0,0.0,-0.8,0.0,-0.8,0.0,0.0,0.0,0.0,0.0,0.8,0.8,0.0,0.8,0.8,0.8,0.0,0.8,2.4000000000000004,0.8,1.6,0.8,0.8,0.8,0.8,0.0,-0.8,1.6,1.6,-0.8,0.0,0.8,0.8,0.8,0.8,0.8,0.0,0.8,0.8,0.8,0.8,0.0,0.8,0.8,0.0,-0.8,0.0,0.0,0.0,0.8,0.8,0.0,0.8,0.0,0.0,0.0,1.6,0.8,0.8,0.8,0.8,0.0,0.8,0.8,0.0,0.8,0.0,0.0,0.0,0.8,2.4000000000000004,-0.8,0.8,0.0,0.0,0.8,0.0,0.0,1.6,-0.8,1.6,0.8,-0.8,1.6,0.8,1.6,0.8,0.0,0.0,1.6,0.8,0.0,1.6,0.8,-0.8,0.8,0.0,1.6,0.0,0.0,2.4000000000000004,-0.8,-0.8,0.8,0.0,1.6,0.0,0.8,0.0,0.0,2.4000000000000004,0.0,0.8,0.8,-0.8,0.0,0.8,1.6,0.8,0.8,0.0,1.6,0.8,0.0,0.8,0.8,0.0,0.8,0.0,0.8,0.8,0.8,0.8,0.0,0.8,0.8,0.0,0.8,0.8,0.0,-0.8,0.0,1.6,0.0,0.0,0.0,0.8,0.8,-0.8,1.6,1.6,0.8,0.0,0.0,1.6,2.4000000000000004,0.0,0.0,1.6,0.8,0.8,0.8,0.8,1.6,-0.8,-0.8,0.0,0.8,0.8,0.8,1.6,0.0,0.8,0.0,0.0,0.8,-0.8,1.6,0.8,0.8,0.8,0.0,1.6,0.8,0.0,0.0,0.0,0.0,1.6,0.8,0.8,0.8,0.0,2.4000000000000004,0.0,0.0,0.8,0.8,0.0,0.0,1.6,-0.8,0.8,-0.8,0.0,0.8,0.8,0.8,0.0,0.8,1.6,0.0,1.6,0.0,0.0,1.6,0.8,0.8,0.0,0.8,2.4000000000000004,0.0,2.4000000000000004,0.0,0.0,0.8,-0.8,0.8,0.0,0.8,1.6,0.0,1.6,0.0,0.8,1.6,0.0,1.6,0.0,0.0,0.0,0.0,0.0,0.0,0.8,1.6,-0.8,1.6,0.8,0.0,0.8,0.0,1.6,-0.8,2.4000000000000004,0.0,0.8,0.8,0.0,1.6,1.6,1.6,0.8,0.0,1.6,-0.8,1.6,0.8,0.0,1.6,-0.8,0.0,0.0,-0.8,2.4000000000000004,-0.8,1.6,0.0,1.6,0.8,0.0,1.6,0.0,0.8,0.8,0.8,0.8,1.6,0.8,0.8,0.0,0.0,0.0,0.8,0.0,0.8,0.8,-0.8,0.8,0.8,0.0,0.8,0.0,0.0,0.0,1.6,0.0,0.0,1.6,0.0,0.8,0.8,0.0,0.0,-0.8,1.6,0.8,0.8,1.6,1.6,1.6,0.0,0.8,0.0,1.6,0.0,-0.8,0.8,0.0,0.8,0.8,0.0,2.4000000000000004,0.0,0.8,0.8,0.8,0.8,0.0,1.6,0.0,0.0,1.6,-0.8,2.4000000000000004,0.8,-0.8,1.6,-0.8,1.6,-0.8,0.0,1.6,1.6,0.8,0.8,0.8,1.6,-0.8,0.8,-0.8,1.6,0.8,-0.8,0.8,0.0,0.0,1.6,0.0,1.6,-0.8,0.8,0.0,-0.8,0.8,0.0,0.8,0.8,0.0,0.8,0.0,2.4000000000000004,0.8,0.0,0.0,-0.8,1.6,0.0,0.0,1.6,0.0,0.8,0.0,-1.6,0.8,0.8,0.8,0.8,0.8,0.0,-0.8,0.8,1.6,-0.8,0.0,0.8,1.6,0.0,0.8,0.8,0.8,0.0,-0.8,0.8,1.6,-0.8,0.8,0.0,0.8,1.6,0.0,0.0,-0.8,0.8,0.0,-0.8,0.8,1.6,0.0,0.8,-0.8,0.8,0.8,0.0,0.8,0.8,0.0,-0.8,0.8,2.4000000000000004,-1.6,0.0,1.6,0.0,0.8,0.0,0.8,1.6,0.0,-0.8,0.0,1.6,1.6,-1.6,1.6,1.6,1.6,0.0,0.8,0.8,0.8,-0.8,0.0,-0.8,0.8,0.0,1.6,0.0,0.8,0.0,0.8,0.0,0.8,-1.6,0.0,0.0,0.8,0.0,0.0,0.8,-0.8,0.8,0.8,0.8,0.0,0.0,0.8,0.8,-0.8,0.0,0.0,0.8,-0.8,0.8,1.6,-0.8,0.8,-0.8,-0.8,0.0,0.0,0.8,0.0,0.8,0.0,0.0,1.6,0.0,0.0,-0.8,0.8,-0.8,0.0,0.8,0.0,0.0,0.8,0.0,0.8,0.8,-0.8,0.8,0.8,-0.8,-1.6,1.6,0.8,0.0,1.6,0.8,0.8,0.0,0.0,0.8,0.8,-0.8,0.0,0.8,-0.8,0.8,0.0,0.0,1.6,0.8,1.6,0.0,0.0,0.0,-0.8,1.6,0.0,1.6,0.8,0.0,0.8,0.8,0.8,0.0,0.0,1.6,-0.8,1.6,-0.8,0.8,0.0,1.6,1.6,0.0,0.0,0.8,-0.8,1.6,-1.6,1.6,0.0,0.8,0.8,0.0,0.8,0.0,0.0,0.0,1.6,0.8,1.6,0.8,0.8,0.0,0.0,0.0,0.0,0.8,0.0,1.6,0.0,0.0,0.0,-1.6,0.8,0.0,0.8,0.0,-0.8,0.8,-0.8,0.8,0.8,0.0,0.8,0.0,-1.6,1.6,1.6,0.8,0.8,0.0,0.8,0.8,1.6,0.0,-0.8,0.0,0.8,0.0,0.8,0.0,0.8,-0.8,0.8,0.8,0.8,0.0,0.0,0.0,0.8,-0.8,1.6,0.8,0.8,0.0,0.0,0.8,0.8,0.0,0.8,0.0,0.8,0.0,0.8,0.0,1.6,0.0,0.0,1.6,1.6,0.0,0.8,-0.8,0.0,0.0,0.0,0.8,-0.8,0.8,0.8,0.8,1.6,-0.8,0.0,0.8,0.0,0.0,0.0,-0.8,1.6,0.0,0.0,0.8,0.0,0.8,0.0,1.6,-1.6,1.6,0.8,0.0,1.6,-0.8,1.6,0.0,-0.8,1.6,0.0,1.6,0.0,0.0,0.0,-0.8,1.6,0.0,-0.8,0.0,-0.8,0.8,0.8,1.6,0.0,0.8,0.0,-1.6,1.6,1.6,0.0,0.8,0.0,2.4000000000000004,0.8,0.8,0.8,-0.8,2.4000000000000004,0.8,0.0,0.8,1.6,0.8,0.8,0.8,1.6,-0.8,1.6,0.8,1.6,0.8,0.8,0.8,-0.8,0.8,-0.8,0.8,0.8,0.0,0.0,1.6,0.8,0.8,0.8,1.6,0.0,1.6,-0.8,0.8,0.8,0.8,0.8,0.8,-0.8,0.8,0.0,-1.6,0.0,2.4000000000000004,-0.8,0.8,0.8,-0.8,0.8,0.0,-0.8,1.6,0.0,0.8,0.0,0.8,0.8,0.0,1.6,0.8,0.8,0.0,0.0,0.8,0.0,-0.8,0.0,0.0,0.0,0.0,0.8,0.0,0.8,1.6,-1.6,0.8,0.8,-0.8,0.0,0.0,0.8,-1.6,1.6,0.8,-0.8,0.0,-0.8,0.8,0.8,-2.4000000000000004,0.8,-0.8,0.8,0.8,0.0,0.8,-0.8,0.8,1.6,0.0,0.8,0.8,0.0,0.0,0.0,1.6,0.8,0.8,0.0,0.0,0.0,0.0,1.6,0.8,0.0,0.8,-0.8,0.8,-1.6,0.0,0.8,0.0,0.8,0.8,1.6,-0.8,0.8,1.6,0.0,0.8,2.4000000000000004,-0.8,0.8,0.8,0.8,0.0,0.8,1.6,0.0,-0.8,-0.8,0.0,0.8,0.0,1.6,0.0,0.8,0.8,0.8,0.8,0.0,-0.8,0.8,-0.8,1.6,0.8,-0.8,0.8,0.0,0.0,0.0,-0.8,0.8,2.4000000000000004,1.6,0.0,0.0,0.8,0.0,0.8,0.0,0.8,0.8,0.0,0.0,0.0,-0.8,-0.8,0.8,0.0,1.6,0.0,0.0,0.8,1.6,0.8,0.0,0.8,0.8,-1.6,0.8,0.8,0.8,0.8,0.0,0.8,0.0,1.6,0.0,0.0,0.8,-1.6,0.8,0.8,0.8,1.6,-0.8,0.8,0.8,0.0,0.8,-0.8,1.6,-0.8,0.0,0.8,0.0,1.6,-1.6,1.6,1.6,0.0,1.6,0.0,1.6,0.8,-0.8,0.8,0.0,1.6,0.8,-1.6,0.8,0.0,0.8,0.8,0.0,0.8,-1.6,0.0,-0.8,0.0,0.8,0.8,0.8,1.6,-0.8,0.8,-0.8,0.8,0.0,0.0,0.0,0.0,0.0,0.8,0.8,0.8,-0.8,0.0,0.0,0.8,0.8,0.8,0.0,0.0,0.8,0.8,0.0,-0.8,0.0,0.8,0.0,-0.8,-0.8,-0.8,0.0,0.8,-0.8,-0.8,0.0,0.0,1.6,0.0,0.8,0.8,0.8,-0.8,-1.6,0.8,0.8,0.0,0.8,0.0,1.6,0.0,0.8,0.0,-1.6,0.8,0.0,-0.8,0.8,-0.8,0.8,0.0,0.0,0.0,0.8,0.0,0.0,0.0,-0.8,-0.8,0.8,0.8,0.8,0.8,-1.6,0.8,0.0,0.0,0.8,0.8,-0.8,-1.6,0.8,1.6,1.6,0.8,0.0,0.8,0.8,-1.6,1.6,0.0,0.0,-1.6,0.0,0.0,0.0,-0.8,0.8,-0.8,1.6,-0.8,0.0,0.0,0.0,-0.8,0.8,1.6,0.8,-0.8,0.0,0.0,0.0,-0.8,0.8,1.6,0.0,0.8,0.8,0.8,0.0,-0.8,0.8,0.0,0.0,0.8,0.8,0.0,0.0,0.0,-0.8,0.8,0.8,0.0,0.0,0.8,0.8,-0.8,0.0,0.0,0.0,1.6,-0.8,-0.8,-0.8,0.8,0.8,0.0,0.8,0.8,-0.8,1.6,-0.8,0.0,0.8,1.6,0.0,0.0,0.0,0.0,0.0,0.0,0.8,1.6,0.0,0.0,1.6,-0.8,0.0,0.0,2.4000000000000004,-0.8,-0.8,0.8,1.6,1.6,0.0,1.6,1.6,-0.8,0.8,0.8,0.0,1.6,0.0,0.8,0.0,2.4000000000000004,0.8,0.8,0.0,0.0,0.8,-1.6,0.8,0.8,-0.8,2.4000000000000004,0.0,0.0,0.0,-0.8,0.8,0.0,0.8,0.8,0.0,0.8,-1.6,0.0,0.0,0.0,1.6,0.0,0.0,-0.8,1.6,0.8,-0.8,0.8,0.8,0.0,0.0,-1.6,0.8,0.0,-0.8,0.8,0.0,0.0,0.0,0.0,0.0,0.0,0.0,0.0,0.8,0.0,0.8,0.0,0.8,-1.6,-0.8,-0.8,1.6,0.0,0.0,0.0,1.6,0.8,0.8,0.8,0.8,0.0,0.8,-0.8,-0.8,0.8,0.8,-0.8,0.0,0.8,0.8,0.8,0.0,-0.8,0.0,0.0,0.8,0.0,0.0,-0.8,0.0,2.4000000000000004,0.0,1.6,0.8,0.0,0.0,-0.8,2.4000000000000004,-0.8,3.2,0.0,-0.8,1.6,0.8,0.0,0.8,0.8,1.6,-0.8,-1.6,0.8,0.0,0.0,0.0,0.8,-0.8,-0.8,0.0,-0.8,1.6,-1.6,1.6,0.0,0.0,0.0,0.0,0.0,0.8,-0.8,1.6,0.8,0.8,2.4000000000000004,-0.8,0.8,0.0,0.8,1.6,0.0,0.8,0.0
event_55,1625266833.9401343,-0.8,1.6,0.8,-0.8,-0.8,0.8,0.8,1.6,0.0,-0.8,1.6,0.0,0.0,1.6,0.8,1.6,-0.8,0.0,0.8,0.8,0.8,0.0,1.6,-0.8,0.0,0.0,0.0,0.8,-0.8,0.0,2.4000000000000004,-0.8,0.0,0.0,1.6,1.6,-1.6,0.8,0.8,1.6,1.6,-0.8,0.8,0.0,0.0,2.4000000000000004,-0.8,1.6,-0.8,-0.8,0.0,-0.8,0.0,0.8,0.8,0.0,-0.8,0.8,-0.8,0.8,0.0,0.0,0.8,-0.8,1.6,0.0,-0.8,1.6,-0.8,0.8,0.0,0.0,2.4000000000000004,-0.8,0.0,0.0,-0.8,1.6,-1.6,0.8,0.0,0.8,0.8,-0.8,0.8,-0.8,0.0,0.8,0.8,0.0,-0.8,1.6,-0.8,0.0,0.8,0.0,0.8,0.8,-0.8,0.0,0.8,0.0,-2.4000000000000004,-39.199999999999996,-95.2,-81.60000000000001,-37.6,-12.8,-8.8,-1.6,-1.6,-6.4,-4.800000000000001,-2.4000000000000004,-3.2,-1.6,0.8,-0.8,-0.8,0.8,0.0,1.6,-0.8,0.0,0.8,-1.6,0.0,0.8,-0.8,-0.8,0.8,0.8,0.0,-0.8,0.0,1.6,0.8,-0.8,1.6,0.0,0.8,0.0,1.6,0.8,0.0,-0.8,-0.8,0.0,-0.8,-0.8,-0.8,-0.8,1.6,0.0,0.0,0.0,0.8,1.6,0.0,-0.8,0.0,-1.6,1.6,-1.6,0.8,0.8,-0.8,0.0,-0.8,0.8,0.0,1.6,1.6,-0.8,1.6,-0.8,-1.6,0.0,-1.6,0.8,-0.8,-0.8,0.0,-2.4000000000000004,0.0,-1.6,0.8,1.6,0.0,0.0,0.8,0.8,1.6,-0.8,0.8,0.0,0.0,-0.8,0.0,1.6,0.8,1.6,-0.8,0.8,0.8,0.8,0.8,-0.8,0.8,0.8,0.0,0.8,0.0,0.8,0.0,0.8,1.6,0.8,0.0,0.0,0.8,0.0,0.0,0.8,0.0,0.8,0.8,0.8,0.8,0.0,0.8,0.8,0.8,0.0,-0.8,0.8,0.8,1.6,0.8,0.0,0.8,1.6,0.0,0.8,0.8,1.6,-0.8,0.0,0.0,0.0,0.0,1.6,0.8,0.8,0.0,0.0,-1.6,0.0,-0.8,0.0,0.0,0.0,0.0,0.8,0.0,0.8,0.0,0.0,0.0,0.0,0.8,0.8,0.0,0.8,0.0,0.0,0.8,0.0,0.8,0.8,0.0,0.0,0.0,0.8,0.8,-0.8,1.6,2.4000000000000004,-0.8,1.6,0.0,0.8,0.0,0.0,1.6,-1.6,-0.8,0.8,1.6,1.6,-0.8,0.0,0.8,0.0,2.4000000000000004,-0.8,0.0,0.8,0.8,0.8,0.0,0.0,0.0,0.8,0.8,0.0,1.6,0.8,0.0,1.6,0.8,0.8,-1.6,0.8,-0.8,0.8,0.0,0.8,0.8,1.6,0.0,0.8,0.8,-0.8,0.8,0.8,2.4000000000000004,0.8,0.8,0.8,1.6,0.0,0.8,-0.8,1.6,0.0,0.0,0.0,0.0,0.8,0.8,0.8,0.8,0.0,0.8,-0.8,0.8,-0.8,0.8,0.8,0.0,0.8,0.0,0.0,0.0,-0.8,0.0,-0.8,0.0,0.8,0.8,0.0,0.8,0.8,1.6,0.0,1.6,0.8,0.8,-0.8,-0.8,0.8,0.0,0.8,1.6,0.0,0.8,0.0,0.8,0.0,-0.8,0.8,-0.8,1.6,0.0,-1.6,0.8,0.8,-0.8,0.0,-0.8,1.6,0.0,0.8,0.8,0.0,0.8,-0.8,0.0,-0.8,0.0,0.0,-0.8,0.8,0.0,0.0,0.8,0.0,1.6,0.0,0.0,0.0,0.8,0.8,0.0,-0.8,1.6,0.8,0.8,0.8,0.8,0.8,-0.8,0.0,0.0,1.6,0.0,0.0,0.8,0.8,0.0,1.6,0.0,1.6,0.8,-0.8,0.8,0.8,0.8,1.6,1.6,0.8,-0.8,0.8,0.0,0.8,0.0,-0.8,0.0,0.8,-0.8,-0.8,0.8,0.8,0.8,0.8,0.0,0.0,0.8,0.8,0.0,1.6,0.8,-0.8,0.0,0.0,1.6,1.6,0.0,0.8,0.0,0.8,0.0,-0.8,0.0,-0.8,0.8,0.0,0.0,1.6,0.0,0.8,0.8,0.0,-0.8,-0.8,1.6,0.0,0.0,0.0,0.0,0.8,0.8,0.8,0.0,-0.8,2.4000000000000004,-1.6,0.0,0.0,0.0,0.8,0.0,1.6,0.8,0.0,1.6,0.0,0.0,0.0,0.8,0.0,-0.8,0.8,0.0,1.6,0.8,0.8,1.6,-0.8,0.8,0.0,0.0,0.8,0.8,0.0,0.0,0.0,1.6,0.8,1.6,0.8,1.6,0.8,-0.8,0.8,-0.8,0.0,0.8,-0.8,0.8,0.0,0.0,0.8,0.8,-0.8,1.6,1.6,0.8,-0.8,0.0,0.0,0.8,0.0,0.8,0.0,0.0,2.4000000000000004,0.8,-0.8,1.6,0.8,1.6,0.0,0.8,0.0,0.8,-0.8,0.0,0.8,0.0,0.0,0.8,0.0,0.0,0.0,0.0,-0.8,0.8,0.8,0.0,0.8,-0.8,-0.8,-0.8,0.0,0.8,-0.8,0.8,0.0,0.0,1.6,-0.8,-0.8,-1.6,-0.8,0.0,-0.8,0.0,0.8,0.0,0.0,0.0,0.8,-0.8,0.0,1.6,-1.6,0.0,0.0,0.0,0.8,0.0,1.6,0.8,0.0,0.8,0.0,1.6,0.0,0.0,0.8,0.8,1.6,-0.8,0.8,0.8,0.8,0.8,0.8,1.6,0.0,0.0,0.8,0.0,1.6,0.8,0.8,0.8,-0.8,0.0,-0.8,-0.8,0.0,0.0,1.6,0.0,1.6,0.8,0.0,2.4000000000000004,0.8,0.8,1.6,0.0,0.0,-0.8,0.0,0.0,0.8,1.6,0.0,0.8,0.0,0.8,1.6,0.0,0.8,0.0,0.0,0.8,0.0,0.0,0.0,-0.8,0.8,-0.8,0.8,0.8,0.0,1.6,0.0,-0.8,0.0,0.8,0.8,0.8,0.0,0.0,0.0,0.8,0.0,-0.8,0.0,-0.8,0.8,0.8,0.0,0.8,0.8,0.0,1.6,0.0,0.8,0.0,-0.8,-0.8,0.0,-0.8,-0.8,0.0,0.0,-0.8,2.4000000000000004,0.8,1.6,0.8,0.0,1.6,-2.4000000000000004,0.8,0.8,0.0,1.6,0.8,0.8,0.8,-0.8,1.6,-0.8,0.8,-0.8,0.0,0.0,0.0,0.8,0.8,0.0,0.0,-0.8,0.8,-0.8,0.8,0.0,-0.8,1.6,0.0,-0.8,0.8,0.8,0.8,-0.8,0.8,0.0,-0.8,1.6,0.8,0.0,0.0,-0.8,0.8,-1.6,0.0,0.0,0.8,0.8,0.0,0.0,-0.8,0.0,0.8,0.0,0.8,0.8,0.8,0.0,0.0,0.0,0.0,0.8,-0.8,-2.4000000000000004,0.0,1.6,0.0,-0.8,0.8,0.8,1.6,0.0,0.0,0.8,0.0,0.8,-1.6,0.8,0.8,0.0,1.6,0.0,0.8,0.8,0.8,0.0,0.0,0.0,0.0,0.0,0.0,0.0,0.8,0.0,0.0,0.8,-0.8,0.8,0.0,0.8,-0.8,0.0,0.8,0.8,-0.8,0.0,0.8,1.6,-0.8,1.6,0.8,0.0,0.8,-0.8,-0.8,0.8,1.6,1.6,0.0,1.6,-0.8,0.0,0.8,-0.8,0.0,0.0,-0.8,0.8,0.0,0.0,0.8,0.0,0.0,0.0,0.0,-0.8,0.0,1.6,0.0,0.0,0.8,0.8,0.8,0.0,1.6,1.6,0.0,0.8,-0.8,0.0,-0.8,0.0,0.8,-0.8,0.8,0.0,0.8,0.8,0.0,0.8,0.8,-0.8,0.0,0.0,0.8,0.0,0.0,0.8,0.8,0.8,2.4000000000000004,0.8,0.8,1.6,0.0,0.0,0.8,0.8,1.6,1.6,0.0,1.6,0.8,0.0,1.6,0.8,0.0,-0.8,0.0,0.0,1.6,0.8,0.8,2.4000000000000004,0.8,0.8,1.6,0.8,1.6,-0.8,2.4000000000000004,0.8,2.4000000000000004,0.8,0.8,2.4000000000000004,0.0,1.6,0.8,0.0,0.0,0.0,0.8,0.0,0.8,0.0,1.6,0.8,-1.6,0.0,0.0,0.0,1.6,-1.6,0.8,1.6,0.8,0.8,-0.8,0.8,0.0,0.8,0.0,0.0,0.8,0.0,0.8,0.8,-1.6,0.8,0.0,-0.8,0.0,0.0,1.6,-1.6,0.0,0.0,-2.4000000000000004,0.8,0.0,0.8,0.0,0.0,1.6,-0.8,0.8,0.0,-0.8,0.8,-0.8,-1.6,-0.8,0.8,0.8,-0.8,0.0,0.8,0.0,1.6,0.0,0.0,0.0,0.0,0.0,-0.8,0.8,-0.8,-0.8,0.8,-0.8,0.0,-0.8,0.0,0.8,-0.8,-0.8,0.0,1.6,-0.8,0.0,0.0,0.0,0.0,0.8,0.8,0.0,-0.8,-0.8,0.0,-0.8,0.0,0.0,2.4000000000000004,0.0,1.6,0.0,0.0,-0.8,0.0,-0.8,0.0,0.8,0.0,0.8,0.8,1.6,0.8,-0.8,0.8,-0.8,1.6,-3.2,0.0,1.6,-0.8,-4.0,2.4000000000000004,1.6,-1.6,0.0,2.4000000000000004,0.8,-1.6,2.4000000000000004,0.8,-0.8,0.0,0.0,1.6,-0.8,-0.8,2.4000000000000004,0.0,-0.8,0.0,-1.6,-1.6,-0.8,0.8,-0.8,0.8,0.8,-0.8,0.0,0.0,0.8,-1.6,0.0,0.0,-1.6,0.0,1.6,0.0,0.8,0.0,1.6,0.0,1.6,1.6,-1.6,0.8,0.0,0.8,0.8,0.8,1.6,0.0,0.8,0.0,-0.8,0.8,-0.8,0.8,0.0,-2.4000000000000004,0.8,-1.6,0.0,-0.8,-1.6,1.6,0.8,0.0,0.8,-0.8,0.8,-1.6,0.0,0.0,0.0,0.0,0.0,1.6,0.0,0.0,0.8,-0.8,0.8,0.0,-0.8,-0.8,0.0,0.0,0.8,0.0,0.8,0.0,0.0,0.0,0.8,0.0,0.8,0.8,0.0,-0.8,0.8,0.0,0.8,0.8,0.0,0.0,0.0,0.8,1.6,0.8,0.0,2.4000000000000004,0.8,0.0,0.0,0.8,1.6,-1.6,0.8,0.0,-0.8,0.0,-0.8,1.6,0.0,0.0,0.0,0.0,0.8,0.0,0.8,0.8,-0.8,0.0,0.0,2.4000000000000004,0.8,0.0,0.0,0.8,1.6,0.8,0.0,0.8,-1.6,0.8,0.0,0.0,0.0,-0.8,0.0,0.8,0.0,0.8,0.0,1.6,-0.8,0.0,0.0,-1.6,0.8,0.8,-0.8,0.8,0.0,1.6,0.0,0.8,0.8,0.0,0.0,0.0,0.0,0.8,0.0,0.8,0.8,1.6,0.0,0.8,0.8,0.0,0.8,0.0,-0.8,0.8,0.0,0.8,0.8,1.6,0.0,0.0,0.8,0.8,-1.6,0.0,0.0,0.8,0.0,0.8,0.8,0.8,0.0,0.0,0.8,0.8,0.8,0.8,0.0,0.0,0.8,0.0,-0.8,0.0,-0.8,0.8,-0.8,0.0,0.8,-1.6,0.8,0.0,0.8,0.0,0.8,0.8,0.0,0.0,0.0,-0.8,0.8,-0.8,-1.6,0.0,1.6,1.6,0.8,0.8,1.6,0.0,0.8,-0.8,0.8,0.8,0.0,0.8,0.0,0.8,1.6,0.0,1.6,1.6,0.8,0.8,0.0,1.6,0.0,0.0,1.6,0.0,0.8,0.0,1.6,0.8,0.8,1.6,0.8,0.8,0.8,0.0,1.6,0.0,1.6,0.8,0.8,0.8,0.8,0.8,0.0,0.0,0.8,0.0,0.8,-1.6,0.8,0.8,0.0,0.0,0.8,0.0,0.8,0.0,0.8,-0.8,0.0,1.6,0.0,0.8,-0.8,-0.8,0.8,-0.8,0.0,2.4000000000000004,0.0,0.8,0.8,0.8,0.8,0.0,0.0,0.0,-0.8,0.0,0.8,0.0,0.0,0.0,-0.8,0.0,0.0,-0.8,0.0,1.6,-0.8,0.0,0.8,0.8,0.0,0.8,0.8,-3.2,0.8,2.4000000000000004,-0.8,0.0,0.8,1.6,-0.8,0.0,0.8,-0.8,1.6,-0.8,-1.6,1.6,0.0,0.8,1.6,0.8,1.6,-0.8,0.0,0.0,0.8,-0.8,-0.8,1.6,0.8,0.0,1.6,0.0,1.6,0.8,0.0,0.8,0.0,0.8,-1.6,0.8,0.0,1.6,0.8,-0.8,1.6,0.8,0.8,1.6,-0.8,1.6,0.8,0.8,0.8,-0.8,0.0,1.6,0.0,0.8,-0.8,1.6,-0.8,0.0,-0.8,0.8,0.8,0.8,0.0,0.8,0.0,1.6,0.0,0.8,0.0,0.0,0.8,0.8,-0.8,0.0,0.8,0.8,-0.8,-0.8,0.8,0.0,0.0,0.0,-0.8,-0.8,0.0,0.0,0.8,0.0,0.0,0.8,0.0,0.8,0.8,0.0,0.0,-1.6,-0.8,0.0,0.8,1.6,-0.8,0.8,0.0,0.8,0.8,-0.8,0.0,0.8,0.0,0.0,0.0,0.8,0.0,0.8,0.0,0.8,0.0,-1.6,0.8,0.8,0.0,0.8,-1.6,0.8,0.0,-0.8,0.8,0.8,0.8,0.0,0.0,0.8,0.0,0.0,0.8,0.0,1.6,0.0,1.6,0.8,0.8,0.0,0.0,0.8,-0.8,0.8,0.0,-0.8,0.8,-0.8,1.6,0.0,-0.8,0.8,-0.8,0.0,0.0,-0.8,0.8,-0.8,0.8,-0.8,0.0,0.8,0.0,1.6,-0.8,0.0,-0.8,0.0,1.6,-0.8,0.8,1.6,-0.8,0.0,-0.8,0.8,-0.8,-1.6,0.0,0.0,-0.8,0.0,-0.8,0.0,-0.8,0.8,0.0,0.0,0.8,0.8,0.8,0.0,-0.8,0.0,0.0,0.8,0.8,0.0,0.8,1.6,0.8,0.8,0.0,0.0,0.8,-0.8,0.0,0.8,0.8,0.0,0.0,0.0,1.6,0.8,0.8,1.6,1.6,-0.8,-0.8,0.0,0.0,0.0,0.8,-0.8,0.8,-0.8,0.0,0.0,0.8,0.0,-0.8,1.6,0.8,1.6,0.8,-0.8,0.8,0.8,0.8,0.0,0.0,0.8,-0.8,0.0,0.0,0.8,0.8,0.0,0.8,0.0,0.0,0.0,0.0,1.6,-0.8,0.0,-0.8,0.8,0.8,0.0,0.0,0.0,0.8,0.8,0.0,0.8,2.4000000000000004,0.0,0.8,0.0,0.8,1.6,-0.8,0.8,0.8,0.8,0.8,0.8,0.8,-0.8,0.0,0.0,-1.6,1.6,0.0,0.0,0.0,0.0,0.8,-0.8,0.8,0.0,-0.8,0.8,0.0,0.8,0.0,0.0,2.4000000000000004,1.6,1.6,0.0,0.0,1.6,0.0,-0.8,-0.8,0.0,0.8,-0.8,1.6,0.8,-0.8,0.0,0.0,0.8,-0.8,0.0,0.0,0.8,0.0,-0.8,0.0,0.0,0.0,0.0,0.8,0.0,0.0,-0.8,0.0,0.8,1.6,0.8,0.0,1.6,0.8,-0.8,0.8,-1.6,0.8,0.8,-0.8,0.8,-0.8,0.0,2.4000000000000004,0.8,0.8,-0.8,0.0,-0.8,0.0,0.0,0.0,0.0,0.0,0.0,0.8,0.0,0.0,-0.8,0.0,0.0,-0.8,1.6,0.8,-0.8,1.6,0.0,0.0,0.0,0.0,0.8,0.0,0.8,-0.8,-0.8,0.0,-1.6,0.0,0.0,0.8,0.8,-0.8,0.8,0.0,0.0,-0.8,0.8,-0.8,-0.8,-1.6,0.0,2.4000000000000004,0.0,-2.4000000000000004,2.4000000000000004,2.4000000000000004,-2.4000000000000004,0.0,0.0,-0.8,-0.8,-0.8,-0.8,0.0,0.0,0.0,0.8,1.6,-1.6,-1.6,1.6,0.8,-0.8,0.0,0.8,0.8,0.0,-0.8,0.0,1.6,0.8,-0.8,1.6,0.0,0.0,0.0,0.8,0.0,1.6,-0.8,0.8,0.8,0.0,0.0,0.8,0.0,-0.8,0.0,-0.8,-0.8,0.8,-0.8,0.8,0.0,0.8,0.0,0.0,0.0,0.0,-0.8,0.8,-1.6,1.6,-0.8,0.0,0.8,-0.8,0.8,-0.8,-0.8,0.0,0.0,0.0,-0.8,0.8,0.8,0.0,0.0,-0.8,0.8,0.8,-0.8,0.8,-0.8,-1.6,0.8,0.8,0.8,-0.8,0.8,0.8,-1.6,1.6,0.0,0.0,1.6,0.0,-0.8,-0.8,0.8,0.8,0.8,0.8,0.0,1.6,0.8,-0.8,0.0,0.8,0.8,-1.6,-0.8,1.6,0.8,0.0,0.0,0.0,-0.8,-0.8,0.8,0.0,0.0,0.0,-0.8,0.0,0.0,0.0,0.0,1.6,0.8,-0.8,0.8,0.8,0.0,0.0,1.6,0.0,0.0,0.0,1.6,0.8,0.8,-1.6,0.8,0.0,0.0,-0.8,-0.8,0.8,-0.8,0.0,0.8,-0.8,0.8,0.0,0.8,-0.8,0.8,-0.8,0.8,0.0,0.8,0.0,-0.8,-0.8,0.0,0.8,0.0,0.0,0.0,1.6,0.8,0.0,-0.8,0.8,0.8,-1.6,0.8,0.0,0.8,-0.8,-1.6,0.8,-1.6,0.0,1.6,-0.8,1.6,0.0,0.0,0.0,-0.8,1.6,0.0,1.6,-0.8,-1.6,0.0,0.0,1.6,-0.8,0.0,1.6,-0.8,1.6,-0.8,-1.6,0.8,-0.8,0.0,-0.8,1.6,0.8,-0.8,2.4000000000000004,0.0,0.8,0.0,0.0,3.2,-1.6,0.0,-0.8,0.8,1.6,0.0,0.0,0.8,0.0,0.8,0.0,0.8,0.0,0.0,1.6,-0.8,1.6,0.0,0.8,1.6,0.0,0.0,1.6,0.0,0.0,0.0,0.8,0.0,0.8,0.8,1.6,0.0,0.0,-1.6,-1.6,0.0,0.0,0.0,0.0,-0.8,1.6,0.0,-0.8,-0.8,0.8,0.0,0.0,0.8,0.0,1.6,0.8,0.0,0.0,-0.8,0.0,0.0,-1.6,0.8,0.8,-0.8,0.0,-1.6,-0.8,0.0,0.8,0.8,-0.8,0.8,0.0,-0.8,0.0,0.8,-0.8,-0.8,0.8,0.0,-0.8,1.6,0.0,0.8,0.8,1.6,1.6,0.0,0.0,-0.8,0.8,1.6,-1.6,0.0,0.8,0.0,0.0,0.0,2.4000000000000004,0.8,-0.8,0.8,0.8,0.0,-0.8,0.8,0.8,0.0,0.8,0.0,0.0,0.8,0.0,1.6,0.8,2.4000000000000004,0.0,0.0,1.6,0.8,0.8,0.8,1.6,1.6,-1.6,0.8,0.8,0.0,0.0,-0.8,0.8,-0.8,0.8,1.6,-0.8,1.6,-0.8,0.0,0.0,0.0,0.0,0.8,0.0,1.6,0.8,0.8,0.0,1.6,1.6,0.8,0.8,0.0,2.4000000000000004,0.8,-0.8,0.8,0.0,0.8,-0.8,0.8,1.6,0.8,0.8,0.8,-0.8,-0.8,0.0,1.6,0.0,0.0,0.0,0.0,0.8,1.6,0.0,0.0,0.8,0.0,-0.8,0.8,0.8,0.8,-0.8,0.8,0.0,0.0,1.6,-0.8,0.8,0.8,0.8,-0.8,0.8,0.8,-0.8,0.0,1.6,0.8,0.0,-0.8,1.6,0.0,-0.8,1.6,-0.8,0.8,0.0,-0.8,0.8,0.8,0.0,0.0,0.8,0.8,0.8,0.8,-0.8,0.8,2.4000000000000004,-0.8,0.0,0.8,1.6,0.0,0.8,0.0,0.8,-0.8,-0.8,0.0,0.8,-0.8,1.6,0.0,0.0,0.0,0.8,0.0,0.8,-0.8,0.8,0.8,0.8,0.0,0.0,0.8,0.8,0.8,0.0,0.0,-0.8,0.8,0.8,0.0,0.0,0.0,0.8,0.0,0.0,-0.8,0.0,0.0,0.0,0.0,0.0,1.6,-0.8,-0.8,0.8,0.0,0.0,0.0,0.8,0.8,-0.8,0.0,-1.6,-0.8,0.8,0.8,0.0,0.8,0.0,2.4000000000000004,0.0,0.8,-0.8,0.0,0.0,-0.8,0.0,0.0,0.8,1.6,-0.8,0.8,0.8,0.0,0.0,0.0,1.6,-0.8,-0.8,-0.8,0.0,0.0,0.0,0.8,1.6,-0.8,0.8,0.0,-0.8,0.8,-0.8,0.8,-0.8,1.6,0.8,0.8,0.8,-0.8,0.0,1.6,0.0,0.8,0.0,0.8,0.0,0.0,0.8,0.0,0.8,0.0,-0.8,0.0,0.8,2.4000000000000004,-0.8,0.0,-0.8,0.8,0.8,-0.8,0.8,0.0,0.0,0.8,0.0,0.8,0.8,0.0,1.6,-0.8,0.0,0.8,0.0,0.8,0.8,0.0,0.8,-0.8,0.8,-1.6,0.8,0.8,-0.8,0.0,0.0,2.4000000000000004,-0.8,0.8,0.8,-0.8,1.6,-0.8,0.0,0.0,1.6,1.6,-0.8,0.8,0.8,1.6,1.6,0.0,0.0,0.0,2.4000000000000004,-0.8,1.6,1.6,0.8,2.4000000000000004,0.0,2.4000000000000004,1.6,0.0,1.6,0.8,0.8,0.0,0.0,0.0,0.0,0.8,0.0,2.4000000000000004,1.6,0.0,1.6,0.0,0.0,-0.8,0.8,1.6,1.6,0.8,0.8,0.8,2.4000000000000004,-1.6,0.8,0.0,0.0,0.0,-1.6,0.8,-0.8,0.0,2.4000000000000004,-0.8,2.4000000000000004,-0.8,-0.8,1.6,0.0,0.8,0.0,0.0,1.6,-0.8,0.0,0.0,1.6,0.8,-1.6,0.8,-0.8,1.6,1.6,0.0,1.6,0.0,0.8,-0.8,-0.8,1.6,0.8,0.0,0.8,0.0,0.8,0.0,0.8,0.8,-0.8,0.8,0.8,0.0,0.8,0.0,0.0,1.6,0.0,-1.6,0.0,0.8,0.8,0.8,-0.8,0.8,1.6,0.8,-0.8,0.0,0.8,-0.8,-0.8,0.8,0.8,0.8,1.6,1.6,0.8,0.0,0.8,1.6,1.6,0.0,-0.8
event_56,1625266836.0892572,0.0,0.0,0.0,1.6,0.0,0.0,0.0,0.8,0.0,0.0,-0.8,0.8,0.0,0.8,0.0,0.8,0.0,0.8,0.0,0.0,0.8,0.0,2.4000000000000004,0.0,0.0,1.6,-0.8,0.8,-0.8,-1.6,0.8,0.0,0.0,0.0,0.0,1.6,0.8,0.8,0.8,0.0,0.0,0.0,0.8,0.8,0.0,-0.8,-0.8,0.0,-0.8,0.8,0.8,0.8,0.8,0.8,1.6,0.0,0.8,0.8,-0.8,0.8,0.0,-0.8,1.6,0.0,0.0,0.0,0.0,1.6,0.0,0.0,-0.8,0.8,0.0,-0.8,0.8,-0.8,0.8,0.8,0.0,1.6,0.0,0.8,0.8,0.0,0.0,-0.8,1.6,0.8,0.0,1.6,-0.8,2.4000000000000004,0.8,-1.6,1.6,-0.8,1.6,-0.8,-0.8,0.8,-0.8,1.6,-1.6,-52.8,-141.6,-141.6,-84.0,-33.6,-18.4,-9.600000000000001,-5.6,-9.600000000000001,-10.400000000000002,-6.4,-6.4,-4.800000000000001,0.0,-0.8,-1.6,-0.8,-2.4000000000000004,0.0,-0.8,1.6,0.8,-0.8,1.6,-0.8,-1.6,-0.8,0.8,-0.8,-0.8,-0.8,0.0,1.6,-0.8,-2.4000000000000004,0.0,0.0,0.8,-0.8,0.0,1.6,0.0,0.0,-0.8,0.0,0.0,0.0,-0.8,0.0,0.0,0.8,0.8,0.0,-0.8,0.8,-0.8,0.0,0.0,0.0,0.0,-0.8,0.8,0.0,0.0,0.0,-0.8,0.8,0.8,0.0,-0.8,-2.4000000000000004,0.0,1.6,0.0,0.8,0.8,0.8,0.0,0.8,0.8,0.0,-0.8,-0.8,0.8,1.6,0.0,1.6,-0.8,0.8,-0.8,0.0,0.8,-0.8,0.0,-1.6,-0.8,0.0,-0.8,1.6,0.0,0.8,0.0,0.0,-0.8,0.0,-0.8,0.8,-0.8,0.8,-1.6,0.0,0.0,0.0,0.8,0.0,0.8,1.6,1.6,1.6,0.0,0.8,0.0,0.8,0.0,-0.8,0.8,0.8,-0.8,0.8,-0.8,-0.8,0.0,-0.8,0.0,0.8,0.8,0.0,0.0,0.0,0.0,-0.8,0.0,0.0,0.0,0.0,0.8,0.0,0.0,0.8,0.8,0.8,1.6,-0.8,-0.8,0.8,0.0,0.0,-0.8,0.0,0.8,-0.8,1.6,0.8,0.8,0.0,-0.8,0.8,-0.8,0.0,0.0,0.8,0.8,0.0,0.0,0.0,0.8,0.8,0.8,0.8,0.8,0.0,-0.8,0.0,0.8,-0.8,0.8,1.6,0.8,0.0,0.8,0.0,1.6,0.0,0.0,0.0,0.0,0.8,1.6,2.4000000000000004,0.0,0.0,0.8,-1.6,0.8,-0.8,-0.8,0.0,0.0,0.0,-0.8,0.0,0.8,0.0,1.6,0.0,0.0,0.8,0.8,0.0,0.0,0.0,-0.8,0.0,0.0,0.0,0.8,0.0,0.0,0.8,-0.8,-0.8,-0.8,0.8,0.8,0.8,0.8,0.8,0.8,0.8,0.0,1.6,-0.8,0.0,0.0,0.8,-0.8,-0.8,0.0,0.0,0.8,0.8,0.0,-0.8,0.0,0.8,0.8,0.0,-0.8,0.0,0.0,-0.8,0.8,-0.8,0.8,0.8,0.0,0.0,0.0,0.8,0.0,0.0,-0.8,-1.6,0.8,-0.8,0.0,0.8,-0.8,0.8,-0.8,-0.8,0.8,0.8,0.0,0.0,0.0,-0.8,-0.8,1.6,-1.6,0.8,-0.8,-0.8,0.8,0.8,0.8,0.8,-0.8,2.4000000000000004,0.0,0.0,0.0,0.0,0.8,0.0,0.8,0.8,-0.8,0.0,0.8,0.8,0.8,-0.8,0.0,-0.8,1.6,0.0,0.8,0.8,-0.8,0.8,0.0,0.8,0.8,0.8,0.0,0.0,-0.8,0.0,0.8,0.8,0.8,0.0,0.8,0.8,0.0,0.8,0.0,-0.8,0.8,0.0,-1.6,1.6,0.8,0.0,0.8,-0.8,0.8,-0.8,0.8,0.0,-1.6,0.8,0.0,0.0,0.0,0.8,0.8,-0.8,0.8,0.0,0.0,-0.8,0.8,0.0,-0.8,0.8,0.0,-0.8,0.0,0.0,0.0,1.6,-2.4000000000000004,0.0,1.6,-0.8,-3.2,1.6,2.4000000000000004,-0.8,0.0,0.8,0.8,0.0,2.4000000000000004,0.8,-0.8,-1.6,1.6,0.0,0.0,-0.8,1.6,0.0,0.8,0.0,0.8,0.0,0.8,-0.8,0.8,0.0,0.0,-1.6,0.8,0.0,0.0,0.8,0.0,1.6,-0.8,0.8,0.0,0.8,1.6,-0.8,0.0,0.8,-0.8,0.8,-0.8,0.8,0.8,0.0,2.4000000000000004,0.0,-0.8,0.0,0.0,0.8,-0.8,1.6,0.8,0.0,1.6,-0.8,0.0,1.6,-0.8,0.0,-0.8,1.6,0.8,0.0,0.8,0.0,1.6,1.6,-0.8,0.8,0.0,0.8,-0.8,0.8,0.8,0.8,0.0,0.0,1.6,0.0,0.0,1.6,-0.8,0.0,0.0,-1.6,1.6,0.0,0.0,0.0,1.6,-0.8,0.0,1.6,0.8,0.0,0.0,0.0,1.6,1.6,-0.8,1.6,0.8,0.0,-0.8,1.6,0.0,0.0,0.0,-0.8,-0.8,0.0,1.6,1.6,0.0,0.8,-0.8,0.0,-0.8,1.6,-0.8,0.8,0.0,0.0,0.8,-0.8,0.0,0.0,0.8,1.6,-0.8,-0.8,0.8,0.0,0.0,0.0,0.8,0.0,-1.6,0.8,0.0,1.6,0.0,0.0,0.0,-0.8,0.8,0.8,-1.6,0.8,-0.8,0.8,0.8,0.0,0.8,-1.6,0.8,0.0,-0.8,0.8,0.8,0.0,0.0,0.8,1.6,0.0,1.6,-0.8,-0.8,0.0,0.8,0.0,-0.8,0.8,0.8,-0.8,2.4000000000000004,1.6,0.0,0.0,0.0,1.6,0.0,0.0,0.8,0.8,0.0,0.8,0.8,0.8,0.8,0.8,0.8,0.8,1.6,0.0,0.0,0.8,0.8,0.8,0.0,1.6,0.8,0.0,0.8,0.0,1.6,-1.6,0.8,0.8,0.0,0.8,1.6,0.8,0.8,-0.8,0.0,0.0,0.0,0.0,1.6,0.0,1.6,-0.8,0.0,0.8,0.0,1.6,0.8,0.8,-0.8,0.8,0.8,-0.8,0.0,0.8,0.0,-0.8,-0.8,0.8,0.0,0.8,1.6,0.8,-0.8,0.0,1.6,0.8,-0.8,0.0,0.8,1.6,0.8,0.8,0.8,0.8,-1.6,-0.8,0.8,2.4000000000000004,-0.8,1.6,0.0,0.0,0.8,0.8,1.6,-0.8,0.8,0.0,-0.8,1.6,0.8,0.8,0.0,0.8,1.6,0.0,0.8,-0.8,0.0,0.8,-0.8,0.0,0.8,-0.8,0.0,-0.8,0.8,0.0,0.8,0.8,0.0,1.6,0.0,1.6,1.6,1.6,0.8,0.0,0.8,0.8,0.0,1.6,1.6,0.0,0.0,0.0,0.0,0.0,0.0,1.6,0.8,0.8,-0.8,1.6,-0.8,0.8,0.0,1.6,0.8,1.6,0.8,1.6,-0.8,1.6,2.4000000000000004,-0.8,0.8,0.8,0.8,1.6,0.0,-0.8,1.6,0.8,0.0,0.0,1.6,0.0,-0.8,0.0,-0.8,0.0,0.8,-0.8,0.0,-0.8,0.8,0.0,-1.6,0.8,0.8,0.8,1.6,-0.8,-0.8,0.8,0.8,-0.8,0.0,0.0,0.0,0.8,0.8,-0.8,0.0,-1.6,-0.8,-0.8,-0.8,0.8,0.8,1.6,0.8,0.8,0.0,0.0,0.0,0.8,-0.8,0.0,-1.6,0.8,0.8,0.0,0.0,1.6,0.0,-0.8,0.8,0.0,0.0,0.0,0.0,0.0,0.8,-0.8,0.8,0.0,0.0,0.8,0.8,0.8,0.8,0.0,-0.8,0.0,0.8,-0.8,0.8,0.8,0.0,-0.8,0.8,0.8,1.6,0.8,0.8,-0.8,1.6,0.0,0.0,1.6,-0.8,0.0,0.8,0.8,-0.8,1.6,0.8,0.8,0.0,0.0,0.0,-0.8,-0.8,0.8,0.0,-0.8,-0.8,0.0,-1.6,-0.8,0.0,0.0,0.8,0.0,1.6,0.8,0.0,0.8,0.0,0.8,-0.8,-1.6,0.0,0.0,1.6,0.0,-0.8,1.6,0.0,0.8,0.0,-0.8,0.8,-0.8,-0.8,0.0,0.8,2.4000000000000004,0.0,2.4000000000000004,0.8,0.0,-0.8,-0.8,1.6,0.0,0.0,0.0,-0.8,0.8,-1.6,0.0,1.6,0.0,0.8,-0.8,-0.8,0.0,-0.8,0.8,0.0,0.8,0.8,0.0,2.4000000000000004,0.0,-0.8,0.8,-0.8,1.6,0.0,0.0,0.0,-0.8,0.0,0.8,1.6,0.0,-0.8,0.0,-0.8,1.6,-0.8,1.6,0.8,0.8,0.8,-0.8,0.8,0.8,0.0,0.0,-0.8,-0.8,0.8,0.8,0.8,0.8,0.8,0.8,0.0,0.0,0.8,0.8,-0.8,0.0,0.0,0.0,-0.8,0.8,0.8,-0.8,0.0,0.8,0.0,1.6,0.8,0.0,1.6,-0.8,-0.8,0.8,0.8,0.0,-0.8,0.0,0.8,0.8,0.8,-0.8,-0.8,0.8,-0.8,-0.8,0.0,1.6,0.0,0.8,0.8,1.6,0.0,0.0,0.0,0.0,0.0,-0.8,-0.8,0.8,0.0,0.0,0.0,1.6,0.8,0.0,0.8,0.8,0.8,-0.8,0.0,0.8,0.0,0.8,1.6,0.0,1.6,0.0,0.8,0.0,0.8,1.6,-0.8,0.0,0.0,0.0,1.6,-0.8,0.0,-2.4000000000000004,0.0,0.8,-0.8,0.0,0.0,-0.8,1.6,0.0,0.0,0.0,0.8,0.8,-0.8,0.8,-0.8,-0.8,0.8,0.0,-0.8,-0.8,-0.8,-0.8,-1.6,0.0,0.8,0.0,0.0,-1.6,-0.8,-0.8,0.0,0.8,-0.8,0.8,0.0,-0.8,0.8,0.0,0.8,-1.6,0.0,-1.6,-0.8,1.6,-0.8,-0.8,-0.8,0.0,0.0,1.6,0.0,0.0,0.8,0.0,-0.8,0.0,-0.8,-0.8,0.8,0.0,0.8,0.0,-1.6,0.0,0.0,0.0,0.0,0.8,-0.8,0.8,-0.8,-0.8,0.0,0.8,0.0,0.0,0.0,0.0,0.0,0.8,0.0,1.6,0.0,0.8,0.8,1.6,-0.8,0.8,0.8,0.8,0.0,0.0,-1.6,0.8,0.0,1.6,0.0,-0.8,0.0,0.0,0.0,0.8,-0.8,2.4000000000000004,-0.8,2.4000000000000004,-0.8,-0.8,0.8,0.0,0.0,0.0,-0.8,-0.8,2.4000000000000004,0.8,-2.4000000000000004,0.8,3.2,-1.6,0.0,1.6,0.0,0.0,-0.8,0.0,0.0,-0.8,0.0,0.8,0.8,-0.8,0.0,0.0,0.0,0.8,0.0,0.0,0.8,-0.8,-0.8,0.8,1.6,0.8,-0.8,0.8,0.8,0.0,0.8,0.0,-0.8,0.0,0.0,0.0,0.0,0.0,0.0,0.8,0.8,0.8,0.8,0.8,0.0,0.8,0.8,0.0,0.8,0.0,0.8,0.0,0.0,0.8,0.8,0.8,0.0,0.8,0.8,-1.6,1.6,0.0,0.8,-0.8,0.0,0.8,0.8,-0.8,0.8,-0.8,0.8,0.0,0.0,0.0,-0.8,0.0,0.0,0.8,0.8,-0.8,0.8,-0.8,0.0,-1.6,0.8,0.8,-1.6,0.8,-0.8,0.0,0.8,-0.8,0.8,0.8,0.0,0.8,0.0,0.0,-0.8,0.8,0.0,-1.6,0.0,0.8,0.0,0.0,0.0,0.0,-0.8,-0.8,-0.8,0.8,0.8,-0.8,0.8,0.8,0.0,0.8,-0.8,0.8,-1.6,-0.8,0.8,0.8,0.8,0.0,0.0,1.6,0.0,0.8,0.0,0.0,1.6,0.0,0.8,0.8,0.8,0.0,0.8,0.8,0.0,0.0,0.0,0.8,1.6,0.0,0.0,0.0,0.8,0.8,0.0,0.8,1.6,-0.8,1.6,0.8,0.8,0.8,0.0,0.0,0.0,2.4000000000000004,0.0,0.0,0.8,0.8,0.8,0.8,0.0,0.0,0.8,-1.6,0.8,0.0,-1.6,3.2,0.0,0.8,0.0,0.0,0.8,0.8,0.8,0.8,-0.8,0.8,-0.8,0.0,0.0,0.0,0.8,0.0,0.8,-1.6,0.8,0.8,-1.6,0.8,0.0,0.0,0.0,-0.8,1.6,-0.8,0.0,1.6,-0.8,1.6,0.0,0.0,0.8,-1.6,0.8,-0.8,-0.8,0.8,0.0,0.8,0.8,0.0,0.0,-1.6,2.4000000000000004,-0.8,0.8,0.0,1.6,0.8,0.0,0.8,-0.8,0.8,0.8,-0.8,1.6,0.8,0.8,0.8,0.0,0.8,0.0,0.8,0.8,0.0,0.8,0.8,0.8,0.8,0.0,0.0,0.0,1.6,0.0,-0.8,0.0,0.0,1.6,0.8,0.8,0.0,1.6,0.0,0.8,1.6,0.8,0.0,0.8,0.0,1.6,0.0,0.0,0.8,0.0,0.0,0.8,-0.8,0.0,0.8,0.8,0.8,1.6,-1.6,0.8,0.0,0.8,0.0,0.0,0.0,0.0,0.0,0.0,-0.8,0.0,2.4000000000000004,0.8,0.0,0.0,0.8,0.0,-0.8,0.0,0.0,0.8,0.0,0.8,0.0,0.0,-0.8,0.8,1.6,0.8,-0.8,0.8,0.0,1.6,0.0,-0.8,1.6,0.0,0.0,0.8,0.0,0.8,0.0,0.8,0.8,0.8,1.6,0.0,0.0,0.0,-1.6,1.6,0.0,0.0,0.8,0.0,0.8,0.0,0.8,-0.8,0.0,2.4000000000000004,-1.6,0.0,-0.8,-0.8,0.0,-0.8,0.8,-0.8,0.8,0.8,0.8,0.8,-0.8,-0.8,0.8,0.0,1.6,0.8,0.0,1.6,0.0,0.0,0.8,0.8,1.6,0.0,-0.8,0.0,-0.8,0.0,0.8,-0.8,0.8,-0.8,0.0,-0.8,0.0,-0.8,0.0,0.0,-0.8,-0.8,0.0,-0.8,0.8,-0.8,0.0,0.0,0.0,1.6,0.0,-0.8,0.0,0.0,0.0,0.0,0.0,0.8,0.8,-0.8,0.0,0.8,-1.6,-0.8,0.0,-0.8,0.8,0.0,0.0,-1.6,0.0,1.6,-1.6,-0.8,-0.8,-2.4000000000000004,0.8,0.8,0.0,-0.8,0.0,0.8,0.0,1.6,-0.8,0.0,2.4000000000000004,-0.8,0.0,0.8,0.0,0.8,-0.8,0.0,0.0,1.6,0.0,0.0,0.8,-2.4000000000000004,-0.8,0.8,0.0,0.8,0.8,-0.8,1.6,0.0,0.0,0.0,0.0,-0.8,-1.6,0.0,-0.8,1.6,0.0,0.0,1.6,0.0,0.0,0.8,-0.8,0.8,-0.8,0.0,0.0,0.0,0.8,0.8,-0.8,0.8,-1.6,0.0,-0.8,0.0,0.8,0.0,0.0,0.8,-0.8,0.0,0.8,0.0,-0.8,1.6,0.0,0.0,0.0,0.8,-0.8,0.0,0.0,-0.8,0.0,0.0,0.8,0.8,-0.8,0.0,-0.8,-0.8,0.0,0.8,0.8,0.0,0.8,0.0,-0.8,0.0,-0.8,0.8,0.8,-0.8,0.0,0.0,2.4000000000000004,-0.8,0.0,0.0,0.8,0.8,0.0,-0.8,-0.8,0.0,1.6,-0.8,0.0,0.0,0.0,0.8,-0.8,1.6,0.0,0.0,0.0,-0.8,0.0,0.0,0.0,0.8,-0.8,0.8,-1.6,0.8,0.8,0.0,1.6,0.0,0.0,0.8,0.8,0.0,0.8,0.0,0.8,0.8,2.4000000000000004,0.0,1.6,0.0,0.0,0.0,-1.6,0.8,-0.8,-0.8,0.8,0.0,0.8,-0.8,0.8,0.0,0.0,0.8,0.0,0.0,0.0,-0.8,0.0,0.0,0.8,0.0,-0.8,0.8,-0.8,0.8,0.8,0.0,0.8,0.0,0.0,-0.8,0.8,0.8,0.8,0.0,0.8,0.8,0.0,0.0,0.0,0.0,0.0,0.0,0.0,0.0,0.8,1.6,-0.8,0.0,-1.6,-1.6,0.0,0.8,1.6,-0.8,0.8,0.0,0.0,1.6,-0.8,0.0,0.8,0.0,0.0,-0.8,0.8,-0.8,-0.8,1.6,0.0,0.8,-0.8,0.0,0.8,-1.6,0.0,-1.6,0.0,0.8,-0.8,0.8,0.0,0.0,0.8,0.0,0.8,0.0,0.0,1.6,0.0,2.4000000000000004,-0.8,1.6,1.6,-0.8,1.6,0.8,1.6,0.0,-0.8,0.0,0.0,1.6,0.0,1.6,1.6,0.0,0.0,0.0,0.8,0.8,-1.6,1.6,0.8,0.0,-0.8,-1.6,0.0,0.8,0.0,0.8,0.0,-0.8,0.0,0.8,0.8,-0.8,1.6,0.8,-1.6,0.8,0.8,0.8,-0.8,0.8,0.8,0.0,0.8,0.0,0.0,-0.8,0.0,0.8,0.0,0.8,0.0,0.0,1.6,-0.8,0.0,0.0,0.0,0.0,-0.8,0.8,1.6,0.0,0.8,0.0,-0.8,0.0,0.0,-1.6,0.8,0.8,0.0,0.8,0.0,0.0,-0.8,0.0,0.0,0.8,0.0,-0.8,0.0,0.0,0.8,0.8,-0.8,0.8,0.0,0.0,0.8,-0.8,0.8,-0.8,-0.8,0.8,0.8,0.8,0.8,1.6,0.8,-1.6,1.6,0.8,0.8,0.8,-0.8,0.8,-0.8,0.8,0.8,0.0,0.0,-0.8,0.8,-0.8,0.8,0.8,0.0,1.6,0.8,-0.8,0.0,0.0,1.6,0.0,1.6,0.0,-0.8,1.6,0.0,0.0,1.6,-0.8,0.0,0.0,0.0,0.0,0.0,0.8,0.0,-0.8,0.0,0.0,0.0,0.0,-0.8,0.8,1.6,-0.8,0.0,3.2,-0.8,-1.6,0.8,1.6,-0.8,0.8,1.6,-0.8,0.0,0.8,0.0,0.8,0.0,-1.6,0.8,0.8,-0.8,0.8,0.8,0.0,2.4000000000000004,-0.8,1.6,0.8,0.8,-0.8,0.0,0.0,0.0,-0.8,0.0,0.8,-0.8,0.0,0.8,-0.8,0.0,0.8,0.0,-0.8,0.0,0.8,0.8,0.8,0.0,0.8,0.0,1.6,0.0,0.0,0.8,0.0,0.0,0.0,-0.8,0.0,0.0,2.4000000000000004,0.0,0.0,0.0,0.8,0.0,0.0,0.0,-0.8,-0.8,0.0,-0.8,0.0,0.0,0.0,0.8,0.8,0.0,-0.8,0.8,0.8,-0.8,0.0,0.0,0.0,0.8,0.0,1.6,1.6,-0.8,1.6,0.0,-0.8,0.0,0.8,-0.8,-1.6,0.8,0.0,-0.8,0.0,0.0,0.8,0.8,-0.8,0.0,-0.8,0.0,0.0,0.0,0.0,0.8,0.0,0.8,0.0,-0.8,0.8,0.8,0.0,0.8,0.8,0.0,0.0,0.8,0.8,0.8,0.8,0.8,1.6,0.0,0.0,0.8,0.8,0.8,0.0,0.8,0.8,0.8,0.8,0.8,1.6,0.0,0.0,1.6,0.8,2.4000000000000004,-0.8,0.8,1.6,-0.8,0.8,0.0,0.0,0.0,-1.6,0.8,-1.6,0.0,0.0,0.8,2.4000000000000004,-0.8,-0.8,0.0,0.0,0.8,-1.6,0.8,0.0,0.8,0.8,0.0,1.6,0.8,0.0,0.0,-1.6,0.0,0.0,0.8,0.8,-0.8,1.6,0.0,-0.8,0.0,0.0,1.6,-0.8,0.8,-0.8,-0.8,1.6,0.0,0.8,0.0,0.8,0.0,0.0,0.8,0.0,-0.8,2.4000000000000004,-0.8,0.0,-0.8,0.0,0.0,-0.8,0.8,0.8,0.8,1.6,-1.6,-0.8,0.8,0.0,0.0,0.0,0.8,0.8,0.8,0.8,1.6,0.0,-0.8,1.6,-0.8,0.0,0.0,-1.6,0.8,-0.8,0.8,0.8,0.8,0.0,0.0,0.8,0.0,0.8,-0.8,0.8,0.8,1.6,0.8,-0.8,0.0,0.8,0.8,0.8,0.0,-0.8,0.0,0.0,0.0,-0.8,0.0,0.8,0.0,0.8,-0.8,0.0,0.0,-0.8,-0.8,0.0,1.6,1.6,-1.6,0.8,-0.8,2.4000000000000004,0.0,-0.8,0.8,-0.8,1.6,0.0,0.0,0.8,-0.8,0.8,-0.8,0.0,1.6,0.8,0.0,0.8,0.0,0.0,0.8,2.4000000000000004,-0.8,0.0,1.6,0.8,0.0,0.0,0.8,0.0,0.0,0.0,-2.4000000000000004,0.0,0.8,-0.8,1.6,-0.8,1.6,0.0,0.0,0.8,-1.6,1.6,-0.8,0.0,0.8,0.0,0.8,-1.6,-0.8,0.0,0.0,0.0,-0.8,0.8,0.0,0.0,0.0,0.0,0.0,0.0,0.0,0.8,-0.8,0.8,0.0,0.0,0.0,0.0,1.6,0.8,1.6,0.0,0.8,0.8,0.8,0.0,0.8,0.8,-0.8,-0.8,0.8,-0.8,-0.8,0.0,0.0,1.6,0.0,0.0,0.0,-0.8,0.8,0.0,0.0,0.0,0.8,0.0,-0.8,2.4000000000000004,-0.8,1.6,0.0,0.8,0.0,0.0,1.6,0.0,0.8,0.0,0.8,0.0,-0.8,0.8,0.8,0.0,1.6,-1.6,-0.8,0.0,0.0,0.8,-1.6,0.8,0.8,-0.8,0.8,0.8,-0.8,0.0,-0.8,-0.8,-1.6,2.4000000000000004,0.0,0.0,0.8,0.0,0.0,0.0,0.8,-0.8,0.8,0.8,-0.8,0.8,0.0,0.0,1.6,-0.8,0.0,0.8,-0.8,0.0,0.8,-0.8,-0.8,-0.8,0.8,0.0,-0.8,-0.8,0.8,0.8,-0.8,0.8,0.0,-0.8,-0.8,-0.8,0.0,0.8,0.8,0.8,0.0,0.8,-0.8,0.8,0.0,0.8,0.0,-0.8,0.0,0.0,0.0,0.8,0.0,0.8,0.8,0.0,0.0,0.0,0.0,0.0,0.0,0.8,-0.8,-0.8,0.0,0.0,-0.8,0.8,-0.8,-0.8,0.0,0.8,-0.8
event_57,1625266838.2403805,0.0,0.8,0.8,0.0,0.8,1.6,0.0,0.0,0.0,1.6,0.0,0.8,0.8,0.0,2.4000000000000004,0.0,0.0,0.8,0.0,0.8,-0.8,1.6,1.6,0.0,0.0,0.0,0.0,-0.8,0.0,0.0,0.8,0.0,0.0,2.4000000000000004,0.8,0.0,0.8,0.0,1.6,0.8,-0.8,-0.8,1.6,1.6,-0.8,0.0,1.6,1.6,0.8,0.0,-0.8,1.6,0.8,-1.6,1.6,0.8,0.0,0.0,0.8,2.4000000000000004,0.0,-0.8,0.8,0.8,-0.8,0.0,0.8,0.8,0.0,0.0,0.0,1.6,0.8,0.0,0.8,0.8,0.0,-0.8,0.8,0.8,0.8,0.8,1.6,0.8,1.6,0.0,1.6,0.0,-0.8,0.8,-1.6,0.8,0.8,0.0,2.4000000000000004,-0.8,0.8,0.0,0.0,1.6,0.0,0.0,0.0,-28.800000000000004,-80.80000000000001,-74.4,-39.199999999999996,-19.200000000000003,-9.600000000000001,-2.4000000000000004,-2.4000000000000004,-4.0,-5.6,-0.8,-1.6,-3.2,0.8,0.8,-0.8,0.0,-0.8,1.6,0.0,1.6,2.4000000000000004,-1.6,0.0,1.6,0.0,0.8,1.6,0.8,1.6,0.8,1.6,0.8,0.8,0.8,0.0,0.0,0.8,2.4000000000000004,0.0,0.8,0.8,0.8,0.0,0.8,0.0,0.0,0.0,0.8,0.0,0.0,1.6,0.8,0.8,0.8,0.8,0.8,0.8,0.0,1.6,0.0,0.0,0.0,0.0,0.8,-0.8,0.0,1.6,0.8,0.8,0.8,0.8,0.0,-0.8,0.8,0.0,1.6,0.0,2.4000000000000004,1.6,1.6,1.6,0.8,0.8,0.8,-0.8,0.0,-0.8,0.0,0.0,0.8,0.8,0.0,-0.8,0.8,0.0,1.6,-1.6,1.6,0.8,-0.8,0.8,-0.8,0.8,0.8,0.8,1.6,-1.6,1.6,1.6,1.6,0.8,-1.6,0.8,0.0,0.0,-0.8,-0.8,2.4000000000000004,0.0,0.0,0.0,-0.8,0.8,-0.8,0.8,0.8,0.0,0.0,-0.8,1.6,-0.8,0.0,0.8,0.0,-0.8,0.0,0.8,0.0,0.0,0.8,0.8,0.8,0.0,-0.8,0.8,0.0,-0.8,-0.8,-0.8,0.8,-0.8,0.0,0.8,0.8,1.6,0.0,0.8,0.0,0.0,0.8,0.8,0.8,0.8,0.0,0.0,0.8,0.8,0.8,0.8,0.0,0.8,-0.8,0.0,1.6,0.8,0.0,-0.8,1.6,2.4000000000000004,-1.6,1.6,0.8,1.6,0.8,-0.8,0.0,0.8,0.0,1.6,1.6,0.8,-0.8,0.8,-0.8,0.8,0.0,1.6,0.0,2.4000000000000004,0.8,0.8,-0.8,0.8,-0.8,0.0,0.8,0.8,1.6,0.8,0.8,0.0,0.8,2.4000000000000004,-0.8,0.0,0.8,-0.8,0.0,-0.8,0.0,-1.6,-0.8,1.6,0.0,0.8,0.8,0.0,0.0,0.0,1.6,-0.8,0.8,0.0,-1.6,1.6,1.6,0.8,0.8,-0.8,1.6,0.8,0.8,0.8,-0.8,0.8,0.8,0.0,-0.8,0.0,1.6,0.0,0.8,0.8,-0.8,1.6,-1.6,0.8,0.8,-0.8,0.0,0.8,0.8,0.0,0.8,1.6,0.8,0.0,0.0,0.0,0.8,-1.6,0.8,0.0,0.8,0.0,0.0,1.6,0.8,0.0,0.0,-0.8,1.6,-0.8,-0.8,-0.8,0.8,-0.8,1.6,2.4000000000000004,0.0,0.0,-0.8,0.8,0.0,-1.6,0.8,0.0,0.8,0.8,-0.8,0.8,-0.8,0.8,0.8,0.8,0.8,0.0,1.6,-0.8,1.6,1.6,-0.8,1.6,-0.8,0.8,0.8,-0.8,0.8,-0.8,0.8,1.6,0.0,0.0,-0.8,0.8,-0.8,0.8,0.8,-0.8,0.0,0.0,-1.6,0.0,0.0,1.6,0.0,0.8,0.0,0.8,1.6,-0.8,0.0,0.0,0.8,0.8,0.0,0.8,0.8,0.8,0.8,0.0,0.8,0.8,0.0,0.8,0.0,0.0,-0.8,-1.6,0.8,0.8,0.0,0.0,1.6,0.0,0.0,1.6,0.0,0.8,0.0,0.0,0.0,1.6,0.0,0.8,0.0,0.8,0.8,0.8,0.0,0.0,-0.8,-0.8,0.0,1.6,0.0,0.8,0.8,0.8,0.0,0.0,0.0,0.8,-0.8,0.0,0.0,0.8,0.8,0.0,1.6,1.6,0.8,0.8,0.8,-1.6,0.0,0.0,0.0,0.0,0.8,0.0,-1.6,0.0,0.8,0.8,0.0,0.8,1.6,-0.8,0.8,-0.8,0.8,-0.8,-1.6,1.6,-0.8,0.0,-0.8,0.0,1.6,-0.8,0.0,0.0,0.8,0.0,-1.6,0.8,0.8,-0.8,1.6,-0.8,-0.8,1.6,0.8,0.0,-0.8,0.8,0.8,0.0,0.0,0.0,0.8,0.0,0.8,1.6,0.0,1.6,0.0,0.0,0.8,-0.8,0.8,0.8,0.0,0.0,0.8,0.8,0.8,0.8,0.8,0.8,1.6,0.0,0.0,0.8,0.0,-0.8,0.0,0.8,0.0,0.0,0.0,0.0,0.0,0.0,0.8,-0.8,0.8,0.0,0.8,0.0,0.0,-0.8,0.8,-0.8,0.8,0.0,0.8,-0.8,0.8,0.0,0.0,0.0,0.0,2.4000000000000004,0.8,-0.8,0.0,-0.8,-0.8,-0.8,-1.6,0.8,-0.8,0.8,0.8,-0.8,0.0,-0.8,0.8,0.0,-0.8,0.8,-0.8,0.8,0.0,0.8,0.0,-0.8,0.8,-2.4000000000000004,0.0,0.0,0.0,0.8,-0.8,1.6,0.8,0.8,0.0,-1.6,0.8,-2.4000000000000004,-0.8,1.6,-0.8,1.6,0.0,0.0,1.6,-0.8,0.8,-0.8,0.0,0.8,-0.8,0.0,-1.6,0.0,-0.8,0.0,1.6,-0.8,0.8,0.0,0.0,0.0,-2.4000000000000004,1.6,0.8,1.6,1.6,-0.8,0.8,0.8,0.8,0.8,-0.8,1.6,0.0,0.0,0.0,-0.8,0.0,0.8,0.8,0.0,0.0,0.0,-0.8,0.8,-0.8,0.0,0.0,0.0,0.0,-0.8,0.8,0.8,0.0,1.6,0.0,0.0,0.0,0.0,0.0,-0.8,0.8,0.0,0.8,-0.8,0.0,0.0,0.0,0.0,-0.8,-1.6,0.0,-0.8,0.8,0.0,0.0,0.0,-0.8,0.8,0.0,0.0,0.8,-1.6,-0.8,-0.8,1.6,0.0,-0.8,0.0,0.0,0.8,0.8,-0.8,0.8,0.8,0.8,-0.8,0.0,0.0,0.0,0.8,0.8,1.6,1.6,-0.8,0.8,0.0,0.0,-0.8,-0.8,1.6,-1.6,0.8,0.0,-0.8,0.0,0.0,0.8,-0.8,-0.8,0.0,-0.8,0.0,0.0,-0.8,1.6,0.0,1.6,0.0,0.8,0.0,0.0,0.0,0.0,0.0,0.8,-0.8,1.6,0.8,0.8,0.0,-0.8,0.0,0.0,0.0,0.0,0.0,1.6,-0.8,-0.8,0.8,0.0,0.0,0.0,0.0,0.0,0.8,0.8,0.0,1.6,0.0,0.0,-0.8,0.0,1.6,2.4000000000000004,0.0,0.0,-0.8,0.0,0.8,0.8,-0.8,0.0,0.0,0.8,0.0,0.8,0.0,-0.8,1.6,-0.8,-0.8,0.8,0.0,1.6,0.0,0.0,1.6,0.8,1.6,0.0,-0.8,1.6,0.8,0.0,-0.8,0.0,0.0,0.0,0.8,0.0,0.8,0.8,0.0,1.6,-0.8,0.0,0.8,-0.8,0.8,-0.8,0.0,0.8,0.0,1.6,0.0,1.6,0.0,-0.8,0.8,0.0,2.4000000000000004,-0.8,0.8,0.0,0.8,0.8,0.8,0.0,0.0,-0.8,0.0,-0.8,0.0,0.0,0.8,1.6,0.0,0.0,0.0,-0.8,0.8,-0.8,0.0,-0.8,0.0,0.0,-0.8,0.0,0.8,0.8,0.0,-0.8,-0.8,0.8,0.8,0.0,0.8,0.8,0.8,-0.8,0.0,0.8,0.0,-0.8,-0.8,0.0,-0.8,-0.8,0.8,0.0,-1.6,0.0,0.0,0.8,0.0,0.8,0.0,0.8,-0.8,-0.8,0.0,1.6,0.0,0.0,0.0,0.8,0.0,0.0,0.8,-0.8,1.6,0.0,0.0,0.0,0.0,0.0,-0.8,0.0,1.6,0.0,0.8,-1.6,0.8,0.0,-1.6,0.8,-0.8,-0.8,0.0,0.8,1.6,0.0,1.6,1.6,0.0,0.8,0.0,0.8,-0.8,1.6,0.8,-0.8,0.8,0.8,-0.8,2.4000000000000004,-0.8,0.8,0.0,-0.8,0.0,0.0,0.8,0.8,-0.8,0.8,-1.6,0.0,0.0,0.8,-0.8,0.8,0.8,0.0,-0.8,0.0,0.0,0.8,0.0,0.0,0.8,0.0,0.8,0.8,0.8,-0.8,0.0,0.8,-0.8,0.8,0.8,0.8,-1.6,-0.8,0.8,-0.8,0.0,0.0,0.0,0.8,-1.6,0.0,-0.8,0.0,0.8,0.0,0.0,-0.8,0.0,0.8,0.8,0.0,0.0,0.0,0.0,-0.8,0.8,0.0,-0.8,-0.8,0.8,-0.8,-0.8,0.8,0.0,0.8,0.8,-0.8,0.0,0.0,0.0,0.8,-0.8,0.0,-1.6,0.8,0.0,0.0,0.0,0.0,0.8,0.0,1.6,0.0,0.0,0.0,-1.6,1.6,1.6,0.0,1.6,0.8,1.6,-1.6,0.0,0.8,-0.8,1.6,0.0,0.0,-0.8,-1.6,4.0,0.0,-2.4000000000000004,1.6,1.6,-0.8,-1.6,2.4000000000000004,0.8,-2.4000000000000004,1.6,0.8,0.8,-0.8,-0.8,0.8,-0.8,0.0,0.0,0.8,0.8,-1.6,1.6,-0.8,0.0,0.0,-1.6,1.6,0.8,0.0,0.8,0.0,0.8,0.0,0.0,0.0,-0.8,0.0,0.8,0.0,0.0,0.8,-0.8,0.8,-0.8,-0.8,0.0,0.8,0.8,0.0,0.0,1.6,-0.8,1.6,0.0,-1.6,0.8,-0.8,0.0,0.0,0.0,0.8,0.8,0.0,0.0,0.0,0.8,0.0,1.6,-0.8,0.0,0.0,-1.6,0.0,-0.8,0.0,0.8,0.0,0.8,0.0,0.8,0.8,0.0,0.8,0.0,0.8,0.0,0.0,0.0,-0.8,1.6,-1.6,0.0,0.8,-0.8,0.0,0.0,0.0,-0.8,1.6,0.0,-1.6,0.0,0.8,-0.8,0.8,-2.4000000000000004,0.0,0.8,-0.8,0.0,0.0,0.0,0.0,-0.8,1.6,0.8,-0.8,0.8,0.0,0.8,0.0,0.8,0.8,-0.8,0.8,0.8,0.8,0.0,0.8,0.0,-0.8,0.8,0.0,-0.8,-0.8,-0.8,0.8,-0.8,0.0,0.8,-0.8,2.4000000000000004,-1.6,-0.8,0.0,1.6,1.6,0.0,0.0,1.6,0.0,1.6,-0.8,0.0,0.8,0.8,-0.8,0.0,0.8,0.8,0.8,-0.8,1.6,0.8,-1.6,0.0,0.8,-1.6,-1.6,0.0,0.0,0.0,0.0,0.8,0.8,0.8,0.8,0.8,0.8,0.8,-0.8,0.8,0.8,0.0,0.8,0.0,1.6,1.6,-1.6,1.6,0.8,0.0,0.8,-0.8,-0.8,0.8,0.8,0.0,0.8,0.8,-0.8,0.0,0.0,-0.8,0.8,0.0,0.0,0.8,-0.8,0.0,0.0,0.8,0.8,-0.8,-0.8,-0.8,0.8,0.8,0.0,-0.8,0.0,0.0,0.0,0.0,0.8,0.0,0.8,0.0,-0.8,0.0,-0.8,1.6,0.0,0.8,0.0,0.0,1.6,0.0,1.6,0.8,0.8,0.0,-0.8,0.0,0.8,0.0,0.0,0.0,0.8,0.8,1.6,-0.8,0.0,0.8,0.8,0.0,0.0,0.8,0.8,0.8,0.8,0.8,0.0,0.0,0.8,0.0,-0.8,-1.6,-0.8,-0.8,0.0,0.0,0.0,0.8,0.0,0.8,0.8,0.0,0.0,-0.8,0.8,0.8,1.6,0.8,0.0,0.0,1.6,0.0,0.0,0.8,-0.8,0.0,0.0,0.0,0.8,-0.8,2.4000000000000004,0.8,0.8,0.0,-0.8,0.8,0.0,0.0,0.0,0.0,0.8,0.0,0.0,0.0,0.0,0.0,-0.8,1.6,0.0,0.8,1.6,-0.8,0.0,0.0,0.0,-0.8,0.0,1.6,-1.6,-0.8,0.8,0.0,0.8,0.8,0.0,2.4000000000000004,-1.6,0.0,1.6,-0.8,0.0,-0.8,0.0,-0.8,0.0,-1.6,-0.8,2.4000000000000004,0.0,0.0,0.8,0.0,1.6,0.8,0.8,0.8,0.0,0.0,0.0,0.0,0.0,-0.8,0.8,0.8,0.0,-0.8,0.0,1.6,0.0,-1.6,0.0,0.0,-0.8,-2.4000000000000004,0.8,0.0,0.0,0.0,0.8,0.8,-0.8,0.0,0.8,1.6,0.8,0.0,0.0,1.6,1.6,0.0,0.0,0.8,0.0,0.0,-1.6,0.8,1.6,-0.8,0.0,0.0,1.6,0.8,-0.8,0.0,-0.8,0.8,0.0,0.0,0.0,0.8,0.0,-0.8,0.8,0.0,-0.8,1.6,0.0,0.8,0.8,-1.6,1.6,-0.8,0.0,2.4000000000000004,-0.8,0.8,0.8,1.6,0.8,0.8,0.0,-1.6,0.0,0.0,-0.8,0.8,-0.8,0.8,-1.6,0.0,1.6,-2.4000000000000004,1.6,-0.8,-0.8,0.0,0.8,1.6,-0.8,0.8,0.8,-0.8,1.6,0.0,-0.8,1.6,0.0,-0.8,0.0,0.8,0.8,0.0,0.0,-0.8,0.0,0.0,-0.8,0.8,-0.8,-0.8,0.0,-0.8,0.0,-0.8,0.8,1.6,0.0,0.8,0.8,0.8,0.0,-1.6,0.0,0.8,0.8,0.0,0.0,0.0,1.6,0.0,0.0,0.0,0.8,0.0,0.0,0.0,0.0,0.0,0.0,0.8,0.8,-0.8,0.0,0.0,0.0,0.0,0.0,0.0,0.8,-0.8,0.0,0.0,0.8,-0.8,0.0,0.0,0.0,1.6,1.6,-0.8,1.6,0.8,2.4000000000000004,0.0,-0.8,0.8,0.0,0.0,1.6,0.8,0.0,0.0,0.8,0.8,-0.8,0.0,-1.6,0.8,0.8,0.0,0.0,0.8,0.0,-0.8,0.0,1.6,0.0,0.0,0.0,1.6,0.0,1.6,0.8,0.0,0.0,0.8,-0.8,0.8,0.0,0.8,0.0,0.8,0.8,0.0,0.8,1.6,0.8,0.8,-1.6,0.0,0.0,0.0,0.0,-0.8,0.8,0.0,0.0,0.8,0.0,0.8,-0.8,0.0,0.0,0.8,1.6,-0.8,0.8,0.0,-0.8,1.6,-0.8,-1.6,0.0,0.0,0.0,0.0,0.0,0.8,0.8,0.8,-0.8,0.0,0.0,0.0,-0.8,0.8,-0.8,0.8,0.0,0.0,0.0,0.0,0.0,0.0,0.8,0.0,1.6,1.6,0.8,0.0,0.0,0.0,0.8,-0.8,0.8,1.6,-0.8,0.0,0.8,0.0,0.8,0.0,0.8,-0.8,0.8,1.6,0.0,0.8,-1.6,-0.8,1.6,-0.8,-0.8,0.0,1.6,0.8,-0.8,0.8,0.0,1.6,0.8,-0.8,0.0,0.8,0.8,0.0,0.0,0.0,0.0,0.8,0.8,1.6,0.0,-0.8,0.0,0.8,0.0,0.8,1.6,1.6,0.0,0.0,0.8,0.8,0.0,0.0,1.6,0.0,0.8,0.8,0.8,0.8,0.0,0.8,0.8,0.8,0.8,-0.8,1.6,0.0,0.8,0.0,0.0,0.0,0.8,0.0,0.8,0.0,1.6,0.0,0.0,0.0,0.0,0.0,0.0,1.6,0.0,0.8,-0.8,-0.8,0.0,0.0,0.8,0.0,-0.8,1.6,0.8,0.0,-0.8,0.8,0.8,0.0,0.8,0.0,0.0,-0.8,0.8,0.8,-0.8,0.0,-0.8,-0.8,0.8,-0.8,-0.8,1.6,0.8,-2.4000000000000004,-0.8,3.2,-2.4000000000000004,-3.2,2.4000000000000004,0.0,0.0,0.0,0.0,1.6,-0.8,0.0,0.0,0.8,0.8,-1.6,0.8,0.0,0.8,0.8,0.0,2.4000000000000004,0.0,-0.8,0.8,0.0,0.8,-2.4000000000000004,0.8,0.8,-0.8,1.6,0.0,0.0,0.8,0.8,2.4000000000000004,0.0,0.0,0.8,-1.6,1.6,-0.8,2.4000000000000004,-0.8,0.0,1.6,-0.8,0.8,0.8,0.8,1.6,-0.8,0.8,-0.8,0.8,-0.8,0.0,0.8,0.0,0.0,0.8,0.0,1.6,-0.8,0.8,0.0,0.8,0.8,0.0,0.0,0.8,0.0,1.6,0.0,0.0,1.6,1.6,0.0,0.8,0.8,0.0,0.0,-0.8,0.8,0.8,-0.8,-1.6,-0.8,0.0,-0.8,0.0,0.0,0.0,0.0,0.0,0.0,0.8,0.0,0.0,0.0,0.8,-1.6,0.0,1.6,0.8,0.8,0.8,0.8,0.0,0.0,0.8,-0.8,0.0,-0.8,-1.6,0.8,-1.6,0.0,0.0,-0.8,1.6,0.0,-0.8,0.0,0.0,0.8,-0.8,0.0,0.0,-0.8,0.0,-0.8,1.6,0.8,0.0,1.6,0.0,0.8,0.0,1.6,0.8,0.0,1.6,0.0,0.8,0.8,-0.8,1.6,0.0,0.0,0.8,0.0,0.0,0.0,0.8,1.6,0.0,0.8,0.0,0.8,0.0,0.0,0.8,0.0,0.0,0.8,0.0,0.8,0.0,0.0,0.8,0.0,0.8,-0.8,0.8,0.8,0.0,0.8,0.0,1.6,0.0,-0.8,0.8,0.0,0.0,0.0,0.8,-0.8,0.0,0.8,0.0,0.0,0.0,0.8,0.8,0.0,0.8,0.8,0.8,0.0,0.0,0.8,1.6,0.0,0.0,0.0,0.8,2.4000000000000004,0.8,0.0,0.0,0.0,-0.8,0.0,0.0,0.8,0.0,1.6,1.6,0.8,0.8,0.8,0.8,0.0,-0.8,0.0,-0.8,0.8,0.0,0.0,0.8,0.8,-0.8,0.0,0.0,1.6,0.0,-0.8,0.0,0.8,2.4000000000000004,-0.8,-0.8,0.0,1.6,1.6,0.0,0.0,-0.8,-0.8,0.0,0.0,0.8,0.0,1.6,0.0,0.0,0.0,-0.8,0.8,0.0,-0.8,0.8,0.0,1.6,0.8,-0.8,0.8,0.0,1.6,0.0,0.0,0.8,0.8,0.8,1.6,0.0,1.6,0.0,0.0,-0.8,0.0,0.0,0.0,0.8,-1.6,0.0,-1.6,0.0,0.8,0.0,0.0,-0.8,0.0,0.0,0.0,0.0,0.0,-0.8,-0.8,0.0,0.8,1.6,-0.8,0.0,1.6,0.8,0.8,-0.8,-0.8,0.8,0.0,-0.8,0.8,0.0,0.8,0.0,0.8,0.0,0.0,0.0,-0.8,2.4000000000000004,-1.6,0.0,0.0,-0.8,0.8,0.0,0.8,0.0,0.0,0.8,1.6,0.0,0.0,-1.6,0.8,-0.8,1.6,0.0,0.0,1.6,0.8,0.8,0.0,0.0,1.6,0.0,0.0,-0.8,-0.8,0.8,0.8,1.6,0.0,0.0,0.8,-0.8,1.6,0.0,0.0,-0.8,0.0,0.0,0.0,0.0,-0.8,0.0,0.8,0.8,0.8,1.6,0.8,0.0,0.8,0.0,0.0,0.8,1.6,0.8,0.8,0.0,0.0,0.0,-0.8,0.0,0.0,0.8,0.0,0.8,0.0,0.8,1.6,0.0,0.0,0.8,-0.8,0.0,0.0,1.6,0.0,0.0,0.0,0.0,0.8,0.0,0.0,-1.6,0.0,0.0,0.0,0.0,0.8,1.6,0.0,-1.6,1.6,-0.8,-1.6,0.8,0.8,-0.8,0.0,0.8,0.0,0.8,0.0,-1.6,0.8,0.8,-0.8,1.6,-0.8,-0.8,0.0,0.0,0.8,0.8,0.0,0.0,0.8,0.8,-0.8,1.6,0.0,0.0,0.0,-0.8,0.8,0.0,-0.8,0.8,-0.8,1.6,-0.8,0.0,0.8,-0.8,0.0,0.0,-0.8,0.8,-1.6,0.8,0.8,0.0,0.8,-0.8,1.6,-0.8,1.6,0.8,0.0,0.8,-0.8,1.6,0.0,0.0,1.6,0.0,0.8,0.0,-0.8,0.0,0.0,2.4000000000000004,0.0,0.8,0.0,-0.8,0.8,0.8,0.0,0.8,0.0,0.8,-2.4000000000000004,0.8,0.8,0.0,1.6,0.0,1.6,0.8,0.8,0.0,-1.6,0.8,0.8,0.0,0.0,0.8,1.6,-0.8,0.8,1.6,-0.8,0.0,0.8,0.8,0.0,0.0,0.8,-0.8,0.8,0.0,0.0,1.6,0.0,0.8,0.8,0.8,-0.8,0.0,0.8,0.0,1.6,0.0,0.8,1.6,0.8,0.8,0.8,0.0,0.0,0.0,0.0,0.8,1.6,0.0,1.6,0.8,1.6,0.8,0.0,0.0,0.8,-0.8,0.8,-0.8,1.6,-0.8,-1.6,0.0,0.0,0.8,0.8,0.0,0.8,0.8,0.8,-0.8,-0.8,0.8,0.0,0.8,0.0,0.0,1.6,-1.6,0.0,0.8,-1.6,0.0,0.0,0.8,-1.6,0.8,0.8,-0.8,0.8,-0.8,-0.8,0.8,-1.6,-0.8,-0.8,0.8,0.0,-0.8,1.6,-0.8,0.8,0.0,-0.8,-0.8,0.8,0.0,-0.8,0.0,0.8,0.0,0.0,0.8,1.6,0.8,0.8,1.6,1.6,-0.8,0.8,-0.8,0.8,0.8,0.0,0.8,2.4000000000000004,0.8,0.0,0.8,0.0,0.8,0.0,0.0,0.0,1.6,0.0,0.8,0.8,1.6,-0.8,0.0,0.8,1.6,0.0,0.0,-0.8,0.0,0.8,0.8,0.0,0.8,0.0,0.0,0.0,0.8,0.0,0.0,0.0,1.6,0.8,-0.8,-0.8,0.8,0.0,0.8,0.0,-1.6,1.6,0.0,0.0,0.8,0.8,0.0,-0.8,-0.8,0.8,0.8,0.0
event_58,1625266840.3895032,0.0,0.8,-0.8,1.6,0.8,0.0,1.6,0.8,2.4000000000000004,0.0,-0.8,1.6,0.8,0.8,0.8,0.8,-0.8,0.8,1.6,0.0,0.8,0.0,0.0,0.8,0.8,0.0,0.8,1.6,0.8,-1.6,1.6,1.6,0.0,0.0,0.8,0.8,0.0,1.6,0.0,-0.8,0.0,0.8,-1.6,0.8,0.0,0.0,1.6,0.0,0.8,0.0,0.0,0.0,0.0,-0.8,0.0,0.0,0.0,0.0,0.0,0.8,0.8,0.8,0.0,0.8,1.6,-0.8,-0.8,0.8,0.0,0.8,0.8,-1.6,0.8,0.8,-1.6,0.8,2.4000000000000004,0.0,-0.8,0.0,-0.8,-0.8,0.0,1.6,0.8,0.0,-0.8,0.0,0.8,-0.8,-1.6,0.8,0.0,1.6,0.8,0.0,1.6,0.0,0.8,0.8,-0.8,0.8,-0.8,-21.6,-80.0,-73.6,-33.6,-15.2,-8.0,-4.0,0.0,-4.800000000000001,-6.4,-1.6,-5.6,-1.6,0.8,-1.6,0.0,-0.8,1.6,0.0,-1.6,0.8,-1.6,0.0,0.8,0.0,-0.8,0.0,2.4000000000000004,0.8,-1.6,0.0,0.8,2.4000000000000004,0.0,-1.6,0.8,1.6,1.6,0.0,0.0,0.0,0.0,0.0,0.0,0.8,0.0,-0.8,0.0,0.8,0.0,-0.8,0.0,0.0,-1.6,0.0,0.8,0.8,0.0,0.8,2.4000000000000004,0.0,0.0,-0.8,0.8,0.8,0.0,0.8,1.6,0.0,1.6,0.0,0.8,0.0,-0.8,-0.8,0.8,-0.8,0.0,0.0,0.0,0.0,0.8,-0.8,0.8,-0.8,-0.8,0.0,-0.8,0.8,0.0,0.0,-0.8,-0.8,1.6,-0.8,0.8,0.8,-0.8,1.6,0.8,0.0,0.8,0.8,0.8,0.0,0.0,-0.8,0.0,-0.8,0.0,0.8,-1.6,0.8,0.0,-0.8,0.0,-0.8,0.8,0.0,0.0,0.8,-0.8,0.8,-0.8,-0.8,0.8,0.8,1.6,-0.8,0.0,0.8,-0.8,0.8,0.0,-0.8,0.0,-1.6,0.0,0.0,0.8,0.8,0.0,0.8,0.0,0.8,0.0,0.0,0.0,-1.6,-0.8,0.0,0.0,0.8,0.8,0.0,1.6,0.8,1.6,0.0,0.8,0.0,-0.8,0.8,-0.8,1.6,-0.8,0.0,0.8,0.8,0.8,0.8,-0.8,1.6,0.0,0.0,0.0,0.0,0.0,0.8,0.8,0.8,-0.8,0.8,0.8,0.0,0.0,0.8,0.0,0.0,0.8,0.0,0.8,0.8,0.0,0.8,0.8,0.8,1.6,1.6,0.0,0.8,0.0,0.8,0.0,-1.6,0.8,0.8,0.8,0.8,0.0,0.0,0.0,0.0,0.0,-0.8,0.8,1.6,0.8,0.8,0.8,0.0,-0.8,0.0,-1.6,-0.8,1.6,0.0,1.6,0.0,1.6,0.8,-0.8,0.8,-0.8,0.0,0.0,-0.8,1.6,-0.8,0.0,0.0,-0.8,2.4000000000000004,0.8,0.0,0.0,0.0,0.8,-0.8,0.8,0.8,-0.8,0.0,0.0,0.8,-1.6,0.8,0.8,-0.8,0.8,-0.8,0.8,1.6,0.8,1.6,1.6,0.8,2.4000000000000004,-1.6,0.8,0.8,0.8,0.0,-0.8,0.0,0.0,0.8,1.6,0.0,0.8,-0.8,1.6,0.0,0.0,0.0,0.0,0.0,0.8,-0.8,0.0,0.0,0.8,0.0,0.8,0.8,0.0,0.8,1.6,0.8,0.8,0.8,0.0,0.0,0.0,1.6,0.8,0.0,0.0,0.8,0.0,0.8,0.0,0.8,-0.8,0.0,0.8,-0.8,0.8,0.8,0.0,0.0,-1.6,0.8,-0.8,0.8,0.8,0.0,0.8,0.8,1.6,0.8,0.8,0.0,0.0,0.0,0.8,0.8,0.8,0.0,0.8,0.0,0.0,0.8,0.0,1.6,0.8,-0.8,0.0,-1.6,1.6,-0.8,-0.8,-0.8,-0.8,1.6,-0.8,0.8,0.8,-1.6,-0.8,0.0,0.8,1.6,0.0,0.0,0.8,1.6,-0.8,0.0,0.8,0.0,-0.8,0.0,-0.8,0.8,-0.8,0.0,0.0,0.8,0.0,-0.8,0.0,0.0,-0.8,0.0,-0.8,1.6,0.0,-0.8,0.8,0.0,0.0,0.0,0.0,1.6,0.8,0.0,0.0,0.0,0.8,-0.8,0.8,-0.8,0.8,0.0,0.0,-0.8,-0.8,0.0,0.0,-0.8,-0.8,0.8,1.6,-0.8,-0.8,0.0,0.0,-0.8,0.8,-0.8,-0.8,-0.8,0.8,0.8,-1.6,0.0,1.6,0.0,1.6,0.0,-0.8,0.8,-0.8,-0.8,0.8,0.8,0.8,0.0,1.6,0.8,1.6,0.8,0.0,1.6,-1.6,-0.8,-0.8,0.0,1.6,-0.8,1.6,1.6,0.0,0.8,0.8,1.6,0.0,-0.8,1.6,-0.8,1.6,0.0,0.0,1.6,0.8,0.0,0.0,-0.8,0.0,-0.8,-0.8,-0.8,0.0,0.8,0.0,0.8,0.0,0.0,0.8,-0.8,0.0,-0.8,0.8,0.0,0.8,0.8,-0.8,0.0,-0.8,0.0,0.8,0.0,0.0,1.6,0.8,0.0,0.0,2.4000000000000004,0.0,-0.8,0.0,0.0,0.8,-0.8,0.0,-0.8,-0.8,0.0,0.0,0.0,0.8,0.8,-0.8,0.8,0.8,0.0,1.6,0.0,-0.8,0.0,0.0,0.8,0.0,-0.8,0.8,0.0,0.0,0.8,-0.8,-0.8,0.0,0.0,-0.8,0.0,0.0,0.8,0.8,-0.8,1.6,-0.8,-0.8,0.0,0.0,0.0,-0.8,0.0,0.0,0.0,0.0,0.0,0.8,0.0,0.0,1.6,0.0,0.0,-1.6,0.0,0.0,0.0,0.8,0.0,0.8,1.6,-1.6,2.4000000000000004,-0.8,1.6,0.0,-1.6,0.8,0.0,0.0,0.8,-0.8,2.4000000000000004,-0.8,0.0,0.8,-0.8,1.6,0.8,0.0,0.0,-1.6,-0.8,0.0,1.6,0.8,0.0,0.8,-1.6,1.6,0.8,0.8,1.6,-0.8,1.6,0.0,-0.8,2.4000000000000004,-0.8,0.0,-0.8,-0.8,0.0,-0.8,1.6,0.0,0.0,0.8,-0.8,0.0,1.6,0.8,-0.8,0.0,0.0,-1.6,0.0,0.8,0.8,0.0,0.0,1.6,0.8,1.6,0.8,0.0,0.8,0.0,0.0,0.0,0.0,1.6,-0.8,0.0,1.6,1.6,0.8,0.8,1.6,0.0,0.8,0.8,0.0,0.8,0.0,0.8,1.6,0.8,1.6,0.0,0.8,-0.8,0.0,1.6,0.0,0.8,0.8,0.8,0.0,2.4000000000000004,0.0,0.0,0.8,1.6,0.0,0.8,0.8,0.8,0.0,2.4000000000000004,0.0,0.8,0.8,0.0,0.8,1.6,-0.8,0.8,-0.8,1.6,0.0,-0.8,0.0,0.0,1.6,-0.8,1.6,0.0,0.8,2.4000000000000004,-1.6,0.0,3.2,-0.8,-1.6,0.8,3.2,-1.6,-2.4000000000000004,3.2,-0.8,-1.6,0.0,1.6,0.8,-1.6,1.6,0.8,0.0,0.8,0.0,0.8,0.0,-1.6,-1.6,-0.8,1.6,0.0,-0.8,0.8,0.0,1.6,0.8,-0.8,0.0,0.8,0.8,-0.8,0.8,0.8,0.8,0.0,0.0,0.0,0.0,-1.6,1.6,0.8,0.0,0.0,-1.6,0.8,0.0,0.0,0.8,0.8,0.0,0.0,0.8,0.8,0.0,0.0,0.8,0.0,1.6,0.0,1.6,0.0,1.6,0.0,0.8,1.6,0.0,0.0,-0.8,0.0,0.8,-0.8,1.6,-0.8,0.0,0.0,-0.8,0.0,1.6,-0.8,0.8,-0.8,0.0,1.6,-0.8,-0.8,1.6,0.0,0.0,0.8,-0.8,1.6,0.8,0.0,0.0,0.8,0.0,-0.8,0.8,0.0,0.8,-0.8,-0.8,0.0,-0.8,0.0,0.0,0.8,0.0,-0.8,0.8,-0.8,0.0,0.8,0.0,1.6,-0.8,0.0,0.0,0.0,0.8,0.0,0.8,1.6,0.8,1.6,0.0,0.0,1.6,0.8,0.8,-0.8,0.8,0.8,-0.8,1.6,0.0,0.8,1.6,0.0,1.6,0.0,0.8,0.8,0.8,0.8,0.8,1.6,0.8,0.8,1.6,0.8,0.8,0.8,0.0,1.6,0.8,2.4000000000000004,0.8,0.0,1.6,0.8,0.8,0.8,0.8,1.6,0.0,0.8,0.8,0.8,0.8,1.6,0.0,1.6,-1.6,0.8,0.0,0.8,0.0,0.8,0.0,1.6,0.0,0.8,0.8,0.8,0.8,0.8,0.0,0.0,2.4000000000000004,0.8,0.0,0.8,0.0,1.6,-0.8,0.0,0.8,0.0,0.8,0.8,0.0,0.0,-1.6,3.2,0.0,0.0,0.8,0.0,0.8,0.8,0.8,0.8,0.8,0.0,-0.8,0.0,1.6,1.6,0.0,0.8,0.8,0.0,0.0,0.0,-0.8,1.6,-0.8,-0.8,1.6,0.0,0.8,0.8,0.0,0.0,0.8,0.8,0.0,0.8,-0.8,0.0,1.6,0.0,1.6,0.0,0.0,1.6,-0.8,0.8,0.0,0.8,1.6,0.0,0.8,0.8,2.4000000000000004,0.8,0.8,1.6,0.0,-0.8,1.6,0.0,0.8,-0.8,-0.8,-0.8,0.0,0.0,1.6,-0.8,0.8,0.0,0.0,-0.8,0.8,-0.8,1.6,0.8,0.0,-0.8,0.8,0.8,1.6,0.0,0.8,0.8,-0.8,0.8,0.8,0.0,0.8,0.8,1.6,0.8,0.0,0.8,0.0,-0.8,-0.8,-0.8,0.0,0.8,-1.6,0.0,-0.8,0.8,0.0,-0.8,1.6,0.0,0.8,1.6,-0.8,0.0,0.0,1.6,0.8,0.0,1.6,-0.8,1.6,0.0,0.8,1.6,-1.6,0.0,0.8,-0.8,0.0,1.6,1.6,-0.8,1.6,0.0,-0.8,0.8,0.0,0.8,0.0,-1.6,0.8,-1.6,0.8,-0.8,1.6,0.8,-1.6,1.6,0.0,0.8,0.8,-1.6,0.8,0.8,-0.8,0.0,0.0,1.6,0.0,0.8,1.6,1.6,1.6,-0.8,-0.8,0.8,0.8,3.2,0.0,-0.8,-0.8,-0.8,0.8,0.0,0.0,0.0,0.0,0.8,-1.6,0.0,0.0,0.0,0.8,0.0,0.8,0.8,2.4000000000000004,0.8,0.0,1.6,0.0,1.6,0.0,0.0,1.6,0.0,0.0,0.0,0.8,-0.8,0.0,0.8,0.0,-0.8,0.8,1.6,-0.8,0.8,0.8,-0.8,0.8,-0.8,-2.4000000000000004,-0.8,0.8,0.8,-0.8,0.8,1.6,0.8,1.6,0.0,0.0,2.4000000000000004,-0.8,-0.8,0.8,0.8,0.8,0.0,1.6,1.6,0.8,0.0,0.8,0.8,-0.8,0.8,0.8,0.8,0.8,-0.8,0.8,0.8,0.0,1.6,0.0,0.8,-0.8,-0.8,0.8,0.0,1.6,0.0,1.6,1.6,0.0,0.8,-0.8,0.8,0.8,0.0,0.0,-0.8,0.8,-0.8,1.6,1.6,0.0,0.8,-0.8,0.0,0.8,-0.8,0.8,0.0,0.8,0.8,-0.8,0.8,0.8,0.8,0.0,-0.8,0.8,1.6,1.6,1.6,0.0,1.6,0.8,-0.8,0.0,0.8,1.6,-0.8,1.6,0.0,-1.6,1.6,-0.8,1.6,-0.8,0.0,2.4000000000000004,0.0,1.6,0.0,0.0,1.6,-0.8,-0.8,0.0,0.8,0.8,-0.8,0.8,1.6,0.8,0.8,-1.6,0.0,1.6,-0.8,-0.8,1.6,0.8,0.0,0.0,1.6,0.8,-1.6,0.8,0.8,0.8,-0.8,-0.8,0.8,0.8,-0.8,0.0,1.6,1.6,0.0,-0.8,1.6,0.8,0.8,-2.4000000000000004,0.0,1.6,0.8,0.0,0.8,1.6,0.8,-1.6,0.8,0.0,0.8,0.0,-0.8,0.0,0.0,0.8,0.8,0.0,1.6,-1.6,0.8,-1.6,0.8,0.0,0.0,0.8,-0.8,0.0,0.8,0.0,0.8,0.0,0.8,-0.8,-0.8,1.6,0.0,-0.8,0.0,-1.6,0.0,-0.8,-0.8,0.0,0.8,0.0,0.0,-0.8,-1.6,-0.8,0.0,-0.8,0.0,0.0,0.8,0.0,0.0,0.0,0.0,-0.8,0.0,-0.8,0.0,1.6,1.6,-1.6,0.0,1.6,-0.8,0.0,0.8,0.0,1.6,0.0,-1.6,-0.8,0.0,1.6,0.0,0.0,0.8,0.8,0.0,0.0,-0.8,0.0,-0.8,1.6,-0.8,-0.8,0.0,-0.8,0.8,0.8,0.0,1.6,0.0,1.6,0.0,0.0,0.8,0.8,0.0,0.8,0.8,1.6,-0.8,1.6,1.6,0.8,0.0,0.0,0.8,0.0,-0.8,1.6,0.0,0.8,0.0,0.0,0.8,0.8,0.0,1.6,0.0,1.6,-0.8,0.0,0.0,0.8,1.6,0.0,0.8,-0.8,0.8,0.8,0.0,0.8,0.0,0.0,0.8,-0.8,0.8,0.0,-0.8,-0.8,-0.8,-0.8,-0.8,0.8,0.8,-1.6,0.0,0.0,-0.8,0.8,0.8,0.0,0.0,-0.8,-2.4000000000000004,0.0,1.6,0.8,0.8,-0.8,0.0,0.8,0.0,0.0,-1.6,0.8,0.8,-0.8,0.8,-0.8,-1.6,1.6,0.0,-1.6,0.8,2.4000000000000004,-0.8,-0.8,1.6,-0.8,0.0,0.8,0.0,1.6,0.0,0.0,0.8,0.8,0.0,0.0,0.8,0.0,1.6,0.0,0.0,0.8,0.0,0.8,0.8,0.8,0.0,0.0,1.6,0.8,0.0,-0.8,0.8,0.0,0.0,0.8,0.0,0.0,0.0,0.0,1.6,-1.6,0.0,0.0,0.0,0.0,-0.8,0.8,-1.6,0.8,0.8,-0.8,0.8,0.8,0.8,0.0,-0.8,2.4000000000000004,-0.8,0.0,-0.8,0.0,1.6,0.0,0.8,0.0,0.0,0.8,0.0,0.0,0.0,-0.8,0.8,-0.8,1.6,0.0,0.0,1.6,-1.6,0.0,-0.8,0.8,1.6,-0.8,1.6,0.0,0.0,1.6,0.0,0.8,0.8,0.0,0.0,0.8,1.6,0.0,1.6,0.8,0.8,0.8,-0.8,0.8,0.0,-0.8,0.8,-0.8,1.6,-0.8,0.0,0.8,0.8,0.8,0.8,0.8,0.8,0.8,1.6,0.0,0.0,1.6,-0.8,-0.8,-0.8,1.6,0.0,0.8,0.0,0.0,0.0,-0.8,-0.8,0.0,-0.8,0.8,0.8,0.0,-0.8,0.8,-0.8,0.8,0.0,0.0,0.0,0.0,0.0,0.0,-0.8,1.6,0.0,0.8,0.8,-0.8,0.8,-0.8,-0.8,0.0,0.0,1.6,0.0,0.0,0.8,1.6,1.6,0.8,0.8,-0.8,0.0,0.0,0.0,0.0,0.0,0.0,0.0,0.0,0.8,-0.8,0.8,0.0,-2.4000000000000004,0.0,0.8,-0.8,0.8,-0.8,0.8,0.8,0.0,0.0,-1.6,1.6,0.0,-0.8,0.0,0.0,1.6,0.0,0.0,0.8,0.0,1.6,-0.8,1.6,0.0,-0.8,1.6,0.0,0.0,0.0,0.0,2.4000000000000004,0.0,0.8,0.0,0.0,1.6,-0.8,1.6,0.0,1.6,0.8,-0.8,2.4000000000000004,0.8,0.0,1.6,0.0,2.4000000000000004,-1.6,0.0,0.0,-0.8,-0.8,0.8,0.0,0.0,0.8,1.6,-1.6,0.8,0.0,0.0,0.0,0.8,0.0,-0.8,1.6,0.0,0.8,0.0,0.0,0.0,1.6,0.8,0.0,0.0,0.0,0.0,0.8,-0.8,0.0,0.8,0.0,1.6,0.8,-0.8,-0.8,0.8,0.8,0.0,0.0,0.8,0.0,1.6,-0.8,0.8,0.0,-0.8,-0.8,0.8,1.6,0.0,0.8,0.0,0.0,1.6,0.0,0.0,0.8,0.0,-0.8,0.0,1.6,0.8,0.0,0.8,-0.8,0.0,0.0,-0.8,0.0,0.0,0.0,-0.8,0.8,0.0,0.8,0.8,0.0,1.6,0.8,-0.8,1.6,0.0,0.8,-1.6,-0.8,1.6,0.8,0.8,0.0,0.8,0.8,-1.6,0.8,-0.8,0.8,-0.8,-0.8,0.0,-0.8,-0.8,1.6,0.0,1.6,0.0,0.0,0.0,0.8,0.8,0.0,0.0,0.8,0.0,-0.8,0.8,0.8,0.8,0.0,0.0,0.0,0.8,0.8,-0.8,0.0,0.8,0.0,0.8,0.0,0.8,0.8,0.0,0.8,0.0,0.0,0.0,0.8,-0.8,-0.8,0.8,0.0,0.8,1.6,0.0,0.8,0.8,0.0,-0.8,0.8,2.4000000000000004,0.8,0.0,0.8,0.0,0.0,0.8,-0.8,0.0,-0.8,0.0,-0.8,0.0,0.8,0.0,0.8,-0.8,0.8,2.4000000000000004,-0.8,0.0,0.0,-0.8,0.0,0.8,-0.8,0.8,0.8,-0.8,0.0,0.0,0.0,0.0,0.0,-0.8,-2.4000000000000004,0.8,0.8,1.6,-0.8,2.4000000000000004,0.8,0.8,0.0,0.8,0.0,0.8,-0.8,0.8,0.0,0.0,-0.8,0.8,0.8,0.0,0.8,0.0,-1.6,0.0,-0.8,1.6,0.0,0.8,0.8,-0.8,-0.8,-0.8,0.8,0.8,-0.8,0.0,0.0,0.0,0.0,0.0,0.8,0.0,0.8,0.0,0.8,1.6,0.0,0.8,-0.8,-0.8,0.8,0.0,0.0,0.0,0.8,0.0,0.0,0.0,0.0,0.0,0.8,-0.8,-0.8,0.0,1.6,0.0,0.8,0.8,0.8,0.8,1.6,-0.8,0.0,1.6,0.8,0.0,0.8,-0.8,0.8,-0.8,0.0,0.0,0.8,1.6,-0.8,0.8,0.0,0.0,0.8,0.0,0.0,-0.8,0.0,0.8,0.0,1.6,0.0,0.8,0.8,-0.8,0.8,-0.8,1.6,0.8,-1.6,0.8,0.0,0.0,0.8,0.0,0.8,-1.6,-0.8,0.8,-1.6,0.8,0.0,1.6,0.0,-1.6,0.8,-1.6,1.6,0.0,0.0,0.0,-0.8,0.8,-0.8,0.8,0.8,0.8,1.6,0.0,-0.8,1.6,0.0,0.0,0.0,0.8,0.8,-0.8,1.6,0.8,0.0,0.0,-0.8,0.0,-0.8,0.8,0.8,-0.8,-0.8,0.0,0.8,-1.6,-0.8,0.8,0.0,1.6,-0.8,-0.8,0.0,1.6,0.8,-0.8,0.0,1.6,0.8,0.8,0.0,0.8,0.0,0.8,0.0,0.0,0.8,0.0,-0.8,0.8,0.8,0.8,0.0,0.0,0.8,0.0,0.8,-0.8,0.8,0.8,-1.6,0.8,0.8,0.8,0.8,0.8,0.0,0.0,0.0,0.8,0.0,1.6,0.0,0.0,1.6,1.6,-0.8,2.4000000000000004,0.8,0.0,0.8,-0.8,0.8,0.0,-0.8,1.6,-0.8,1.6,0.0,0.0,1.6,0.0,-0.8,1.6,0.0,0.8,0.0,0.0,-0.8,0.0,0.0,0.0,0.8,-0.8,2.4000000000000004,0.8,-0.8,0.8,-0.8,1.6,0.8,-0.8,1.6,0.0,0.0,0.8,-0.8,0.8,-0.8,0.8,0.0,0.0,0.8,0.0,1.6,1.6,0.0,0.8,0.8,0.0,-0.8,0.8,1.6,-0.8,0.8,-0.8,0.8,0.0,0.8,0.0,-0.8,-0.8,-1.6,-0.8,0.0,0.0,0.8,0.8,-0.8,0.0,-0.8,0.0,0.8,-0.8,-0.8,-0.8,-0.8,-0.8,0.8,0.8,0.0,0.8,0.0,0.8,1.6,0.0,0.8,-0.8,0.0,0.8,0.8,-0.8,0.0,0.8,2.4000000000000004,-0.8,1.6,0.8,0.0,0.0,-0.8,0.0,-0.8,0.0,0.8,0.0,0.0,0.0,0.0,-0.8,-0.8,-0.8,0.8,-0.8,0.8,0.0,-0.8,0.0,0.0,0.0,0.8,0.0,-0.8,0.0,0.0,0.0,0.8,0.8,0.0,-0.8,-1.6,0.0,1.6,-0.8,0.8,0.0,-0.8,0.8,-0.8,0.8,-0.8,0.0,0.8,-0.8,0.8,0.0,0.0,0.0,-1.6,-0.8,-1.6,0.0,0.0,-0.8,0.8,0.8,-0.8,1.6,-0.8,-0.8,0.0,0.0,0.0,0.0,-0.8,-0.8,1.6,-0.8,0.0,0.0,-0.8,0.8,0.0,-0.8,0.8,-1.6,-0.8,0.0,-1.6,0.8,0.0,0.8,-0.8,0.8,0.8,0.0,0.0,-0.8,2.4000000000000004,2.4000000000000004,-1.6,1.6,1.6,-0.8,-0.8,1.6,0.0,0.0,0.0,-0.8,-0.8,0.8,-1.6,1.6,0.0,-0.8,0.0,0.8,0.0,0.8,-0.8,0.0,1.6,-0.8,-0.8,0.8,0.8,0.0,0.0,0.0,0.0,0.0,0.8,0.0,0.0,-0.8,-0.8,0.0,-0.8,-0.8,0.8,2.4000000000000004,0.0,0.0,0.0,-0.8,0.0,0.8,0.0,0.8,0.0,1.6,0.0,-0.8,0.8,-2.4000000000000004,2.4000000000000004,-0.8,-1.6,0.8,0.8,1.6,-0.8,0.0,1.6,0.0,1.6,-1.6,0.8,0.8,-0.8,0.8,-0.8,0.8,0.0,-0.8,0.8,0.8,1.6,0.8,-0.8,0.8,-1.6,0.0,0.0,0.0,0.8,0.0,0.0,1.6,0.8,0.0,0.0,0.8,0.8,-0.8,-0.8,0.8,2.4000000000000004,-0.8,0.0,1.6,0.8,-0.8,0.8,0.0,0.8,0.0,-0.8,0.0,1.6,1.6,0.8,0.0,0.8,0.8,0.0,0.0,-0.8,-0.8,0.8,-0.8,0.8,-0.8,0.0,0.0,0.8,0.0,-0.8,0.8,-0.8,0.8,0.8,0.0,0.8,0.0,0.8,0.0,-1.6,0.8,0.0,0.0,0.0,0.0,0.8,-0.8,0.8,0.8,0.0,0.0,0.0,0.8,0.8
event_59,1625266842.5576274,2.4000000000000004,0.8,0.8,1.6,0.8,0.0,-0.8,0.8,0.0,0.8,0.0,0.0,1.6,0.0,0.0,1.6,0.0,1.6,-0.8,0.8,0.8,1.6,0.8,0.0,0.8,0.0,0.8,0.8,0.0,1.6,0.8,0.0,0.8,0.8,0.8,1.6,0.0,0.8,-1.6,0.8,0.0,0.0,0.0,0.0,0.8,0.8,-0.8,0.8,-1.6,1.6,0.8,-0.8,1.6,0.0,1.6,0.8,0.8,0.0,0.8,1.6,-0.8,0.8,1.6,0.8,0.0,0.8,0.8,-0.8,0.8,1.6,0.8,0.0,0.8,1.6,0.0,0.8,0.0,0.8,0.0,0.0,0.0,0.8,1.6,0.8,0.8,0.0,3.2,0.8,0.0,0.8,0.8,0.0,0.8,0.8,0.0,0.8,0.8,0.8,0.0,0.8,0.0,0.0,0.8,-13.600000000000001,-105.6,-141.6,-113.60000000000001,-43.2,-21.6,-11.2,-4.800000000000001,-4.800000000000001,-11.2,-9.600000000000001,-4.0,-4.800000000000001,-0.8,0.0,-1.6,-0.8,-0.8,-0.8,-0.8,-0.8,1.6,-2.4000000000000004,0.0,1.6,0.8,-2.4000000000000004,-0.8,0.8,-0.8,-0.8,1.6,2.4000000000000004,1.6,-2.4000000000000004,0.0,1.6,-0.8,0.0,-0.8,0.0,2.4000000000000004,-2.4000000000000004,0.0,0.8,-0.8,-0.8,-1.6,1.6,0.0,0.8,0.8,-1.6,0.8,0.0,0.8,0.8,0.0,0.8,0.0,0.0,0.8,0.0,0.0,0.0,0.0,0.0,0.0,0.8,0.0,0.8,0.8,0.0,0.0,-0.8,-1.6,-0.8,0.0,1.6,-0.8,0.0,0.0,0.8,0.8,0.8,1.6,0.0,0.0,0.8,0.0,0.8,0.8,0.8,1.6,-0.8,0.0,0.8,0.0,0.8,0.0,-1.6,0.0,0.0,0.0,0.0,-0.8,-0.8,0.8,1.6,0.8,0.0,0.8,1.6,-0.8,0.8,0.0,1.6,-0.8,0.8,1.6,1.6,0.0,0.8,0.0,1.6,0.0,0.0,0.0,0.8,0.8,0.0,0.8,0.0,0.0,1.6,0.8,0.8,-0.8,1.6,0.0,0.8,0.0,0.8,0.0,0.8,-1.6,0.0,-0.8,0.0,0.0,1.6,0.8,-0.8,1.6,0.8,0.8,0.8,-0.8,1.6,-0.8,1.6,0.8,-1.6,1.6,0.0,1.6,0.8,0.0,1.6,-0.8,1.6,0.8,-0.8,0.8,-0.8,0.0,0.0,2.4000000000000004,1.6,0.0,0.8,0.8,1.6,0.8,-0.8,1.6,0.0,0.0,-0.8,0.0,0.8,0.0,1.6,0.8,0.0,0.0,0.8,0.8,0.8,-0.8,-0.8,-1.6,0.8,0.8,-0.8,0.0,0.8,0.8,-0.8,0.8,0.8,0.8,0.0,0.8,0.8,0.8,0.8,0.0,1.6,1.6,-0.8,0.8,0.0,0.0,0.8,0.0,0.0,0.0,0.0,1.6,0.0,0.0,0.0,0.0,0.0,0.8,0.0,0.8,0.8,0.8,0.8,0.8,1.6,0.8,0.8,1.6,0.8,0.8,1.6,0.8,0.8,-0.8,0.0,0.8,-0.8,0.0,0.8,0.8,0.8,0.0,0.0,0.0,0.8,1.6,0.8,0.0,0.8,0.0,0.0,0.0,0.0,0.8,3.2,0.0,-1.6,1.6,1.6,0.0,0.0,0.8,3.2,0.8,0.8,-0.8,0.0,1.6,0.0,0.0,0.8,0.0,1.6,0.0,0.8,0.8,-0.8,0.8,-0.8,1.6,-0.8,-0.8,0.8,-0.8,2.4000000000000004,-0.8,-0.8,2.4000000000000004,-0.8,0.8,1.6,0.8,1.6,0.8,0.8,0.8,1.6,0.8,-1.6,2.4000000000000004,0.8,-0.8,1.6,0.8,0.8,-0.8,0.8,0.8,0.8,0.0,0.0,0.8,0.0,-0.8,0.8,-0.8,0.0,0.0,0.8,0.8,0.0,0.0,-0.8,0.0,0.8,0.0,0.8,0.8,-0.8,1.6,0.8,0.0,0.8,1.6,0.0,0.8,0.8,0.8,0.8,0.0,1.6,0.0,0.8,0.0,0.0,0.8,0.0,0.8,0.0,0.8,0.8,0.0,0.0,-0.8,-0.8,-0.8,0.8,1.6,0.0,0.0,0.8,0.8,0.8,0.0,0.8,0.0,0.8,-0.8,0.0,1.6,0.0,0.8,0.8,0.0,1.6,0.8,0.0,0.8,0.8,-0.8,-0.8,1.6,0.8,-0.8,0.8,-0.8,1.6,0.8,0.0,0.8,0.0,0.8,-0.8,0.0,0.8,0.8,0.0,0.0,1.6,1.6,0.0,1.6,0.0,1.6,0.8,0.0,0.8,0.8,0.8,2.4000000000000004,0.8,0.8,-0.8,0.0,0.0,0.0,0.8,1.6,0.8,0.0,0.0,0.0,0.0,1.6,0.8,0.8,0.8,0.8,1.6,1.6,0.0,0.0,0.8,0.8,0.0,-0.8,2.4000000000000004,0.0,-0.8,1.6,0.0,0.0,0.0,-0.8,0.0,0.0,0.0,1.6,0.0,1.6,0.8,0.8,-0.8,0.0,-0.8,0.0,1.6,0.0,0.0,0.8,0.0,0.0,0.0,0.8,2.4000000000000004,0.8,0.0,0.0,0.0,0.8,0.0,0.8,0.0,0.8,0.8,-0.8,-0.8,0.0,-0.8,0.0,-0.8,-0.8,0.0,-1.6,-0.8,0.0,0.0,0.0,0.0,0.0,0.0,0.8,0.8,0.0,0.8,0.0,1.6,0.0,0.8,0.0,0.0,1.6,0.0,0.8,0.0,-0.8,0.0,0.0,1.6,0.8,-0.8,0.0,-0.8,0.8,0.0,-0.8,1.6,-0.8,1.6,-0.8,-0.8,1.6,0.0,0.8,0.0,0.8,1.6,0.0,1.6,0.0,0.0,0.8,-0.8,-0.8,-0.8,1.6,0.8,-0.8,0.0,0.8,0.0,0.0,0.8,0.8,0.8,0.8,0.8,0.8,0.8,0.0,0.0,0.8,0.0,0.0,0.8,0.8,0.0,0.0,0.0,0.8,0.8,0.0,0.0,-0.8,0.8,-0.8,0.0,0.8,1.6,0.8,0.0,0.0,0.8,0.0,0.0,-0.8,2.4000000000000004,0.0,-0.8,0.0,0.0,0.0,0.0,0.0,0.8,-0.8,0.8,0.8,0.8,0.0,-2.4000000000000004,3.2,0.8,2.4000000000000004,0.8,-0.8,1.6,0.0,0.8,1.6,0.8,2.4000000000000004,-0.8,0.0,0.0,1.6,0.8,0.0,2.4000000000000004,0.8,0.0,1.6,-0.8,0.8,-0.8,0.8,0.8,0.0,0.8,0.0,0.8,0.8,0.0,1.6,0.0,1.6,1.6,0.0,0.8,0.0,2.4000000000000004,0.8,-0.8,0.0,-0.8,0.8,0.8,0.0,0.8,0.0,0.0,0.0,-0.8,0.8,0.0,0.0,-0.8,0.0,1.6,-0.8,1.6,-0.8,-1.6,0.0,0.8,0.0,0.0,0.0,1.6,1.6,0.0,0.0,0.0,2.4000000000000004,0.0,0.0,-0.8,0.0,0.8,0.0,1.6,0.8,0.0,0.0,-0.8,0.8,-0.8,0.0,0.8,0.8,0.8,0.8,0.0,0.8,0.8,0.8,2.4000000000000004,0.8,0.8,-0.8,-0.8,0.8,1.6,-0.8,0.8,0.8,0.8,0.0,0.8,-0.8,0.8,0.8,0.0,-0.8,-0.8,-0.8,2.4000000000000004,0.0,1.6,0.0,0.0,0.0,0.0,0.0,0.8,0.0,0.8,0.0,0.8,0.0,0.0,0.8,0.0,1.6,-0.8,1.6,1.6,-0.8,1.6,-0.8,-0.8,0.0,0.0,1.6,0.0,0.0,0.8,0.0,0.8,0.0,0.8,0.0,0.8,1.6,0.0,0.8,0.8,0.8,0.8,0.8,0.0,0.0,0.0,0.0,0.0,0.8,0.0,0.8,0.8,1.6,0.0,0.0,0.8,-0.8,0.0,0.8,0.0,0.0,0.8,0.8,1.6,-0.8,0.8,0.8,0.8,-0.8,0.0,0.8,0.0,0.8,0.0,-0.8,1.6,0.8,0.0,1.6,0.0,0.8,0.0,0.8,0.8,1.6,0.8,0.8,1.6,1.6,0.8,1.6,0.0,-0.8,0.0,-0.8,0.8,0.8,0.0,0.8,0.0,0.0,0.0,0.0,0.0,0.0,0.0,1.6,0.0,0.8,-1.6,0.0,0.8,-0.8,0.8,0.0,0.8,0.0,0.8,0.8,0.0,0.8,0.8,0.8,0.8,-0.8,1.6,0.8,0.0,1.6,0.0,-0.8,0.8,0.0,0.8,-0.8,1.6,0.8,-1.6,0.8,0.0,0.0,0.8,-0.8,0.0,-1.6,1.6,0.0,0.8,0.0,0.0,0.8,0.8,0.8,-0.8,0.8,1.6,-0.8,0.0,0.8,0.8,0.8,0.0,0.8,1.6,-0.8,1.6,0.0,-0.8,0.0,-0.8,0.0,0.0,0.0,0.8,0.8,0.0,0.0,0.0,0.0,0.0,-0.8,0.8,0.0,0.8,0.0,0.8,1.6,1.6,0.0,0.8,0.8,0.8,0.0,0.0,0.0,0.0,0.8,1.6,0.8,0.0,0.0,0.8,0.0,2.4000000000000004,0.0,0.8,-0.8,0.8,-0.8,-0.8,0.0,-0.8,0.0,1.6,-0.8,0.0,0.0,0.8,0.8,-0.8,0.8,0.0,0.0,0.0,0.8,1.6,0.0,0.0,1.6,-0.8,0.0,0.0,0.0,0.0,0.0,0.0,0.0,0.8,0.8,0.0,1.6,-0.8,-0.8,0.8,0.8,0.8,0.0,0.8,0.8,0.0,2.4000000000000004,-0.8,0.0,1.6,0.0,1.6,0.8,0.8,0.0,-0.8,1.6,0.8,1.6,0.0,-0.8,1.6,-2.4000000000000004,1.6,-0.8,0.8,0.8,-1.6,1.6,0.8,0.0,1.6,0.0,1.6,-0.8,0.8,1.6,-0.8,2.4000000000000004,0.0,0.8,0.0,0.8,0.0,0.8,1.6,0.8,0.0,1.6,0.0,1.6,0.8,0.8,0.0,0.0,0.0,-0.8,0.8,0.8,-0.8,1.6,0.0,2.4000000000000004,0.8,-0.8,0.8,0.8,-0.8,2.4000000000000004,1.6,-3.2,3.2,3.2,-2.4000000000000004,0.0,3.2,0.8,-1.6,0.0,2.4000000000000004,0.0,-1.6,0.0,1.6,0.0,-0.8,0.8,0.0,-0.8,0.0,0.8,0.0,0.8,0.8,0.8,0.8,1.6,-0.8,0.0,2.4000000000000004,0.0,0.8,0.0,1.6,0.8,0.0,0.8,-0.8,1.6,0.8,-1.6,0.8,0.0,0.8,0.0,0.0,1.6,0.0,1.6,-0.8,0.8,0.0,-1.6,0.8,-0.8,0.0,0.8,-1.6,0.0,-0.8,0.0,0.0,-0.8,1.6,-0.8,0.0,0.0,1.6,0.8,-0.8,0.8,0.0,-0.8,0.8,0.0,1.6,0.0,-0.8,0.8,-1.6,0.8,0.8,0.0,0.8,-2.4000000000000004,0.8,-0.8,-0.8,0.8,0.0,-0.8,0.8,0.0,0.8,1.6,0.0,0.0,1.6,0.0,-0.8,1.6,0.8,0.0,0.0,0.0,1.6,-0.8,-0.8,0.0,0.8,0.8,0.8,-0.8,-0.8,-0.8,0.8,0.0,0.8,0.0,0.8,0.0,0.8,0.0,-0.8,0.8,-1.6,-0.8,0.0,0.8,0.0,0.0,0.0,0.0,0.8,0.8,0.0,0.0,0.0,0.8,-1.6,0.0,0.0,0.8,1.6,0.0,1.6,0.8,0.0,0.8,0.8,0.0,0.0,-0.8,0.8,-0.8,-1.6,0.8,0.8,0.8,0.0,0.8,1.6,0.0,0.8,-0.8,1.6,0.8,0.0,0.0,0.0,0.8,0.0,0.8,0.8,0.8,0.0,-0.8,0.8,0.0,-0.8,0.8,-0.8,0.8,0.0,0.0,0.0,0.0,0.0,1.6,0.8,0.8,0.0,0.8,0.0,0.8,0.8,-1.6,0.8,0.0,0.8,0.8,-0.8,0.0,0.0,1.6,0.0,-0.8,0.8,0.8,0.0,-0.8,0.0,-0.8,-0.8,0.8,0.0,0.0,0.8,0.0,0.0,1.6,0.8,1.6,0.8,-0.8,0.0,0.0,0.8,0.0,0.8,1.6,0.8,0.0,0.8,-0.8,0.0,0.8,0.0,-0.8,-1.6,0.8,0.0,0.0,0.8,0.8,0.8,0.0,0.8,0.8,-0.8,0.0,-0.8,0.8,-0.8,0.8,0.8,0.8,0.0,0.0,0.0,0.8,-0.8,0.0,0.8,0.0,2.4000000000000004,0.0,0.8,0.0,0.0,0.8,0.8,1.6,0.0,0.0,0.0,-0.8,0.8,0.8,0.8,1.6,-0.8,0.8,-0.8,0.0,1.6,-1.6,1.6,0.0,0.0,0.0,0.0,1.6,-0.8,1.6,1.6,-0.8,0.8,0.8,0.0,0.8,0.0,0.0,-0.8,0.0,-0.8,0.0,0.8,-0.8,0.0,0.0,-2.4000000000000004,0.8,-0.8,0.0,0.0,0.8,1.6,0.0,1.6,0.8,0.0,1.6,0.0,0.0,-1.6,2.4000000000000004,2.4000000000000004,-1.6,-0.8,1.6,0.0,-0.8,0.8,0.0,0.0,0.8,-0.8,1.6,2.4000000000000004,0.8,1.6,1.6,1.6,0.8,1.6,0.0,1.6,0.0,0.0,1.6,-0.8,0.0,-0.8,0.0,1.6,0.0,1.6,0.0,-0.8,0.0,-0.8,0.8,0.0,1.6,0.8,0.8,2.4000000000000004,0.8,-1.6,1.6,-0.8,0.8,0.0,-1.6,0.8,0.8,0.8,0.0,0.8,0.0,-1.6,0.8,0.8,0.8,0.8,1.6,0.0,0.0,0.0,-0.8,0.0,2.4000000000000004,0.0,0.0,-0.8,-0.8,2.4000000000000004,-0.8,1.6,0.8,0.0,0.8,-1.6,0.8,0.0,0.8,-0.8,0.0,0.8,-1.6,0.8,0.8,0.0,0.8,0.0,1.6,0.8,0.0,1.6,-0.8,1.6,0.0,-0.8,0.8,0.0,0.0,0.8,-0.8,1.6,1.6,1.6,0.0,-0.8,1.6,0.0,0.8,0.8,1.6,1.6,0.0,0.8,0.8,0.0,1.6,0.0,2.4000000000000004,-0.8,0.0,0.0,0.0,0.8,0.0,0.8,1.6,0.8,0.8,0.8,0.8,0.8,-0.8,0.8,0.8,2.4000000000000004,0.0,0.8,1.6,0.8,0.8,0.8,0.0,1.6,0.8,-0.8,0.0,1.6,0.8,1.6,0.0,0.8,-0.8,0.8,0.8,0.8,0.8,0.8,0.0,0.8,0.0,0.0,0.8,0.8,0.8,0.8,0.8,0.8,0.8,1.6,0.0,-0.8,-0.8,0.0,0.8,-0.8,2.4000000000000004,0.8,0.0,0.8,-1.6,-0.8,0.0,-0.8,0.8,-0.8,1.6,0.0,0.0,0.8,-0.8,1.6,0.0,0.0,-0.8,-0.8,3.2,-0.8,0.8,0.0,0.0,0.8,0.0,0.8,0.8,0.8,0.8,-1.6,0.8,-0.8,0.0,1.6,0.0,1.6,0.0,0.8,0.0,-0.8,0.0,-0.8,0.8,-0.8,0.8,1.6,0.0,0.8,0.8,0.0,0.0,0.0,0.8,0.0,0.0,0.0,0.8,0.8,0.0,0.8,1.6,-0.8,1.6,0.8,0.8,0.8,0.0,0.0,0.8,0.0,1.6,0.8,0.0,0.0,0.8,0.0,0.8,-0.8,0.8,0.0,0.8,0.0,0.8,2.4000000000000004,1.6,0.8,0.0,0.0,0.0,0.8,0.8,0.0,-0.8,0.0,0.8,0.8,-0.8,0.0,0.8,-0.8,0.0,0.0,-0.8,0.8,0.0,0.8,-0.8,1.6,1.6,-2.4000000000000004,0.8,0.8,0.0,0.0,0.0,0.0,0.8,1.6,1.6,0.0,0.0,0.8,1.6,0.8,-0.8,0.8,0.8,0.8,0.0,0.8,0.8,0.0,1.6,0.0,0.8,-0.8,-0.8,1.6,0.0,0.0,0.0,0.0,0.8,0.0,0.0,0.0,0.8,1.6,0.0,0.0,0.8,1.6,0.8,0.8,0.0,1.6,0.0,1.6,1.6,0.8,-0.8,0.0,0.0,0.8,0.0,0.8,0.0,0.8,-0.8,1.6,0.8,0.8,0.8,0.0,1.6,0.0,-0.8,0.8,0.0,1.6,0.8,-1.6,1.6,0.0,0.0,0.8,0.0,0.0,1.6,0.8,0.8,1.6,0.8,0.8,0.0,0.8,0.8,0.8,0.0,0.0,0.8,-0.8,0.8,0.8,0.0,0.8,0.8,0.8,0.0,0.8,0.8,-0.8,0.8,-0.8,-0.8,1.6,0.8,0.8,-0.8,0.0,2.4000000000000004,0.8,0.8,-1.6,1.6,2.4000000000000004,-3.2,0.0,2.4000000000000004,-0.8,0.0,1.6,1.6,-0.8,0.8,0.8,0.0,1.6,-1.6,0.8,1.6,-0.8,1.6,0.8,0.8,1.6,0.0,0.8,1.6,0.8,0.0,-0.8,1.6,0.0,2.4000000000000004,0.8,0.0,0.8,0.8,1.6,0.8,0.0,1.6,0.0,0.8,-0.8,0.8,0.0,0.8,1.6,0.0,0.8,0.8,0.0,1.6,-0.8,0.8,0.0,0.0,0.8,-0.8,0.8,1.6,1.6,0.8,0.0,0.8,0.8,0.0,-0.8,0.0,0.8,0.8,0.8,-0.8,0.8,1.6,0.0,1.6,0.0,-0.8,0.0,0.0,0.0,0.0,0.8,1.6,0.0,0.0,0.8,0.8,0.0,0.0,0.0,-0.8,0.8,1.6,0.0,0.8,1.6,0.8,0.8,0.0,-0.8,1.6,0.8,-0.8,0.8,0.8,0.8,0.0,-0.8,0.0,-0.8,0.8,0.0,0.0,0.8,-0.8,1.6,0.8,-0.8,0.0,-0.8,1.6,-0.8,0.0,0.8,-0.8,1.6,0.0,0.8,0.8,0.8,0.8,0.0,0.8,0.8,-1.6,0.8,-0.8,0.0,0.0,-1.6,0.0,-0.8,0.0,1.6,0.0,0.0,-0.8,0.8,0.8,0.0,0.0,0.0,0.8,0.8,-0.8,0.8,0.0,0.8,0.0,-0.8,0.8,-0.8,2.4000000000000004,0.0,0.0,0.8,0.0,0.8,-0.8,-0.8,0.0,0.0,0.8,0.0,-0.8,0.0,-0.8,0.8,0.0,0.0,1.6,0.8,0.8,0.8,0.0,0.8,0.0,-0.8,-1.6,0.8,1.6,0.8,0.8,0.0,1.6,0.8,0.0,1.6,-0.8,0.8,0.0,0.0,1.6,0.0,0.8,-0.8,0.8,0.8,0.8,-0.8,0.0,1.6,-0.8,-0.8,-0.8,0.0,0.8,0.0,1.6,0.0,0.8,0.0,0.0,1.6,-0.8,0.0,0.8,0.8,1.6,0.8,0.0,0.0,0.0,0.0,0.0,0.0,1.6,0.0,-0.8,-0.8,0.8,-1.6,0.8,0.8,0.8,0.8,0.0,0.0,0.8,-1.6,0.8,-0.8,0.8,-1.6,-0.8,0.8,-0.8,0.8,0.0,0.0,0.8,0.0,0.8,-0.8,0.8,0.8,0.0,0.8,0.0,1.6,0.0,0.0,0.0,-0.8,0.0,-0.8,0.0,0.0,0.0,0.8,0.0,0.0,0.8,-0.8,0.8,0.8,-0.8,0.0,-0.8,0.8,2.4000000000000004,0.0,-0.8,0.0,1.6,0.0,0.0,0.8,0.0,0.0,-0.8,0.0,0.0,0.8,0.0,0.0,0.8,0.8,0.0,0.0,1.6,-0.8,0.0,0.0,0.8,0.8,0.8,-0.8,0.8,0.0,0.0,0.8,0.0,0.0,-1.6,0.8,0.0,0.8,-0.8,0.8,0.0,0.0,0.0,-0.8,-0.8,0.0,-0.8,0.8,-0.8,0.8,0.0,0.8,1.6,0.8,-0.8,0.8,-1.6,-0.8,-0.8,1.6,-0.8,0.8,0.8,-1.6,0.0,0.0,-0.8,1.6,0.0,0.8,0.8,0.0,0.8,0.0,0.8,-0.8,0.0,0.8,0.8,0.8,-0.8,0.0,0.0,-1.6,0.8,0.8,0.8,0.0,0.8,0.8,-0.8,0.8,0.0,-1.6,1.6,-2.4000000000000004,-0.8,-0.8,0.0,0.8,-0.8,0.0,0.8,0.8,1.6,-1.6,0.0,0.0,0.0,0.0,-0.8,0.0,0.0,0.0,0.0,0.0,-0.8,0.0,0.0,0.0,-0.8,0.8,0.0,0.0,0.0,0.8,-0.8,1.6,0.8,0.8,0.0,1.6,0.8,-0.8,0.0,0.8,0.8,0.8,0.0,0.0,0.8,0.0,0.8,0.0,1.6,0.0,-0.8,0.8,0.0,0.8,1.6,0.8,0.8,-1.6,0.8,0.0,0.0,0.0,0.0,0.8,0.0,0.0,0.0,-0.8,0.8,0.8,0.8,1.6,-1.6,1.6,0.8,0.0,0.8,0.0,0.8,-0.8,0.8,0.8,-1.6,1.6,-0.8,0.0,0.0,-0.8,0.8,-1.6,0.0,-0.8,-0.8,1.6,-0.8,1.6,-0.8,0.8,0.0,-1.6,0.8,0.8,0.8,0.8,0.0,0.8,0.0,1.6,0.0,0.0,1.6,0.0,-0.8,0.0,-0.8,1.6,0.0,1.6,0.8,-0.8,1.6,0.0,0.8,-1.6,-0.8,1.6,-1.6,0.0,-1.6,0.8,0.0,0.8,0.8,0.8,0.0,0.0,0.0,0.0,0.0,1.6,0.8,0.8,0.0,0.8,0.8,0.8,0.8,1.6,0.0,-0.8,0.0,-0.8,0.0,0.8,0.0,0.8,-0.8,0.8,0.8,0.8,-1.6,0.8,0.8,0.8,-0.8,0.0,0.0,0.0,0.0,0.0,0.8,0.0,0.8,2.4000000000000004,0.0,0.0,0.0,0.0,0.0,-1.6,0.8,0.8,-0.8,0.8,-0.8,0.8,0.0,0.0,-0.8,-1.6,1.6,0.8,-0.8,0.8,0.0,0.0,0.0,-0.8,0.0,0.0,1.6,0.0,0.8,-0.8,-0.8,0.8,-0.8,1.6,0.0,0.0,0.0,-0.8,0.0,0.8,0.8,0.8,-0.8,1.6,0.0,-2.4000000000000004,0.8,0.0,0.0,-0.8,0.0,0.8,-0.8,0.8,0.0,0.8,1.6,-0.8,1.6,-0.8,0.0,0.8,-0.8,0.8,0.0,0.8,0.8,0.8
event_60,1625266844.7137506,0.8,0.8,0.0,0.0,1.6,0.0,0.8,0.0,0.8,0.8,0.8,0.0,-0.8,0.0,0.8,-0.8,0.0,-0.8,-0.8,0.8,0.0,0.0,0.0,-0.8,1.6,0.0,0.8,0.8,0.0,0.8,-1.6,0.8,0.0,2.4000000000000004,-0.8,0.8,1.6,0.0,0.0,0.8,0.0,0.0,-1.6,0.8,0.8,-0.8,1.6,0.8,0.8,0.0,-0.8,0.8,-0.8,1.6,0.0,0.0,0.8,0.0,-0.8,0.8,0.8,0.0,0.0,1.6,0.0,0.0,1.6,-0.8,0.8,0.0,0.0,1.6,-0.8,0.0,0.8,0.0,0.0,0.0,0.8,-0.8,0.8,0.8,0.0,0.8,0.8,0.0,0.0,0.8,1.6,-0.8,0.0,0.0,-1.6,-0.8,2.4000000000000004,0.0,0.0,0.8,0.0,0.0,2.4000000000000004,0.0,-2.4000000000000004,-16.8,-37.6,-31.200000000000003,-16.0,-4.800000000000001,-2.4000000000000004,-0.8,-1.6,-2.4000000000000004,-2.4000000000000004,-4.0,-1.6,0.0,-0.8,-1.6,-0.8,0.8,-0.8,-1.6,-0.8,2.4000000000000004,2.4000000000000004,-1.6,0.0,0.8,-0.8,-0.8,-0.8,1.6,0.8,-0.8,1.6,0.0,2.4000000000000004,0.0,0.0,0.8,0.8,0.8,-0.8,0.0,0.0,0.8,0.8,-0.8,2.4000000000000004,0.0,0.0,0.8,-1.6,1.6,1.6,0.0,2.4000000000000004,-1.6,0.8,0.8,0.0,0.0,0.0,0.0,-0.8,0.8,1.6,-0.8,1.6,0.0,1.6,0.0,0.0,0.8,-0.8,-0.8,1.6,-0.8,-0.8,0.0,1.6,1.6,0.0,0.8,0.0,1.6,0.0,0.0,0.8,0.8,0.0,-1.6,0.0,1.6,0.0,-0.8,0.0,0.8,0.8,0.8,0.0,-0.8,0.0,0.8,-0.8,1.6,0.8,0.0,0.8,0.8,1.6,0.8,0.8,1.6,0.0,0.8,0.0,-0.8,0.0,0.8,0.0,0.0,0.0,0.0,-0.8,0.8,0.0,0.0,0.0,0.0,0.0,1.6,0.8,0.8,1.6,0.8,-0.8,0.8,0.0,0.8,0.0,0.0,-0.8,-0.8,0.0,0.8,0.8,0.0,-0.8,0.0,-0.8,0.0,-0.8,0.8,0.0,0.0,0.8,-0.8,0.0,0.0,0.8,1.6,0.0,1.6,0.8,0.8,0.8,-0.8,0.8,0.0,0.0,0.8,-0.8,1.6,-0.8,0.8,0.8,-1.6,0.8,0.0,0.0,0.0,0.0,1.6,-0.8,0.8,0.8,0.0,1.6,-0.8,-0.8,0.8,1.6,0.8,-0.8,0.8,1.6,0.0,0.8,-0.8,0.0,0.0,0.0,0.0,-0.8,0.8,0.0,0.0,0.8,0.8,0.8,0.0,0.8,0.8,0.0,0.8,0.0,0.8,0.0,0.0,0.0,0.8,0.8,0.0,0.8,0.8,0.8,-0.8,0.8,0.0,0.8,0.8,2.4000000000000004,0.8,0.8,1.6,0.0,-3.2,3.2,0.8,-1.6,0.0,2.4000000000000004,-0.8,-0.8,1.6,2.4000000000000004,-0.8,-0.8,0.8,0.8,0.0,-0.8,0.8,0.0,0.0,-0.8,-0.8,1.6,0.0,0.0,0.8,0.0,1.6,0.8,0.0,0.8,0.8,0.8,0.8,0.0,0.0,0.0,0.0,0.8,0.8,0.0,0.8,0.0,-0.8,0.8,0.0,0.8,0.8,0.8,0.8,-0.8,0.8,-0.8,-2.4000000000000004,0.8,0.8,0.8,0.0,0.8,0.8,0.0,0.8,0.8,-0.8,0.8,0.0,-0.8,0.8,0.8,0.8,0.8,1.6,0.8,0.0,0.0,0.8,1.6,-0.8,0.0,0.8,0.0,1.6,0.0,0.8,1.6,0.8,2.4000000000000004,0.0,0.8,0.8,-1.6,0.8,0.8,1.6,0.8,0.8,0.0,0.8,0.8,1.6,0.0,1.6,0.8,0.0,0.8,-0.8,0.8,0.0,0.0,0.8,0.0,0.0,0.0,1.6,0.8,0.8,0.8,0.0,0.0,0.0,0.0,0.0,0.0,0.8,0.8,0.0,1.6,1.6,0.8,0.8,0.0,0.0,0.0,-1.6,1.6,0.8,-0.8,0.8,-0.8,0.0,0.0,0.0,0.0,0.0,0.8,0.8,0.0,0.0,0.0,0.0,0.0,0.0,-0.8,0.0,1.6,0.8,0.8,0.0,0.8,0.0,0.0,0.8,-1.6,-0.8,0.8,0.0,2.4000000000000004,-0.8,-0.8,0.8,-0.8,2.4000000000000004,0.0,-0.8,0.0,0.0,1.6,0.0,0.0,0.0,0.8,0.8,-0.8,1.6,0.0,0.0,1.6,0.0,1.6,0.0,0.8,2.4000000000000004,0.8,0.8,0.0,1.6,1.6,-0.8,0.8,-0.8,0.0,0.0,0.0,0.0,0.8,0.8,1.6,0.8,0.0,0.0,0.0,0.0,0.8,0.0,0.8,0.8,0.8,0.0,0.0,0.8,0.8,0.8,1.6,0.8,0.0,0.8,0.8,0.8,0.8,2.4000000000000004,0.8,-0.8,-0.8,0.8,0.8,-0.8,0.0,0.0,0.0,1.6,0.0,0.8,0.8,0.0,1.6,-0.8,1.6,0.0,0.8,1.6,-0.8,0.8,0.0,0.0,0.8,-0.8,0.0,0.8,0.0,1.6,-0.8,0.8,0.8,-0.8,1.6,0.0,0.8,0.0,0.8,0.8,0.8,1.6,0.0,0.8,0.8,-0.8,1.6,0.0,1.6,0.8,-1.6,1.6,0.8,0.0,0.8,-0.8,1.6,-0.8,0.0,1.6,0.0,2.4000000000000004,1.6,0.0,0.8,0.0,0.8,0.0,0.8,1.6,0.0,-0.8,-0.8,1.6,-0.8,1.6,0.8,0.8,1.6,-0.8,0.0,1.6,-1.6,0.8,-0.8,1.6,0.8,-0.8,1.6,0.0,0.8,0.0,-0.8,1.6,1.6,0.0,-1.6,0.8,0.8,-1.6,0.0,0.8,-0.8,0.0,0.8,0.0,-0.8,0.0,0.0,0.8,0.0,-0.8,0.8,0.0,-0.8,0.0,1.6,-0.8,0.8,0.0,-0.8,0.0,0.8,-0.8,0.8,0.0,1.6,2.4000000000000004,0.8,0.0,0.0,1.6,0.8,-0.8,-0.8,0.8,0.8,0.8,0.8,0.8,0.0,0.8,-0.8,1.6,0.0,-0.8,0.0,-0.8,0.8,-0.8,0.8,1.6,0.8,1.6,1.6,0.0,0.0,-1.6,0.0,0.0,1.6,0.0,-0.8,0.8,0.8,0.0,0.8,0.0,1.6,0.8,0.0,-0.8,0.0,0.8,1.6,0.8,1.6,-0.8,0.8,-0.8,1.6,0.8,0.0,0.0,0.0,0.8,0.0,-0.8,0.0,0.0,0.0,0.0,0.0,1.6,2.4000000000000004,0.8,0.8,1.6,0.8,0.0,0.8,0.8,0.0,1.6,0.8,0.0,0.0,-0.8,-0.8,0.0,0.8,0.8,0.8,1.6,0.0,0.0,0.0,0.8,0.0,-0.8,0.0,0.8,0.0,0.8,0.0,0.8,1.6,1.6,0.8,-0.8,0.8,0.8,0.0,0.0,0.8,0.8,0.0,-0.8,0.8,-0.8,0.0,0.8,0.0,0.0,0.0,0.8,0.0,0.0,0.8,-1.6,0.8,0.8,0.0,1.6,0.8,1.6,-0.8,0.8,1.6,1.6,0.0,0.0,0.0,1.6,0.0,1.6,-0.8,0.0,0.8,-1.6,0.8,0.8,-0.8,1.6,0.0,1.6,0.8,0.8,0.0,0.0,0.8,1.6,0.0,0.8,-1.6,0.8,0.8,0.0,0.8,-0.8,0.0,-0.8,0.8,0.8,0.0,1.6,-1.6,0.8,0.0,-1.6,1.6,0.0,0.0,0.0,-0.8,0.0,0.8,1.6,0.8,0.0,1.6,-0.8,0.0,0.8,0.0,0.0,0.0,0.0,-0.8,0.0,0.8,1.6,0.0,0.0,0.0,0.0,0.8,0.0,-1.6,0.8,0.8,0.0,0.0,0.8,0.8,0.0,0.8,0.0,0.8,-0.8,0.8,1.6,-0.8,0.8,0.8,0.0,1.6,0.0,0.8,1.6,0.0,0.8,0.0,0.8,-1.6,0.0,0.8,-0.8,0.8,-1.6,0.8,0.8,0.0,0.8,0.0,0.8,0.0,-0.8,0.8,0.0,0.8,0.0,1.6,0.8,0.8,0.0,0.0,0.0,1.6,-0.8,1.6,-1.6,0.0,0.0,-1.6,0.0,-0.8,0.8,0.8,-0.8,0.8,0.8,0.8,0.0,0.0,1.6,-0.8,0.8,-1.6,1.6,2.4000000000000004,-2.4000000000000004,0.8,0.0,-0.8,0.0,-0.8,0.8,0.0,0.8,0.0,-0.8,0.8,0.0,0.0,1.6,-0.8,0.0,-0.8,0.8,0.8,0.0,0.0,0.0,0.8,1.6,-0.8,0.0,0.0,0.8,0.0,0.0,0.8,0.0,0.0,-0.8,1.6,0.0,0.0,0.8,0.8,-1.6,0.8,-0.8,1.6,0.8,0.0,0.0,1.6,0.0,1.6,0.8,0.8,0.0,0.0,0.0,0.0,2.4000000000000004,0.0,0.8,2.4000000000000004,0.8,0.0,1.6,0.8,0.0,0.8,-0.8,0.0,0.0,0.8,1.6,0.8,0.0,-0.8,0.8,0.0,0.8,-0.8,-0.8,0.8,0.8,0.8,-0.8,-0.8,1.6,0.0,1.6,0.8,-0.8,2.4000000000000004,0.8,0.8,0.0,0.0,0.8,-0.8,0.0,2.4000000000000004,-0.8,-0.8,1.6,-0.8,-4.0,1.6,1.6,-2.4000000000000004,0.8,1.6,0.8,0.0,0.8,1.6,0.0,0.8,0.0,-0.8,1.6,0.0,0.8,1.6,0.0,2.4000000000000004,-0.8,1.6,0.8,-1.6,1.6,0.0,0.8,0.0,0.8,1.6,0.0,0.8,0.8,-0.8,0.8,0.0,1.6,-0.8,0.0,0.8,0.0,1.6,0.0,0.0,0.8,0.0,0.8,0.8,0.8,2.4000000000000004,0.0,0.0,0.0,1.6,0.0,0.8,1.6,0.0,0.8,0.0,0.0,0.0,-0.8,0.0,0.0,-1.6,-0.8,0.8,0.0,0.8,0.0,0.0,-0.8,0.8,0.0,0.8,0.0,0.8,0.0,0.0,0.8,0.0,0.8,0.8,0.0,-0.8,1.6,0.8,-1.6,0.8,0.8,0.0,0.0,0.8,0.8,0.8,0.0,1.6,-0.8,-0.8,-0.8,2.4000000000000004,1.6,0.0,0.8,0.0,0.8,1.6,0.0,1.6,0.0,-0.8,-1.6,0.0,1.6,0.8,1.6,0.0,0.8,0.8,0.8,0.8,0.0,0.8,0.8,-0.8,0.8,0.8,0.8,0.0,-0.8,1.6,0.8,0.0,0.8,0.0,0.0,0.0,0.8,0.8,0.8,0.8,-0.8,0.8,1.6,0.0,0.8,1.6,0.0,0.0,0.8,2.4000000000000004,1.6,0.8,0.8,1.6,0.8,-0.8,0.8,0.0,0.0,0.8,-1.6,0.0,0.8,0.0,2.4000000000000004,0.0,0.8,-0.8,0.8,0.0,0.8,-1.6,0.8,0.0,0.0,0.0,0.0,0.0,0.0,0.8,0.8,0.8,-0.8,0.0,1.6,0.0,0.8,1.6,1.6,0.8,0.0,0.8,0.0,-0.8,1.6,0.0,0.0,0.8,-0.8,0.8,0.8,0.8,0.8,-0.8,0.8,0.8,0.0,1.6,0.0,0.0,0.8,0.8,0.0,0.0,1.6,0.0,0.8,1.6,-0.8,-0.8,0.0,1.6,-0.8,-1.6,2.4000000000000004,0.8,0.8,0.0,0.8,1.6,-0.8,0.0,1.6,0.8,0.8,-0.8,0.8,0.8,0.8,0.0,0.8,1.6,-0.8,0.0,0.8,0.8,0.8,0.0,0.0,3.2,-0.8,0.8,0.8,1.6,1.6,0.0,1.6,0.8,0.0,0.0,-0.8,0.8,0.0,1.6,1.6,0.0,0.0,0.0,1.6,0.8,0.0,1.6,0.0,1.6,0.0,0.8,0.8,0.8,1.6,0.0,0.0,0.0,1.6,0.8,0.0,0.8,1.6,-0.8,-0.8,1.6,0.8,0.0,0.8,0.0,1.6,-0.8,1.6,1.6,0.0,0.8,0.8,1.6,0.8,0.8,0.0,-0.8,0.8,-0.8,-0.8,0.8,0.8,0.8,0.0,-0.8,1.6,0.8,1.6,0.0,-0.8,2.4000000000000004,0.8,0.0,0.8,0.8,1.6,0.0,1.6,0.8,0.8,0.0,0.0,0.8,0.0,0.8,1.6,0.0,1.6,0.8,0.8,2.4000000000000004,0.0,1.6,0.0,0.8,1.6,-0.8,1.6,0.0,2.4000000000000004,3.2,0.0,2.4000000000000004,1.6,0.0,0.8,0.0,2.4000000000000004,-0.8,0.0,0.0,0.8,0.8,0.8,1.6,0.8,-0.8,2.4000000000000004,-0.8,0.8,-0.8,0.8,0.8,0.0,0.8,0.0,0.8,1.6,-0.8,1.6,0.8,0.0,1.6,0.8,0.8,-0.8,0.0,1.6,-0.8,0.8,0.8,2.4000000000000004,0.0,0.0,0.8,-0.8,0.8,0.0,1.6,0.0,0.0,2.4000000000000004,0.8,0.8,1.6,0.8,2.4000000000000004,0.0,0.0,0.8,0.8,1.6,0.0,0.8,2.4000000000000004,3.2,0.0,-0.8,0.8,0.0,0.0,0.8,0.0,1.6,0.8,0.8,0.0,2.4000000000000004,0.0,0.8,1.6,0.0,0.8,0.8,-0.8,1.6,0.8,0.0,0.8,1.6,0.8,0.8,2.4000000000000004,0.8,1.6,1.6,0.8,2.4000000000000004,1.6,0.8,2.4000000000000004,1.6,2.4000000000000004,0.0,1.6,0.0,0.8,1.6,-0.8,0.8,0.0,0.8,2.4000000000000004,-0.8,1.6,0.0,0.8,0.0,0.8,0.8,0.0,0.8,1.6,0.0,0.0,0.0,1.6,0.0,0.0,0.8,-0.8,2.4000000000000004,1.6,0.8,-0.8,0.0,0.8,0.0,-0.8,2.4000000000000004,0.8,0.8,1.6,0.8,0.0,0.0,0.0,0.0,0.0,1.6,0.0,0.8,1.6,0.0,2.4000000000000004,0.0,0.8,-1.6,0.0,1.6,0.0,0.8,0.8,1.6,0.8,1.6,0.0,0.0,0.8,0.0,-0.8,0.0,0.0,0.8,0.8,0.0,1.6,0.0,0.8,0.8,0.8,0.8,0.0,0.0,0.0,0.0,0.8,0.8,1.6,1.6,0.8,0.0,0.8,0.0,0.8,0.8,1.6,0.0,0.0,0.8,0.8,0.8,0.8,0.8,2.4000000000000004,0.8,0.8,0.0,0.0,0.8,-0.8,2.4000000000000004,0.8,0.0,0.8,0.0,0.0,0.8,0.0,2.4000000000000004,0.0,1.6,0.8,1.6,0.0,-0.8,1.6,0.0,0.0,0.8,0.8,1.6,0.0,0.0,1.6,0.0,0.8,0.0,0.8,0.8,-0.8,0.0,0.0,0.0,0.8,0.0,1.6,-0.8,0.8,0.8,-1.6,0.8,0.8,0.0,0.8,0.0,-0.8,0.0,2.4000000000000004,0.8,0.0,0.0,1.6,0.8,1.6,-0.8,0.8,0.0,0.0,0.0,0.8,0.0,0.0,0.8,0.8,0.0,0.0,0.8,0.8,0.0,-0.8,0.0,0.0,0.8,1.6,0.0,0.0,1.6,0.8,0.0,0.8,0.0,0.8,0.0,0.8,0.0,0.8,-0.8,0.8,0.8,0.0,-0.8,0.8,0.0,1.6,-0.8,0.8,0.0,0.0,0.8,0.8,2.4000000000000004,0.8,0.0,0.8,-0.8,0.8,-0.8,0.8,1.6,0.0,0.8,-0.8,1.6,-0.8,-0.8,2.4000000000000004,0.0,0.8,1.6,-0.8,0.8,0.0,1.6,0.8,-0.8,0.0,-0.8,2.4000000000000004,0.0,0.8,0.8,-1.6,0.0,0.8,-0.8,0.0,0.0,1.6,-0.8,0.8,0.8,0.0,0.8,-1.6,-0.8,0.0,0.0,0.8,0.0,0.8,1.6,0.0,2.4000000000000004,0.0,0.0,1.6,0.0,0.8,0.8,1.6,0.8,0.0,0.8,0.0,0.0,-0.8,0.0,1.6,-0.8,0.0,0.0,0.0,0.8,0.0,0.0,0.8,0.8,0.8,1.6,0.8,0.8,-0.8,0.0,0.8,0.8,0.8,0.0,0.8,1.6,0.8,1.6,0.0,1.6,0.8,-1.6,0.0,0.0,0.0,0.8,0.0,1.6,0.8,0.8,0.8,2.4000000000000004,0.0,1.6,0.8,0.8,0.8,0.8,0.0,1.6,1.6,0.0,1.6,-0.8,1.6,1.6,-0.8,0.8,0.8,0.0,0.0,0.0,0.8,-0.8,-0.8,0.8,0.0,-0.8,-0.8,0.8,0.8,0.0,1.6,-0.8,0.8,0.0,0.0,0.8,0.0,1.6,-0.8,0.0,0.8,0.0,2.4000000000000004,-0.8,0.8,2.4000000000000004,0.8,-0.8,1.6,1.6,-1.6,-0.8,1.6,0.0,0.8,0.0,-0.8,2.4000000000000004,-0.8,1.6,0.8,1.6,0.8,-1.6,1.6,0.0,-0.8,0.0,-0.8,3.2,0.0,0.0,1.6,0.0,1.6,0.0,0.8,0.8,0.0,0.8,0.0,0.8,1.6,-0.8,0.8,-0.8,0.8,0.0,-0.8,0.0,0.0,0.8,0.8,0.0,1.6,0.0,0.8,0.8,0.0,-0.8,0.8,-0.8,0.8,0.8,0.0,0.0,0.0,0.0,0.0,-0.8,0.0,2.4000000000000004,0.8,0.0,0.8,0.0,0.0,0.8,-0.8,0.8,1.6,0.0,1.6,-0.8,0.0,0.0,-0.8,1.6,-0.8,-0.8,0.8,0.0,0.8,0.0,0.8,0.8,0.0,0.0,0.0,1.6,1.6,0.0,-0.8,0.8,0.8,0.8,0.0,0.0,0.0,-0.8,-0.8,0.8,0.8,0.8,0.8,0.0,0.0,0.8,-0.8,-0.8,1.6,0.0,-0.8,-0.8,0.8,0.8,0.0,0.0,0.0,0.0,0.0,0.8,0.8,0.8,0.0,-0.8,0.8,1.6,0.0,0.8,0.8,1.6,0.8,0.8,0.0,0.0,-1.6,0.8,0.0,0.0,-0.8,0.8,0.0,-0.8,0.0,0.8,0.0,0.8,0.0,0.0,-0.8,0.0,0.0,0.0,0.0,0.0,0.0,0.8,0.0,0.0,0.8,0.0,-0.8,0.0,0.0,-0.8,0.0,0.0,0.8,0.0,-0.8,0.8,0.0,-0.8,0.0,0.8,0.0,0.8,0.0,0.0,-0.8,0.8,0.0,0.8,1.6,-0.8,-0.8,0.8,0.0,0.8,-0.8,0.0,0.8,0.0,1.6,0.0,-0.8,1.6,0.0,0.0,0.0,0.8,0.8,0.0,0.0,0.0,1.6,1.6,0.0,0.8,-0.8,0.8,0.0,0.0,0.8,0.8,0.8,0.0,0.0,1.6,0.0,0.8,0.0,-0.8,1.6,0.0,1.6,-0.8,-0.8,0.8,0.8,-0.8,0.0,0.0,0.0,-0.8,0.0,-0.8,0.8,0.0,0.0,1.6,0.8,-1.6,0.8,-1.6,0.8,-0.8,0.8,0.0,0.0,0.0,0.0,0.8,0.0,0.0,0.8,-0.8,0.0,0.0,0.8,0.0,0.8,0.0,0.0,-0.8,0.0,1.6,0.8,-1.6,0.8,-0.8,-0.8,0.0,1.6,0.8,-0.8,0.0,0.8,0.0,0.0,0.8,0.0,0.8,-0.8,0.0,0.0,0.0,0.0,0.8,-0.8,1.6,0.8,0.0,0.8,0.0,0.8,0.8,-0.8,0.0,0.0,0.8,0.0,0.0,0.0,-1.6,0.0,-0.8,0.0,-0.8,-0.8,0.8,0.0,-0.8,0.8,-0.8,1.6,-0.8,0.0,0.8,0.0,0.8,-0.8,1.6,0.8,-0.8,0.8,0.0,0.8,1.6,0.0,1.6,0.0,0.8,0.0,-1.6,2.4000000000000004,0.0,0.0,1.6,0.0,1.6,-1.6,0.8,0.0,0.0,0.8,0.0,0.0,0.8,1.6,0.0,-0.8,1.6,0.8,0.8,0.8,-0.8,2.4000000000000004,0.0,0.0,0.8,-0.8,0.8,-0.8,0.0,0.8,0.0,0.8,0.0,0.0,0.0,0.0,1.6,-0.8,-0.8,0.8,0.0,1.6,0.8,0.8,0.0,0.0,-0.8,-0.8,0.0,1.6,1.6,0.0,0.0,1.6,1.6,1.6,0.8,-0.8,0.0,0.0,0.0,0.0,1.6,0.8,0.0,0.8,0.8,0.8,0.0,0.0,0.8,0.0,0.8,0.0,0.0,0.8,-0.8,0.8,0.8,0.8,0.0,1.6,0.0,-0.8,0.0,0.0,0.0,1.6,-1.6,0.8,0.8,0.8,0.0,0.8,2.4000000000000004,0.8,0.0,-0.8,0.0,2.4000000000000004,0.0,1.6,0.8,0.0,0.0,-0.8,1.6,0.0,-1.6,1.6,0.8,1.6,-0.8,-0.8,0.8,-0.8,0.8,0.0,0.8,0.0,0.8,0.8,-0.8,0.8,0.0,0.8,0.8,0.0,1.6,1.6,-0.8,1.6,0.0,0.8,0.0,0.0,0.0,-1.6,0.8,0.0,0.0,0.8,0.0,0.8,0.8,-0.8,-1.6,-0.8,0.8,0.8,0.8,-0.8,0.0,0.8,0.0,-0.8,0.0,0.0,-0.8,0.0,0.8,0.8,0.0,1.6,0.0,0.0,0.0,-0.8,0.8,0.0,0.0,0.0,-0.8,0.0,-0.8,0.0,0.8,0.8,0.8,-0.8,0.8,-0.8,-0.8,0.0,0.0,0.8,1.6,0.8,0.8,1.6,1.6,0.8,0.0,0.8,0.0,0.0,0.0,0.0,0.0,0.0,0.8,0.8,-0.8,0.0,0.0,-0.8,0.0,0.0,1.6,0.8,0.8,0.8,0.0,0.0,0.8,0.0,0.8,0.0,-0.8,0.8,0.0,1.6,0.8,0.8,0.8,-1.6,0.0,0.0,1.6,0.0,0.0,0.0,-0.8,0.8,0.0,0.0,0.0,0.0,0.8,0.0,0.8,0.8,-0.8,0.8,-1.6,-0.8,0.8,0.8,1.6,0.8,0.8,0.8,0.0,1.6,-0.8,-0.8,0.0,0.0,0.8,-0.8,0.8,0.8,0.8,0.8,0.0,0.8,0.8,0.0,0.8,-0.8,0.0,0.0,0.0,0.0,0.0,0.0,1.6
event_61,1625266846.8638735,0.0,-0.8,1.6,0.0,0.8,0.8,0.8,0.0,-0.8,0.0,-0.8,0.0,0.8,0.0,-0.8,0.0,2.4000000000000004,0.0,0.0,0.0,0.0,1.6,0.0,-0.8,0.0,-1.6,0.8,0.0,0.0,1.6,0.0,-0.8,0.0,0.0,0.0,-0.8,0.8,-1.6,0.0,0.8,-0.8,0.8,0.0,0.8,0.8,-0.8,0.8,-1.6,0.8,0.0,1.6,0.0,-0.8,0.8,0.0,-0.8,1.6,0.0,1.6,-0.8,0.0,0.0,-0.8,0.0,0.8,-0.8,0.0,-2.4000000000000004,0.8,-0.8,0.8,0.0,0.0,0.8,0.8,0.0,0.8,-0.8,1.6,0.0,-0.8,0.8,-0.8,1.6,0.8,0.8,-0.8,-0.8,0.8,-0.8,0.8,0.0,0.0,0.0,0.0,-0.8,-0.8,0.0,0.0,0.0,-0.8,0.8,-4.800000000000001,-28.800000000000004,-38.400000000000006,-24.0,-10.400000000000002,-4.800000000000001,-1.6,0.0,-2.4000000000000004,-0.8,0.0,-1.6,-2.4000000000000004,0.8,0.8,0.0,0.8,0.8,-0.8,0.0,-0.8,0.0,-1.6,0.0,0.8,0.8,0.0,0.0,0.8,0.8,-0.8,0.0,0.0,0.8,0.0,0.0,0.0,0.0,0.0,0.8,0.0,0.8,-0.8,0.0,0.0,0.0,0.8,-0.8,0.0,1.6,-0.8,1.6,0.0,0.8,0.0,0.8,0.0,0.0,1.6,0.0,-1.6,0.8,0.8,0.0,-0.8,-0.8,0.0,0.0,-0.8,0.0,0.0,1.6,0.0,-0.8,0.0,0.0,0.0,0.0,0.0,-1.6,0.8,0.8,-1.6,0.0,0.0,0.8,0.0,-1.6,0.0,0.8,0.0,-0.8,-0.8,0.8,-1.6,0.0,-0.8,-0.8,-0.8,-0.8,-0.8,0.8,0.0,-0.8,0.0,0.0,-1.6,0.8,-0.8,0.0,0.8,-0.8,0.8,0.0,0.8,0.0,-0.8,0.8,0.8,0.0,1.6,0.8,0.0,0.0,0.8,0.0,0.0,0.0,0.0,0.8,-0.8,0.0,-0.8,-0.8,0.8,0.0,0.0,0.0,0.8,-0.8,0.8,1.6,0.0,0.0,0.0,0.0,2.4000000000000004,0.0,-0.8,0.0,0.0,0.0,0.0,0.0,0.0,0.0,0.0,-0.8,2.4000000000000004,-1.6,0.8,1.6,0.0,0.0,0.0,0.0,1.6,-1.6,1.6,-0.8,0.0,0.0,0.0,1.6,-0.8,0.8,0.0,0.0,0.0,0.0,0.0,-0.8,-0.8,0.8,-0.8,-0.8,-0.8,0.0,1.6,-0.8,1.6,-0.8,-0.8,0.8,-0.8,0.8,-0.8,0.8,0.0,-0.8,0.8,-0.8,-0.8,1.6,-1.6,-1.6,-0.8,0.0,0.0,-0.8,0.0,0.0,0.8,0.0,-0.8,-0.8,0.8,0.0,0.0,0.0,0.8,0.0,0.0,0.8,0.0,0.0,0.0,0.8,0.8,-0.8,0.0,0.0,0.8,-0.8,0.0,0.0,0.0,0.0,0.0,1.6,0.0,0.0,-0.8,0.0,0.8,1.6,0.8,0.0,0.8,0.8,0.0,0.8,0.0,0.8,-0.8,-0.8,-0.8,-0.8,0.0,0.8,-0.8,0.8,0.0,0.8,-0.8,0.8,0.0,0.0,0.0,0.8,0.8,0.8,-0.8,1.6,-0.8,0.0,0.8,0.0,2.4000000000000004,-0.8,0.0,0.8,-1.6,1.6,0.0,0.0,-0.8,0.8,0.0,-0.8,0.0,-0.8,0.0,0.0,-0.8,0.8,0.0,0.0,0.0,0.8,0.8,-0.8,0.8,1.6,-0.8,0.8,0.0,1.6,0.8,-1.6,0.8,0.8,2.4000000000000004,0.0,-1.6,0.8,-0.8,0.8,0.8,0.0,1.6,0.0,0.0,0.8,0.8,0.0,-0.8,0.8,-0.8,-0.8,0.0,-1.6,0.8,-0.8,0.8,0.8,0.0,0.8,0.8,0.8,0.8,-1.6,0.8,0.0,1.6,0.0,-0.8,1.6,0.8,0.8,0.8,0.0,1.6,-0.8,0.0,0.0,0.0,-0.8,0.8,-0.8,0.8,0.0,0.0,-0.8,0.0,-0.8,0.0,-0.8,0.0,-0.8,0.0,0.0,1.6,0.0,0.0,0.0,-0.8,0.8,0.8,-0.8,0.8,0.0,-0.8,0.8,0.0,0.8,0.0,-0.8,0.0,-2.4000000000000004,-0.8,-0.8,0.0,-0.8,-0.8,0.8,0.0,0.0,0.0,0.0,0.8,0.8,-0.8,-1.6,0.8,3.2,0.0,0.8,0.0,0.0,0.8,0.0,-0.8,-0.8,1.6,0.8,-0.8,1.6,0.0,0.0,0.8,0.0,0.8,0.0,0.0,0.0,0.0,0.0,0.0,0.0,0.8,-0.8,0.8,-0.8,0.8,0.0,0.0,0.0,0.0,0.0,-0.8,-0.8,0.0,0.8,0.8,0.0,0.0,0.8,-0.8,0.8,-0.8,-0.8,-0.8,0.8,0.0,0.0,0.8,1.6,0.8,0.0,-0.8,-0.8,0.0,0.0,-0.8,1.6,0.0,0.8,0.0,0.8,0.0,0.0,0.0,0.8,0.0,0.0,0.8,0.8,0.0,0.8,0.0,-0.8,-0.8,0.8,0.8,1.6,-0.8,0.0,-0.8,-0.8,0.8,0.0,0.8,0.0,0.8,0.8,-1.6,0.8,-0.8,-1.6,0.0,-0.8,-0.8,0.0,1.6,0.0,0.0,0.8,0.8,1.6,0.8,0.8,0.8,0.0,2.4000000000000004,-0.8,0.0,0.8,-0.8,0.8,0.0,0.0,0.8,-0.8,-0.8,1.6,-0.8,0.8,0.0,0.8,1.6,1.6,-1.6,-0.8,3.2,0.8,-0.8,1.6,0.8,0.0,0.0,0.8,0.8,0.0,0.8,0.0,1.6,0.8,0.8,0.8,1.6,0.8,-0.8,0.0,2.4000000000000004,-0.8,0.0,0.8,1.6,0.0,0.8,-0.8,0.8,0.0,-0.8,-0.8,0.8,-0.8,-0.8,0.0,0.8,0.8,0.8,0.8,0.0,0.8,0.8,0.0,0.8,0.0,0.0,-0.8,0.8,1.6,0.8,0.0,-0.8,0.8,-0.8,0.0,0.8,-1.6,0.0,0.0,-0.8,0.8,0.0,0.8,-1.6,1.6,0.0,-1.6,0.8,0.8,0.8,0.0,0.0,1.6,0.0,2.4000000000000004,0.0,-0.8,0.8,0.0,0.0,0.0,1.6,0.8,-0.8,0.8,0.8,-0.8,0.8,0.0,0.8,-0.8,0.8,0.8,-0.8,0.0,0.0,0.8,1.6,-0.8,1.6,0.8,0.0,0.0,-0.8,1.6,-0.8,2.4000000000000004,0.0,0.0,1.6,-0.8,0.8,2.4000000000000004,0.8,1.6,-0.8,-0.8,-0.8,0.0,0.0,0.8,0.8,0.0,-1.6,-0.8,-1.6,1.6,-1.6,1.6,1.6,0.8,-0.8,0.0,0.0,1.6,0.0,0.8,-0.8,0.8,0.8,0.0,0.0,-0.8,0.0,0.0,0.0,0.8,0.0,0.8,-0.8,0.8,0.0,-0.8,0.0,-0.8,0.0,0.0,0.0,0.8,0.8,0.8,0.8,0.0,1.6,0.0,-0.8,1.6,0.8,-0.8,0.0,-0.8,0.8,0.8,0.8,0.0,-0.8,0.0,0.0,-0.8,0.0,-0.8,0.8,0.8,0.8,0.8,0.0,-0.8,0.0,0.0,-0.8,0.0,0.0,0.8,0.8,0.8,-0.8,0.0,0.8,0.8,1.6,0.0,0.8,0.0,0.0,1.6,1.6,1.6,0.8,1.6,0.8,-0.8,2.4000000000000004,0.8,0.0,1.6,-0.8,1.6,-0.8,0.0,1.6,-0.8,1.6,-0.8,0.8,0.8,-0.8,1.6,0.8,0.8,0.8,-0.8,0.8,0.0,0.8,0.8,0.0,0.8,-0.8,1.6,0.8,-0.8,1.6,-0.8,0.0,-0.8,0.0,2.4000000000000004,0.0,0.8,0.8,-0.8,0.0,-0.8,0.8,0.0,0.8,0.8,0.8,0.0,0.0,0.8,0.0,0.8,0.0,0.0,0.8,1.6,0.8,0.0,0.8,1.6,0.0,1.6,0.8,0.0,0.0,-0.8,0.0,0.8,0.0,0.8,1.6,0.8,0.8,0.0,0.8,0.8,0.0,-0.8,0.8,-0.8,-0.8,1.6,0.8,0.8,0.8,0.8,0.8,0.8,0.0,0.8,0.0,0.0,0.8,1.6,0.0,0.8,0.8,0.8,0.0,-0.8,0.8,0.8,0.0,0.0,-0.8,0.8,-0.8,0.8,0.0,0.8,0.0,0.0,0.8,0.8,-0.8,0.0,0.0,0.8,0.0,-0.8,0.8,-0.8,0.8,0.0,0.0,0.8,0.0,0.8,-0.8,0.0,0.8,0.0,1.6,0.8,0.8,1.6,0.8,0.8,0.0,0.0,0.0,0.0,0.0,-0.8,0.0,0.0,-0.8,0.0,0.0,0.0,0.8,-0.8,-0.8,0.0,2.4000000000000004,0.8,0.0,0.8,2.4000000000000004,0.0,1.6,0.0,0.0,0.8,0.8,-0.8,0.8,0.8,0.0,-0.8,0.0,0.8,0.8,0.8,0.0,0.8,0.0,-0.8,-0.8,0.8,0.8,0.0,0.8,2.4000000000000004,0.0,0.0,0.8,1.6,0.0,0.0,1.6,0.0,1.6,1.6,-0.8,0.8,1.6,0.0,1.6,0.8,0.8,0.0,0.0,-1.6,1.6,1.6,-0.8,0.8,1.6,-0.8,0.8,0.0,0.0,0.0,0.8,0.0,0.8,0.8,0.0,1.6,0.8,-0.8,0.8,-0.8,0.0,1.6,0.8,0.8,-0.8,0.8,0.0,0.0,1.6,0.0,0.0,-0.8,0.8,0.0,-1.6,0.8,0.8,0.8,0.8,-0.8,0.8,0.0,0.0,1.6,-0.8,1.6,-0.8,0.8,-0.8,0.0,0.0,-1.6,0.0,0.0,0.0,0.8,-1.6,0.0,-0.8,0.0,0.8,-0.8,0.0,0.0,0.0,-0.8,0.8,0.0,0.0,0.8,0.0,-0.8,-0.8,0.0,-0.8,-0.8,0.0,0.0,1.6,0.8,0.0,0.8,1.6,0.8,-0.8,1.6,0.8,0.8,0.0,0.0,0.8,0.8,0.0,0.8,0.0,0.0,0.8,-0.8,0.8,-0.8,0.0,0.8,0.0,0.0,-0.8,0.8,0.8,0.0,0.0,0.8,0.0,0.8,-0.8,0.8,0.8,0.8,0.8,0.8,1.6,0.0,0.8,0.8,0.0,0.0,0.8,1.6,0.0,0.8,1.6,-0.8,0.0,0.8,-0.8,0.0,-0.8,1.6,-0.8,0.0,0.0,-0.8,0.0,0.8,0.0,0.0,-0.8,1.6,-1.6,1.6,2.4000000000000004,0.0,0.0,0.0,1.6,-1.6,0.0,0.0,-0.8,0.8,0.0,0.0,1.6,0.8,0.8,0.0,0.0,0.0,0.0,0.8,0.0,0.8,0.0,-1.6,0.8,-0.8,-0.8,0.0,-0.8,1.6,0.0,0.8,0.0,0.0,0.0,-0.8,0.8,0.0,1.6,0.0,0.0,1.6,0.8,-0.8,0.8,0.0,1.6,0.0,0.0,0.8,0.0,0.0,0.8,1.6,0.0,0.0,0.0,0.0,0.8,-0.8,0.8,0.0,0.8,-0.8,0.0,1.6,0.0,0.8,0.8,0.8,0.8,0.0,0.8,0.0,0.0,0.8,1.6,0.0,0.0,1.6,1.6,-0.8,1.6,-0.8,-0.8,0.8,0.0,0.8,-0.8,0.8,0.8,-0.8,0.8,0.0,0.8,0.8,-1.6,-0.8,-1.6,1.6,0.8,0.0,0.0,0.0,0.8,0.0,0.0,0.0,0.0,0.8,-0.8,0.8,0.8,-0.8,1.6,-0.8,0.8,0.8,-0.8,0.8,0.0,0.0,-0.8,-0.8,0.8,0.0,-0.8,0.8,0.8,1.6,0.0,0.0,0.0,0.8,-1.6,-0.8,1.6,0.8,-0.8,1.6,0.8,2.4000000000000004,-0.8,0.8,0.8,0.8,1.6,-0.8,0.0,0.8,0.0,0.8,0.0,1.6,0.0,-0.8,0.0,-0.8,-0.8,1.6,-0.8,0.0,-0.8,0.0,-0.8,0.8,0.0,0.0,-0.8,-0.8,1.6,-0.8,0.0,0.8,0.8,0.0,0.0,-0.8,0.0,1.6,-0.8,0.8,0.8,-0.8,0.8,0.8,0.0,0.8,0.0,0.8,0.8,0.8,0.0,-1.6,1.6,-0.8,-1.6,0.8,1.6,0.0,-0.8,0.8,0.8,0.0,0.8,0.0,0.8,0.0,-0.8,0.0,0.0,0.8,0.0,0.8,1.6,0.0,0.8,0.8,0.8,0.8,-0.8,0.8,-0.8,0.8,0.8,0.0,0.8,0.8,0.0,0.0,0.8,0.8,0.0,-0.8,0.0,0.0,1.6,0.8,0.8,2.4000000000000004,0.0,0.8,0.8,0.8,0.0,-0.8,0.0,-0.8,0.0,0.0,1.6,0.8,0.0,0.8,0.8,-0.8,0.8,-0.8,0.0,-0.8,1.6,0.8,0.8,0.8,0.0,0.0,0.0,0.0,0.8,1.6,1.6,1.6,0.0,0.8,0.0,-0.8,0.0,0.8,0.0,0.0,0.8,-0.8,0.0,0.8,0.8,0.0,0.0,0.8,0.8,0.0,0.0,0.8,0.0,0.8,0.0,-1.6,0.0,0.8,0.0,0.8,-0.8,1.6,0.8,0.8,0.0,-0.8,0.8,0.8,0.0,0.0,0.0,1.6,-0.8,0.8,2.4000000000000004,-0.8,0.8,0.0,0.8,0.0,0.0,0.8,0.0,0.8,0.8,0.0,0.8,0.0,0.8,0.8,0.0,1.6,-0.8,1.6,-0.8,0.8,0.8,-0.8,2.4000000000000004,1.6,0.0,0.8,0.0,1.6,-1.6,1.6,0.8,0.0,0.0,0.0,0.0,0.8,0.0,1.6,0.0,0.8,0.0,0.0,1.6,0.0,0.0,-0.8,0.8,0.8,0.0,0.8,0.0,-0.8,0.8,0.8,0.8,1.6,0.8,0.0,0.0,0.8,0.0,0.0,0.0,0.8,0.0,-0.8,0.0,-0.8,0.0,0.8,0.0,0.8,0.0,0.8,0.8,0.0,0.0,-1.6,-0.8,0.8,0.8,0.8,0.8,0.8,0.0,0.0,0.0,0.0,-0.8,0.0,-0.8,0.0,0.8,0.8,0.0,0.8,0.8,0.8,0.0,0.0,0.8,0.0,-0.8,0.8,0.0,1.6,0.0,0.8,0.0,0.8,1.6,0.0,0.0,0.0,0.0,-0.8,0.0,0.0,1.6,-0.8,0.8,0.0,0.0,0.0,0.8,1.6,0.8,0.8,0.0,-0.8,0.0,-0.8,0.8,0.0,0.0,0.0,0.8,0.8,-0.8,0.8,0.8,-0.8,0.8,-0.8,0.0,0.0,0.8,1.6,-0.8,0.8,0.0,2.4000000000000004,2.4000000000000004,-0.8,1.6,0.0,-0.8,0.0,-0.8,1.6,0.8,0.0,0.0,-0.8,0.0,0.0,0.0,0.0,-0.8,0.0,0.0,0.0,0.8,0.8,0.0,0.8,1.6,-0.8,-0.8,1.6,0.0,0.8,0.8,0.0,1.6,0.8,0.0,-0.8,1.6,-0.8,-0.8,0.8,0.8,0.0,0.0,-0.8,1.6,0.8,-0.8,0.0,0.0,-0.8,0.0,0.8,0.0,0.8,-1.6,0.0,0.8,0.0,0.8,0.0,0.8,-0.8,-1.6,0.8,-0.8,0.8,0.0,0.8,1.6,0.0,0.0,0.0,0.0,1.6,-0.8,0.8,0.0,0.0,0.0,0.0,1.6,-1.6,0.0,0.8,0.0,0.8,-0.8,0.8,0.0,0.8,0.8,0.0,1.6,0.0,0.0,0.8,0.0,-0.8,0.0,1.6,0.8,-0.8,1.6,0.0,0.0,0.8,0.0,0.0,-0.8,-0.8,0.8,-1.6,0.0,-0.8,0.8,0.0,-0.8,2.4000000000000004,0.0,0.0,0.8,-0.8,0.8,0.0,-0.8,0.0,0.8,0.8,-0.8,0.8,1.6,1.6,0.8,-0.8,0.8,0.0,0.0,0.0,0.0,0.8,0.8,0.8,0.8,0.8,0.8,0.0,1.6,0.8,0.0,0.0,0.0,0.8,1.6,0.0,0.0,2.4000000000000004,0.8,2.4000000000000004,0.0,0.8,0.8,-0.8,1.6,0.0,1.6,1.6,0.0,0.8,1.6,0.8,1.6,0.0,0.8,-0.8,0.0,0.8,0.0,0.0,0.8,0.0,0.0,-0.8,0.8,0.0,0.8,0.0,0.0,0.8,0.0,0.8,0.0,0.8,1.6,0.0,0.0,1.6,0.8,1.6,0.0,1.6,0.0,0.8,0.8,-1.6,0.0,1.6,0.0,0.0,0.0,0.0,0.0,0.0,0.0,-1.6,0.8,0.0,-0.8,0.0,-0.8,1.6,-0.8,1.6,0.8,-1.6,0.0,0.0,-0.8,0.0,-0.8,1.6,0.0,0.8,0.0,-0.8,1.6,0.8,0.0,-0.8,0.0,0.8,0.0,1.6,0.0,0.8,0.0,-0.8,1.6,-0.8,-0.8,-0.8,0.0,0.8,-0.8,0.0,1.6,0.8,0.8,1.6,0.8,0.0,0.0,0.0,0.8,2.4000000000000004,0.0,0.8,0.8,1.6,0.0,0.8,0.0,0.0,0.8,-0.8,0.0,0.0,-0.8,0.8,0.8,0.0,-0.8,0.8,0.0,0.0,0.0,0.0,-0.8,2.4000000000000004,0.0,0.0,0.0,-0.8,0.8,0.0,1.6,0.0,1.6,1.6,-2.4000000000000004,0.8,0.0,0.0,0.0,-1.6,1.6,0.0,-0.8,0.8,-0.8,0.8,-0.8,0.8,0.0,0.0,1.6,0.0,0.8,0.8,-0.8,0.0,-0.8,-0.8,-0.8,0.0,1.6,-1.6,0.8,0.0,0.0,0.8,-0.8,0.8,-0.8,0.0,0.8,0.0,0.8,0.8,0.0,0.8,-0.8,1.6,-0.8,-0.8,0.8,0.0,0.8,-0.8,0.8,0.0,0.0,0.0,0.0,0.8,0.8,0.0,0.8,-0.8,0.0,-0.8,0.0,0.8,1.6,0.0,0.0,0.8,1.6,-0.8,1.6,-0.8,0.0,0.8,-1.6,0.8,0.8,0.0,2.4000000000000004,0.0,0.8,0.0,0.0,-0.8,0.8,0.0,0.8,0.8,0.8,-0.8,0.0,0.8,-0.8,0.8,0.0,-0.8,0.0,0.8,0.8,0.8,0.8,0.8,0.8,-0.8,0.0,0.8,0.8,-0.8,-0.8,-0.8,-1.6,1.6,0.8,0.8,0.0,0.0,0.8,-1.6,1.6,0.8,-0.8,1.6,-0.8,-1.6,-0.8,0.8,0.8,-0.8,-0.8,0.0,0.0,2.4000000000000004,-0.8,0.0,-0.8,-0.8,0.8,-1.6,0.8,0.0,0.8,0.8,-0.8,0.8,0.0,2.4000000000000004,0.0,-1.6,2.4000000000000004,0.0,0.0,0.8,1.6,0.8,0.8,0.0,0.0,0.0,1.6,-1.6,0.0,1.6,-0.8,1.6,-1.6,0.8,0.0,0.8,0.8,0.8,0.8,0.8,-0.8,0.8,0.0,0.8,0.0,1.6,0.0,0.8,0.0,0.0,0.8,0.8,-0.8,0.0,-0.8,0.0,-0.8,-0.8,0.8,-0.8,0.8,0.0,-0.8,-0.8,0.8,1.6,0.0,-0.8,0.0,0.0,0.0,0.0,0.8,1.6,0.0,0.8,0.8,0.0,-0.8,0.0,-0.8,0.0,0.8,0.0,0.0,1.6,0.0,0.0,1.6,0.0,-0.8,0.8,0.8,0.8,0.8,0.0,0.8,-0.8,0.8,0.0,-0.8,1.6,0.0,-0.8,0.8,0.0,0.8,-1.6,1.6,0.8,0.0,1.6,0.0,1.6,0.0,0.0,0.0,0.0,1.6,0.0,0.0,2.4000000000000004,-0.8,1.6,0.0,0.0,0.8,0.0,1.6,0.0,1.6,0.8,0.8,1.6,0.8,-0.8,0.8,0.0,0.8,0.8,0.0,-0.8,0.8,0.0,0.8,0.0,0.8,-0.8,0.0,0.0,1.6,-0.8,0.0,0.0,1.6,1.6,-0.8,0.8,1.6,0.8,0.0,0.0,-0.8,1.6,0.8,0.0,0.8,0.0,0.0,-0.8,-0.8,0.8,0.8,0.0,0.0,0.0,0.0,0.0,0.8,-0.8,0.0,0.8,-0.8,0.8,0.8,1.6,0.0,0.0,0.8,0.0,0.8,0.8,0.8,0.8,0.0,1.6,0.0,0.0,-0.8,-1.6,0.8,0.8,0.0,0.8,0.8,0.8,0.8,0.8,1.6,0.0,0.0,0.8,0.8,0.8,0.0,0.8,0.8,0.8,1.6,0.8,0.8,0.0,0.0,1.6,0.0,1.6,-0.8,-0.8,1.6,0.8,1.6,0.8,0.8,1.6,-0.8,1.6,0.8,0.0,0.8,-0.8,0.0,0.0,0.0,1.6,0.0,0.8,-1.6,-0.8,0.8,0.0,0.8,0.0,0.8,0.8,0.8,0.0,0.0,1.6,0.0,0.0,0.8,-1.6,1.6,0.0,-1.6,0.8,0.8,0.8,-1.6,0.0,0.8,0.0,0.0,1.6,-0.8,0.0,0.0,0.8,-0.8,0.0,0.8,0.0,0.8,1.6,0.8,0.8,0.0,-0.8,-2.4000000000000004,0.0,2.4000000000000004,0.0,-0.8,0.8,0.8,-0.8,1.6,0.0,0.0,0.8,-0.8,0.8,0.0,0.8,0.0,0.0,0.8,0.0,0.8,0.0,0.0,0.8,-1.6,0.8,0.0,0.8,0.8,-1.6,0.8,0.0,0.8,0.0,0.8,2.4000000000000004,-0.8,0.8,1.6,-0.8,0.0,2.4000000000000004,2.4000000000000004,-1.6,2.4000000000000004,3.2,-0.8,0.8,0.8,0.8,-0.8,-2.4000000000000004,1.6,-0.8,0.8,0.0,0.8,1.6,-0.8,0.0,1.6,0.0,1.6,-0.8,1.6,0.0,0.0,1.6,-0.8,0.8,0.0,0.0,0.8,1.6,1.6,0.0,0.0,0.0,0.8,0.8,0.0,2.4000000000000004,0.8,-0.8,0.8,-0.8,-0.8,0.0,-0.8,0.0,0.8,0.8,0.8,0.0,1.6,0.0,0.0,0.8,-0.8,0.0,0.8,1.6,0.0,0.0,0.8,0.8,1.6,0.8,0.8,0.8,0.8,0.8,-0.8,0.8
event_62,1625266849.0189967,0.0,1.6,-0.8,-0.8,2.4000000000000004,0.8,0.0,0.0,0.0,0.8,-0.8,0.0,0.8,0.8,0.8,0.0,1.6,0.8,0.0,0.0,-0.8,0.0,-1.6,0.8,1.6,0.0,0.0,0.0,1.6,0.8,0.0,0.0,-0.8,0.8,0.0,-0.8,0.8,0.0,0.8,-0.8,0.0,1.6,-0.8,0.8,-0.8,0.8,0.8,-0.8,0.0,-0.8,0.0,0.8,0.0,1.6,-0.8,0.0,0.8,-0.8,1.6,-0.8,0.8,0.0,0.0,0.0,0.0,0.8,0.8,0.0,1.6,0.8,0.8,0.0,-0.8,-0.8,0.0,0.0,0.0,0.8,0.0,-0.8,0.0,0.0,0.8,-1.6,1.6,-0.8,0.0,0.0,0.0,0.8,0.8,0.8,1.6,-0.8,0.8,0.8,0.0,0.8,-0.8,0.8,0.8,-0.8,-11.2,-26.4,-20.800000000000004,-10.400000000000002,-1.6,0.0,-0.8,0.0,-1.6,-0.8,-0.8,0.0,0.8,-0.8,0.8,0.0,0.0,1.6,-0.8,-0.8,-0.8,1.6,0.0,-0.8,0.8,0.8,1.6,1.6,-0.8,0.8,0.0,0.8,-0.8,0.8,0.8,0.8,1.6,0.8,1.6,1.6,-1.6,1.6,0.8,0.0,0.8,-0.8,0.8,0.8,0.0,0.8,0.8,1.6,0.8,0.8,0.8,-1.6,-0.8,0.0,0.8,1.6,0.8,0.8,0.8,1.6,0.8,0.8,1.6,-0.8,0.8,-0.8,0.0,0.8,-1.6,1.6,0.8,0.8,0.0,0.0,1.6,0.8,0.0,0.8,0.0,1.6,-0.8,0.0,0.8,0.8,0.8,0.0,0.0,-0.8,1.6,1.6,-0.8,1.6,0.0,0.0,0.0,-0.8,0.8,0.0,-0.8,0.8,0.0,0.0,0.0,0.0,0.0,0.0,0.0,0.8,0.8,0.0,0.8,0.8,0.8,0.0,-0.8,0.0,1.6,0.8,0.8,0.0,1.6,-0.8,0.8,0.0,-1.6,0.8,-0.8,0.0,0.0,0.0,0.8,0.0,0.8,0.8,0.0,1.6,-0.8,0.8,0.0,-1.6,0.8,-0.8,0.8,-0.8,0.8,0.8,-0.8,0.8,0.8,0.8,1.6,-0.8,1.6,0.0,2.4000000000000004,-0.8,0.8,1.6,0.0,0.8,0.8,-0.8,2.4000000000000004,-0.8,0.0,0.0,-0.8,1.6,0.0,1.6,0.8,-1.6,1.6,0.0,0.8,-0.8,1.6,0.0,-0.8,0.8,-0.8,0.8,0.8,0.0,1.6,-0.8,0.0,1.6,1.6,1.6,0.0,0.0,0.0,0.8,-0.8,0.8,1.6,0.0,1.6,0.8,-0.8,-0.8,0.0,0.0,0.0,0.0,0.8,0.8,0.0,0.8,0.0,0.8,0.8,-0.8,0.0,0.0,0.8,0.8,-0.8,1.6,0.0,0.0,0.0,0.8,0.8,0.0,0.0,0.0,0.0,0.8,1.6,0.8,1.6,0.0,0.0,0.8,-0.8,-0.8,-0.8,0.8,-0.8,-0.8,0.8,0.0,1.6,0.8,0.8,0.8,0.0,0.8,-0.8,0.8,0.0,0.0,0.0,0.0,0.8,1.6,-1.6,0.8,0.0,0.8,0.0,0.0,0.0,0.0,0.0,2.4000000000000004,0.0,0.8,-0.8,0.8,0.8,0.8,0.0,0.0,0.0,1.6,-1.6,0.8,-0.8,0.0,0.0,0.0,0.8,0.0,0.8,0.8,0.0,0.8,0.0,0.8,0.0,-0.8,0.0,0.0,0.0,-0.8,0.0,-0.8,0.0,0.0,0.8,0.0,0.0,0.0,0.8,0.8,0.8,0.0,0.0,-0.8,0.0,-0.8,0.8,0.8,0.0,0.0,0.8,0.8,0.8,0.0,0.0,0.0,0.0,0.0,0.0,0.0,0.0,0.8,0.8,0.8,0.8,-0.8,0.8,0.8,-0.8,0.0,0.0,0.8,0.8,0.0,0.0,0.0,1.6,0.0,0.0,0.0,0.0,0.0,0.0,0.0,0.8,-0.8,0.0,0.8,0.8,0.0,0.8,0.8,0.8,1.6,0.0,-0.8,0.0,-0.8,0.8,0.8,0.8,0.8,-0.8,0.8,0.0,-0.8,0.8,-0.8,0.8,0.0,0.0,0.8,-0.8,1.6,0.0,0.8,0.8,0.0,0.8,-0.8,0.8,0.8,0.0,0.0,-1.6,0.8,0.8,-0.8,0.0,0.0,-0.8,0.8,0.8,-0.8,-0.8,0.0,-0.8,0.0,0.8,-0.8,0.0,0.8,-0.8,-0.8,0.8,0.8,0.8,0.8,-0.8,0.8,0.8,0.0,0.0,0.0,0.8,0.0,0.0,0.8,0.0,0.0,0.0,0.0,0.8,0.8,0.8,0.8,1.6,-0.8,0.0,0.0,-0.8,0.8,0.0,0.0,1.6,-0.8,0.8,0.8,0.8,0.8,-1.6,0.8,0.0,1.6,0.0,-0.8,1.6,0.0,-0.8,2.4000000000000004,-0.8,0.8,-1.6,0.0,0.8,-0.8,0.0,0.8,1.6,0.8,-0.8,0.8,-0.8,0.0,-0.8,0.8,0.8,0.0,0.0,-1.6,-0.8,1.6,-0.8,1.6,-0.8,-0.8,1.6,-0.8,0.8,0.0,0.8,0.8,-0.8,0.8,-0.8,1.6,-0.8,0.0,1.6,-1.6,1.6,0.0,0.0,0.0,-0.8,1.6,-0.8,0.0,1.6,-0.8,0.8,0.0,-0.8,0.8,0.0,0.8,-0.8,0.0,0.8,0.0,1.6,0.0,0.0,0.0,-0.8,0.0,0.0,1.6,0.0,0.0,0.0,-0.8,0.8,0.8,0.8,2.4000000000000004,-0.8,0.8,0.0,0.0,0.0,0.0,0.8,0.8,1.6,0.0,0.0,-0.8,0.0,-0.8,0.0,0.8,0.8,0.8,0.8,0.8,1.6,-0.8,0.8,0.0,0.0,0.0,-1.6,0.0,0.0,0.0,1.6,-0.8,1.6,0.0,0.8,1.6,0.0,0.8,0.0,-1.6,0.8,-1.6,0.8,0.0,-0.8,0.8,0.8,0.0,-0.8,1.6,0.8,-0.8,2.4000000000000004,-0.8,0.0,-0.8,-1.6,0.8,0.8,0.8,0.8,-0.8,0.0,-1.6,1.6,0.8,-0.8,0.8,0.8,0.8,1.6,0.0,0.8,0.0,0.0,-1.6,0.8,0.8,0.0,0.8,0.0,0.8,1.6,1.6,0.0,-0.8,1.6,-0.8,-1.6,2.4000000000000004,-0.8,0.8,0.8,-0.8,0.8,0.8,0.0,0.0,1.6,0.0,-0.8,0.8,-0.8,0.8,0.0,0.0,0.8,0.0,-0.8,0.0,0.8,0.8,-1.6,0.0,0.8,0.0,1.6,0.0,0.8,0.8,0.0,0.8,1.6,0.8,0.8,1.6,0.0,0.0,-0.8,1.6,0.8,0.0,-0.8,0.0,-0.8,0.8,0.0,0.0,0.8,0.8,-0.8,0.0,0.0,-0.8,0.8,0.8,0.0,0.8,2.4000000000000004,0.0,-0.8,0.0,0.0,0.0,1.6,0.0,1.6,0.8,0.0,0.0,0.0,0.0,0.0,0.0,0.8,0.0,0.8,0.0,0.0,1.6,-0.8,0.0,1.6,-0.8,0.0,-0.8,2.4000000000000004,0.0,-1.6,2.4000000000000004,0.8,0.0,2.4000000000000004,-1.6,0.8,0.8,0.8,-0.8,0.8,0.8,0.0,0.0,0.8,0.0,2.4000000000000004,-0.8,0.8,-0.8,-0.8,0.0,0.8,0.0,0.0,0.8,0.0,0.0,0.8,1.6,0.0,0.0,0.0,-0.8,1.6,0.0,0.8,0.0,0.8,1.6,0.8,-0.8,0.0,0.0,0.0,-0.8,0.8,0.8,0.8,0.8,0.8,0.8,0.8,0.0,1.6,-1.6,0.8,0.0,0.8,0.8,0.8,0.0,0.0,0.8,0.8,-1.6,1.6,0.8,0.8,1.6,0.0,0.8,-0.8,0.0,0.8,-0.8,1.6,0.8,1.6,-0.8,0.0,0.8,-0.8,0.8,0.0,0.0,0.0,-0.8,1.6,-0.8,0.0,0.0,-0.8,1.6,-0.8,-0.8,0.0,0.8,2.4000000000000004,0.0,0.8,0.8,0.0,2.4000000000000004,-0.8,0.0,0.8,0.8,0.8,-0.8,0.0,0.8,-0.8,0.8,-0.8,0.0,0.0,-0.8,1.6,0.0,0.0,0.0,0.8,0.0,0.0,0.0,0.8,0.8,1.6,0.8,1.6,-0.8,0.8,0.8,0.0,0.8,0.0,0.0,0.8,0.8,0.8,1.6,0.0,0.8,-0.8,0.0,0.8,0.8,0.0,0.8,0.8,0.0,-0.8,0.0,0.0,0.8,-0.8,0.8,0.0,0.8,0.8,-0.8,0.0,0.0,0.8,0.0,0.0,-0.8,0.8,0.8,0.0,0.0,0.0,0.0,0.0,0.0,1.6,0.0,-0.8,0.8,-0.8,0.8,-0.8,0.8,0.8,-0.8,0.8,0.8,-0.8,0.8,0.0,0.8,-0.8,0.8,0.0,-0.8,2.4000000000000004,0.8,0.0,0.0,1.6,1.6,0.0,0.8,-1.6,0.0,0.8,-1.6,1.6,0.0,0.0,0.8,0.0,2.4000000000000004,-0.8,-0.8,0.0,-0.8,1.6,-0.8,1.6,0.0,0.0,0.0,-0.8,2.4000000000000004,0.8,1.6,0.8,-0.8,1.6,-1.6,0.8,0.8,0.0,0.8,0.0,0.8,0.8,0.0,2.4000000000000004,0.0,2.4000000000000004,0.0,-1.6,1.6,-0.8,0.8,1.6,-0.8,1.6,-0.8,0.0,0.0,1.6,-1.6,0.0,0.8,0.0,-0.8,0.8,0.0,1.6,0.0,0.8,0.0,0.0,1.6,0.0,0.8,0.8,0.8,0.8,-0.8,0.8,0.8,1.6,-0.8,0.8,0.0,-0.8,0.8,-0.8,-0.8,0.0,0.8,0.8,0.0,1.6,0.8,0.0,0.8,0.0,0.0,-0.8,0.8,0.8,0.0,0.8,0.0,0.0,1.6,0.0,0.0,-0.8,0.0,0.0,-0.8,0.8,0.0,0.8,0.8,-0.8,0.8,0.8,0.0,0.0,0.8,0.0,-0.8,0.8,0.8,0.0,0.8,0.0,0.0,0.0,0.8,0.8,0.0,0.0,-0.8,1.6,1.6,-0.8,1.6,1.6,0.8,-1.6,0.8,1.6,0.0,0.0,0.8,0.0,0.0,0.0,1.6,1.6,0.8,0.0,0.0,0.0,0.8,-0.8,0.8,-1.6,0.0,0.0,0.0,1.6,-0.8,0.8,0.8,0.0,0.0,0.8,0.8,-0.8,0.8,0.0,0.8,0.0,-0.8,1.6,1.6,-0.8,0.8,-0.8,0.0,0.0,0.0,0.8,-0.8,0.0,0.8,-0.8,0.8,0.8,0.0,0.0,-1.6,-0.8,0.0,0.8,0.8,0.8,0.0,1.6,-0.8,0.8,0.0,-0.8,0.8,-1.6,-0.8,0.0,0.0,0.8,0.8,0.0,0.8,0.0,1.6,-0.8,0.8,-0.8,0.0,0.0,0.0,0.8,0.0,0.0,0.8,0.0,0.0,0.0,1.6,0.0,0.0,0.8,0.0,2.4000000000000004,0.0,0.0,1.6,0.8,0.0,0.8,-0.8,0.8,-0.8,0.0,0.0,0.0,0.0,0.0,0.8,-0.8,0.0,1.6,0.0,0.8,-0.8,-0.8,0.8,0.0,0.0,0.0,0.8,0.0,0.0,0.8,0.0,1.6,1.6,0.8,0.0,0.0,0.8,0.8,-0.8,0.0,0.8,0.8,0.8,0.8,0.0,0.0,0.0,0.8,0.8,-0.8,0.0,0.8,0.0,0.0,0.8,-0.8,1.6,0.0,-1.6,0.0,0.8,0.0,0.0,0.8,0.8,0.8,0.0,-0.8,-0.8,0.8,0.8,0.0,0.8,0.0,0.8,0.8,0.0,2.4000000000000004,0.0,0.8,-0.8,-0.8,0.0,-0.8,0.0,0.8,0.8,0.8,-0.8,2.4000000000000004,0.8,-0.8,1.6,-0.8,0.8,0.0,0.8,0.8,0.8,1.6,0.0,0.8,1.6,0.0,2.4000000000000004,0.0,0.8,0.0,-0.8,0.0,0.0,0.0,0.8,0.8,0.8,-1.6,-0.8,0.0,-0.8,0.8,-0.8,-0.8,1.6,-0.8,0.8,0.8,0.0,0.8,-0.8,0.8,0.0,0.8,0.8,0.0,0.8,0.0,0.8,-0.8,-1.6,0.8,0.8,0.0,0.8,0.0,0.0,-0.8,0.8,0.0,-0.8,0.0,-0.8,0.8,0.0,0.8,0.0,0.8,0.0,-0.8,0.0,0.0,0.0,-0.8,0.0,1.6,0.0,1.6,0.0,-1.6,1.6,0.0,0.8,0.8,-0.8,1.6,0.0,0.8,0.8,0.0,0.8,0.0,0.8,0.0,0.0,0.0,0.0,-0.8,0.0,0.8,1.6,0.8,0.8,0.0,0.0,0.0,-0.8,0.8,0.0,2.4000000000000004,0.8,0.0,0.0,0.8,0.8,-0.8,2.4000000000000004,-0.8,-1.6,0.8,-0.8,0.8,-0.8,2.4000000000000004,1.6,-0.8,0.8,0.0,0.8,1.6,-0.8,1.6,-0.8,1.6,0.0,-1.6,0.8,0.0,0.8,-0.8,0.0,0.8,0.8,1.6,-1.6,1.6,0.0,-1.6,0.8,0.0,1.6,0.0,-0.8,1.6,-2.4000000000000004,-0.8,1.6,0.8,0.0,-1.6,0.8,0.0,-0.8,0.8,-0.8,1.6,0.0,0.0,0.0,0.0,1.6,0.0,-0.8,0.0,0.0,0.0,0.8,0.0,0.0,0.8,0.0,0.8,0.0,0.8,0.8,0.0,0.0,0.0,0.0,0.0,-0.8,0.0,0.0,0.0,0.0,0.0,0.8,0.0,-0.8,0.8,0.8,0.0,0.0,1.6,0.0,-1.6,1.6,0.8,0.8,0.8,0.8,1.6,0.8,-0.8,0.8,0.0,1.6,-0.8,-0.8,0.8,-0.8,0.0,1.6,0.8,0.8,0.0,0.0,0.0,0.8,-0.8,0.0,0.0,0.0,0.0,0.0,0.0,0.0,-0.8,0.8,0.0,0.0,0.8,-1.6,0.0,0.0,0.0,1.6,-0.8,0.0,0.8,0.8,0.0,-0.8,0.0,-1.6,0.0,0.8,-0.8,0.8,-0.8,0.8,0.8,0.0,0.8,-0.8,0.8,0.0,-0.8,0.0,0.8,0.0,0.0,-0.8,0.0,-0.8,2.4000000000000004,0.0,0.0,1.6,-0.8,0.0,0.0,0.8,0.8,0.8,0.8,-0.8,0.0,0.0,0.0,1.6,-0.8,-0.8,0.0,-0.8,1.6,-0.8,0.0,0.8,-0.8,0.0,0.8,0.0,0.8,-0.8,0.0,0.8,1.6,0.0,0.8,0.8,1.6,0.0,1.6,0.0,0.8,0.0,-0.8,-0.8,0.0,0.8,0.0,-0.8,0.8,-0.8,0.0,-0.8,-0.8,0.8,1.6,0.0,0.0,0.0,0.8,0.0,0.0,0.0,0.0,0.0,-0.8,0.8,1.6,0.0,1.6,0.8,1.6,-0.8,-1.6,0.0,0.8,0.0,0.8,0.0,-0.8,-0.8,0.8,-0.8,0.0,0.8,-0.8,0.8,0.8,0.0,0.0,0.0,1.6,-0.8,0.0,2.4000000000000004,0.0,0.0,0.0,0.8,0.8,0.8,0.0,-1.6,0.0,0.8,-0.8,0.0,0.0,0.8,1.6,0.0,0.8,0.0,0.8,1.6,0.8,0.0,0.8,-0.8,0.8,0.8,0.8,0.0,0.8,0.0,0.0,0.8,0.8,0.0,-0.8,0.8,1.6,0.0,0.0,0.8,0.8,1.6,-0.8,0.8,0.8,0.0,0.8,0.8,-0.8,0.0,0.0,1.6,0.8,0.0,0.0,-1.6,0.0,0.8,-0.8,1.6,0.0,0.8,0.0,-0.8,1.6,0.0,0.8,0.8,0.0,1.6,-1.6,1.6,1.6,-1.6,-0.8,1.6,0.0,-2.4000000000000004,0.8,3.2,-2.4000000000000004,0.0,0.8,0.8,0.0,-0.8,1.6,0.8,0.8,1.6,-0.8,1.6,0.0,0.0,1.6,-1.6,-0.8,0.0,2.4000000000000004,0.8,-0.8,0.8,0.8,0.8,1.6,-1.6,0.8,0.8,0.8,0.0,0.0,0.0,0.0,0.8,1.6,0.0,0.8,0.0,1.6,0.8,-0.8,0.8,0.0,1.6,0.0,0.8,0.8,0.8,1.6,0.8,1.6,0.8,0.0,0.8,0.8,0.8,1.6,0.8,0.8,1.6,2.4000000000000004,0.0,1.6,0.0,0.8,0.8,0.0,-0.8,0.0,0.8,0.8,0.0,0.8,0.0,0.8,0.0,0.0,0.8,1.6,0.8,0.0,0.0,0.8,0.0,1.6,0.0,0.0,1.6,0.0,1.6,0.8,0.8,0.8,0.8,0.8,0.0,0.0,0.8,0.0,0.0,-0.8,0.8,0.0,-0.8,0.0,0.0,0.0,0.0,0.8,0.8,0.0,0.8,-1.6,0.8,0.0,-0.8,1.6,-0.8,1.6,0.0,0.0,1.6,0.0,0.8,-0.8,-0.8,0.8,-0.8,0.8,0.0,0.8,0.8,-0.8,0.8,-0.8,0.0,0.0,0.0,0.8,-0.8,0.0,0.0,-0.8,0.0,-0.8,0.0,1.6,0.8,0.8,-0.8,0.8,0.0,0.0,1.6,-0.8,2.4000000000000004,0.0,0.0,0.8,0.0,1.6,1.6,0.0,1.6,-0.8,0.8,-0.8,0.8,0.0,0.0,0.8,0.8,0.0,1.6,0.0,0.8,0.0,0.8,0.8,0.8,0.0,0.0,0.0,0.8,0.0,0.8,0.0,0.0,1.6,1.6,0.0,0.0,0.8,0.8,-0.8,0.0,0.8,0.8,0.0,0.8,0.8,0.8,0.8,0.0,0.0,-0.8,0.8,0.8,0.0,0.8,0.0,-0.8,0.0,0.0,-0.8,-0.8,1.6,0.8,0.8,0.8,0.8,1.6,0.0,0.8,0.0,0.0,0.0,-0.8,1.6,0.8,0.0,0.8,-0.8,2.4000000000000004,0.8,0.0,0.8,0.8,0.8,-0.8,-0.8,0.0,-1.6,0.8,-0.8,0.8,1.6,0.8,0.8,0.0,0.8,0.0,0.8,1.6,0.0,1.6,0.8,0.8,1.6,-0.8,1.6,0.0,0.8,0.0,-1.6,0.8,0.0,-0.8,0.8,0.0,0.0,-0.8,0.8,0.8,0.0,1.6,0.8,0.0,0.8,-0.8,0.0,0.0,0.8,0.8,0.8,1.6,0.0,1.6,0.8,0.0,0.0,0.8,0.0,-0.8,0.0,0.0,0.0,0.0,-0.8,0.0,-0.8,-0.8,1.6,0.8,0.8,0.8,1.6,0.0,0.8,0.0,0.0,1.6,-0.8,-0.8,0.0,0.8,0.8,0.0,0.0,0.8,2.4000000000000004,0.0,-1.6,1.6,0.8,-1.6,-0.8,0.8,-0.8,0.0,1.6,0.0,1.6,1.6,-0.8,0.0,0.8,-0.8,0.0,-0.8,0.8,0.0,0.0,0.8,0.0,0.8,0.0,0.8,0.0,-0.8,0.0,0.8,0.8,2.4000000000000004,0.0,0.0,0.0,0.8,0.8,1.6,-0.8,0.0,0.8,0.0,0.0,0.0,-0.8,1.6,0.8,0.8,-0.8,0.0,0.0,0.8,-1.6,0.8,0.0,0.8,-0.8,0.0,0.8,0.0,0.8,0.0,-0.8,0.8,0.8,0.8,0.0,0.8,0.8,0.8,0.8,-0.8,0.8,0.8,-0.8,1.6,0.0,0.0,-0.8,0.0,0.0,0.8,0.0,0.8,0.0,0.0,0.8,-0.8,0.0,0.0,-0.8,-0.8,0.0,0.8,-0.8,-0.8,1.6,0.0,1.6,0.0,0.0,1.6,0.0,-0.8,-0.8,0.8,0.8,0.0,0.8,0.8,0.0,0.8,-0.8,0.8,-0.8,-1.6,0.8,0.8,0.8,0.0,0.0,1.6,0.0,0.8,0.8,0.8,1.6,-0.8,0.8,0.0,1.6,0.8,0.8,0.8,0.8,0.0,0.8,0.8,2.4000000000000004,-1.6,0.8,0.0,-0.8,0.8,0.0,1.6,0.8,-0.8,1.6,0.0,0.8,-1.6,0.0,0.0,0.0,0.8,0.8,0.0,0.0,0.0,0.8,0.0,0.0,1.6,0.0,0.0,0.0,1.6,-0.8,0.0,1.6,0.0,0.8,0.0,0.0,0.0,-0.8,-0.8,0.0,0.0,0.0,0.8,0.8,0.0,0.8,0.0,0.8,0.8,-1.6,-0.8,0.0,1.6,0.0,0.0,0.0,0.0,1.6,1.6,0.0,-0.8,0.0,0.8,0.0,0.8,0.8,0.8,1.6,0.0,2.4000000000000004,0.0,-0.8,0.8,0.0,0.0,0.0,0.8,0.0,0.0,0.0,0.0,0.8,0.8,0.0,1.6,-0.8,0.0,-0.8,0.0,1.6,1.6,0.8,0.0,1.6,2.4000000000000004,-1.6,1.6,0.0,0.0,0.8,-0.8,0.8,0.0,-0.8,1.6,-0.8,1.6,0.0,-0.8,0.8,-0.8,0.8,0.0,-0.8,0.8,-0.8,0.0,0.0,0.0,1.6,0.8,1.6,-0.8,1.6,0.8,0.0,0.8,0.0,0.0,0.0,-0.8,1.6,0.0,0.8,0.8,-0.8,0.8,0.0,1.6,0.0,0.0,1.6,0.0,0.0,0.8,0.8,1.6,0.8,0.8,-0.8,0.0,0.8,0.0,2.4000000000000004,0.0,0.8,1.6,0.8,1.6,-0.8,0.8,0.0,-0.8,0.0,1.6,0.8,0.0,0.8,0.8,0.0,-0.8,0.0,1.6,0.0,-0.8,-0.8,-0.8,0.8,-0.8,0.0,2.4000000000000004,-0.8,0.8,0.0,0.0,-0.8,-0.8,2.4000000000000004,-0.8,0.8,0.0,0.8,1.6,0.8,0.0,0.0,0.0,0.8,0.0,0.0,0.0,-0.8,0.0,0.8,0.8,-0.8,0.0,0.0,0.0,1.6,-0.8,1.6,-0.8,0.8,0.0,-1.6,0.8,0.0,0.8,0.0,-0.8,0.8,0.0,0.8,0.8,-0.8,0.8,0.0,-0.8,-0.8,0.0,1.6,-0.8,0.8,0.0,-0.8,0.8,-0.8,0.0,-0.8,0.8,0.8,-0.8,1.6,0.8,0.0,0.8,-1.6,-1.6,0.0,1.6
event_63,1625266851.2201226,1.6,0.0,2.4000000000000004,0.8,0.0,0.8,-0.8,0.8,0.8,0.0,1.6,-1.6,1.6,-0.8,-0.8,0.8,0.0,1.6,0.8,0.8,0.8,0.0,0.8,0.0,0.0,0.8,0.0,0.8,0.0,1.6,0.8,-0.8,1.6,0.0,-0.8,0.8,0.8,1.6,0.0,1.6,1.6,-0.8,0.8,0.8,-0.8,1.6,0.0,0.0,0.0,2.4000000000000004,1.6,0.8,1.6,0.8,1.6,0.8,0.0,-0.8,0.8,1.6,0.0,0.8,0.8,0.8,0.8,0.8,0.8,0.8,0.0,0.0,0.8,0.0,0.0,0.8,0.0,0.0,0.0,0.0,1.6,0.8,0.8,0.8,0.0,0.8,-0.8,0.8,0.0,1.6,1.6,0.8,2.4000000000000004,0.8,0.0,1.6,-0.8,0.8,0.8,-0.8,0.8,0.8,0.8,0.0,0.0,-24.0,-79.2,-76.80000000000001,-38.400000000000006,-12.0,-5.6,-3.2,1.6,-4.0,-6.4,-3.2,-3.2,0.0,0.0,0.0,-1.6,-2.4000000000000004,0.8,0.0,0.8,0.8,0.8,0.0,-0.8,1.6,0.0,0.0,0.0,0.0,0.8,-1.6,0.8,0.0,-0.8,0.0,-0.8,1.6,0.0,0.0,0.8,0.0,3.2,-1.6,-1.6,1.6,0.8,1.6,-0.8,0.0,1.6,-0.8,1.6,-0.8,0.0,0.8,-0.8,0.8,0.0,1.6,0.8,0.0,1.6,1.6,0.8,0.0,0.0,0.8,0.0,0.8,0.0,0.8,0.8,0.0,0.8,1.6,0.8,0.0,0.8,0.8,0.0,0.8,0.8,0.8,1.6,0.0,0.8,1.6,0.8,1.6,0.8,-0.8,0.0,0.8,0.0,-0.8,0.0,0.0,0.8,0.8,0.0,-1.6,0.8,0.8,0.8,-0.8,0.0,0.0,0.8,0.8,-0.8,0.0,0.8,0.0,0.0,1.6,0.0,0.8,0.8,0.8,0.0,0.0,-0.8,-0.8,-1.6,0.8,1.6,0.8,-0.8,0.8,0.8,-0.8,-1.6,2.4000000000000004,-0.8,0.0,-0.8,1.6,0.8,0.0,0.8,-1.6,1.6,-1.6,0.0,1.6,0.0,0.0,0.8,1.6,-0.8,-0.8,1.6,0.0,1.6,0.0,-2.4000000000000004,1.6,-0.8,0.0,0.8,0.0,0.8,0.0,0.8,0.8,-1.6,1.6,-1.6,0.8,0.0,0.0,0.8,-1.6,1.6,0.8,0.0,0.8,0.0,0.8,-0.8,0.0,0.0,0.8,0.8,-0.8,0.8,0.8,0.0,0.8,-1.6,0.0,0.0,-0.8,0.0,0.8,0.0,2.4000000000000004,0.0,0.8,0.0,0.8,0.0,0.8,-0.8,1.6,0.0,2.4000000000000004,0.0,0.0,0.8,0.0,-0.8,0.0,0.8,0.0,0.8,0.8,0.8,0.8,0.0,-0.8,0.8,0.0,0.8,1.6,-0.8,0.0,-0.8,-0.8,-0.8,-0.8,0.8,-0.8,0.0,0.8,-1.6,1.6,0.8,0.0,0.8,-0.8,-0.8,0.0,1.6,0.8,0.0,0.8,0.0,1.6,0.8,-0.8,0.0,0.0,0.8,0.0,0.8,0.0,0.0,0.8,0.0,0.8,0.0,-0.8,0.0,0.0,0.0,0.8,0.8,0.0,0.0,0.0,0.0,0.8,1.6,0.0,0.8,0.0,0.8,0.8,0.0,0.0,0.8,-1.6,0.0,0.8,1.6,-0.8,0.8,-0.8,1.6,0.8,0.0,0.0,0.0,-0.8,0.8,0.8,0.8,-1.6,0.0,-0.8,0.0,-0.8,-0.8,0.8,0.0,0.8,-0.8,0.0,0.0,0.0,0.0,0.0,0.0,0.8,0.0,0.0,0.0,0.8,0.0,0.8,0.0,0.0,0.0,0.0,0.0,0.8,0.0,0.8,0.0,-0.8,0.0,0.0,0.8,0.8,0.8,0.0,-1.6,0.8,-0.8,-1.6,0.8,0.0,0.0,-0.8,-0.8,1.6,0.0,1.6,-0.8,0.0,0.0,-0.8,0.8,0.8,0.8,0.0,-0.8,-0.8,0.8,1.6,0.8,-0.8,0.8,-1.6,0.0,0.8,0.0,1.6,-0.8,0.0,1.6,0.0,1.6,0.0,1.6,0.0,-0.8,0.8,-0.8,1.6,0.0,0.0,0.8,0.0,1.6,0.8,0.0,0.0,-0.8,0.8,-0.8,0.0,-0.8,0.8,0.8,0.0,-0.8,-0.8,0.0,0.8,0.0,1.6,-0.8,0.8,0.8,-0.8,0.8,1.6,1.6,0.8,0.8,-0.8,0.8,0.8,0.0,-0.8,1.6,0.8,-1.6,0.0,0.0,0.8,-0.8,0.8,0.0,0.0,0.8,-0.8,1.6,-0.8,0.8,0.8,-0.8,0.0,0.0,0.0,0.8,0.0,-1.6,-0.8,3.2,0.0,-0.8,1.6,0.0,0.0,2.4000000000000004,0.8,-4.0,1.6,3.2,-3.2,0.0,1.6,0.8,-0.8,-0.8,2.4000000000000004,-0.8,0.0,1.6,1.6,0.0,-0.8,0.8,0.8,-1.6,0.0,-0.8,1.6,0.0,-0.8,1.6,-0.8,1.6,-0.8,0.8,1.6,0.8,1.6,0.0,1.6,1.6,-0.8,1.6,-0.8,1.6,0.0,-0.8,0.0,-0.8,0.0,1.6,-0.8,0.8,0.8,0.8,0.0,0.8,-0.8,0.0,0.0,0.8,0.0,-0.8,0.0,0.8,0.0,0.0,0.0,-1.6,1.6,0.0,-0.8,0.8,0.0,0.8,0.0,-1.6,0.0,0.0,-0.8,0.0,-1.6,0.0,-0.8,0.8,0.0,0.8,0.0,0.8,-0.8,0.8,0.0,0.0,0.0,-0.8,-1.6,0.8,1.6,-0.8,0.8,0.8,0.0,0.8,2.4000000000000004,0.0,-0.8,0.8,-0.8,0.0,-1.6,0.8,0.8,1.6,-0.8,0.8,0.8,-1.6,0.0,0.0,-0.8,0.0,-1.6,-0.8,0.0,-0.8,0.0,0.0,0.0,0.0,0.0,0.8,0.0,0.0,0.0,0.0,1.6,0.0,0.0,1.6,0.8,0.0,0.8,0.0,1.6,0.0,-0.8,0.0,0.0,-0.8,1.6,0.8,0.8,0.0,0.0,0.0,0.0,-0.8,0.0,0.0,0.8,0.0,0.8,0.8,0.0,0.8,0.8,0.8,0.0,0.8,0.8,-0.8,0.0,0.0,0.0,0.0,-0.8,0.8,1.6,0.8,0.8,-0.8,-0.8,-0.8,0.0,0.0,1.6,0.0,0.0,0.0,0.0,0.0,0.0,0.8,-0.8,-2.4000000000000004,0.0,1.6,0.0,0.0,0.0,0.8,0.0,0.8,-0.8,-0.8,1.6,0.0,0.0,0.0,0.0,1.6,0.0,0.0,0.8,0.8,0.0,0.0,0.8,-0.8,0.8,0.8,0.0,0.8,0.0,-0.8,0.8,0.0,1.6,0.0,0.0,-0.8,-1.6,0.8,-0.8,1.6,0.0,0.0,2.4000000000000004,-0.8,0.0,0.0,0.0,0.8,-1.6,0.8,-0.8,0.8,0.0,0.0,1.6,0.8,-0.8,1.6,-1.6,0.8,-1.6,1.6,0.0,0.8,0.0,-0.8,0.8,0.0,0.0,1.6,-0.8,0.8,0.8,0.0,0.0,-1.6,0.0,0.0,-0.8,0.8,0.8,1.6,-1.6,-0.8,0.0,-1.6,0.8,0.8,0.8,0.0,0.0,0.0,-0.8,0.8,-0.8,0.0,0.8,-1.6,-0.8,0.0,0.8,0.0,0.0,0.8,1.6,1.6,0.8,0.0,0.0,0.0,0.8,-0.8,0.8,0.8,0.0,-0.8,0.0,0.8,0.0,0.8,0.0,0.8,0.0,-0.8,0.8,0.0,0.0,0.0,-0.8,1.6,0.8,0.0,0.8,0.8,1.6,0.8,-0.8,1.6,0.8,-0.8,-1.6,1.6,0.8,-1.6,2.4000000000000004,0.0,0.8,0.0,-1.6,1.6,0.0,0.0,1.6,0.0,1.6,-1.6,1.6,0.0,0.0,0.8,0.0,0.0,0.0,0.0,0.8,-0.8,1.6,0.8,0.0,1.6,-0.8,2.4000000000000004,0.8,0.0,0.8,0.8,1.6,-0.8,-1.6,1.6,0.0,0.0,-0.8,0.8,0.0,-0.8,0.8,0.0,0.0,0.8,0.0,1.6,-0.8,1.6,0.0,0.8,0.8,-1.6,-0.8,2.4000000000000004,0.8,0.0,0.0,1.6,0.0,1.6,0.0,0.0,0.8,0.8,0.0,0.0,0.0,0.0,-0.8,0.8,0.8,0.0,0.0,0.0,0.8,-1.6,0.0,1.6,-0.8,-0.8,-0.8,0.0,0.8,0.0,0.8,0.0,0.8,-0.8,0.0,0.8,0.0,2.4000000000000004,-0.8,0.8,1.6,0.0,0.8,1.6,1.6,0.8,0.0,-0.8,-0.8,1.6,-0.8,0.8,1.6,0.8,-0.8,-0.8,0.8,0.8,-1.6,1.6,0.0,0.8,-1.6,0.0,0.0,0.8,1.6,0.0,1.6,0.8,0.0,1.6,-0.8,-0.8,0.0,0.0,0.8,-1.6,0.0,1.6,-0.8,1.6,-0.8,-0.8,1.6,0.0,0.8,0.8,0.8,0.0,-0.8,1.6,0.8,0.0,1.6,-0.8,0.0,0.8,0.8,0.8,0.0,0.8,0.8,0.0,0.8,0.0,0.0,0.8,0.8,-0.8,0.0,0.0,0.0,1.6,0.8,0.0,0.8,0.0,0.0,0.8,0.0,0.0,0.0,0.0,0.8,0.8,0.0,0.8,0.8,0.8,0.8,0.0,0.0,-0.8,0.8,0.8,1.6,0.0,0.8,0.0,0.8,0.0,0.8,0.0,0.0,0.0,0.8,0.0,0.0,0.8,0.8,0.8,-0.8,-0.8,0.8,-0.8,1.6,0.0,0.8,0.0,0.8,0.0,-1.6,0.8,0.8,-0.8,0.8,0.8,0.0,1.6,0.0,0.0,0.0,0.8,0.8,0.0,0.0,0.0,1.6,0.8,0.0,0.0,-0.8,-0.8,-0.8,0.0,0.8,-0.8,1.6,-0.8,0.8,0.8,-0.8,0.8,-2.4000000000000004,-0.8,0.0,0.0,0.8,-0.8,0.8,0.8,-0.8,2.4000000000000004,-0.8,-1.6,0.0,-0.8,0.0,-0.8,0.8,0.8,1.6,0.0,0.0,1.6,0.8,0.8,0.0,-2.4000000000000004,0.0,0.0,-0.8,0.0,0.0,0.0,0.0,1.6,1.6,0.0,0.0,-0.8,-0.8,0.0,1.6,1.6,0.8,1.6,0.0,1.6,-0.8,0.8,0.8,0.8,0.8,0.0,0.8,0.0,-0.8,1.6,0.0,0.0,-0.8,0.0,0.0,0.0,0.0,-0.8,0.0,-0.8,-1.6,0.0,-0.8,0.0,0.0,0.8,0.8,-0.8,0.8,0.0,-0.8,0.0,0.0,0.8,0.0,-0.8,1.6,0.0,0.0,0.0,0.0,0.0,-1.6,0.8,-0.8,0.0,0.8,0.0,1.6,-0.8,0.8,0.8,0.0,0.0,-0.8,0.8,1.6,0.0,1.6,0.0,2.4000000000000004,0.0,0.8,0.0,0.8,0.8,0.0,-0.8,1.6,0.8,1.6,-0.8,0.0,0.8,-0.8,1.6,-0.8,0.8,-0.8,-1.6,1.6,-0.8,0.0,0.0,0.8,1.6,0.0,0.0,0.8,0.0,0.0,0.0,0.8,0.8,0.8,0.0,0.0,0.8,1.6,0.0,0.8,1.6,2.4000000000000004,-3.2,0.0,0.8,-1.6,-0.8,2.4000000000000004,0.0,0.0,0.0,0.0,0.8,0.8,-0.8,0.8,0.8,0.0,-0.8,0.0,0.8,1.6,0.8,0.0,0.8,-1.6,-0.8,0.8,0.0,-0.8,0.8,0.0,0.0,-0.8,0.8,2.4000000000000004,0.0,0.8,-0.8,-0.8,0.8,-0.8,0.8,-1.6,0.0,0.8,-0.8,1.6,0.0,0.8,0.8,-0.8,0.0,-0.8,0.8,0.0,-0.8,0.8,0.0,0.8,1.6,0.0,-0.8,0.8,0.0,0.0,0.0,1.6,0.0,1.6,-0.8,0.8,0.8,-0.8,1.6,0.8,0.0,0.0,0.0,0.8,-0.8,0.8,1.6,0.8,0.8,0.0,1.6,0.0,0.8,0.8,-0.8,0.8,2.4000000000000004,0.0,0.8,0.8,0.8,0.0,0.8,0.0,0.0,0.8,-0.8,0.8,0.0,-0.8,1.6,0.0,0.0,-1.6,-0.8,0.0,0.0,-1.6,0.0,-0.8,1.6,-0.8,0.0,-0.8,0.8,0.0,0.0,1.6,-0.8,0.8,0.0,-0.8,0.8,-0.8,0.0,0.0,-0.8,0.8,0.8,0.0,0.0,0.0,-0.8,0.0,0.8,0.0,0.8,0.0,0.8,-0.8,0.0,0.0,-0.8,0.8,-0.8,-1.6,0.0,0.0,0.0,0.0,0.8,1.6,0.0,0.8,-0.8,0.8,0.8,-0.8,0.0,0.8,1.6,0.8,0.0,0.0,-0.8,0.8,0.0,0.0,0.8,-1.6,0.0,-0.8,-0.8,0.8,-0.8,0.0,1.6,-0.8,0.8,0.0,1.6,1.6,0.0,2.4000000000000004,0.0,3.2,0.0,1.6,0.8,0.0,0.8,0.0,0.0,0.0,-0.8,0.8,0.8,0.0,0.8,1.6,0.8,0.0,0.0,0.0,-0.8,0.0,0.0,0.8,0.0,0.8,-0.8,0.0,1.6,0.0,-0.8,0.8,0.0,0.0,0.8,0.8,0.0,1.6,0.0,0.0,0.0,0.8,1.6,0.0,0.0,0.8,0.0,-0.8,0.0,0.8,-0.8,0.0,0.0,0.0,0.0,0.0,1.6,0.0,0.0,0.8,-0.8,-0.8,0.0,-0.8,0.8,0.8,1.6,0.8,1.6,0.8,0.0,1.6,-1.6,-0.8,1.6,0.0,1.6,0.0,0.8,0.8,0.0,1.6,0.0,0.8,0.8,-0.8,0.8,0.0,0.0,0.8,-1.6,1.6,0.0,-0.8,1.6,-0.8,1.6,-1.6,0.8,0.8,1.6,0.8,0.0,2.4000000000000004,0.8,-1.6,1.6,0.8,0.0,-0.8,-0.8,0.0,-0.8,1.6,0.8,0.0,1.6,-1.6,0.8,0.8,0.0,0.0,0.8,0.8,0.8,-0.8,0.0,0.8,0.8,-1.6,0.8,0.0,0.0,1.6,0.8,0.0,0.8,0.8,0.0,0.0,0.0,0.0,0.0,-0.8,0.0,0.8,-1.6,0.0,0.8,1.6,0.0,0.8,0.8,0.8,0.8,0.0,-0.8,0.8,-1.6,0.0,0.0,1.6,0.8,0.0,0.0,0.0,0.8,1.6,-0.8,0.0,0.0,0.8,-0.8,0.0,0.8,0.0,1.6,0.8,0.0,1.6,0.0,1.6,-0.8,0.0,0.8,-1.6,2.4000000000000004,0.0,0.8,0.8,-0.8,0.8,0.0,1.6,0.0,0.0,0.0,-0.8,1.6,0.8,0.0,1.6,0.8,2.4000000000000004,-0.8,1.6,1.6,-0.8,0.8,0.0,0.0,0.8,-0.8,1.6,0.8,1.6,0.0,0.0,0.8,0.0,-0.8,1.6,-0.8,1.6,0.0,1.6,0.8,0.0,1.6,0.8,0.8,0.8,0.8,0.8,0.0,0.0,0.0,-0.8,0.0,0.0,1.6,0.0,0.0,0.8,-0.8,-0.8,1.6,0.8,0.8,0.0,1.6,0.8,-0.8,0.0,0.0,1.6,1.6,-0.8,0.0,0.0,0.8,0.8,-0.8,0.0,1.6,0.0,0.0,0.0,0.0,0.0,0.8,0.0,0.0,0.8,0.0,0.0,0.8,0.8,0.8,-0.8,-0.8,1.6,-0.8,-0.8,0.8,0.0,0.8,-1.6,0.0,0.8,-0.8,0.8,0.8,0.0,1.6,-0.8,1.6,0.8,1.6,0.0,0.8,1.6,0.8,0.8,-0.8,0.0,0.0,-1.6,0.8,0.8,0.8,-0.8,1.6,1.6,0.8,0.0,1.6,0.0,0.8,-0.8,0.8,0.8,0.0,0.0,-1.6,0.0,0.8,-0.8,0.8,0.0,0.0,0.8,0.8,0.8,-0.8,0.8,0.8,0.8,0.0,0.0,0.8,-0.8,0.0,0.8,-1.6,0.8,0.0,0.0,0.0,0.0,0.0,0.8,1.6,0.0,0.0,0.8,-0.8,0.0,0.0,0.0,0.8,-0.8,0.0,0.8,-0.8,0.0,0.0,0.0,0.8,-1.6,0.0,1.6,0.0,0.8,0.8,0.0,0.0,-0.8,0.8,0.0,-0.8,-1.6,0.0,0.0,0.0,0.0,0.8,-0.8,1.6,0.0,0.8,-0.8,-0.8,0.8,-1.6,0.8,-0.8,0.8,0.0,0.0,1.6,0.8,-0.8,1.6,-0.8,1.6,0.0,0.0,0.8,-0.8,0.8,0.8,0.0,0.8,-1.6,0.8,0.0,0.0,0.8,0.8,0.8,0.0,0.0,0.0,0.8,1.6,-0.8,0.8,0.8,0.0,1.6,-0.8,-0.8,0.8,0.0,0.8,-0.8,0.0,0.8,-0.8,0.8,0.8,0.8,0.0,-0.8,0.0,-1.6,0.0,0.8,0.0,0.0,0.0,0.8,-0.8,0.0,-0.8,-1.6,-0.8,0.8,0.0,0.0,0.0,0.8,0.8,0.8,0.0,-0.8,0.8,-0.8,0.8,0.0,0.8,0.0,0.0,0.0,0.0,0.8,0.0,0.0,0.8,0.0,-0.8,-0.8,0.8,0.8,-0.8,0.8,0.0,0.0,0.8,0.8,0.0,0.0,0.8,0.0,0.0,0.0,0.8,1.6,0.8,1.6,0.0,0.0,0.0,0.0,0.0,0.0,0.8,0.8,-0.8,2.4000000000000004,0.8,0.0,0.8,0.8,0.8,0.0,0.0,1.6,0.0,1.6,-1.6,-0.8,0.0,-1.6,0.8,0.8,0.0,-0.8,-0.8,0.8,-0.8,0.8,0.0,-0.8,0.0,-1.6,0.8,0.0,0.0,0.8,0.0,0.0,-0.8,0.0,0.8,-1.6,2.4000000000000004,0.0,0.8,0.8,-0.8,0.0,0.8,0.0,0.0,0.0,1.6,-0.8,0.8,0.8,0.8,0.8,0.0,0.0,-0.8,0.8,-0.8,-1.6,2.4000000000000004,0.0,0.8,1.6,0.8,0.8,0.0,0.0,0.8,0.0,0.0,-0.8,-0.8,0.0,0.0,0.0,0.0,0.8,0.0,0.0,0.8,0.8,0.8,-0.8,1.6,0.0,2.4000000000000004,0.8,-0.8,1.6,0.0,0.8,0.8,0.0,1.6,-1.6,-0.8,0.0,0.0,-0.8,0.8,1.6,0.0,0.0,0.8,-1.6,0.8,-1.6,0.8,0.0,0.0,0.0,-0.8,0.0,-0.8,1.6,1.6,-2.4000000000000004,1.6,4.0,-1.6,0.8,0.8,0.8,0.8,0.0,0.0,0.8,0.0,-0.8,0.8,0.8,-1.6,0.8,0.0,0.0,0.8,-0.8,0.8,-0.8,0.0,0.0,-1.6,1.6,-1.6,0.8,0.0,0.8,0.8,-1.6,0.8,2.4000000000000004,0.8,0.8,-1.6,0.0,0.8,0.0,-0.8,0.0,0.8,0.8,0.0,1.6,0.8,0.0,0.0,0.0,1.6,-1.6,0.0,1.6,0.0,0.0,-0.8,0.8,0.0,0.8,0.8,0.8,0.8,0.0,0.0,0.8,0.0,1.6,0.8,0.8,1.6,0.8,0.8,0.0,-0.8,0.8,0.0,0.0,0.0,0.0,0.0,0.8,0.8,1.6,0.0,0.0,-0.8,0.0,0.0,0.8,-0.8,0.0,0.0,0.8,0.0,0.8,0.8,0.0,0.8,-0.8,1.6,0.8,-0.8,0.8,1.6,0.0,0.0,0.0,0.0,0.0,0.0,0.8,0.8,0.0,-0.8,0.0,0.0,0.0,0.8,0.0,0.8,0.8,0.0,0.0,0.8,-0.8,-0.8,-0.8,0.0,-0.8,0.0,-0.8,1.6,0.0,0.0,0.8,-1.6,1.6,0.0,0.0,0.0,0.0,0.8,0.0,0.0,0.8,-0.8,0.0,0.0,0.0,0.0,-0.8,0.8,-0.8,0.8,-0.8,-0.8,1.6,0.8,0.0,0.0,0.8,0.0,-0.8,0.8,-0.8,1.6,0.0,0.8,0.8,0.0,0.0,0.8,0.0,0.8,-0.8,-0.8,0.0,0.8,0.0,0.8,0.0,1.6,0.0,0.0,0.0,0.0,-1.6,0.0,-0.8,0.0,-1.6,0.0,0.8,0.0,0.8,-0.8,0.0,0.8,0.8,1.6,0.0,0.8,0.0,0.0,0.0,-1.6,1.6,1.6,0.0,1.6,-1.6,1.6,0.0,0.8,0.8,-0.8,1.6,-0.8,0.0,1.6,0.0,0.8,-0.8,-0.8,-0.8,-0.8,2.4000000000000004,0.0,1.6,0.8,0.0,1.6,0.8,0.8,-1.6,0.0,0.8,-1.6,0.0,0.8,0.8,0.8,-0.8,0.8,0.0,-0.8,1.6,0.0,-0.8,0.0,0.0,0.8,0.0,0.8,0.0,0.8,0.0,0.0,0.8,0.8,0.8,0.0,0.8,0.8,1.6,0.0,1.6,1.6,1.6,-0.8,0.8,0.8,0.8,0.0,0.0,0.0,0.0,0.0,1.6,0.0,1.6,0.0,0.8,0.8,2.4000000000000004,0.0,0.8,-0.8,0.0,0.8,0.0,-0.8,0.8,1.6,-0.8,0.8,0.0,1.6,0.8,0.0,0.0,0.8,0.8,0.0,0.0,1.6,1.6,0.0,0.0,0.8,-1.6,0.0,0.0,-0.8,0.8,0.8,1.6,-1.6,1.6,1.6,-0.8,1.6,-1.6,-1.6,0.0,0.0,0.8,-0.8,0.0,0.8,-0.8,1.6,-0.8,0.0,0.8,0.0,0.0,-0.8,0.8,1.6,-0.8,1.6,0.8,1.6,0.8,0.0,2.4000000000000004,-0.8,0.0,-0.8,0.8,0.8,-0.8,0.8,0.8,0.0,0.8,0.0,2.4000000000000004,0.0,0.0,0.0,-0.8,1.6,0.0,1.6,0.8,0.0,-0.8,0.8,1.6,0.0,0.0,0.8,-1.6,0.0,0.0,0.8,0.8,-0.8,-0.8,0.0,0.0,0.8,-0.8,0.0,0.0,0.0,-0.8,-0.8,0.8,0.8,0.8,0.8,0.8,0.0,1.6,0.8,0.8,0.0
event_64,1625266855.5283692,0.0,1.6,-1.6,0.8,-0.8,-1.6,0.8,0.8,0.0,0.8,0.8,0.8,-0.8,-0.8,0.0,0.0,0.0,0.8,1.6,-0.8,0.0,1.6,0.8,0.8,0.8,0.8,0.0,0.8,0.8,0.0,0.8,0.8,0.0,0.8,1.6,1.6,0.0,0.8,0.0,0.8,0.8,-0.8,0.0,0.0,0.0,-0.8,0.8,0.8,0.0,0.8,0.0,1.6,0.0,0.8,1.6,-0.8,0.8,0.0,-0.8,2.4000000000000004,0.0,0.8,0.0,0.8,1.6,-0.8,1.6,0.0,1.6,0.0,0.8,1.6,0.8,0.8,0.0,1.6,1.6,-0.8,2.4000000000000004,1.6,-0.8,1.6,-0.8,1.6,0.8,-0.8,1.6,-0.8,1.6,0.0,0.0,1.6,0.0,0.0,1.6,0.8,0.8,-0.8,0.8,-0.8,0.8,0.8,-12.0,-50.4,-60.00000000000001,-33.6,-14.400000000000002,-8.8,-4.0,0.0,-0.8,-3.2,-3.2,-1.6,-1.6,0.0,0.8,0.0,0.0,0.8,0.8,-0.8,0.0,1.6,0.0,0.0,0.8,0.0,-0.8,0.8,0.8,-0.8,-0.8,0.8,0.8,0.8,0.0,1.6,0.8,0.8,-0.8,0.0,1.6,0.8,-0.8,0.0,-0.8,0.8,0.0,0.8,0.8,0.0,0.0,0.8,0.8,0.0,0.0,1.6,0.0,0.0,0.8,0.8,0.8,0.0,0.8,1.6,0.8,0.0,0.0,3.2,0.8,1.6,0.8,0.8,1.6,0.8,0.8,0.8,0.8,0.8,-0.8,1.6,0.0,0.8,1.6,0.8,1.6,0.8,0.8,0.8,-0.8,0.8,-0.8,1.6,0.0,0.0,-0.8,-1.6,1.6,0.8,0.0,2.4000000000000004,-1.6,0.8,0.0,1.6,0.8,0.8,1.6,0.0,0.8,-0.8,0.0,0.8,-0.8,1.6,0.8,-0.8,0.8,-0.8,1.6,0.0,0.8,1.6,-0.8,0.8,0.0,0.0,1.6,-0.8,0.0,-0.8,0.8,1.6,-1.6,1.6,0.8,0.0,0.0,-0.8,0.0,0.0,-0.8,0.0,0.0,0.8,0.8,0.0,1.6,0.0,0.8,0.8,0.8,0.8,-0.8,0.0,0.8,0.0,0.8,0.0,0.0,0.8,1.6,0.8,0.8,0.0,1.6,0.0,0.8,-1.6,2.4000000000000004,1.6,-2.4000000000000004,0.8,1.6,-0.8,0.0,0.8,1.6,0.0,0.8,0.8,0.0,0.8,0.0,0.8,1.6,-1.6,0.0,0.0,0.0,0.0,-0.8,1.6,1.6,0.0,0.0,0.0,2.4000000000000004,-0.8,0.0,0.8,0.0,1.6,0.8,0.0,0.0,-0.8,1.6,-0.8,0.0,1.6,0.8,0.8,0.0,0.8,0.0,0.0,0.8,-0.8,0.8,-0.8,0.8,0.8,0.0,0.8,-0.8,-0.8,0.0,-1.6,0.0,0.0,0.0,0.0,-0.8,1.6,0.0,0.0,0.8,-0.8,0.8,-0.8,0.0,0.8,0.0,0.0,0.0,0.0,1.6,0.0,0.0,-0.8,0.8,0.0,0.0,0.0,0.0,0.0,0.0,0.0,0.8,0.0,1.6,0.0,-0.8,2.4000000000000004,0.0,0.0,0.0,1.6,1.6,0.0,0.8,0.8,0.8,0.8,-0.8,0.8,0.0,-0.8,-0.8,0.8,0.0,0.8,-0.8,0.0,0.0,0.8,0.0,0.0,-0.8,0.0,0.8,1.6,0.0,0.0,0.8,0.0,0.8,0.0,0.8,-0.8,0.0,0.0,0.0,1.6,0.8,0.0,-0.8,-0.8,0.0,-0.8,-0.8,0.0,0.0,-0.8,-0.8,1.6,0.8,0.0,0.8,0.8,-0.8,0.0,-0.8,0.0,0.0,0.0,-0.8,0.0,1.6,-0.8,0.0,0.8,0.8,1.6,-0.8,0.8,0.8,0.8,0.0,-0.8,0.8,0.0,0.8,1.6,0.8,0.8,-0.8,0.0,0.0,0.0,-0.8,-0.8,0.0,0.8,0.0,0.0,0.0,0.8,-0.8,-0.8,1.6,0.0,-0.8,-0.8,-0.8,0.0,1.6,-0.8,-0.8,0.0,0.0,0.0,1.6,0.0,0.8,0.0,-0.8,0.0,0.8,-0.8,0.8,0.0,0.0,-0.8,0.8,-0.8,0.0,-0.8,0.8,0.8,0.8,0.0,-0.8,0.8,0.8,0.0,0.0,-0.8,1.6,1.6,0.0,0.8,0.0,0.8,0.0,0.0,-0.8,0.8,0.8,-1.6,0.0,0.0,-0.8,0.0,-0.8,-0.8,0.0,0.0,0.8,-0.8,0.8,0.0,0.8,1.6,-0.8,-0.8,-0.8,1.6,0.8,-0.8,0.8,1.6,1.6,0.0,0.0,0.8,0.0,0.8,-0.8,-0.8,0.8,0.0,0.8,0.0,0.8,0.0,-0.8,0.0,1.6,-0.8,0.0,-0.8,0.0,0.0,0.0,0.8,0.0,0.8,0.8,1.6,0.0,0.0,0.8,0.0,0.0,3.2,-0.8,0.0,0.0,1.6,0.0,0.0,0.8,0.0,0.0,0.0,-0.8,0.8,0.0,0.8,0.8,0.8,1.6,0.0,0.0,0.8,0.0,0.8,-1.6,0.0,0.0,0.8,0.8,0.0,0.8,0.8,0.0,0.0,1.6,1.6,0.0,0.0,0.8,0.0,-0.8,0.0,0.0,0.0,-0.8,0.0,-0.8,0.0,-0.8,0.0,-0.8,0.0,0.8,-0.8,0.0,0.8,0.0,-0.8,0.0,0.0,-0.8,0.0,0.0,-0.8,0.8,-0.8,0.8,0.0,0.8,0.0,-1.6,0.8,-0.8,0.8,0.0,0.0,0.0,-1.6,0.0,0.8,-0.8,0.0,0.0,0.8,-1.6,-0.8,0.8,0.0,1.6,-1.6,-0.8,0.8,0.0,0.0,0.8,0.0,0.0,-1.6,0.8,-0.8,1.6,0.8,0.0,1.6,0.8,0.0,1.6,0.0,1.6,-0.8,-0.8,0.0,0.8,0.0,0.0,0.8,0.0,0.0,0.8,0.0,0.0,-1.6,1.6,0.0,-0.8,0.0,-0.8,1.6,0.8,0.0,-0.8,0.8,0.0,0.0,0.0,0.0,0.0,0.8,-0.8,-1.6,0.8,1.6,0.8,0.8,0.8,-0.8,-0.8,0.8,0.8,0.8,0.8,0.8,0.0,-0.8,0.8,0.8,-0.8,0.8,0.0,0.0,-0.8,0.8,0.0,0.0,0.0,0.8,0.8,0.8,0.0,-0.8,0.0,0.0,-0.8,-0.8,0.0,0.0,-0.8,-0.8,0.0,0.8,-0.8,0.8,0.8,0.0,0.0,0.8,0.0,0.8,0.0,0.0,0.8,0.8,-0.8,0.8,0.0,-1.6,0.0,0.0,0.0,0.8,0.8,1.6,0.8,1.6,-1.6,0.0,0.0,0.8,-0.8,0.0,0.8,0.0,0.0,2.4000000000000004,-0.8,1.6,-0.8,0.0,0.8,0.8,0.0,0.0,-1.6,0.8,-1.6,-0.8,-0.8,0.0,0.8,-0.8,0.8,-0.8,1.6,0.8,0.0,0.8,0.0,0.8,0.8,-0.8,1.6,0.8,-0.8,0.0,0.0,-0.8,0.0,0.8,0.0,0.0,0.8,0.0,0.0,1.6,0.0,0.0,0.8,0.0,-0.8,0.0,0.8,0.0,0.0,0.8,0.8,0.8,1.6,0.0,0.8,0.8,1.6,0.0,0.8,0.8,1.6,0.0,1.6,0.0,0.8,0.8,0.0,1.6,-1.6,0.0,0.0,0.8,0.8,0.0,0.8,0.8,0.0,0.8,0.0,1.6,0.0,0.0,-0.8,-0.8,1.6,-0.8,1.6,1.6,0.8,0.0,0.0,1.6,1.6,0.8,0.0,-0.8,1.6,0.8,2.4000000000000004,0.0,-0.8,0.0,-0.8,0.0,0.8,-0.8,0.8,-0.8,1.6,-0.8,0.0,0.8,0.8,0.8,0.8,0.0,0.0,0.8,0.8,0.0,0.0,0.8,0.0,-0.8,-1.6,0.8,0.0,-0.8,0.8,-0.8,0.0,0.0,-0.8,0.8,-0.8,0.0,0.0,0.0,0.8,-0.8,0.0,0.8,0.0,-0.8,0.0,0.8,0.8,0.0,0.8,1.6,0.8,0.8,0.0,0.0,0.8,0.8,0.0,0.0,0.8,0.0,-0.8,0.8,0.8,0.0,0.0,0.0,1.6,-0.8,0.0,1.6,0.0,0.8,0.8,1.6,0.8,0.0,1.6,0.8,0.0,0.8,0.0,0.0,0.0,1.6,0.0,0.8,1.6,0.8,-0.8,0.8,0.0,1.6,-1.6,-0.8,0.8,-0.8,0.0,0.8,0.0,0.8,-1.6,0.0,0.0,0.8,0.0,0.0,0.0,-0.8,0.8,0.0,0.8,0.8,0.8,1.6,-0.8,0.0,1.6,0.0,0.0,0.0,0.8,1.6,-1.6,0.0,0.8,0.8,0.0,0.8,0.0,-1.6,0.0,1.6,0.0,0.0,0.0,0.8,0.0,0.0,0.0,0.0,1.6,-0.8,-1.6,1.6,0.8,0.8,0.0,0.0,0.0,0.0,1.6,0.8,0.0,0.8,0.0,0.0,0.8,0.0,0.8,-1.6,2.4000000000000004,0.0,-0.8,-0.8,1.6,0.8,-1.6,1.6,-0.8,0.0,0.0,0.0,-0.8,1.6,0.8,-0.8,0.0,0.8,0.8,0.8,0.0,1.6,0.8,0.0,1.6,0.8,0.8,0.0,1.6,0.0,0.8,0.0,-0.8,0.0,0.8,-1.6,2.4000000000000004,-0.8,0.8,0.8,-0.8,0.0,0.8,-1.6,2.4000000000000004,1.6,-1.6,-0.8,4.800000000000001,-1.6,-0.8,3.2,-1.6,0.8,-1.6,0.8,0.8,-1.6,0.0,0.0,0.8,0.0,-0.8,1.6,0.0,0.0,-0.8,0.0,0.8,0.0,-1.6,0.8,0.0,0.8,0.0,0.8,0.8,0.0,0.0,0.0,0.8,-1.6,0.8,1.6,-0.8,0.8,0.0,0.8,1.6,0.0,0.8,-0.8,0.8,0.0,-0.8,0.8,0.0,1.6,0.0,0.0,2.4000000000000004,0.0,0.8,0.0,0.8,0.0,-0.8,0.0,0.0,0.0,1.6,0.0,2.4000000000000004,-0.8,-0.8,1.6,0.0,0.0,-0.8,0.8,0.0,0.8,0.0,0.0,1.6,0.8,0.8,0.8,-0.8,0.8,0.0,0.0,0.8,0.0,0.8,1.6,0.8,-0.8,-0.8,0.0,-0.8,1.6,0.0,0.0,-0.8,1.6,0.0,-0.8,0.0,0.8,0.8,0.0,-0.8,0.8,1.6,0.0,0.8,0.8,1.6,0.0,-1.6,1.6,1.6,0.0,-1.6,0.0,0.8,-0.8,0.0,-1.6,2.4000000000000004,0.0,0.0,0.0,0.0,1.6,0.8,-1.6,1.6,0.0,0.0,0.0,0.8,1.6,0.0,0.8,0.8,0.0,0.8,-0.8,-0.8,-0.8,0.8,-0.8,0.0,1.6,0.0,1.6,0.8,0.8,1.6,-0.8,0.8,0.8,-0.8,1.6,-0.8,0.8,0.0,-1.6,1.6,0.8,1.6,0.0,-0.8,0.0,-0.8,-0.8,0.0,0.0,1.6,0.8,1.6,1.6,1.6,-1.6,0.8,0.0,0.0,0.8,-1.6,0.0,1.6,0.0,0.8,0.0,-0.8,0.0,-0.8,0.8,0.0,-0.8,1.6,0.0,0.0,0.0,-0.8,0.0,0.8,0.0,-0.8,0.0,0.0,0.8,0.8,0.8,0.8,0.0,-0.8,-0.8,0.8,0.0,-0.8,-0.8,0.0,0.0,-1.6,0.8,0.8,0.0,0.8,0.0,0.0,1.6,0.8,0.8,0.0,0.0,-0.8,-0.8,0.8,0.0,0.0,0.0,0.0,0.0,0.0,0.8,-0.8,-0.8,0.8,-0.8,-0.8,0.8,0.8,0.0,-0.8,0.8,0.0,0.0,0.8,-0.8,0.8,0.0,0.0,-0.8,0.0,0.8,-1.6,0.0,1.6,0.8,1.6,0.8,0.8,0.8,-0.8,0.0,0.0,1.6,0.0,0.8,0.8,1.6,0.0,0.8,-0.8,0.8,0.8,0.0,0.0,-0.8,0.0,0.0,1.6,0.8,-1.6,0.8,0.0,0.8,-1.6,0.8,0.0,-0.8,0.0,-1.6,0.0,0.0,-0.8,0.0,0.0,0.0,0.8,0.8,0.0,-1.6,-1.6,0.0,0.0,-1.6,1.6,0.8,0.0,0.0,-0.8,-0.8,0.0,0.0,0.0,0.8,0.8,0.0,0.8,0.8,0.0,0.8,-2.4000000000000004,0.8,-1.6,-0.8,1.6,0.0,0.8,-0.8,0.0,0.0,0.0,0.0,0.0,0.8,0.0,-1.6,0.8,-0.8,0.8,0.0,-1.6,2.4000000000000004,-0.8,-0.8,1.6,-0.8,1.6,-0.8,1.6,0.0,0.0,0.8,-0.8,0.8,0.0,0.0,1.6,0.0,0.8,-0.8,0.0,0.8,-0.8,0.0,0.0,0.8,0.8,-1.6,1.6,0.0,0.8,0.8,-0.8,0.0,0.0,0.0,2.4000000000000004,0.0,1.6,-0.8,1.6,0.8,0.0,0.8,0.8,-0.8,2.4000000000000004,-0.8,0.8,-0.8,0.8,0.0,-0.8,1.6,0.0,0.8,1.6,0.8,0.0,0.0,0.0,-0.8,0.0,0.0,0.0,0.0,0.0,-1.6,-0.8,0.8,-1.6,0.8,-0.8,-0.8,0.8,0.0,0.0,0.8,-0.8,0.8,0.0,0.0,0.8,0.8,0.8,-0.8,0.0,0.8,1.6,1.6,-0.8,0.0,0.0,1.6,0.8,-0.8,0.8,0.0,0.0,0.8,0.0,0.8,0.0,0.8,1.6,0.0,0.0,-1.6,0.8,0.8,0.0,0.8,-0.8,0.8,0.0,-0.8,0.8,0.0,0.0,0.0,0.8,1.6,-1.6,0.8,0.0,1.6,0.0,0.0,0.8,-0.8,0.0,0.8,-0.8,0.8,0.0,1.6,0.8,-0.8,0.0,-0.8,0.0,0.8,-0.8,0.8,0.0,1.6,0.0,-1.6,0.0,-0.8,0.8,0.0,-0.8,0.8,0.0,0.8,-1.6,-0.8,1.6,0.0,0.8,-2.4000000000000004,1.6,0.8,-0.8,0.8,0.0,-0.8,0.8,0.8,0.0,-0.8,0.0,0.8,0.0,0.8,-0.8,0.0,0.8,-1.6,-0.8,0.0,0.8,0.0,0.0,0.0,0.8,0.0,0.0,0.0,0.0,1.6,0.0,0.0,0.8,0.8,0.8,0.0,0.0,0.8,-0.8,0.8,0.0,0.8,-0.8,0.0,0.0,0.0,0.8,0.8,0.0,1.6,0.0,0.8,0.8,0.0,0.8,-0.8,0.8,0.0,0.8,0.0,-0.8,0.8,1.6,0.8,1.6,0.0,1.6,-0.8,-0.8,-0.8,0.0,0.0,0.0,0.0,1.6,0.0,0.8,-0.8,0.8,-0.8,-0.8,0.8,0.0,0.8,-0.8,0.8,2.4000000000000004,-0.8,0.8,0.0,0.0,0.8,-0.8,0.0,0.0,0.8,0.0,-1.6,0.8,0.0,1.6,0.8,0.8,0.8,-0.8,0.0,0.0,0.0,-0.8,0.0,0.0,0.0,0.8,-0.8,0.0,0.8,0.0,0.0,0.8,1.6,0.0,0.0,0.8,0.8,0.0,2.4000000000000004,-0.8,-0.8,0.8,-0.8,-0.8,0.8,0.0,0.0,-1.6,0.0,0.0,0.0,1.6,0.8,0.8,0.0,0.0,0.8,0.0,-0.8,0.0,0.0,1.6,0.8,0.0,0.8,-0.8,1.6,-0.8,0.0,0.8,1.6,0.0,-0.8,0.8,1.6,-0.8,0.0,-0.8,0.8,0.0,-0.8,-0.8,0.0,0.0,0.8,-0.8,0.0,0.0,0.0,0.0,0.8,0.0,0.8,-0.8,0.8,-1.6,0.0,0.0,-0.8,-0.8,0.0,0.0,-0.8,1.6,-0.8,-0.8,0.8,-0.8,-0.8,0.0,-1.6,1.6,0.8,-1.6,0.0,-0.8,-0.8,-0.8,0.8,0.0,-0.8,0.8,0.0,0.0,1.6,-0.8,0.8,0.0,-0.8,-1.6,0.8,1.6,-0.8,1.6,0.0,0.0,3.2,0.8,0.0,-0.8,1.6,-0.8,-0.8,1.6,0.0,0.8,0.8,0.0,0.8,0.8,-0.8,0.0,0.8,-0.8,-0.8,0.0,0.0,0.8,0.0,0.0,1.6,0.0,0.0,0.0,0.8,0.8,-0.8,0.0,0.0,0.8,0.0,-0.8,1.6,0.8,-0.8,0.8,2.4000000000000004,1.6,-0.8,0.0,-0.8,0.0,-0.8,0.8,1.6,-0.8,-0.8,-0.8,0.0,0.0,-0.8,0.8,0.0,0.0,-1.6,-0.8,1.6,0.0,0.8,0.0,0.0,0.0,0.8,1.6,-0.8,0.0,0.8,-0.8,0.8,-0.8,0.0,0.8,0.0,0.8,-0.8,0.0,0.0,0.8,0.8,0.0,0.8,0.8,-0.8,2.4000000000000004,0.0,0.0,1.6,-0.8,-0.8,0.0,1.6,0.8,0.0,0.8,0.0,0.8,0.8,-0.8,0.0,0.8,0.0,-0.8,0.8,0.0,0.0,0.8,0.0,0.8,0.8,-0.8,0.8,-0.8,-1.6,-0.8,0.0,0.8,0.0,0.8,-0.8,0.8,-0.8,0.0,0.0,0.0,-0.8,0.0,0.8,0.0,0.8,0.0,0.8,0.0,0.8,-1.6,0.0,0.0,0.8,0.0,0.0,0.0,1.6,0.8,0.8,0.8,0.8,-0.8,0.0,-2.4000000000000004,-0.8,-0.8,0.0,0.0,0.8,0.8,0.0,-0.8,0.0,-1.6,2.4000000000000004,0.0,-0.8,0.8,0.0,0.0,-1.6,0.0,0.0,-2.4000000000000004,1.6,0.0,0.8,0.0,0.0,1.6,-1.6,0.8,0.8,0.0,1.6,-0.8,0.8,-0.8,-0.8,0.0,-1.6,1.6,-0.8,-1.6,0.0,0.8,0.8,0.0,-0.8,0.8,-0.8,1.6,-0.8,0.0,0.8,-0.8,0.8,-0.8,-0.8,0.8,-0.8,0.8,-0.8,0.0,0.8,-1.6,0.8,-2.4000000000000004,0.0,0.8,0.0,0.8,-0.8,0.0,0.8,0.8,0.8,0.0,0.8,0.0,0.0,0.8,0.0,1.6,0.0,-0.8,0.8,0.8,0.8,0.8,0.8,1.6,-1.6,-1.6,0.0,1.6,0.8,0.8,0.8,0.0,0.0,1.6,-0.8,0.8,0.0,0.0,0.0,0.0,0.8,-1.6,0.0,0.0,0.8,0.0,0.0,-1.6,1.6,0.0,0.0,0.8,0.0,0.8,1.6,0.0,1.6,0.0,0.0,0.8,-0.8,0.0,-0.8,-0.8,-0.8,-0.8,0.8,0.0,0.0,0.8,0.8,0.0,-0.8,0.8,-1.6,-1.6,1.6,0.8,-0.8,-0.8,0.8,1.6,0.8,0.8,0.0,0.8,1.6,-2.4000000000000004,1.6,0.0,0.0,-0.8,-0.8,1.6,0.0,0.0,0.8,0.8,0.0,-1.6,0.8,-0.8,-0.8,0.0,0.0,0.8,0.8,1.6,1.6,0.0,0.0,0.0,1.6,0.0,1.6,0.0,0.0,0.0,1.6,0.0,0.8,0.0,0.8,1.6,-0.8,0.8,0.8,0.0,0.8,-0.8,0.8,-0.8,0.8,0.0,0.8,0.0,0.8,0.0,0.8,-0.8,0.0,-0.8,0.0,0.0,-0.8,0.0,0.0,0.8,0.0,0.0,0.0,0.0,0.0,0.0,0.0,0.8,0.8,0.0,0.8,-0.8,0.0,0.0,-0.8,-0.8,0.8,0.8,0.0,0.0,0.8,0.8,-0.8,0.8,-1.6,-0.8,0.0,0.8,0.0,0.0,0.0,0.8,0.8,0.0,-0.8,0.8,0.8,0.0,-0.8,0.8,1.6,0.0,0.8,0.0,-0.8,0.8,-0.8,0.0,0.0,0.8,0.0,-1.6,1.6,0.0,1.6,1.6,0.8,1.6,0.0,1.6,-0.8,-0.8,0.8,0.0,1.6,0.8,0.8,0.8,0.8,1.6,0.0,0.8,1.6,0.8,1.6,0.0,0.0,0.0,0.0,1.6,0.0,0.0,0.8,-0.8,0.0,0.0,-0.8,0.8,0.0,0.8,0.0,-0.8,0.8,0.0,0.0,0.0,0.8,0.8,0.8,1.6,0.0,0.0,0.8,1.6,0.0,-0.8,0.8,0.8,0.8,0.8,-0.8,-0.8,0.0,0.8,0.0,1.6,-0.8,0.8,0.0,0.8,0.8,-0.8,1.6,-0.8,-1.6,0.0,0.0,1.6,0.0,-0.8,1.6,0.0,1.6,0.0,-0.8,1.6,0.0,0.8,0.0,0.8,0.8,0.0,0.0,-0.8,0.8,0.8,0.0,0.8,-0.8,0.0,-0.8,-0.8,1.6,-0.8,0.8,1.6,0.0,1.6,0.0,1.6,0.0,-0.8,2.4000000000000004,0.0,2.4000000000000004,0.8,0.8,2.4000000000000004,0.8,0.8,0.8,0.0,0.8,0.8,0.8,0.0,0.8,0.0,1.6,0.8,0.8,0.8,0.8,0.0,1.6,-0.8,0.0,0.8,0.0,0.8,0.0,1.6,1.6,0.8,1.6,-0.8,-0.8,0.8,1.6,0.8,0.0,0.8,1.6,0.8,0.8,0.8,2.4000000000000004,0.8,0.8,0.0,0.0,0.8,-1.6,0.8,0.8,0.8,0.0,0.0,1.6,0.8,-0.8,1.6,0.8,-0.8,0.0,2.4000000000000004,1.6,0.0,0.0,1.6,1.6,0.8,0.0,0.0,1.6,1.6,-0.8,0.8,1.6,0.0,0.8,0.0,0.8,0.0,1.6,0.0,0.0,0.8,0.0,-0.8,1.6,0.8,0.8,-0.8,2.4000000000000004,0.8,0.0,0.8,0.0,0.8,0.0,0.0,1.6,1.6,0.8,-0.8,1.6,2.4000000000000004,-0.8,0.8,0.8,1.6,0.0,-1.6,1.6,0.8,0.8,1.6,1.6,2.4000000000000004,-1.6,0.8,0.8,-0.8,0.8,-0.8,0.8,1.6,0.0,0.0,0.0,1.6,0.0,0.8,1.6,-1.6,1.6,0.8,0.0,0.8,0.0,1.6,-0.8,0.0,1.6,0.0,0.8,-0.8,0.8,-0.8,0.0,1.6,0.0,0.0,0.8
event_65,1625266857.6774921,-1.6,0.0,-0.8,0.0,0.8,0.0,0.0,-0.8,0.0,0.8,0.0,1.6,0.0,-0.8,0.8,-1.6,0.8,0.8,0.8,0.0,0.8,1.6,0.0,0.8,0.8,0.0,0.0,-0.8,0.8,1.6,0.0,0.8,2.4000000000000004,2.4000000000000004,0.0,1.6,1.6,-0.8,0.8,0.0,0.0,0.8,-0.8,2.4000000000000004,1.6,0.8,0.0,0.8,1.6,0.8,-0.8,0.8,-0.8,0.8,0.0,0.8,0.8,0.8,0.0,1.6,0.0,-0.8,2.4000000000000004,0.8,0.8,0.0,-0.8,0.0,-0.8,0.8,0.0,0.0,0.8,0.0,0.0,-0.8,0.0,0.0,-0.8,0.0,0.0,1.6,0.8,0.0,0.0,0.0,0.8,0.0,-0.8,0.8,0.0,1.6,-0.8,0.8,3.2,0.8,1.6,-0.8,0.0,2.4000000000000004,0.0,0.0,-14.400000000000002,-63.2,-75.2,-44.8,-16.8,-8.8,-4.800000000000001,-2.4000000000000004,-4.800000000000001,-4.0,-3.2,-2.4000000000000004,-0.8,0.0,0.0,0.0,0.0,0.8,-0.8,0.8,0.8,0.8,0.0,-0.8,2.4000000000000004,0.8,0.0,1.6,0.8,1.6,0.8,0.0,0.8,0.0,-0.8,-0.8,0.8,0.0,-0.8,0.0,0.0,0.0,0.0,0.0,0.8,-0.8,0.0,0.8,0.8,0.8,0.0,-0.8,-1.6,0.0,0.8,0.0,0.0,0.8,0.0,1.6,0.8,0.0,1.6,0.8,0.8,-0.8,0.8,-0.8,0.0,0.0,0.0,0.0,-0.8,0.8,0.0,0.0,0.0,0.8,0.0,0.8,1.6,0.8,0.8,0.8,0.0,-0.8,-0.8,0.8,1.6,0.0,0.0,0.8,-0.8,-0.8,0.0,-1.6,0.8,0.0,-1.6,0.8,0.0,0.8,1.6,0.0,0.8,-0.8,0.8,1.6,0.0,-0.8,-0.8,0.0,0.8,0.0,0.8,-0.8,1.6,1.6,0.0,0.0,0.0,1.6,-1.6,0.0,0.8,0.8,0.8,0.0,0.0,0.8,0.8,1.6,0.8,1.6,0.8,0.0,0.8,0.0,0.8,1.6,0.0,1.6,-0.8,0.0,0.8,0.0,0.8,0.8,0.8,0.8,-0.8,0.0,0.0,0.8,0.8,2.4000000000000004,0.8,0.8,1.6,1.6,0.0,0.0,0.8,0.0,0.0,-0.8,1.6,1.6,0.0,0.0,0.8,-0.8,0.8,0.8,0.0,0.0,0.0,0.8,-0.8,1.6,0.8,-0.8,0.8,-1.6,-0.8,0.0,0.8,2.4000000000000004,-1.6,1.6,-0.8,0.0,0.8,0.0,0.8,0.0,0.0,0.0,-0.8,2.4000000000000004,-0.8,0.0,0.0,0.8,1.6,-1.6,0.8,0.0,0.0,0.8,-1.6,0.8,0.0,-0.8,0.0,-0.8,0.0,0.0,0.8,0.8,0.0,0.8,0.0,0.8,1.6,0.0,2.4000000000000004,0.0,1.6,-1.6,0.8,3.2,-1.6,-0.8,3.2,-0.8,0.0,0.0,2.4000000000000004,-0.8,-0.8,0.0,-0.8,0.0,0.0,-0.8,1.6,0.0,0.8,0.0,0.0,0.8,0.0,0.8,0.8,0.8,-0.8,0.0,0.8,0.0,0.0,0.8,0.8,0.0,-0.8,0.8,0.8,-0.8,0.8,0.8,-0.8,0.8,0.0,1.6,0.8,0.0,0.8,0.0,0.8,0.0,-0.8,0.8,-0.8,0.0,0.8,0.8,-0.8,0.0,0.0,1.6,0.8,0.0,0.8,0.0,0.8,0.8,-0.8,0.0,0.8,0.8,0.8,0.8,0.8,0.0,0.0,0.0,0.8,-0.8,0.0,0.8,0.0,0.8,0.8,-0.8,0.8,0.0,0.8,-0.8,0.8,1.6,-0.8,0.8,0.8,0.8,0.8,0.0,2.4000000000000004,0.0,0.8,1.6,0.0,2.4000000000000004,-0.8,-0.8,0.8,-0.8,0.8,0.0,0.8,0.8,0.0,1.6,-1.6,0.0,0.0,0.0,0.8,0.0,0.8,0.0,0.0,0.8,0.0,1.6,0.0,1.6,2.4000000000000004,0.0,1.6,0.0,0.0,0.8,-0.8,0.0,0.8,1.6,0.0,0.0,0.8,-1.6,0.0,-0.8,0.0,0.8,1.6,1.6,0.0,0.0,1.6,-0.8,0.8,-0.8,-1.6,0.0,0.0,0.8,0.0,0.0,1.6,0.0,0.8,0.0,-0.8,0.8,0.8,-0.8,0.0,0.0,0.0,0.8,0.0,0.8,0.0,0.0,0.8,1.6,-1.6,0.0,0.0,0.0,0.0,0.8,0.0,0.8,0.8,0.0,1.6,0.0,0.8,-0.8,0.0,0.8,1.6,0.8,0.8,0.8,1.6,0.0,0.8,0.8,1.6,0.8,0.0,0.8,-0.8,0.0,2.4000000000000004,0.8,0.8,-0.8,0.8,-0.8,0.0,0.8,-0.8,-0.8,0.8,-0.8,-0.8,0.0,0.0,0.8,0.0,1.6,0.0,0.8,1.6,0.0,1.6,0.0,0.0,0.0,-0.8,0.8,-0.8,0.0,0.0,-0.8,-0.8,0.8,0.8,0.8,0.0,0.8,0.0,0.8,1.6,0.0,0.0,0.8,0.0,-0.8,0.0,1.6,0.0,0.0,-0.8,0.0,0.0,0.8,-0.8,-1.6,0.8,0.8,0.0,0.0,0.8,0.0,0.8,0.0,0.8,-0.8,-0.8,0.8,0.0,-0.8,0.0,0.8,0.0,0.0,0.0,0.8,1.6,0.0,0.0,0.8,-1.6,0.8,-1.6,0.0,0.0,2.4000000000000004,-0.8,0.0,0.8,-0.8,-0.8,0.8,0.0,0.0,-0.8,0.0,0.0,0.8,-0.8,0.8,0.0,0.0,0.0,-1.6,-0.8,-0.8,-0.8,1.6,-0.8,0.8,0.0,0.0,1.6,-1.6,0.8,0.8,0.8,0.0,0.0,1.6,0.0,0.8,0.0,-1.6,0.8,-0.8,0.8,0.8,-0.8,1.6,-1.6,-0.8,0.0,0.0,1.6,0.0,0.0,0.0,-1.6,1.6,0.0,-0.8,0.0,-0.8,0.8,-0.8,1.6,0.8,0.0,0.8,0.0,1.6,0.8,0.0,-0.8,0.0,0.8,-0.8,0.8,0.8,0.8,0.0,0.0,1.6,0.8,-0.8,0.8,0.8,0.0,0.0,0.0,0.0,0.8,0.0,0.0,1.6,0.8,0.0,0.8,0.0,0.0,0.0,1.6,0.0,0.0,0.8,0.0,1.6,0.8,0.8,0.8,0.8,1.6,-1.6,0.0,0.8,0.0,0.0,0.8,0.8,1.6,-0.8,1.6,-0.8,1.6,0.8,0.0,0.8,0.0,0.0,-0.8,-0.8,2.4000000000000004,0.8,0.8,0.8,-0.8,1.6,0.0,0.8,-0.8,0.8,0.8,-2.4000000000000004,0.0,0.0,0.8,0.8,0.8,0.0,-0.8,0.8,0.8,-0.8,0.8,0.8,1.6,0.0,0.0,0.0,-0.8,0.8,0.0,-0.8,0.0,-0.8,0.0,-0.8,0.8,0.8,-0.8,1.6,-0.8,-0.8,1.6,0.0,0.0,0.8,0.8,1.6,-1.6,1.6,1.6,0.8,0.8,0.8,2.4000000000000004,-1.6,-0.8,0.8,0.8,0.8,0.0,0.0,1.6,-0.8,1.6,0.8,0.8,0.8,-0.8,0.8,0.8,1.6,0.8,-0.8,0.8,1.6,0.0,0.8,0.8,0.8,0.8,0.8,0.0,1.6,0.0,1.6,0.0,0.0,0.0,0.0,0.0,0.0,-0.8,1.6,0.0,0.8,0.8,0.0,0.8,0.8,1.6,0.8,0.0,0.0,1.6,1.6,0.0,0.8,0.0,0.8,0.0,-0.8,2.4000000000000004,0.8,0.0,0.8,-1.6,0.0,0.0,0.8,0.8,0.8,0.8,0.0,0.0,0.8,-0.8,0.8,0.0,0.0,-0.8,-0.8,1.6,0.0,0.8,0.8,1.6,1.6,0.0,0.8,-0.8,1.6,1.6,-0.8,0.0,0.0,1.6,0.8,0.0,1.6,-0.8,0.8,0.8,0.8,0.0,-0.8,0.0,0.0,0.0,0.8,0.8,0.8,0.0,0.8,0.8,0.0,0.0,0.0,0.8,0.8,1.6,0.8,0.0,0.8,0.8,0.0,0.8,0.8,0.0,-0.8,0.0,0.0,0.8,0.0,1.6,0.0,0.8,-0.8,0.8,-0.8,0.8,-0.8,1.6,0.0,1.6,0.8,0.0,0.8,0.8,1.6,0.8,0.0,0.0,0.0,1.6,-0.8,0.8,1.6,-0.8,-0.8,0.0,0.0,0.8,0.0,0.8,0.0,-0.8,0.8,1.6,0.8,0.0,1.6,0.8,0.0,1.6,0.0,0.8,0.8,-0.8,-1.6,-0.8,1.6,1.6,0.0,0.8,0.0,0.8,2.4000000000000004,1.6,0.8,0.8,1.6,0.0,-0.8,1.6,0.8,0.8,-0.8,0.8,1.6,0.0,1.6,0.8,0.0,0.0,0.0,0.8,0.0,0.0,0.0,0.8,0.8,0.0,0.0,0.0,0.0,0.8,0.0,0.8,2.4000000000000004,0.8,0.0,0.8,0.8,0.8,0.8,0.8,0.8,-0.8,-0.8,0.0,0.8,-1.6,0.8,0.8,0.8,0.0,0.8,-0.8,0.8,-0.8,0.8,0.8,0.8,0.0,0.8,0.8,1.6,0.0,0.0,0.0,0.0,1.6,1.6,-0.8,0.0,0.8,2.4000000000000004,0.0,0.8,0.0,0.0,0.0,-0.8,0.8,0.0,0.8,0.0,0.0,0.8,0.0,0.8,0.8,0.8,2.4000000000000004,0.0,1.6,0.8,-0.8,2.4000000000000004,0.8,1.6,0.0,0.8,1.6,0.0,1.6,0.8,0.0,0.8,-0.8,0.8,0.8,0.8,1.6,0.0,0.8,0.8,0.8,0.8,0.0,1.6,-0.8,0.0,0.8,0.0,2.4000000000000004,0.0,0.0,1.6,-0.8,0.8,-0.8,0.0,0.8,-1.6,0.8,-0.8,1.6,0.0,0.0,0.0,0.0,1.6,0.0,0.8,1.6,-0.8,0.8,-0.8,0.8,0.8,0.0,0.8,0.0,0.0,0.8,0.8,1.6,-1.6,1.6,0.0,0.8,0.8,-0.8,0.0,0.8,2.4000000000000004,-1.6,-1.6,2.4000000000000004,0.8,-0.8,0.8,1.6,0.0,0.0,0.0,0.0,1.6,-0.8,0.0,1.6,0.8,-0.8,0.8,1.6,0.0,-0.8,0.8,2.4000000000000004,0.0,0.8,0.0,1.6,0.8,0.0,0.0,0.0,1.6,0.8,0.0,0.8,0.0,0.8,0.8,0.0,-0.8,0.8,0.8,-0.8,2.4000000000000004,0.8,0.8,0.8,-0.8,1.6,0.8,0.0,0.0,0.8,0.0,0.0,0.0,0.0,0.8,0.8,0.0,1.6,0.8,0.0,0.8,0.0,0.0,0.0,0.0,0.0,0.8,1.6,0.8,2.4000000000000004,1.6,-0.8,0.8,0.8,0.0,0.8,-0.8,0.8,0.8,-0.8,1.6,0.8,0.8,-1.6,0.8,0.8,-0.8,0.0,0.0,0.8,1.6,0.0,0.8,0.8,1.6,1.6,-0.8,0.8,-0.8,2.4000000000000004,1.6,0.8,1.6,0.0,0.8,0.0,0.0,0.8,0.8,0.0,0.0,0.0,-1.6,-0.8,0.0,0.8,0.0,0.8,0.8,1.6,0.8,0.8,0.0,0.8,0.0,-0.8,0.8,1.6,0.0,0.8,2.4000000000000004,0.8,1.6,1.6,-0.8,0.8,0.0,0.0,0.8,0.8,1.6,1.6,0.8,0.8,0.8,0.8,0.8,0.0,1.6,0.0,0.0,0.0,1.6,0.0,0.0,1.6,0.8,1.6,0.0,0.8,1.6,0.0,0.0,0.8,0.8,1.6,-0.8,1.6,1.6,0.8,0.8,0.8,0.8,0.8,0.8,1.6,0.0,0.0,0.0,2.4000000000000004,0.8,0.0,0.0,0.0,0.8,0.8,0.0,1.6,0.8,0.8,0.8,0.8,1.6,0.8,0.0,1.6,0.8,0.8,1.6,1.6,1.6,0.0,0.0,0.8,1.6,0.0,0.8,1.6,0.0,0.8,0.0,-0.8,0.0,0.8,0.8,0.0,0.8,0.0,0.8,0.8,0.0,0.0,0.8,-0.8,-0.8,0.8,0.8,0.8,0.8,0.8,1.6,-0.8,0.8,-0.8,0.8,2.4000000000000004,0.0,-0.8,0.0,0.8,1.6,0.0,1.6,0.8,0.8,0.0,-0.8,0.8,0.0,-0.8,1.6,-0.8,0.8,0.0,0.8,2.4000000000000004,0.8,0.8,0.0,1.6,0.8,-0.8,1.6,0.0,2.4000000000000004,0.8,0.8,1.6,0.8,-0.8,0.0,0.0,1.6,0.0,0.8,0.0,0.0,0.0,0.0,0.8,0.8,0.0,2.4000000000000004,0.0,0.8,-0.8,1.6,-0.8,1.6,1.6,0.8,1.6,0.8,0.0,1.6,0.0,0.8,1.6,0.8,1.6,0.0,2.4000000000000004,0.0,0.0,1.6,0.0,0.8,0.0,0.0,0.0,-1.6,1.6,0.8,0.8,0.8,0.0,2.4000000000000004,0.8,0.8,0.8,-0.8,0.8,0.0,-0.8,0.8,0.8,0.8,0.8,0.0,0.8,0.8,0.0,0.8,0.0,0.0,0.8,0.0,0.8,0.8,0.8,0.8,1.6,1.6,0.8,0.8,0.8,0.0,0.0,0.0,0.8,0.8,0.0,0.8,-0.8,0.8,1.6,0.0,1.6,0.8,1.6,0.8,0.8,0.8,0.0,1.6,1.6,1.6,1.6,0.0,1.6,0.8,0.0,0.8,0.0,0.8,0.0,0.0,2.4000000000000004,0.8,1.6,0.0,0.8,1.6,0.0,0.0,0.0,0.0,1.6,-0.8,0.0,0.8,0.8,1.6,0.0,1.6,0.0,1.6,0.8,0.0,1.6,0.8,1.6,0.0,-0.8,2.4000000000000004,-0.8,0.8,0.8,0.8,0.8,-0.8,1.6,0.0,0.0,0.0,0.8,1.6,0.0,0.0,1.6,0.8,0.0,-0.8,0.0,1.6,0.0,0.8,0.8,2.4000000000000004,0.8,1.6,0.8,0.0,2.4000000000000004,0.0,-0.8,1.6,0.8,0.8,0.0,0.8,1.6,1.6,0.0,0.0,0.8,0.0,0.0,0.8,-0.8,0.8,0.0,0.8,0.8,0.8,0.8,0.8,0.8,0.0,-0.8,0.0,0.8,2.4000000000000004,1.6,0.0,0.0,1.6,0.0,0.8,0.0,0.8,0.0,-1.6,-1.6,0.8,0.0,1.6,0.8,0.0,0.0,0.0,0.0,0.8,-0.8,0.8,0.0,0.0,0.8,0.0,0.8,0.0,0.8,0.8,0.0,0.8,0.0,-0.8,0.8,0.8,0.0,0.0,0.8,0.0,0.8,1.6,-0.8,1.6,0.8,-0.8,0.8,-1.6,0.0,0.0,0.0,0.0,-0.8,0.0,0.0,0.0,0.8,0.0,0.8,0.0,0.8,0.8,-0.8,0.8,0.0,0.8,2.4000000000000004,-0.8,0.0,0.0,1.6,1.6,0.0,1.6,0.8,0.0,0.0,0.0,0.8,0.8,0.8,1.6,0.0,0.8,-0.8,0.0,0.0,0.0,0.8,0.8,0.0,0.8,0.8,0.0,0.0,0.0,0.0,0.0,2.4000000000000004,0.8,-0.8,0.8,0.8,0.0,0.0,0.8,0.8,-0.8,-0.8,0.0,-0.8,0.0,0.8,0.0,0.0,0.0,0.8,-0.8,0.8,-0.8,0.8,0.8,-0.8,-0.8,-0.8,0.0,0.8,-1.6,1.6,-0.8,-0.8,1.6,0.8,1.6,-0.8,0.0,0.8,-1.6,0.8,0.0,0.8,-0.8,0.0,1.6,-0.8,-0.8,0.0,0.0,1.6,-1.6,0.8,0.8,0.0,0.0,-0.8,0.8,0.0,-0.8,0.8,0.8,1.6,0.0,0.0,0.8,0.0,1.6,1.6,0.0,0.8,-0.8,-0.8,0.8,0.0,0.8,0.8,0.8,0.8,0.8,0.0,0.0,1.6,-0.8,0.0,0.8,-0.8,0.0,0.8,0.8,1.6,0.0,0.8,1.6,0.8,0.0,-0.8,0.0,0.8,0.8,0.8,0.0,0.8,1.6,0.0,0.0,0.0,0.8,0.0,-0.8,0.0,-0.8,-0.8,0.8,0.0,0.8,-0.8,-0.8,0.0,0.0,0.0,0.8,0.0,1.6,-0.8,0.8,0.8,0.0,1.6,0.8,0.8,0.8,1.6,0.8,-0.8,0.8,0.0,-0.8,0.8,0.0,1.6,0.8,0.8,-0.8,-0.8,0.0,-0.8,0.8,-0.8,0.0,0.0,0.0,-0.8,0.0,0.0,1.6,0.8,0.0,-0.8,-0.8,2.4000000000000004,0.0,1.6,0.8,0.8,1.6,0.0,0.0,-0.8,0.8,-0.8,0.0,1.6,-1.6,0.0,2.4000000000000004,-1.6,0.0,0.8,-0.8,0.8,0.0,-0.8,0.0,0.8,0.0,0.0,0.8,-0.8,1.6,-0.8,0.8,0.8,0.0,0.0,-0.8,0.8,0.0,0.8,0.0,0.8,0.0,0.8,-0.8,1.6,0.0,0.0,0.0,0.0,0.8,0.0,0.8,1.6,0.8,0.8,-1.6,0.8,-0.8,0.8,0.0,0.0,0.0,0.8,0.8,-0.8,0.0,0.8,0.8,0.0,-0.8,0.0,0.8,0.8,0.0,0.0,0.8,0.8,0.0,0.8,0.0,1.6,-0.8,0.0,0.8,-1.6,0.8,0.8,0.8,0.0,0.0,0.8,-2.4000000000000004,0.8,0.0,-0.8,1.6,-0.8,-0.8,0.8,1.6,0.8,0.0,2.4000000000000004,0.0,0.0,2.4000000000000004,-0.8,1.6,0.8,0.8,0.0,-0.8,2.4000000000000004,0.8,0.8,0.8,0.0,1.6,0.8,1.6,1.6,0.0,1.6,-0.8,0.8,0.8,0.8,0.0,0.8,2.4000000000000004,0.8,1.6,1.6,0.8,0.8,0.0,0.0,2.4000000000000004,0.8,0.0,0.0,1.6,1.6,0.8,0.8,1.6,0.0,-0.8,0.8,0.0,0.0,1.6,1.6,0.8,0.0,0.0,-0.8,0.8,0.8,0.8,0.0,0.0,0.8,0.8,0.8,1.6,1.6,0.8,0.8,0.8,1.6,0.0,0.8,0.8,0.8,0.8,0.0,1.6,0.8,0.8,0.0,0.0,0.8,0.0,0.8,0.8,0.0,0.0,0.0,0.0,0.8,0.8,1.6,0.0,0.8,-0.8,0.0,0.0,1.6,1.6,0.8,0.8,0.8,0.0,1.6,0.0,0.0,0.8,0.8,0.0,0.0,0.0,0.8,0.0,1.6,1.6,0.8,0.8,0.8,1.6,0.0,0.8,1.6,0.0,0.0,0.0,0.0,2.4000000000000004,0.0,1.6,1.6,0.8,0.0,0.0,0.8,0.0,3.2,-0.8,0.0,1.6,0.8,0.8,2.4000000000000004,0.8,0.8,0.0,0.8,1.6,0.0,0.8,1.6,0.8,0.8,-0.8,0.8,0.8,0.8,-1.6,0.8,1.6,0.8,0.0,0.0,0.8,0.0,0.8,0.8,0.0,0.8,1.6,0.8,0.8,0.8,0.8,0.8,0.0,0.0,1.6,0.8,0.0,0.8,0.0,0.8,-0.8,0.0,0.8,0.0,0.8,0.0,0.8,0.8,0.8,0.8,2.4000000000000004,0.0,-0.8,0.8,2.4000000000000004,0.0,0.8,0.8,1.6,0.0,0.0,0.8,-0.8,0.0,0.8,-0.8,1.6,0.0,0.0,1.6,0.0,1.6,0.0,0.8,1.6,-0.8,0.8,-0.8,0.0,0.8,-0.8,1.6,0.0,1.6,0.8,0.0,2.4000000000000004,0.0,1.6,-1.6,0.8,3.2,0.0,1.6,2.4000000000000004,0.8,2.4000000000000004,-0.8,1.6,1.6,0.8,0.0,0.8,2.4000000000000004,-0.8,0.0,2.4000000000000004,0.8,2.4000000000000004,0.0,1.6,0.0,0.8,0.8,0.8,1.6,1.6,0.0,0.8,0.0,1.6,0.8,0.8,1.6,0.0,2.4000000000000004,0.8,1.6,1.6,0.0,1.6,0.0,-0.8,0.8,1.6,0.0,0.8,0.8,-0.8,0.0,-0.8,0.8,0.8,0.0,1.6,0.0,1.6,0.8,0.0,0.8,-0.8,0.0,-0.8,0.8,0.8,-0.8,0.8,1.6,0.0,1.6,-0.8,0.0,0.0,0.0,0.8,0.0,0.8,0.8,0.8,0.0,0.8,0.8,0.8,0.0,0.8,0.0,1.6,0.0,0.8,0.8,-0.8,1.6,0.8,0.8,1.6,0.8,1.6,-1.6,0.0,0.8,0.0,1.6,0.0,1.6,1.6,0.0,0.0,0.8,0.8,0.8,-0.8,0.8,-0.8,0.8,0.0,0.8,0.8,-0.8,0.0,0.8,0.0,0.8,0.0,1.6,0.8,1.6,0.0,-0.8,1.6,-0.8,0.8,0.0,0.0,0.8,0.0,0.8,-0.8,0.0,0.0,0.0,0.8,0.0,1.6,1.6,0.0,0.8,-0.8,0.0,0.0,0.0,0.8,0.0,0.8,1.6,0.0,0.8,0.8,0.8,2.4000000000000004,0.0,0.0,0.8,1.6,0.8,0.8,0.0,1.6,1.6,1.6,0.0,1.6,0.8,0.0,0.0,1.6,0.8,0.8,1.6,0.8,1.6,0.8,1.6,-0.8,0.8,0.0,0.0,0.0,0.0,0.8,0.0,0.8,2.4000000000000004,0.8,1.6,0.8,0.8,0.8,0.0,1.6,0.0,1.6,0.0,0.8,2.4000000000000004,1.6,0.8,1.6,0.8,1.6,0.0,-0.8,0.8,0.8,1.6,0.8,1.6,0.8,-0.8,0.8,0.8,0.8,0.0,0.8,0.0,1.6,0.8,0.0,0.8,0.8,0.0,1.6,-0.8,0.8,1.6,0.8,1.6,0.0,1.6,0.8,0.0,1.6,0.0,1.6,1.6,0.0,0.0,1.6,0.0,0.8,0.8,0.8,0.8,0.8,0.8,0.8,0.8,0.0,0.8,0.8,0.0,-0.8,1.6,1.6,0.8,0.0,0.8,0.8,0.8,0.8,0.0,0.8,0.8,-0.8,0.8,0.8,0.8,0.8,-0.8,1.6,0.0,0.0,0.8,0.8,0.8,-0.8,0.8,0.8,-0.8,1.6,0.8,3.2,0.0,0.0,1.6,-0.8
event_66,1625266859.827615,1.6,0.0,0.8,0.8,0.8,-0.8,0.0,1.6,0.0,-0.8,0.8,-0.8,0.8,0.0,0.0,0.0,0.0,0.8,-0.8,-0.8,0.8,-0.8,2.4000000000000004,-0.8,0.0,-1.6,0.0,1.6,-0.8,0.0,0.8,-0.8,0.8,0.0,0.8,0.0,0.8,0.8,0.8,-0.8,0.0,1.6,0.8,-0.8,1.6,-0.8,0.0,3.2,0.0,0.0,1.6,0.0,-0.8,0.0,0.8,0.8,0.8,0.8,-0.8,0.8,0.0,0.8,0.8,0.8,0.0,0.8,0.8,1.6,0.0,-1.6,0.8,0.8,-1.6,-0.8,0.0,1.6,-0.8,-0.8,0.8,0.0,0.0,0.0,0.8,0.8,-0.8,0.8,0.0,0.0,-0.8,0.0,1.6,0.0,0.8,0.8,0.0,0.0,-1.6,1.6,-0.8,0.0,0.0,-0.8,0.8,-28.0,-90.4,-92.80000000000001,-54.400000000000006,-23.200000000000003,-14.400000000000002,-7.200000000000001,-3.2,-7.200000000000001,-7.200000000000001,-4.0,-4.0,-1.6,-1.6,0.0,-1.6,0.8,0.8,-0.8,-0.8,0.0,-0.8,-0.8,-0.8,1.6,0.0,-0.8,1.6,0.0,0.8,0.0,1.6,0.0,0.0,0.8,0.0,0.0,1.6,0.0,0.0,0.8,0.8,-0.8,-0.8,1.6,0.8,1.6,0.8,1.6,0.8,0.8,1.6,-0.8,0.0,0.0,-1.6,0.0,0.8,0.8,0.0,0.0,0.8,0.0,1.6,-1.6,-1.6,0.8,0.0,0.0,0.8,0.0,0.8,-0.8,0.8,0.8,0.8,0.8,0.8,0.8,-0.8,0.0,-0.8,0.0,0.0,0.0,0.0,0.8,0.0,0.8,0.8,0.8,0.0,0.0,0.0,0.8,1.6,0.0,0.8,0.8,0.8,-1.6,0.8,0.8,0.0,0.8,0.0,0.0,1.6,-0.8,1.6,0.0,0.8,0.8,0.0,1.6,0.8,0.0,1.6,0.8,1.6,0.8,-0.8,0.8,0.8,1.6,0.0,0.8,-0.8,0.8,1.6,0.0,0.8,0.0,0.8,0.0,-0.8,2.4000000000000004,0.8,0.0,0.8,-0.8,0.0,0.8,0.8,0.0,-0.8,0.0,0.8,-0.8,1.6,0.8,0.8,0.8,0.0,0.0,0.0,1.6,0.8,0.8,0.8,1.6,0.8,0.0,-0.8,-0.8,1.6,0.8,0.0,-0.8,1.6,0.8,0.0,0.8,0.8,0.0,0.0,0.0,0.8,0.0,0.8,0.0,0.8,0.0,-0.8,1.6,0.8,0.8,0.0,0.0,1.6,0.0,0.0,0.0,0.0,1.6,-0.8,1.6,0.8,0.8,0.8,0.0,0.8,0.0,-0.8,1.6,-0.8,-0.8,-0.8,1.6,0.8,0.0,-0.8,0.0,-0.8,0.8,-1.6,2.4000000000000004,0.0,0.8,0.0,-0.8,0.8,-0.8,0.0,0.0,-0.8,0.8,0.8,0.0,0.0,0.0,0.8,0.8,-0.8,-0.8,-0.8,1.6,0.0,0.0,0.0,-0.8,0.8,0.0,0.0,-0.8,-0.8,1.6,0.0,1.6,-0.8,0.0,0.8,-2.4000000000000004,0.0,0.0,0.8,0.0,-0.8,0.8,-0.8,0.0,0.8,-0.8,0.8,-1.6,0.0,0.8,0.0,0.8,0.8,-1.6,-0.8,0.0,-0.8,-0.8,0.8,0.0,-0.8,0.8,-0.8,0.0,0.8,-0.8,0.0,1.6,0.0,0.0,0.8,0.0,0.8,-0.8,0.0,1.6,1.6,0.0,0.0,0.8,0.8,0.0,0.8,0.0,0.8,0.0,-0.8,0.0,0.0,0.8,2.4000000000000004,0.0,1.6,-1.6,0.0,-0.8,0.8,0.8,0.0,0.8,0.0,0.0,0.0,0.0,1.6,0.0,-0.8,0.8,-0.8,1.6,0.0,0.0,0.8,0.0,0.8,-1.6,0.8,1.6,0.8,0.8,-0.8,0.8,0.0,0.0,0.0,-0.8,1.6,0.0,0.0,-0.8,0.8,1.6,-0.8,0.0,-0.8,-0.8,1.6,-0.8,-0.8,0.8,0.8,1.6,0.0,2.4000000000000004,-0.8,-0.8,0.8,-1.6,0.8,-0.8,0.0,1.6,0.0,0.8,0.8,-0.8,0.0,-0.8,0.8,-0.8,-0.8,-0.8,-0.8,0.8,0.8,0.8,1.6,0.0,0.0,0.0,0.0,0.8,0.0,0.8,0.8,2.4000000000000004,0.0,0.8,0.8,0.8,0.8,0.8,0.0,1.6,0.0,0.8,-0.8,0.8,0.8,0.8,0.8,0.0,-0.8,0.0,0.0,1.6,-0.8,0.0,0.0,1.6,0.0,0.0,0.8,0.8,1.6,0.8,0.0,0.0,0.8,0.8,0.0,0.8,0.8,-0.8,0.0,0.0,1.6,0.8,0.0,0.8,-0.8,-0.8,-0.8,0.8,0.0,-0.8,0.0,0.8,-0.8,1.6,0.0,0.0,0.0,-0.8,0.0,-0.8,2.4000000000000004,0.8,0.0,0.8,0.8,2.4000000000000004,0.8,0.0,0.8,0.8,1.6,-0.8,0.8,0.8,0.8,1.6,0.0,2.4000000000000004,0.8,0.0,0.8,-0.8,0.8,0.0,-0.8,0.8,0.8,0.0,-0.8,1.6,1.6,0.0,1.6,-0.8,0.8,0.0,-0.8,1.6,1.6,1.6,0.8,0.0,1.6,-1.6,0.0,0.0,-0.8,1.6,-0.8,-0.8,0.8,0.0,0.8,0.8,1.6,-0.8,0.0,0.8,0.8,0.0,1.6,0.0,1.6,0.0,0.8,0.8,0.8,0.8,0.8,0.0,-0.8,1.6,1.6,0.8,0.8,0.8,0.8,-0.8,-0.8,0.8,0.8,-0.8,0.0,0.0,0.0,1.6,0.8,1.6,0.0,0.0,2.4000000000000004,0.8,1.6,0.0,0.8,2.4000000000000004,0.0,-0.8,0.8,0.8,1.6,0.8,1.6,0.0,0.0,2.4000000000000004,0.0,0.0,0.0,0.0,0.0,-0.8,1.6,0.8,1.6,1.6,0.8,1.6,0.8,0.0,0.8,-0.8,0.0,0.0,0.8,0.0,-0.8,0.8,0.8,0.8,0.8,0.8,0.8,-0.8,0.0,1.6,0.0,1.6,0.0,0.8,1.6,1.6,0.8,0.0,0.8,0.8,0.0,0.0,0.0,0.8,0.0,1.6,0.8,0.8,-0.8,0.8,-0.8,0.8,-0.8,0.0,0.8,0.8,0.0,0.8,1.6,0.8,0.0,1.6,0.0,-1.6,1.6,1.6,0.8,-1.6,0.8,0.8,0.0,0.0,1.6,1.6,-0.8,0.8,-0.8,-1.6,0.0,0.0,0.0,0.0,0.8,0.0,0.0,0.8,0.8,0.0,0.0,-0.8,-0.8,0.8,0.8,0.0,0.8,-0.8,1.6,-0.8,0.0,0.0,0.8,1.6,0.0,0.0,0.8,-0.8,1.6,-0.8,1.6,1.6,0.0,0.8,0.0,0.0,0.8,0.0,0.8,0.0,0.8,-1.6,0.0,2.4000000000000004,0.8,1.6,0.8,0.0,0.8,0.0,0.8,0.8,2.4000000000000004,1.6,0.8,2.4000000000000004,0.8,0.0,0.8,0.0,1.6,-1.6,0.8,0.0,-0.8,0.8,1.6,0.8,0.0,0.8,0.8,-0.8,1.6,0.0,1.6,0.0,0.8,0.8,0.0,0.8,0.0,-0.8,0.8,0.8,0.8,1.6,0.8,1.6,0.8,0.8,0.8,0.0,0.8,0.8,0.8,0.0,0.8,0.0,-0.8,-0.8,0.0,1.6,-0.8,0.8,1.6,0.0,1.6,0.8,0.0,0.8,0.0,-0.8,0.8,2.4000000000000004,0.0,-1.6,0.8,0.8,0.8,0.8,0.8,0.0,-0.8,0.8,-0.8,0.8,0.8,0.8,0.8,-0.8,0.8,0.8,0.8,0.8,1.6,0.8,-0.8,0.8,0.8,0.0,0.8,0.0,0.8,1.6,0.0,0.8,-0.8,1.6,-0.8,0.0,2.4000000000000004,0.0,0.0,1.6,0.0,2.4000000000000004,-1.6,1.6,0.8,0.8,0.8,0.0,0.8,-0.8,0.0,1.6,0.0,0.8,0.0,0.0,0.8,0.0,0.0,0.8,0.0,1.6,0.0,0.0,0.8,0.8,1.6,0.0,0.8,-1.6,1.6,0.8,-0.8,2.4000000000000004,0.0,0.0,0.8,-0.8,0.8,0.0,-0.8,0.8,0.8,0.8,0.8,0.8,0.0,0.0,0.8,0.0,0.8,0.8,0.0,0.8,0.8,-0.8,-0.8,0.0,0.8,0.0,0.0,0.0,1.6,0.8,1.6,0.8,0.0,2.4000000000000004,0.8,0.0,1.6,1.6,1.6,0.0,0.8,0.0,0.8,0.0,0.8,0.8,-0.8,0.8,0.0,0.0,0.8,-0.8,0.8,0.0,1.6,0.0,0.8,1.6,0.0,-0.8,0.8,0.8,3.2,0.0,0.0,0.8,0.8,0.8,0.8,0.0,0.8,-1.6,0.8,0.0,0.8,0.0,0.8,1.6,0.8,1.6,0.0,0.0,1.6,-0.8,1.6,-0.8,0.0,0.8,-0.8,1.6,0.0,0.8,0.8,0.0,0.8,0.8,0.8,0.8,0.0,0.8,0.0,0.0,0.8,0.0,0.8,0.0,0.8,0.0,-0.8,0.8,0.0,0.8,-1.6,0.0,1.6,-1.6,0.0,-0.8,-0.8,1.6,-0.8,0.8,-0.8,0.8,0.8,0.0,0.8,0.0,0.0,1.6,0.8,0.8,0.8,0.8,0.0,0.0,0.8,1.6,0.0,-0.8,1.6,0.0,0.8,1.6,1.6,0.0,0.0,0.8,0.8,0.0,0.0,0.0,1.6,-0.8,0.8,0.8,0.0,0.8,0.0,2.4000000000000004,0.0,2.4000000000000004,0.0,-0.8,0.8,0.8,-0.8,0.8,0.8,0.8,0.0,-1.6,0.0,1.6,-0.8,-1.6,3.2,0.8,-3.2,0.8,1.6,0.0,-0.8,0.8,0.8,0.0,-0.8,0.8,0.8,0.0,-1.6,1.6,0.0,-0.8,2.4000000000000004,0.0,0.8,0.0,-0.8,0.0,-0.8,-0.8,0.0,0.8,0.0,0.0,0.0,0.0,0.0,0.8,0.0,0.8,0.0,0.8,0.0,1.6,0.8,-0.8,0.0,-0.8,-1.6,1.6,1.6,0.8,1.6,-0.8,1.6,0.8,1.6,0.8,0.0,0.8,0.0,0.0,0.8,0.8,0.8,0.0,0.8,1.6,0.0,0.0,0.0,0.8,-0.8,0.0,1.6,0.0,0.8,0.0,-0.8,0.8,0.0,0.0,0.8,0.8,0.0,-1.6,-0.8,0.8,0.8,0.0,0.0,0.8,0.8,0.0,0.8,-0.8,0.8,0.0,-0.8,0.0,0.0,-1.6,1.6,0.0,1.6,-0.8,-0.8,0.0,0.8,0.8,0.0,0.8,1.6,-0.8,0.8,0.0,0.0,0.8,-0.8,0.0,0.0,0.8,0.8,-0.8,0.8,0.0,0.0,0.0,-0.8,1.6,0.0,0.0,-0.8,-1.6,0.0,-0.8,0.8,-0.8,-0.8,0.8,-0.8,0.0,0.0,0.0,0.0,0.0,0.0,-1.6,-0.8,1.6,-0.8,0.0,0.0,0.0,0.8,0.0,0.0,-1.6,1.6,0.0,-0.8,0.8,-0.8,0.8,1.6,0.0,0.8,0.8,0.0,0.0,0.8,-0.8,-0.8,0.0,1.6,0.8,1.6,-0.8,0.8,0.0,1.6,0.8,0.0,-0.8,-0.8,0.8,0.0,1.6,-0.8,0.0,0.0,0.0,-0.8,0.8,0.0,0.0,-1.6,0.0,0.0,0.8,0.8,0.8,0.8,0.0,0.0,1.6,-0.8,0.8,-1.6,1.6,0.8,0.8,0.0,0.0,0.8,0.0,0.8,0.8,-1.6,0.8,0.8,0.8,0.0,-0.8,1.6,-0.8,0.0,0.8,0.8,1.6,-1.6,1.6,0.0,-0.8,0.8,0.0,1.6,0.0,0.0,0.8,-1.6,0.8,0.0,-0.8,2.4000000000000004,-0.8,0.0,-0.8,0.0,0.8,-0.8,0.8,0.0,0.8,1.6,-0.8,0.8,-0.8,1.6,0.0,-0.8,0.8,-0.8,0.8,0.0,0.8,1.6,-0.8,0.8,0.8,-1.6,0.8,0.0,0.8,0.0,0.0,0.0,0.0,0.8,0.8,0.8,1.6,0.0,0.0,0.8,0.8,1.6,0.8,0.8,0.8,1.6,0.8,0.8,0.8,0.8,0.0,-0.8,1.6,0.8,-0.8,1.6,1.6,1.6,0.0,0.8,0.8,0.8,0.0,0.0,0.0,0.0,0.0,-0.8,0.0,1.6,0.8,0.8,-0.8,0.0,1.6,0.0,0.0,0.0,0.8,0.8,0.0,0.0,0.0,-0.8,1.6,0.8,-1.6,0.8,0.8,-0.8,-0.8,2.4000000000000004,-0.8,0.0,2.4000000000000004,0.8,1.6,0.0,0.8,0.8,0.0,-0.8,2.4000000000000004,0.8,0.0,0.0,2.4000000000000004,0.0,1.6,0.0,-0.8,1.6,0.8,-0.8,0.0,1.6,1.6,-0.8,0.8,0.8,-0.8,0.8,-0.8,1.6,-0.8,-0.8,1.6,0.0,0.8,-1.6,0.0,1.6,0.0,1.6,0.8,0.0,0.8,-0.8,1.6,-0.8,2.4000000000000004,-0.8,0.0,0.8,-0.8,0.0,1.6,0.0,0.8,0.0,0.0,0.8,0.8,0.8,0.8,0.8,0.0,-0.8,0.0,0.0,0.8,-0.8,0.0,0.8,0.0,-0.8,-0.8,0.0,0.8,0.8,0.8,0.0,0.0,1.6,0.0,0.0,0.8,0.0,1.6,0.0,0.0,0.8,0.8,0.0,0.8,0.8,0.0,0.8,0.8,0.8,0.0,0.8,0.8,0.0,0.8,1.6,0.0,1.6,-0.8,-0.8,0.8,0.8,0.0,1.6,0.0,0.0,0.0,0.0,0.8,-0.8,0.0,0.0,-0.8,0.8,0.8,0.0,0.0,0.8,0.8,0.8,0.8,0.8,0.0,0.0,-0.8,-0.8,0.0,0.0,0.8,-0.8,0.8,0.0,-0.8,1.6,0.0,0.0,0.0,0.0,1.6,0.8,0.0,1.6,0.8,1.6,0.0,0.8,0.8,0.0,0.0,0.0,0.8,-0.8,0.0,1.6,0.0,0.0,-0.8,0.0,-0.8,0.0,0.8,0.8,0.0,1.6,0.0,0.0,0.8,1.6,1.6,0.8,0.8,-0.8,1.6,0.0,0.0,0.8,0.8,1.6,0.0,-0.8,0.8,0.8,0.0,0.0,-0.8,0.8,0.8,-0.8,0.0,0.8,0.0,0.8,0.8,0.8,0.8,0.0,0.8,-1.6,0.0,0.0,0.8,0.8,0.0,1.6,1.6,0.0,1.6,0.0,0.0,0.8,0.0,0.0,0.8,0.0,0.8,2.4000000000000004,0.8,1.6,1.6,0.8,1.6,1.6,-0.8,0.0,-0.8,0.8,0.0,0.0,0.8,0.8,0.8,0.0,0.8,1.6,-0.8,0.8,0.0,0.8,1.6,-0.8,0.8,0.0,1.6,0.0,0.0,1.6,0.8,0.0,0.0,-0.8,0.8,0.0,0.8,0.0,-0.8,0.0,0.8,0.0,1.6,-0.8,0.8,0.8,1.6,0.0,0.0,0.8,0.0,0.8,0.0,0.0,0.0,0.8,0.8,-0.8,0.0,0.8,-0.8,0.8,-0.8,0.0,1.6,-0.8,0.8,-0.8,-0.8,0.0,0.0,0.0,0.0,0.0,0.0,0.0,0.0,0.8,0.0,0.8,0.0,-0.8,0.0,0.8,0.0,0.0,-0.8,1.6,0.0,0.8,0.0,0.0,0.8,-0.8,-0.8,0.8,0.0,0.8,0.8,0.0,1.6,0.0,1.6,-0.8,0.8,-0.8,-1.6,0.0,0.0,0.0,0.0,0.0,0.8,0.0,0.0,0.0,0.0,0.0,-0.8,0.8,-0.8,1.6,0.0,0.8,3.2,1.6,0.0,0.8,0.0,1.6,-1.6,0.8,0.0,0.8,0.8,0.0,1.6,0.0,-0.8,1.6,0.0,1.6,0.0,0.0,0.8,0.0,0.0,-0.8,0.0,1.6,-0.8,1.6,-0.8,0.0,1.6,0.0,0.8,-0.8,0.8,0.8,-0.8,0.8,-0.8,0.8,-0.8,0.0,0.8,-1.6,0.8,2.4000000000000004,0.0,-0.8,2.4000000000000004,-0.8,-2.4000000000000004,2.4000000000000004,1.6,-2.4000000000000004,2.4000000000000004,0.8,-1.6,-0.8,0.0,0.0,0.8,0.0,0.8,0.8,1.6,-1.6,0.0,0.8,0.0,0.0,-0.8,0.8,1.6,0.8,0.0,2.4000000000000004,0.0,0.0,0.8,0.8,0.8,-0.8,-0.8,0.8,-0.8,0.8,1.6,1.6,0.0,-0.8,1.6,0.0,0.0,-0.8,0.0,0.8,0.0,0.0,0.8,0.8,1.6,0.0,0.0,0.0,0.0,1.6,0.8,0.0,-0.8,-0.8,1.6,0.0,0.0,-0.8,0.0,0.8,0.0,-0.8,0.0,0.0,1.6,0.0,0.8,0.0,0.0,0.8,-1.6,1.6,-1.6,0.8,0.8,-0.8,0.8,-1.6,0.0,0.0,-0.8,1.6,0.0,0.0,0.8,-2.4000000000000004,-0.8,0.0,1.6,0.0,-1.6,0.8,0.0,0.0,0.0,0.0,0.8,-0.8,-0.8,-2.4000000000000004,0.0,1.6,-0.8,1.6,0.0,0.8,0.0,0.0,0.8,-0.8,0.8,0.8,-0.8,1.6,0.0,0.8,0.8,0.0,0.8,0.0,0.0,0.0,0.0,0.0,-0.8,0.8,0.8,-0.8,0.0,0.0,1.6,0.0,0.0,0.8,0.8,0.8,-1.6,0.8,0.0,1.6,-0.8,1.6,0.8,0.8,-0.8,0.8,0.0,0.0,-0.8,0.0,0.0,0.8,0.0,1.6,0.8,0.8,-0.8,0.0,-0.8,0.8,-0.8,1.6,0.0,0.8,-0.8,-0.8,0.8,0.0,0.8,0.8,0.0,0.0,1.6,0.8,0.0,0.0,1.6,0.0,0.0,0.8,0.8,0.8,-0.8,0.8,-0.8,-0.8,0.8,0.0,0.0,-0.8,0.0,0.8,-1.6,1.6,0.8,0.0,0.0,-0.8,0.8,-0.8,2.4000000000000004,0.8,0.0,0.8,-0.8,0.8,1.6,0.0,0.0,0.8,0.0,0.0,-0.8,0.0,0.0,0.0,0.8,-0.8,0.8,-0.8,0.8,0.8,-0.8,-0.8,-0.8,0.0,0.8,-0.8,0.8,0.8,0.8,0.0,0.8,0.8,0.0,-0.8,-0.8,0.0,0.8,0.8,0.0,1.6,0.8,-0.8,1.6,0.0,1.6,-0.8,0.0,-0.8,-0.8,0.0,0.0,0.8,0.8,0.0,0.8,-0.8,-0.8,-0.8,1.6,0.0,0.0,-0.8,-0.8,0.0,1.6,-0.8,0.0,-0.8,-0.8,0.8,0.8,0.0,0.8,0.0,1.6,-1.6,0.0,0.0,0.8,0.0,1.6,0.8,-2.4000000000000004,0.8,0.8,-0.8,0.8,0.0,0.0,0.8,0.8,0.8,-0.8,0.8,0.0,0.0,0.8,0.0,0.8,-1.6,-0.8,0.8,0.0,0.8,-2.4000000000000004,0.0,0.0,0.0,0.0,-0.8,0.8,0.0,0.0,1.6,-0.8,0.8,1.6,0.0,1.6,-0.8,0.0,0.0,0.8,0.8,0.0,0.0,0.8,0.0,0.8,0.8,0.8,0.0,-0.8,0.8,0.0,1.6,0.0,0.0,2.4000000000000004,1.6,0.0,1.6,0.8,0.0,0.0,0.0,0.0,0.0,0.0,1.6,0.8,1.6,0.0,0.8,0.0,0.8,0.0,0.8,0.0,1.6,0.8,0.0,0.8,0.8,0.0,1.6,0.8,0.0,1.6,1.6,0.8,0.8,0.0,0.0,-0.8,-0.8,1.6,0.8,0.0,1.6,0.0,0.8,0.0,0.0,0.0,-0.8,0.8,-0.8,0.8,-0.8,-1.6,0.8,0.8,0.8,-0.8,0.0,2.4000000000000004,0.0,0.8,-1.6,0.8,0.8,0.8,0.8,-0.8,0.8,0.8,-0.8,0.8,-0.8,0.8,0.0,0.8,2.4000000000000004,-1.6,0.8,0.0,0.8,0.0,-1.6,0.8,0.8,0.0,0.8,-0.8,2.4000000000000004,0.8,0.8,2.4000000000000004,-0.8,1.6,0.0,0.8,0.8,0.8,0.8,0.8,0.8,0.8,0.0,0.8,-0.8,1.6,0.0,0.0,0.0,-0.8,0.8,0.0,0.0,1.6,0.8,0.0,0.8,0.0,0.8,0.0,1.6,0.8,0.0,-0.8,-0.8,0.8,0.0,0.8,1.6,0.0,0.8,0.8,0.0,0.0,0.8,0.0,0.0,0.0,0.0,0.8,0.0,0.8,0.0,0.0,0.0,0.8,0.0,0.0,0.8,0.8,0.0,0.8,0.0,-0.8,1.6,-0.8,0.0,-0.8,0.8,1.6,0.0,2.4000000000000004,0.0,0.0,1.6,-0.8,0.0,0.0,0.0,0.8,0.0,0.8,0.0,0.0,0.0,0.8,0.8,0.0,0.8,0.8,-1.6,0.0,-0.8,0.8,0.0,0.0,1.6,0.8,1.6,1.6,0.8,0.8,0.0,0.0,0.8,0.0,2.4000000000000004,-0.8,0.8,0.0,0.8,0.8,1.6,0.8,0.0,1.6,0.8,0.0,0.8,-0.8,1.6,0.0,0.8,1.6,0.0,1.6,-0.8,0.8,2.4000000000000004,0.0,0.8,0.0,0.0,0.8,0.0,0.8,0.0,0.0,0.8,0.8,2.4000000000000004,0.0,0.8,0.0,0.0,0.0,-1.6,0.8,0.8,-0.8,0.0,0.0,-0.8,0.8,0.8,0.0,-0.8,0.8,0.0,0.0,1.6,0.8,0.8,0.0,-1.6,-0.8,0.0,0.8,0.8,0.0,0.8,1.6,1.6,1.6,0.8,0.0,0.8,-0.8,0.8,1.6,0.0,0.8,0.0,0.8,0.8,0.0,0.0,-0.8,0.8,0.0,0.0,0.0,0.0,1.6,-0.8,0.8,1.6,0.0,0.8,0.0,1.6,0.8,0.0,2.4000000000000004,0.0,1.6,0.8,-0.8,1.6,0.0,0.0,0.8,-0.8,0.8,-0.8,0.8,-0.8,0.8,0.8,0.8,0.8,0.0,0.0,0.8,0.0,1.6,0.0,0.8,1.6,0.8
event_67,1625266861.977738,0.8,0.0,-0.8,0.8,0.8,-0.8,0.8,0.8,0.0,0.0,-0.8,0.8,0.8,0.8,0.8,-0.8,1.6,0.0,-0.8,0.8,-0.8,0.0,0.0,0.8,0.0,0.0,2.4000000000000004,0.8,0.8,1.6,-0.8,0.0,0.0,0.8,-0.8,-1.6,1.6,0.0,0.8,0.8,0.0,0.8,-0.8,0.8,0.8,-0.8,0.8,-0.8,0.8,0.0,0.0,0.8,0.8,0.0,0.8,0.8,0.8,0.8,-0.8,0.8,0.0,0.0,1.6,1.6,-3.2,2.4000000000000004,0.8,-1.6,-1.6,1.6,-0.8,-1.6,0.0,1.6,-0.8,1.6,1.6,1.6,-0.8,-1.6,-0.8,0.8,-1.6,0.8,-0.8,0.8,0.8,-0.8,0.0,0.0,0.8,0.8,-0.8,0.8,1.6,0.0,-0.8,0.8,0.8,0.8,-0.8,0.8,-8.8,-20.800000000000004,-19.200000000000003,-7.200000000000001,-2.4000000000000004,-3.2,0.0,0.0,-1.6,-0.8,-0.8,0.8,0.8,0.8,0.0,-0.8,0.8,-0.8,-1.6,0.8,2.4000000000000004,0.8,-0.8,0.0,0.0,0.0,0.8,-0.8,0.0,0.8,0.0,0.0,0.8,0.0,0.8,0.0,0.8,0.0,0.0,0.0,-0.8,0.8,-0.8,-0.8,0.8,0.0,0.0,0.0,0.0,0.8,0.0,0.8,0.0,0.8,0.0,-0.8,1.6,0.0,0.8,0.8,-0.8,0.8,0.8,0.0,0.8,0.8,1.6,0.0,0.8,-0.8,0.8,0.0,0.8,0.8,0.0,-1.6,0.8,-0.8,1.6,-0.8,0.8,0.8,1.6,0.0,0.0,1.6,0.8,0.8,0.0,0.0,0.8,0.8,0.8,0.0,0.0,0.8,0.8,0.0,-0.8,1.6,0.8,-0.8,0.8,-0.8,-0.8,0.8,0.0,0.8,0.0,0.8,0.0,0.0,1.6,0.8,0.0,0.8,0.0,-0.8,0.8,2.4000000000000004,0.8,0.0,0.8,0.8,0.8,-0.8,0.0,-0.8,1.6,0.8,-1.6,0.8,0.8,1.6,1.6,0.0,1.6,0.0,0.8,0.8,0.0,0.8,-0.8,0.8,0.8,0.0,1.6,0.0,1.6,0.0,0.0,0.8,0.0,1.6,-0.8,0.8,0.0,0.0,0.8,-0.8,0.8,1.6,0.0,1.6,0.0,0.8,0.8,-0.8,0.8,-0.8,0.8,0.8,0.8,1.6,-1.6,0.0,-0.8,0.0,0.0,0.0,0.8,0.0,-0.8,0.0,-0.8,0.0,0.0,0.0,0.0,-0.8,2.4000000000000004,0.0,-0.8,0.0,-0.8,0.8,-0.8,0.8,1.6,0.0,0.0,-0.8,0.0,0.0,0.8,1.6,-0.8,0.0,0.8,1.6,0.0,0.0,0.0,0.0,0.8,-0.8,0.0,0.0,1.6,1.6,-0.8,0.8,0.8,0.0,0.8,0.0,-0.8,1.6,0.8,-0.8,0.8,1.6,0.8,1.6,1.6,0.8,0.8,-0.8,0.8,1.6,-0.8,1.6,0.0,0.8,0.8,-0.8,0.8,0.8,1.6,0.8,0.8,0.8,-0.8,0.0,0.8,0.0,1.6,0.0,1.6,2.4000000000000004,1.6,0.0,0.0,0.8,0.0,0.8,-0.8,-0.8,1.6,-0.8,0.8,1.6,0.8,0.8,-0.8,0.8,1.6,-1.6,1.6,0.0,1.6,0.8,-0.8,1.6,0.8,1.6,0.0,-0.8,0.8,1.6,1.6,0.0,2.4000000000000004,-0.8,-1.6,1.6,-0.8,0.0,2.4000000000000004,-2.4000000000000004,1.6,0.0,-1.6,0.0,0.8,0.8,-0.8,0.8,0.8,0.0,1.6,0.8,1.6,0.8,-0.8,-0.8,0.0,1.6,0.0,0.8,0.8,0.0,2.4000000000000004,0.8,-0.8,0.0,0.8,0.0,-0.8,0.0,0.8,0.8,0.8,1.6,2.4000000000000004,0.8,0.0,0.8,1.6,0.0,-0.8,-1.6,1.6,0.8,-1.6,0.8,1.6,0.8,0.0,0.8,0.8,0.0,-1.6,1.6,1.6,2.4000000000000004,-0.8,0.8,1.6,-0.8,0.0,0.8,-0.8,1.6,-0.8,0.8,0.0,0.0,0.8,0.8,0.8,0.0,-1.6,0.8,0.0,0.0,0.0,1.6,0.8,-0.8,1.6,0.0,0.8,0.8,0.0,1.6,0.0,-0.8,0.8,0.8,0.8,0.0,0.8,0.0,-0.8,0.0,0.8,0.8,0.0,0.8,0.8,-1.6,-0.8,-0.8,0.8,0.0,0.0,1.6,0.8,0.8,0.8,0.8,0.8,0.0,-1.6,0.8,1.6,0.8,0.8,0.8,1.6,0.0,0.8,0.0,0.0,0.8,0.0,0.0,0.0,0.0,0.8,-0.8,0.8,0.8,0.0,0.0,0.0,0.8,0.0,0.0,1.6,-0.8,0.0,-0.8,0.0,1.6,0.0,0.0,0.8,0.8,0.8,0.0,0.8,1.6,1.6,0.8,0.8,0.0,1.6,-0.8,1.6,0.8,0.8,0.8,-0.8,0.8,0.0,0.0,1.6,0.0,0.8,0.0,0.0,0.0,0.8,0.0,0.8,-0.8,1.6,0.0,0.8,0.8,0.8,1.6,0.0,1.6,0.0,2.4000000000000004,0.0,0.8,0.8,-0.8,0.8,-0.8,0.0,1.6,0.0,0.8,0.0,-0.8,0.8,-0.8,0.8,0.0,-0.8,1.6,0.0,0.8,0.8,0.8,0.8,0.0,0.0,-0.8,1.6,1.6,1.6,0.8,0.0,0.8,0.8,1.6,0.8,-0.8,1.6,0.8,0.8,1.6,0.8,1.6,0.8,0.8,1.6,0.8,0.0,0.0,0.8,0.0,-0.8,1.6,0.0,0.0,-0.8,0.0,0.8,0.8,1.6,0.0,0.0,0.8,-1.6,1.6,0.0,1.6,0.0,0.0,0.8,0.8,-0.8,0.8,0.0,0.8,0.0,0.0,-0.8,0.0,-0.8,1.6,1.6,-0.8,0.0,0.0,0.8,0.8,-2.4000000000000004,1.6,-0.8,0.0,0.0,-0.8,0.8,-1.6,0.8,0.0,0.0,0.8,-0.8,0.8,0.0,-0.8,1.6,0.0,0.0,0.0,0.0,0.8,-0.8,1.6,-0.8,-0.8,0.8,-0.8,0.0,-0.8,0.0,0.8,0.0,0.8,-1.6,0.0,0.0,-1.6,0.0,-0.8,1.6,0.8,-0.8,0.0,0.0,0.8,0.8,0.8,0.0,0.8,0.8,-0.8,0.8,1.6,0.0,0.8,-0.8,0.0,0.0,-0.8,1.6,0.8,0.8,0.8,-0.8,0.8,1.6,0.8,0.8,0.0,0.0,-1.6,0.8,1.6,0.8,0.8,0.0,1.6,1.6,0.0,0.8,0.8,0.8,0.0,0.8,0.0,0.8,0.8,-0.8,0.8,0.0,-0.8,0.8,1.6,0.8,0.0,0.0,0.0,0.8,0.0,1.6,0.8,0.8,1.6,-0.8,0.0,0.8,0.0,0.8,0.8,-0.8,0.8,0.0,0.0,0.0,1.6,1.6,-2.4000000000000004,1.6,1.6,-1.6,0.8,2.4000000000000004,-0.8,-0.8,1.6,0.8,-0.8,0.8,0.0,0.8,1.6,-0.8,0.8,0.8,0.8,0.8,-0.8,1.6,0.8,-0.8,0.0,1.6,1.6,0.0,1.6,0.0,0.0,1.6,0.0,0.8,-0.8,0.0,1.6,0.0,0.0,-0.8,0.8,1.6,0.0,2.4000000000000004,0.0,0.8,0.8,-0.8,0.8,-1.6,0.0,0.8,0.0,1.6,0.0,0.8,0.8,-1.6,0.8,0.0,2.4000000000000004,0.0,-0.8,1.6,0.8,0.0,0.8,0.8,0.8,-1.6,0.0,0.0,0.0,-0.8,1.6,0.8,0.0,0.8,1.6,0.8,0.8,-0.8,0.8,-0.8,0.8,-0.8,0.0,1.6,0.0,-0.8,0.0,0.0,0.8,2.4000000000000004,0.8,0.8,0.0,-0.8,1.6,0.0,-0.8,0.8,0.0,0.0,1.6,1.6,-0.8,0.0,1.6,1.6,1.6,0.0,0.8,0.8,0.0,-0.8,0.8,0.8,0.0,-0.8,0.8,0.8,0.8,0.8,-0.8,1.6,1.6,0.8,0.8,-0.8,1.6,0.0,-0.8,0.8,-0.8,1.6,0.8,0.0,0.8,0.8,0.8,0.0,0.0,0.0,0.0,0.8,0.0,0.0,0.8,-0.8,1.6,0.8,0.0,1.6,0.0,0.8,-1.6,0.0,2.4000000000000004,1.6,0.8,0.0,0.8,0.8,-0.8,0.8,-0.8,0.8,-0.8,0.8,0.8,0.0,-0.8,0.8,0.0,1.6,-0.8,0.8,0.0,0.8,0.8,0.0,0.8,0.0,-0.8,0.8,0.0,1.6,0.8,0.8,1.6,0.0,1.6,0.8,0.0,0.0,0.0,0.0,0.0,0.0,0.8,0.8,0.0,0.0,0.0,-0.8,0.0,0.0,0.0,0.0,0.0,0.0,-0.8,0.8,0.0,0.0,1.6,-0.8,0.0,0.0,0.8,1.6,0.0,1.6,0.0,0.8,0.8,-1.6,0.0,0.8,0.8,-0.8,0.8,1.6,0.0,0.8,0.0,0.8,1.6,-0.8,0.0,-0.8,-0.8,0.0,0.0,0.8,-0.8,1.6,0.8,0.0,0.8,0.0,0.8,0.8,-1.6,0.0,0.0,0.8,1.6,-0.8,1.6,0.8,1.6,-0.8,0.8,0.8,0.0,0.0,0.0,-0.8,0.8,0.0,1.6,1.6,0.8,0.8,0.0,0.0,0.0,0.0,0.8,-0.8,1.6,0.0,0.8,-0.8,-0.8,0.8,0.0,0.0,-0.8,0.8,0.8,-1.6,1.6,0.0,-0.8,0.8,0.0,1.6,1.6,0.0,1.6,0.8,0.0,0.0,0.8,0.0,0.0,0.8,0.0,-0.8,0.8,0.0,0.0,1.6,0.0,-1.6,0.0,0.8,-0.8,0.8,0.8,1.6,0.0,1.6,0.0,0.0,0.8,0.0,0.0,0.0,0.0,0.0,0.0,0.0,0.8,0.8,0.8,0.0,0.8,-0.8,0.0,0.8,0.8,0.8,0.0,-0.8,1.6,0.0,0.8,0.0,0.8,1.6,-1.6,0.8,0.0,2.4000000000000004,0.8,0.0,1.6,0.8,0.8,0.8,0.0,2.4000000000000004,-0.8,0.0,-0.8,-0.8,1.6,0.0,0.8,0.8,0.0,0.8,-0.8,1.6,-0.8,0.8,0.8,-0.8,1.6,0.0,0.8,0.8,0.0,1.6,0.0,0.0,2.4000000000000004,0.0,0.0,-0.8,0.8,1.6,-0.8,0.8,0.0,0.8,0.0,-0.8,0.0,0.0,0.8,0.8,-0.8,0.0,0.0,0.8,0.0,0.0,1.6,0.0,2.4000000000000004,-0.8,0.0,0.0,0.8,1.6,0.0,0.0,1.6,0.0,0.8,0.0,0.8,0.8,1.6,-1.6,0.0,0.8,0.0,0.0,1.6,0.8,0.0,0.8,0.8,0.8,-0.8,0.8,0.8,1.6,0.0,-0.8,0.8,1.6,0.0,0.0,1.6,0.0,0.0,0.0,0.0,0.8,1.6,0.0,0.8,0.8,1.6,0.8,1.6,0.0,0.8,0.0,-0.8,-0.8,-0.8,0.0,2.4000000000000004,0.0,0.0,-1.6,0.8,0.0,0.8,0.0,0.0,1.6,0.8,-0.8,0.8,-0.8,0.8,-0.8,0.0,0.8,0.0,1.6,1.6,-0.8,0.0,-0.8,0.0,-0.8,-0.8,1.6,0.8,0.0,0.8,0.0,0.0,0.0,0.8,0.0,-0.8,0.0,-0.8,0.0,0.0,0.8,0.8,0.0,-0.8,0.0,0.8,0.8,0.0,0.0,-0.8,0.8,0.0,0.0,0.0,-0.8,0.0,0.0,-1.6,-0.8,0.0,0.0,2.4000000000000004,0.0,1.6,0.8,0.8,0.8,0.8,0.0,-0.8,-0.8,0.0,0.0,0.0,0.0,0.8,0.8,0.8,1.6,0.0,0.0,0.0,0.8,1.6,1.6,0.8,0.0,2.4000000000000004,1.6,-1.6,0.8,0.8,0.8,0.8,0.0,0.0,1.6,0.8,1.6,0.8,1.6,0.0,0.0,0.0,1.6,0.8,0.8,0.0,2.4000000000000004,-0.8,-0.8,0.8,0.8,0.8,0.8,0.8,0.8,1.6,1.6,-0.8,0.8,0.8,-0.8,0.0,-0.8,1.6,1.6,-0.8,1.6,-0.8,0.0,0.8,-0.8,0.8,0.0,0.0,0.8,-0.8,1.6,0.8,0.8,0.0,-0.8,0.0,-0.8,1.6,0.8,0.0,0.8,0.8,-0.8,0.8,0.0,0.0,0.0,0.8,-0.8,0.0,0.8,0.8,1.6,0.0,0.8,0.0,0.8,0.8,0.0,0.0,0.8,-0.8,0.0,0.0,0.0,0.8,0.8,1.6,-0.8,0.8,0.0,0.8,0.0,0.8,0.0,1.6,0.0,0.0,1.6,0.8,-0.8,0.8,0.0,0.0,-0.8,0.0,0.0,0.0,0.0,0.8,0.8,0.0,-0.8,0.8,0.0,1.6,0.0,0.0,0.8,0.0,0.0,-0.8,0.0,0.8,0.0,0.8,-0.8,0.0,0.8,0.0,0.8,-0.8,0.8,0.8,0.0,0.0,0.0,0.8,0.0,1.6,0.8,-0.8,1.6,0.8,0.0,0.8,0.0,0.8,-0.8,0.8,1.6,-0.8,2.4000000000000004,-0.8,0.0,0.8,0.0,1.6,0.0,0.8,0.8,0.0,1.6,-0.8,0.0,0.8,0.0,0.0,0.0,1.6,0.8,0.8,0.8,-0.8,0.8,0.0,-0.8,0.8,-0.8,0.0,0.8,0.0,2.4000000000000004,-0.8,0.8,2.4000000000000004,0.8,0.8,0.8,0.8,0.0,0.0,1.6,-0.8,2.4000000000000004,0.8,0.0,0.8,0.8,0.0,0.8,0.8,1.6,0.8,0.8,-0.8,1.6,0.8,0.8,1.6,0.8,0.0,0.0,0.0,-0.8,-0.8,0.0,0.0,0.8,-0.8,0.0,0.8,0.0,0.8,0.8,0.8,0.8,0.8,0.8,0.0,0.0,0.8,0.0,0.0,0.0,0.8,0.0,0.0,0.8,0.8,0.8,0.0,0.8,0.8,-0.8,0.0,0.0,0.8,0.0,0.0,0.8,0.8,0.0,-0.8,-0.8,0.0,0.8,0.8,-3.2,0.8,3.2,-0.8,0.0,-0.8,0.8,0.0,-1.6,0.8,0.0,0.8,0.0,0.0,3.2,-1.6,0.0,1.6,0.8,1.6,-2.4000000000000004,0.8,0.0,0.0,1.6,1.6,2.4000000000000004,0.0,1.6,1.6,0.8,0.8,-0.8,0.8,0.8,1.6,1.6,-0.8,1.6,1.6,0.0,0.8,0.0,0.0,0.0,0.0,1.6,0.0,0.8,1.6,0.0,0.8,-0.8,0.0,0.8,0.0,0.0,0.0,0.0,1.6,0.0,1.6,0.8,0.0,-0.8,0.8,1.6,0.0,0.8,0.8,-0.8,0.8,0.8,0.8,0.0,-0.8,0.8,0.0,0.0,0.8,-0.8,0.0,0.8,0.8,0.0,-0.8,0.8,1.6,-0.8,0.8,0.0,0.0,0.0,0.0,-0.8,-0.8,1.6,0.8,0.8,-0.8,0.0,0.8,0.8,0.0,0.0,0.8,0.8,0.0,0.0,0.8,0.8,0.8,0.0,1.6,0.8,0.0,0.0,0.8,0.0,0.0,0.0,0.0,0.0,0.8,0.8,1.6,0.8,0.0,0.0,0.8,0.0,0.0,1.6,0.0,2.4000000000000004,0.0,1.6,0.0,0.8,-0.8,-0.8,0.8,-0.8,-1.6,-0.8,0.8,0.8,0.0,1.6,1.6,0.0,0.0,-0.8,0.0,0.8,-0.8,0.0,0.0,1.6,-0.8,0.0,0.8,-0.8,-0.8,0.8,1.6,0.8,1.6,0.8,0.0,0.0,0.0,1.6,0.8,0.0,0.8,0.0,-0.8,0.0,-0.8,-1.6,-0.8,0.0,-0.8,-0.8,-0.8,0.8,-0.8,0.8,1.6,-1.6,0.8,0.0,-0.8,0.0,1.6,0.0,0.0,0.0,1.6,0.0,1.6,0.0,-0.8,1.6,0.8,0.8,0.0,0.8,1.6,-0.8,0.8,0.0,0.8,-0.8,0.8,1.6,-0.8,-1.6,0.0,-0.8,0.8,-1.6,0.0,1.6,-0.8,0.8,0.8,0.0,0.0,-0.8,0.8,0.8,1.6,-0.8,0.8,0.8,0.8,0.8,0.8,0.8,0.8,-0.8,0.8,-0.8,0.8,0.8,-0.8,1.6,0.0,0.8,0.0,-0.8,0.8,0.0,2.4000000000000004,-0.8,0.8,-0.8,-0.8,0.8,0.8,0.0,1.6,0.0,0.0,0.0,1.6,0.0,0.0,1.6,1.6,0.0,0.0,0.0,0.8,-0.8,0.8,0.8,-0.8,0.0,0.0,0.8,0.8,0.0,1.6,-0.8,0.8,1.6,0.0,0.8,0.8,-0.8,0.0,1.6,1.6,-0.8,0.0,1.6,0.8,0.8,0.0,0.8,1.6,0.0,0.0,1.6,0.8,0.0,1.6,0.8,1.6,0.8,0.8,1.6,0.0,0.0,0.0,-0.8,1.6,0.8,0.8,0.0,0.8,0.8,0.0,0.8,0.0,0.8,-0.8,0.0,0.8,1.6,1.6,0.0,0.8,1.6,-1.6,2.4000000000000004,0.0,0.0,0.0,-1.6,0.8,-1.6,0.0,1.6,0.8,0.8,0.0,0.8,0.8,0.0,0.0,0.0,0.8,1.6,0.0,0.8,0.0,0.8,0.0,0.0,0.8,-0.8,1.6,0.8,-0.8,0.0,0.0,0.0,-0.8,-0.8,0.0,-0.8,0.8,-0.8,-0.8,0.8,-0.8,0.8,0.0,0.8,0.8,0.0,0.8,0.0,0.8,0.0,1.6,0.8,-2.4000000000000004,0.8,1.6,0.8,0.8,0.0,1.6,0.0,0.0,0.0,-0.8,1.6,0.8,0.0,0.0,0.8,0.8,-0.8,0.0,1.6,-0.8,0.8,0.0,1.6,0.8,-0.8,0.0,0.8,0.8,0.0,0.8,0.8,0.0,0.8,0.8,1.6,0.8,0.8,1.6,0.8,1.6,0.0,0.8,0.8,0.8,0.0,0.0,0.8,0.8,-0.8,0.8,0.0,1.6,0.8,1.6,-0.8,0.8,0.8,0.0,0.8,-0.8,0.0,0.8,0.0,0.8,-0.8,0.8,0.8,0.8,0.0,0.0,0.8,0.0,0.8,0.8,0.0,0.8,0.8,-0.8,0.8,0.0,1.6,0.8,-0.8,2.4000000000000004,0.0,0.0,0.0,-1.6,0.8,-0.8,0.8,0.0,0.8,0.8,0.0,0.0,0.8,-1.6,-0.8,0.8,0.8,0.8,0.0,0.0,0.8,1.6,0.0,0.0,0.8,0.8,0.0,0.0,0.0,0.8,0.0,0.8,0.8,0.0,0.8,0.0,0.8,0.0,-0.8,0.8,-0.8,0.8,0.0,0.8,0.0,0.8,0.8,0.8,0.0,0.8,0.8,0.0,0.8,0.8,2.4000000000000004,0.0,0.8,1.6,0.0,0.0,1.6,-0.8,0.8,0.8,0.8,0.0,0.0,0.0,0.8,0.8,0.0,-0.8,0.8,0.0,0.8,0.8,1.6,0.8,0.0,0.8,0.0,0.0,0.8,-0.8,0.8,0.0,0.8,1.6,1.6,0.8,0.8,0.8,0.8,0.0,0.0,0.8,0.8,0.8,-0.8,0.8,-0.8,0.0,0.8,0.0,0.8,-0.8,0.8,-0.8,0.8,0.8,-0.8,1.6,-0.8,0.0,0.8,0.0,1.6,0.0,0.0,0.0,0.0,1.6,0.0,0.0,-0.8,-0.8,1.6,0.0,0.0,0.0,-0.8,0.0,1.6,1.6,0.0,0.8,0.8,-1.6,0.0,0.0,0.0,0.0,-1.6,0.0,0.8,0.8,0.0,0.8,0.0,0.0,-0.8,0.0,0.0,0.8,0.8,0.8,1.6,0.8,-0.8,1.6,0.0,0.8,0.8,-0.8,-0.8,0.0,0.8,1.6,0.0,0.8,-0.8,0.8,0.0,0.8,-0.8,0.0,0.8,1.6,0.0,0.8,-0.8,0.8,0.8,0.0,0.8,-0.8,0.8,0.8,0.8,1.6,0.8,0.8,-0.8,0.0,1.6,-0.8,0.8,-0.8,0.8,0.8,0.0,0.8,-0.8,0.0,0.8,0.8,0.0,0.0,0.8,0.0,-0.8,0.8,0.0,0.8,0.8,0.8,0.8,-0.8,1.6,1.6,-0.8,-0.8,-0.8,1.6,-0.8,0.0,1.6,-0.8,0.0,0.8,0.0,0.8,0.0,1.6,-0.8,-0.8,0.8,-0.8,0.0,0.0,1.6,0.8,-0.8,2.4000000000000004,0.0,0.0,0.8,-0.8,0.8,-1.6,1.6,0.8,1.6,0.8,-1.6,1.6,1.6,-0.8,0.0,0.8,1.6,-1.6,-1.6,0.8,-1.6,0.0,0.8,0.8,0.8,-0.8,0.8,0.0,0.8,-0.8,0.0,0.0,2.4000000000000004,0.8,-1.6,0.0,2.4000000000000004,0.8,-0.8,0.8,0.8,0.8,0.0,0.8,0.8,0.8,0.0,0.0,0.0,0.8,0.0,0.0,0.0,0.8,0.8,0.8,0.0,0.8,0.8,0.8,0.8,0.0,0.8,0.8,-0.8,0.0,-1.6,0.0,-0.8,1.6,0.8,-0.8,0.0,0.0,1.6,0.8,-1.6,0.0,0.0,0.8,-1.6,-1.6,1.6,-0.8,1.6,0.8,0.0,0.8,-0.8,0.8,0.8,-0.8,0.8,0.0,0.8,-0.8,0.0,1.6,0.0,1.6,-0.8,0.8,1.6,-0.8,-0.8,-0.8,1.6,0.8,0.0,1.6,0.0,1.6,0.0,0.0,0.8,0.0,0.0,-0.8,0.0,0.8,0.0,2.4000000000000004,0.0,1.6,0.8,0.0,0.0,-0.8,0.0,0.0,0.0,0.8,-0.8,-0.8,0.0,-0.8,0.0,0.8,0.8,0.8,0.8,2.4000000000000004,-0.8,0.0,0.0,-0.8,0.0,-0.8,0.0,0.8,0.0,1.6,0.0,-0.8,0.0,0.0,0.0,0.0,0.8,0.0,0.8,0.8,-0.8,-0.8,0.8,-0.8,0.0,0.0,0.8,0.0
event_68,1625266864.1338613,0.8,-0.8,0.8,-0.8,-1.6,0.8,0.8,1.6,0.8,0.0,1.6,0.0,0.8,0.0,0.8,0.8,0.0,0.8,0.0,1.6,0.0,-0.8,0.8,0.0,1.6,-0.8,0.0,0.8,-1.6,0.8,-0.8,0.8,0.8,-0.8,1.6,0.8,1.6,0.8,0.0,0.8,0.0,-0.8,1.6,0.0,2.4000000000000004,-0.8,1.6,1.6,0.8,0.8,-0.8,0.8,0.8,-0.8,0.0,-0.8,0.0,0.8,0.0,1.6,0.0,0.0,0.8,-0.8,1.6,-0.8,0.8,0.0,0.8,0.0,-0.8,0.8,0.0,0.0,1.6,0.0,0.8,0.8,0.0,0.8,-0.8,0.8,0.8,0.0,0.0,0.0,2.4000000000000004,-0.8,0.8,0.8,-1.6,0.0,0.0,1.6,0.0,0.0,0.8,-1.6,1.6,1.6,-0.8,0.0,-3.2,-32.0,-64.8,-51.2,-26.4,-10.400000000000002,-6.4,-1.6,-2.4000000000000004,-4.800000000000001,-4.800000000000001,-3.2,-1.6,-0.8,0.0,0.8,0.0,0.8,1.6,0.0,-0.8,0.0,0.0,-0.8,0.0,0.0,-1.6,-0.8,0.0,0.8,-0.8,-1.6,1.6,1.6,0.0,0.0,-0.8,0.8,-0.8,0.0,0.8,0.8,0.8,0.0,1.6,1.6,-0.8,2.4000000000000004,-0.8,1.6,0.0,-0.8,1.6,0.0,1.6,0.0,0.0,0.8,-1.6,0.8,0.0,0.0,0.8,0.0,0.8,0.8,-1.6,1.6,0.0,2.4000000000000004,-0.8,0.8,0.0,-0.8,1.6,0.8,-0.8,0.8,0.0,1.6,-1.6,-0.8,0.0,0.8,0.0,0.0,0.0,-0.8,0.0,1.6,0.0,0.8,0.8,0.0,0.8,0.0,0.8,-0.8,0.8,0.0,-1.6,0.8,0.0,0.0,0.0,0.8,0.8,-0.8,0.0,0.0,0.8,0.0,0.0,-0.8,0.8,0.8,0.0,0.0,0.8,0.0,0.0,0.0,0.8,0.0,0.0,0.8,0.0,0.0,0.0,0.0,0.8,0.0,0.0,0.8,0.8,-0.8,0.8,0.0,0.0,0.8,0.0,0.8,0.8,0.0,1.6,-0.8,0.8,0.0,0.0,0.0,-0.8,0.8,0.0,0.0,2.4000000000000004,-0.8,0.8,-0.8,0.0,0.0,-0.8,-0.8,0.0,-0.8,0.8,0.0,0.8,0.8,0.8,1.6,0.0,0.8,-0.8,0.8,0.8,0.0,0.8,0.8,-0.8,-0.8,-1.6,1.6,0.0,0.0,1.6,-0.8,-0.8,0.8,0.8,1.6,-0.8,0.8,0.8,0.0,0.8,0.8,0.8,0.0,-0.8,-2.4000000000000004,0.0,1.6,0.8,0.0,0.8,1.6,1.6,0.0,0.8,0.0,0.8,0.8,0.0,0.0,0.0,-0.8,0.8,0.8,0.8,0.0,0.0,-0.8,0.8,0.0,0.0,-0.8,0.0,0.0,-0.8,0.8,0.8,0.0,0.8,0.8,0.8,0.8,-0.8,0.8,0.8,0.8,-0.8,0.0,0.8,0.8,0.0,0.8,0.8,0.8,-0.8,0.8,0.0,0.8,0.0,0.0,0.8,0.8,0.0,0.8,0.0,0.8,0.0,0.8,0.8,0.8,0.8,-0.8,0.8,0.8,0.0,0.8,0.0,0.0,0.0,0.8,1.6,-0.8,0.8,-0.8,0.0,0.8,-0.8,1.6,-0.8,0.0,0.8,-0.8,0.8,-0.8,0.0,0.8,0.0,0.8,0.8,1.6,0.0,0.0,0.8,-1.6,0.0,-0.8,0.8,0.8,-0.8,1.6,0.8,0.0,1.6,-0.8,0.8,0.8,0.0,-0.8,0.0,1.6,0.0,0.8,0.8,0.0,0.8,0.0,1.6,0.8,-1.6,0.0,0.0,1.6,0.8,0.8,0.0,1.6,0.8,0.8,0.0,0.8,-0.8,-1.6,0.8,0.0,1.6,0.0,0.8,0.8,0.0,0.0,0.8,0.0,0.8,0.8,0.0,0.0,0.0,0.0,0.0,0.0,0.0,-1.6,1.6,0.0,0.8,0.8,0.0,0.8,0.0,-0.8,0.0,-0.8,0.8,-0.8,0.0,0.0,-0.8,1.6,-0.8,-0.8,0.8,0.0,0.8,-0.8,-0.8,0.0,-0.8,-0.8,-0.8,0.0,0.0,-0.8,0.8,-0.8,0.8,0.0,0.0,0.0,0.0,0.0,-0.8,-0.8,0.0,-2.4000000000000004,0.8,0.8,0.0,0.8,0.0,1.6,-0.8,0.0,0.8,-1.6,1.6,-1.6,0.8,0.0,-0.8,0.8,-1.6,0.0,0.8,-0.8,0.8,-0.8,0.8,-0.8,-0.8,-0.8,-0.8,1.6,-0.8,-1.6,1.6,-0.8,-0.8,0.0,0.0,0.8,-0.8,1.6,-0.8,1.6,0.8,-0.8,0.8,0.0,-1.6,0.0,-0.8,0.0,-0.8,0.0,-0.8,-0.8,-0.8,0.0,0.8,-0.8,-1.6,0.8,-0.8,0.0,0.0,0.8,-1.6,0.8,0.8,-2.4000000000000004,-0.8,0.8,0.8,0.0,0.8,0.0,0.8,0.0,0.0,0.0,0.8,0.0,-0.8,-0.8,0.8,0.8,-0.8,0.0,0.0,-0.8,0.0,0.0,0.8,-0.8,-0.8,0.8,-0.8,0.8,-0.8,0.0,0.0,-0.8,-0.8,-0.8,1.6,-0.8,-0.8,0.0,0.8,0.8,-0.8,0.0,0.0,-0.8,-0.8,-0.8,0.8,0.0,0.0,0.8,0.0,0.8,0.0,0.0,0.0,0.0,0.0,0.0,0.0,0.0,-1.6,0.0,-0.8,0.8,0.0,0.0,0.8,-0.8,0.0,-0.8,0.0,0.8,1.6,0.0,-0.8,-0.8,0.8,-0.8,1.6,0.0,-0.8,0.0,-0.8,-0.8,1.6,0.8,0.0,0.0,1.6,-0.8,-0.8,0.8,0.0,0.0,0.8,0.0,0.8,-0.8,-0.8,-0.8,0.0,0.8,0.0,0.8,0.8,0.8,0.8,0.0,0.8,1.6,0.0,0.0,-0.8,0.0,0.0,0.0,0.8,-1.6,-0.8,-0.8,-0.8,-0.8,-0.8,0.8,0.0,-0.8,0.0,0.0,0.0,0.0,-0.8,-0.8,-0.8,0.0,0.0,-1.6,0.0,0.0,0.0,0.8,0.0,0.0,0.0,0.0,0.0,-0.8,0.0,0.0,-0.8,0.0,-0.8,0.0,0.0,0.8,0.0,-0.8,0.0,-0.8,0.0,0.8,-1.6,0.0,0.0,0.8,0.0,0.8,0.0,0.0,-0.8,0.0,0.0,1.6,0.0,1.6,0.8,0.0,0.8,0.0,0.8,-0.8,0.0,0.0,0.0,0.0,-0.8,1.6,1.6,0.0,0.8,0.0,0.0,0.0,-1.6,0.0,-1.6,0.8,0.0,-0.8,0.0,-0.8,-0.8,0.8,1.6,0.0,0.8,1.6,-0.8,0.0,-0.8,-1.6,0.0,0.0,0.8,0.0,0.0,0.0,-0.8,-0.8,-0.8,0.0,0.0,0.0,0.8,0.0,0.8,0.0,0.0,0.0,0.8,-0.8,-0.8,0.0,0.0,-0.8,0.0,-0.8,0.8,0.0,0.8,0.0,-1.6,0.8,0.0,0.0,0.8,0.0,0.8,-0.8,0.0,1.6,-0.8,0.0,0.0,0.0,0.0,-0.8,0.8,-0.8,0.8,-1.6,0.0,0.8,0.0,0.8,0.8,0.8,0.0,-2.4000000000000004,1.6,0.0,1.6,0.0,-0.8,1.6,0.8,-0.8,0.8,-0.8,0.8,-1.6,0.0,0.8,-0.8,0.0,0.0,-0.8,1.6,-0.8,0.0,-0.8,0.8,0.0,0.8,0.0,0.0,0.8,0.0,0.0,0.8,-0.8,0.0,0.0,-0.8,0.8,0.0,0.0,0.0,0.0,0.8,-1.6,0.8,0.8,0.0,-1.6,0.8,0.0,-1.6,0.8,-0.8,0.0,1.6,-0.8,0.8,0.8,0.8,0.8,0.0,0.0,0.8,-0.8,-0.8,0.0,1.6,0.0,0.0,0.8,1.6,1.6,0.0,-1.6,0.0,0.8,-0.8,0.0,1.6,0.8,0.0,0.8,0.0,0.8,-1.6,0.8,0.0,-0.8,0.0,-0.8,0.8,0.0,0.0,0.0,1.6,0.8,0.0,0.8,0.0,-0.8,0.0,0.8,0.8,0.8,-0.8,0.8,0.8,1.6,-0.8,0.0,0.0,0.0,0.8,-1.6,0.0,0.8,-0.8,2.4000000000000004,-0.8,1.6,0.0,0.0,0.8,0.0,0.8,0.8,0.0,2.4000000000000004,-1.6,0.0,-0.8,0.0,1.6,-0.8,1.6,-1.6,0.0,0.8,0.0,0.0,0.0,1.6,0.0,-2.4000000000000004,2.4000000000000004,0.0,-0.8,0.0,-0.8,0.8,-0.8,0.0,0.0,0.0,1.6,0.0,0.0,0.8,0.0,0.0,0.0,0.0,-2.4000000000000004,0.0,0.8,0.8,0.8,0.0,0.8,0.8,0.0,0.0,-0.8,0.0,0.0,-0.8,0.0,-0.8,0.8,0.0,0.8,0.8,-0.8,0.0,0.0,0.0,-0.8,-0.8,-0.8,0.0,0.0,0.0,-0.8,0.8,-0.8,0.8,0.0,0.0,0.0,0.0,0.8,0.0,0.8,-0.8,0.0,0.8,0.8,-0.8,0.8,0.8,1.6,0.0,0.8,-1.6,-0.8,-0.8,0.8,0.0,-0.8,-0.8,0.0,0.0,0.0,-0.8,0.8,0.0,0.8,0.8,-0.8,0.8,0.0,1.6,0.0,0.0,-0.8,0.8,1.6,-0.8,-0.8,0.8,-0.8,0.0,-1.6,0.0,1.6,-0.8,0.0,0.0,-0.8,0.8,-0.8,0.8,0.0,0.0,1.6,-0.8,0.8,0.0,-0.8,1.6,-1.6,0.0,-0.8,1.6,0.8,0.0,1.6,0.8,0.8,1.6,-1.6,0.8,0.8,-0.8,0.0,-0.8,0.8,0.0,0.8,1.6,0.8,0.0,-0.8,0.8,0.8,-0.8,0.0,0.8,1.6,0.0,0.8,0.8,-0.8,0.0,0.0,0.0,0.0,0.0,0.0,0.0,0.0,1.6,0.8,0.8,0.0,0.8,0.0,0.8,0.0,0.8,0.0,0.0,0.0,0.0,0.8,1.6,-0.8,0.8,-0.8,-0.8,-0.8,0.8,0.0,0.0,0.0,0.8,0.8,-0.8,0.0,0.8,0.0,0.8,0.0,0.0,1.6,-0.8,0.0,0.8,-0.8,0.8,-1.6,0.0,-0.8,0.0,0.0,-0.8,0.0,-1.6,-1.6,0.8,0.0,0.0,-0.8,0.8,0.0,0.0,0.8,-0.8,0.0,-1.6,-2.4000000000000004,0.8,0.0,0.0,0.0,-0.8,0.8,0.0,1.6,0.0,-1.6,0.8,-0.8,0.0,0.0,0.0,0.8,-0.8,0.8,0.0,0.0,0.0,-0.8,0.8,-0.8,0.0,0.0,-0.8,0.8,-0.8,-0.8,0.0,0.8,0.8,0.8,0.8,0.0,-0.8,0.0,0.8,1.6,-0.8,0.8,0.8,1.6,0.0,0.8,0.8,0.0,-0.8,-0.8,-0.8,0.8,-0.8,-0.8,-0.8,0.8,-0.8,-0.8,-0.8,0.0,-0.8,0.8,0.8,0.8,-1.6,0.0,0.0,0.0,0.8,-0.8,0.0,-0.8,0.8,0.8,-0.8,0.0,0.0,1.6,0.0,-0.8,0.8,0.0,-0.8,0.0,0.0,0.0,0.0,0.0,0.0,0.0,0.8,-0.8,0.0,0.8,0.0,0.0,0.0,-0.8,-1.6,-1.6,1.6,0.0,0.0,1.6,1.6,0.0,0.0,0.8,-0.8,-0.8,0.8,-0.8,1.6,0.0,0.0,0.8,0.0,1.6,0.0,1.6,0.0,0.8,0.0,-1.6,0.8,0.8,-0.8,1.6,-0.8,0.8,-0.8,-0.8,0.0,-0.8,0.8,-1.6,0.8,0.8,0.8,0.8,-0.8,0.8,0.8,0.8,0.0,0.0,0.0,0.8,-0.8,0.8,0.8,0.8,1.6,0.8,0.0,0.0,0.0,0.0,0.8,-0.8,0.0,-0.8,0.0,0.0,0.0,0.8,0.8,0.8,1.6,0.0,0.8,0.8,0.0,1.6,0.0,1.6,-0.8,-0.8,0.0,0.8,0.8,0.0,0.0,0.0,-0.8,0.8,0.0,1.6,0.8,0.0,2.4000000000000004,0.0,1.6,0.8,-0.8,1.6,-0.8,0.0,0.0,3.2,0.8,-2.4000000000000004,2.4000000000000004,0.8,0.8,1.6,-0.8,0.0,0.0,0.8,-0.8,0.0,0.8,0.8,1.6,0.0,0.8,2.4000000000000004,-0.8,0.0,0.0,-1.6,0.0,-1.6,0.0,0.0,-1.6,0.8,0.8,1.6,0.0,0.0,0.8,0.0,-0.8,0.0,0.0,1.6,-0.8,1.6,1.6,0.8,-0.8,0.8,0.8,-0.8,0.0,-0.8,-1.6,0.8,-1.6,0.8,0.8,0.0,0.0,-0.8,1.6,0.0,-0.8,1.6,-0.8,0.8,0.0,-0.8,0.0,0.0,0.8,-0.8,-0.8,-0.8,0.8,1.6,0.0,1.6,0.8,0.8,0.0,0.0,0.8,0.8,-1.6,0.8,0.8,-0.8,0.0,-0.8,1.6,0.0,0.0,0.8,0.8,0.8,0.0,0.0,0.8,0.8,-0.8,0.0,1.6,-0.8,0.0,0.8,1.6,1.6,0.8,0.0,-0.8,0.0,-0.8,-0.8,0.0,0.8,0.8,0.0,0.8,0.8,0.0,0.0,0.0,1.6,0.0,-0.8,0.8,0.0,0.8,-0.8,0.0,2.4000000000000004,0.8,0.8,0.8,0.0,0.8,-2.4000000000000004,1.6,0.0,1.6,0.0,0.8,0.8,0.0,0.8,1.6,-0.8,1.6,-0.8,0.0,0.0,0.0,0.8,0.0,1.6,0.8,-1.6,0.8,0.0,1.6,-1.6,0.8,1.6,0.0,0.8,0.0,0.8,0.8,-0.8,1.6,-0.8,0.8,2.4000000000000004,0.8,0.8,-0.8,0.8,0.8,0.0,0.0,0.8,0.8,0.0,0.8,0.8,-1.6,0.0,0.8,0.0,0.0,0.8,0.8,1.6,1.6,0.0,0.8,0.0,0.0,0.0,0.8,0.8,0.0,0.8,0.0,0.8,0.0,0.8,0.8,0.8,1.6,-0.8,-1.6,0.0,-0.8,0.8,0.8,0.0,2.4000000000000004,0.0,0.0,0.8,0.0,0.0,-0.8,0.0,0.8,0.0,0.8,1.6,2.4000000000000004,-1.6,3.2,2.4000000000000004,-2.4000000000000004,0.8,1.6,-0.8,-0.8,1.6,1.6,-0.8,0.8,2.4000000000000004,-0.8,0.8,0.0,0.8,0.0,-0.8,0.0,0.8,0.8,1.6,0.0,0.8,0.0,0.8,0.0,0.8,0.8,1.6,0.0,1.6,-0.8,1.6,0.0,0.8,0.8,-0.8,0.8,0.0,1.6,0.8,0.0,0.0,0.0,0.8,0.8,0.0,0.8,0.0,0.0,-0.8,0.0,-0.8,0.0,0.0,0.0,0.0,0.8,1.6,0.8,0.8,0.0,0.0,0.0,1.6,-0.8,0.8,2.4000000000000004,0.0,0.8,0.0,0.8,1.6,0.8,-0.8,-0.8,0.0,0.8,0.8,0.8,0.8,0.0,0.8,0.0,-0.8,0.8,1.6,0.0,0.8,0.0,-0.8,0.0,0.8,-0.8,0.0,1.6,0.0,1.6,0.8,0.0,0.8,0.0,0.0,0.8,0.8,0.0,-0.8,1.6,0.8,0.8,0.0,0.0,0.8,0.0,0.8,0.0,0.0,0.8,-0.8,1.6,1.6,0.0,0.8,0.0,0.8,0.8,-0.8,0.8,-1.6,1.6,0.0,-0.8,1.6,-1.6,0.8,0.0,0.8,0.8,0.8,1.6,-0.8,0.8,1.6,-0.8,0.8,-2.4000000000000004,0.8,1.6,-0.8,0.8,-0.8,0.8,0.0,0.0,1.6,-0.8,1.6,0.8,0.0,1.6,0.0,0.0,0.0,0.0,-0.8,0.0,1.6,0.0,0.8,0.0,0.8,0.8,0.8,0.8,0.8,0.8,0.8,-0.8,0.8,0.8,0.8,0.8,-0.8,0.8,1.6,-0.8,0.0,0.0,0.8,-0.8,-1.6,0.0,1.6,0.8,-1.6,0.8,1.6,0.0,-0.8,0.8,2.4000000000000004,-0.8,0.0,1.6,2.4000000000000004,0.0,-1.6,0.8,1.6,0.0,0.8,-0.8,1.6,0.0,-0.8,-0.8,0.0,0.8,0.8,0.8,1.6,0.8,0.8,-1.6,0.8,0.0,-0.8,-0.8,0.0,0.8,0.0,-0.8,0.8,-0.8,0.8,1.6,-0.8,0.8,-0.8,0.8,0.0,0.0,0.0,-1.6,0.8,-0.8,0.8,1.6,0.0,0.8,-0.8,0.0,0.0,0.0,0.0,0.0,0.8,0.0,0.8,0.8,-0.8,2.4000000000000004,0.0,-0.8,0.8,0.0,0.8,0.0,0.0,1.6,-0.8,1.6,-1.6,-0.8,2.4000000000000004,-0.8,0.0,0.0,1.6,1.6,0.0,-0.8,0.0,0.8,0.0,0.8,1.6,-0.8,0.8,0.8,0.0,0.0,0.0,0.8,0.8,0.8,0.8,0.0,1.6,1.6,0.0,0.8,0.8,1.6,0.0,0.8,1.6,0.8,0.0,0.8,0.8,1.6,-0.8,-0.8,0.0,0.0,0.0,1.6,0.0,0.0,0.8,0.0,0.0,-0.8,0.8,1.6,-2.4000000000000004,0.8,0.0,-0.8,0.0,0.8,0.0,-0.8,0.8,-0.8,0.8,0.8,-0.8,1.6,-0.8,0.0,-0.8,-0.8,0.8,0.0,0.0,0.0,0.0,-0.8,-2.4000000000000004,0.8,0.0,-0.8,0.8,0.0,0.0,1.6,-0.8,0.8,0.0,0.0,0.0,0.0,1.6,0.8,0.8,-0.8,0.8,0.8,0.8,1.6,-2.4000000000000004,0.8,-0.8,-0.8,1.6,0.0,1.6,0.8,0.8,1.6,0.0,0.0,0.0,1.6,0.0,-0.8,0.0,0.0,0.8,0.0,0.8,0.8,0.0,0.0,0.0,0.0,0.8,-1.6,0.0,0.8,0.8,0.8,-0.8,0.0,0.8,0.0,0.8,0.8,0.8,-0.8,0.0,0.0,0.0,0.0,0.8,-0.8,0.8,-0.8,0.0,0.0,0.0,-0.8,-0.8,-0.8,-0.8,-0.8,0.0,0.0,0.0,0.0,0.0,0.0,0.0,0.8,0.0,0.0,0.8,0.8,-0.8,0.0,-1.6,0.0,0.8,-0.8,-0.8,0.0,0.0,0.0,-0.8,-0.8,0.8,0.8,0.0,-0.8,0.8,0.0,-0.8,0.8,-0.8,-1.6,0.8,0.8,0.0,0.8,0.8,0.8,0.0,0.0,-0.8,0.0,1.6,-0.8,-0.8,1.6,0.8,0.8,0.8,0.0,0.8,1.6,-0.8,0.8,0.0,-1.6,0.8,-1.6,1.6,0.0,0.8,-0.8,-0.8,0.8,0.0,0.8,0.0,-0.8,-0.8,0.0,0.8,1.6,-0.8,0.8,0.8,0.8,-0.8,0.0,0.0,0.8,-0.8,0.0,-0.8,0.0,0.0,0.8,0.8,1.6,-0.8,0.0,-1.6,0.8,-0.8,0.0,0.0,1.6,-0.8,0.0,0.0,-0.8,0.0,0.0,0.8,0.0,0.8,0.0,-0.8,0.0,0.0,0.8,-0.8,0.8,0.8,1.6,0.0,-0.8,0.0,-0.8,0.8,0.8,0.8,1.6,0.0,0.8,0.0,0.0,0.8,-0.8,0.8,-0.8,-1.6,0.8,0.0,0.8,0.0,0.0,0.8,-0.8,1.6,-0.8,0.0,0.8,-0.8,0.8,-0.8,0.0,0.8,-0.8,1.6,0.0,1.6,2.4000000000000004,0.0,2.4000000000000004,-1.6,0.8,0.0,0.0,1.6,-0.8,0.8,0.0,0.0,0.8,0.8,0.8,0.0,0.0,0.8,0.0,2.4000000000000004,-0.8,0.0,0.8,0.8,1.6,0.0,0.0,1.6,-1.6,-0.8,0.0,0.0,0.0,0.8,0.8,-0.8,-0.8,0.8,0.0,1.6,0.8,0.0,0.0,0.8,0.0,-0.8,1.6,0.0,0.0,1.6,0.0,0.0,1.6,0.0,0.0,0.0,0.0,0.0,0.8,0.0,1.6,1.6,-0.8,0.8,0.0,0.0,-0.8,0.0,0.0,-0.8,0.8,0.8,0.0,0.0,0.0,0.0,0.8,-0.8,-0.8,-0.8,2.4000000000000004,0.8,0.8,0.8,0.0,0.8,0.8,0.8,-0.8,-0.8,0.8,-1.6,0.0,0.0,0.0,0.0,0.0,1.6,0.0,0.0,0.8,0.8,0.8,0.0,0.0,0.8,0.0,0.8,0.0,1.6,0.0,0.8,1.6,0.0,0.8,-0.8,0.8,0.8,-0.8,0.8,-1.6,0.8,2.4000000000000004,-0.8,2.4000000000000004,0.0,1.6,0.8,-1.6,1.6,-0.8,-0.8,2.4000000000000004,0.0,1.6,-1.6,0.8,0.0,-0.8,0.0,0.0,1.6,0.8,0.0,1.6,-2.4000000000000004,0.8,2.4000000000000004,0.0,-1.6,0.8,3.2,-1.6,0.0,2.4000000000000004,-0.8,0.8,0.0,0.8,2.4000000000000004,0.0,0.0,0.8,1.6,-1.6,-0.8,1.6,0.0,0.0,-0.8,0.0,0.8,0.8,0.8,0.8,1.6,-0.8,-1.6,0.8,1.6,0.0,0.8,0.8,0.8,0.0,1.6,0.8,-0.8,0.0,-0.8,-0.8,0.0,0.0,0.0,0.8,0.8,0.0,0.8,0.8,0.8,0.8,-0.8,0.8,-0.8,0.8,0.8,0.8,0.8,0.0,0.8,0.0,1.6,0.8,0.0,0.8,0.0,1.6,0.8,0.0,0.8,0.0,0.0,0.0,1.6,2.4000000000000004,0.0,0.0,0.0,0.8,0.0,0.0,1.6,0.8,0.0,0.0,0.8,0.0,-0.8,0.0,1.6,-1.6,0.8,0.8,-0.8,0.8,0.8,1.6,0.8,0.0,0.0,0.8,1.6,-0.8,1.6,1.6,0.8,0.8,-0.8,0.8,1.6,0.0,0.8,0.0,0.0,0.8,0.0,0.8,0.0,0.0,0.8,0.0,1.6,0.8,0.8,1.6,-1.6,0.0,0.8,1.6,0.0,-0.8,0.8,1.6,0.8,0.8,0.8,0.0,0.0,-0.8,0.8,0.0,0.8,0.8,0.8,0.0,0.0,0.8
event_69,1625266866.2909846,0.8,0.0,0.8,0.0,-1.6,-0.8,0.8,0.0,0.8,0.8,0.8,-0.8,0.0,0.8,0.0,0.0,0.0,-0.8,1.6,0.0,-1.6,0.0,0.8,0.8,-0.8,0.0,0.8,0.8,1.6,0.0,0.8,0.8,0.0,0.0,-0.8,0.8,1.6,0.0,1.6,0.0,-0.8,0.0,0.8,0.8,-0.8,0.8,0.8,0.8,0.0,0.0,0.0,0.8,-0.8,0.0,0.0,0.8,0.0,-0.8,0.0,0.8,1.6,0.8,-0.8,0.8,0.0,1.6,0.8,0.8,0.8,0.0,1.6,0.8,0.8,0.8,0.0,1.6,0.0,0.8,0.0,-0.8,0.0,-0.8,0.0,0.8,0.8,0.8,0.0,0.8,0.0,0.0,0.0,0.8,0.0,1.6,0.8,-0.8,0.0,1.6,0.0,0.0,0.0,-1.6,-8.0,-56.800000000000004,-88.00000000000001,-54.400000000000006,-22.4,-11.2,-8.8,-2.4000000000000004,-4.0,-7.200000000000001,-3.2,-2.4000000000000004,-3.2,-0.8,-0.8,0.0,-1.6,-0.8,0.0,0.0,-0.8,0.0,-0.8,-1.6,3.2,0.8,-1.6,0.8,0.8,0.8,-0.8,0.0,1.6,0.0,-1.6,0.8,0.0,-1.6,0.0,0.0,-0.8,0.0,0.0,0.8,0.0,0.0,0.8,0.0,1.6,0.0,-2.4000000000000004,0.8,0.0,0.8,0.8,0.0,1.6,-0.8,0.8,0.8,-0.8,0.8,0.0,0.8,0.0,0.8,0.8,0.0,1.6,-0.8,0.0,0.8,-0.8,0.8,-0.8,0.0,0.0,-0.8,0.8,-1.6,0.0,1.6,0.0,1.6,0.0,0.8,0.0,-0.8,0.8,-0.8,2.4000000000000004,0.0,0.8,1.6,0.8,0.0,0.0,-0.8,0.8,-2.4000000000000004,0.8,0.0,0.0,0.8,0.0,1.6,0.8,0.0,0.8,-0.8,1.6,-1.6,0.8,0.8,0.8,0.0,-0.8,1.6,0.0,0.8,1.6,0.0,0.8,1.6,0.0,0.8,0.0,0.8,0.8,0.0,0.0,0.0,0.8,0.0,0.8,0.0,-0.8,0.0,0.0,0.8,0.0,0.8,0.0,-0.8,0.8,0.8,-0.8,0.8,0.8,-0.8,-0.8,1.6,-0.8,-0.8,1.6,0.0,-0.8,2.4000000000000004,0.8,-1.6,0.8,0.0,-0.8,0.8,0.0,0.8,0.8,0.8,0.8,0.8,-0.8,0.0,0.0,-0.8,-0.8,0.8,-0.8,-0.8,0.0,-0.8,1.6,0.0,0.8,1.6,-1.6,0.8,-0.8,0.8,2.4000000000000004,0.0,0.8,1.6,0.8,1.6,-1.6,0.8,0.0,0.8,0.0,-0.8,0.8,0.0,0.8,1.6,-0.8,0.8,0.0,0.0,1.6,-0.8,0.8,0.0,0.0,0.8,-0.8,0.8,-0.8,1.6,0.0,0.0,0.8,-0.8,2.4000000000000004,1.6,0.0,1.6,1.6,1.6,-0.8,0.0,0.0,-0.8,0.8,0.8,0.0,-0.8,0.0,0.8,-0.8,0.0,0.8,0.0,0.8,0.0,0.0,0.0,1.6,0.0,-0.8,0.0,3.2,1.6,-0.8,0.0,0.8,0.0,0.8,-0.8,0.0,0.8,0.0,0.0,-0.8,0.8,0.8,0.0,0.0,0.8,0.0,0.8,0.8,0.0,-0.8,-0.8,-1.6,0.8,0.8,0.0,0.0,0.0,0.0,0.0,0.8,0.8,0.0,0.0,-0.8,0.8,0.0,0.0,0.8,1.6,1.6,-0.8,0.8,1.6,-0.8,0.0,-0.8,0.0,0.0,-0.8,1.6,-0.8,0.0,0.0,0.0,0.0,0.0,-0.8,0.8,-0.8,0.8,0.0,0.8,0.8,0.8,1.6,0.0,0.8,0.0,1.6,1.6,0.8,0.8,0.0,-0.8,0.8,-1.6,0.8,0.0,-0.8,0.8,-0.8,0.0,0.8,0.0,0.8,0.0,0.0,0.0,0.8,0.0,0.8,0.0,0.8,-0.8,-0.8,0.0,0.8,0.8,0.0,0.8,1.6,0.8,0.0,-0.8,0.0,0.8,1.6,0.0,-0.8,0.8,0.0,0.8,1.6,0.8,0.0,0.8,0.0,1.6,-0.8,0.0,0.8,-1.6,0.8,0.0,0.0,0.8,-0.8,0.8,0.0,-0.8,0.8,-0.8,0.0,-0.8,1.6,-0.8,0.0,1.6,0.8,0.0,0.0,0.8,0.0,-0.8,2.4000000000000004,0.0,0.0,0.8,-0.8,0.8,0.0,0.0,0.0,-0.8,0.8,0.0,0.0,0.0,0.0,0.0,-0.8,0.8,0.0,0.0,0.8,0.0,0.8,0.0,0.8,0.8,-0.8,1.6,0.8,0.0,0.8,-1.6,0.8,-1.6,0.8,0.8,-1.6,1.6,-0.8,0.0,1.6,0.8,0.8,0.8,0.0,0.8,-0.8,0.0,-2.4000000000000004,0.0,0.0,0.0,1.6,-1.6,0.8,0.8,0.0,0.8,0.0,0.0,0.8,-1.6,0.8,0.0,0.8,0.8,0.8,0.8,0.0,0.0,-0.8,0.8,0.0,-2.4000000000000004,1.6,0.0,0.0,1.6,0.8,-0.8,0.8,0.8,0.8,0.0,-0.8,0.0,0.0,0.0,-0.8,0.8,0.0,0.8,0.0,0.8,0.0,1.6,0.0,0.0,0.8,0.0,0.0,0.0,0.0,0.8,-1.6,0.0,0.0,0.8,-0.8,-0.8,0.0,0.8,0.8,-0.8,-0.8,0.0,-1.6,1.6,-0.8,0.0,0.8,0.0,1.6,0.0,0.0,1.6,-0.8,0.8,-0.8,-0.8,1.6,-0.8,0.8,-0.8,0.0,0.8,-0.8,0.8,-0.8,0.0,0.0,0.0,0.8,-0.8,0.8,-0.8,0.0,0.0,-2.4000000000000004,0.0,0.0,0.8,0.0,-0.8,1.6,0.0,0.0,0.8,-1.6,0.8,-1.6,0.8,0.0,-0.8,0.8,-0.8,-0.8,2.4000000000000004,0.0,0.0,0.0,0.8,0.0,0.0,-0.8,0.0,0.0,0.0,-2.4000000000000004,0.8,-0.8,0.0,0.0,-0.8,0.8,0.0,0.8,0.0,0.0,0.8,0.0,0.8,1.6,-1.6,0.8,-0.8,0.0,0.0,-1.6,0.0,0.0,0.8,2.4000000000000004,1.6,0.0,0.0,0.0,0.0,0.8,0.0,0.8,0.8,0.8,0.0,0.0,0.0,0.0,0.0,0.8,1.6,-0.8,0.8,0.8,0.0,0.8,0.0,0.0,0.8,-0.8,0.0,0.8,-0.8,0.8,0.0,-0.8,0.8,0.0,2.4000000000000004,0.8,0.8,0.8,-0.8,0.0,-0.8,0.0,1.6,-0.8,0.0,0.0,0.8,-0.8,-0.8,0.8,0.8,1.6,0.0,0.0,0.0,0.8,0.8,-0.8,-0.8,0.0,-0.8,0.8,0.0,1.6,0.0,0.0,0.8,-0.8,0.0,-0.8,0.0,1.6,-0.8,0.8,0.0,-0.8,0.0,0.0,0.8,0.8,-0.8,-0.8,0.8,0.0,0.8,0.8,0.0,0.8,0.8,0.0,1.6,0.8,1.6,0.0,0.0,0.0,0.0,0.8,0.8,1.6,0.8,-0.8,0.8,-1.6,0.8,0.0,0.0,0.0,0.0,-0.8,0.0,0.8,-0.8,0.8,0.8,0.0,0.0,1.6,1.6,0.0,-0.8,1.6,0.0,-0.8,0.0,-0.8,0.0,0.0,-0.8,0.0,-0.8,0.0,-0.8,0.8,1.6,-1.6,0.8,-0.8,0.0,0.8,-1.6,1.6,0.0,-0.8,-0.8,0.8,2.4000000000000004,-2.4000000000000004,0.8,2.4000000000000004,0.0,1.6,0.0,0.8,0.8,0.8,-0.8,-0.8,0.8,0.8,0.8,1.6,-0.8,1.6,-0.8,0.0,1.6,-1.6,0.8,0.0,0.0,0.0,0.8,0.0,0.0,0.8,0.8,1.6,1.6,-0.8,-0.8,-0.8,0.0,2.4000000000000004,-0.8,0.0,0.8,0.0,0.0,0.0,0.8,-0.8,-1.6,0.0,-0.8,-0.8,0.0,0.0,0.8,0.8,-0.8,0.0,0.0,0.0,-0.8,0.0,0.0,-0.8,0.0,0.0,0.0,0.0,0.0,0.0,0.8,0.0,0.8,1.6,0.0,0.0,0.8,0.0,0.0,0.0,0.0,0.8,0.8,-0.8,-0.8,0.0,-0.8,-0.8,0.8,0.8,0.0,0.0,0.0,0.8,0.0,0.8,0.8,0.0,-0.8,0.0,0.8,-0.8,0.8,-0.8,1.6,0.0,0.0,0.8,-2.4000000000000004,0.8,-0.8,-1.6,0.0,-0.8,0.0,0.0,-1.6,1.6,-0.8,-1.6,0.0,-0.8,-1.6,-1.6,0.0,-0.8,0.8,0.8,-1.6,1.6,0.0,0.8,0.0,0.0,0.0,-2.4000000000000004,0.0,0.8,1.6,0.0,0.0,1.6,-0.8,-1.6,2.4000000000000004,-1.6,0.8,-0.8,-1.6,1.6,-0.8,0.0,0.8,0.0,1.6,-0.8,0.8,-0.8,0.0,-0.8,0.0,0.8,0.0,-0.8,-0.8,-1.6,0.8,0.8,0.0,0.0,-0.8,0.8,0.0,0.0,0.8,-0.8,0.8,-1.6,0.0,0.8,0.0,-0.8,-0.8,0.8,-0.8,0.8,0.8,0.0,0.0,0.0,0.0,-1.6,0.8,0.0,-0.8,0.0,0.0,-0.8,-0.8,0.8,0.8,0.0,0.8,0.0,0.8,0.8,-0.8,-1.6,0.0,0.0,-1.6,0.0,0.8,0.8,0.0,0.0,0.8,0.0,0.0,0.8,0.8,0.0,0.0,0.0,0.8,-0.8,-0.8,0.8,0.8,0.8,-0.8,0.8,0.0,-0.8,-1.6,0.0,0.8,0.0,-0.8,0.0,0.0,0.0,-0.8,0.8,0.0,0.0,0.0,0.0,0.8,0.0,0.0,1.6,0.0,0.8,0.0,0.0,-0.8,0.0,0.0,0.8,-0.8,0.8,-0.8,-0.8,0.0,-0.8,-0.8,0.0,0.0,-0.8,0.0,0.0,-0.8,0.0,0.8,0.0,0.0,-0.8,0.8,0.8,0.0,0.0,-0.8,-0.8,-0.8,0.0,-0.8,-0.8,0.0,0.8,0.0,1.6,0.8,0.0,0.8,-1.6,0.0,-0.8,0.8,0.8,0.0,0.8,0.8,-0.8,1.6,-1.6,0.0,0.0,0.0,-1.6,0.8,0.8,0.0,-1.6,0.0,1.6,0.8,-0.8,0.8,0.8,-1.6,-0.8,-1.6,0.0,0.8,-0.8,0.0,1.6,0.0,0.8,0.0,0.8,0.0,0.0,0.8,0.0,2.4000000000000004,-0.8,1.6,0.8,-0.8,0.0,0.8,0.0,0.0,0.0,0.0,-1.6,-0.8,-0.8,1.6,0.8,-0.8,0.0,0.0,0.0,1.6,-0.8,0.8,-0.8,1.6,0.0,-0.8,0.8,0.0,0.8,0.0,-1.6,0.8,0.8,0.8,0.0,-0.8,0.8,0.0,0.0,-0.8,0.8,1.6,0.0,0.0,0.0,-0.8,0.0,0.0,1.6,0.0,1.6,0.8,-0.8,1.6,0.0,0.0,0.8,0.0,0.0,0.0,1.6,0.0,0.8,0.0,1.6,0.0,0.0,0.0,-0.8,0.8,0.8,-1.6,0.0,-0.8,0.8,0.0,0.0,1.6,-1.6,0.0,0.8,0.0,0.0,-0.8,0.8,0.0,0.0,1.6,0.8,1.6,0.0,0.8,0.8,0.0,0.8,-0.8,0.0,0.8,0.8,0.0,0.0,1.6,0.8,0.0,0.8,-0.8,1.6,-1.6,0.0,0.8,-0.8,0.8,0.0,0.0,0.8,-2.4000000000000004,0.8,-0.8,0.8,0.0,0.0,0.0,0.8,0.8,-0.8,0.0,0.8,0.0,0.0,0.0,-0.8,0.8,-0.8,0.0,0.0,-0.8,0.0,-0.8,0.8,0.8,-0.8,0.8,-0.8,0.0,-0.8,-0.8,0.8,-0.8,0.8,-0.8,-0.8,0.0,0.0,0.8,0.0,0.0,-0.8,-1.6,0.0,0.0,0.8,0.0,-0.8,0.0,-0.8,0.8,-0.8,-1.6,0.8,0.0,-0.8,0.0,0.0,0.0,0.0,0.8,0.8,0.0,0.0,0.0,0.8,-0.8,0.0,0.0,0.0,0.8,-0.8,0.0,0.0,0.0,-0.8,0.8,1.6,0.8,0.0,0.0,0.8,2.4000000000000004,-0.8,0.0,0.8,1.6,-0.8,0.8,0.8,0.8,-0.8,-1.6,-1.6,1.6,-1.6,0.0,0.8,1.6,-0.8,-0.8,0.0,0.8,0.0,0.8,0.8,0.8,-0.8,0.0,0.0,0.8,0.0,0.8,0.8,-0.8,0.8,0.8,-0.8,0.8,0.0,0.8,0.0,-0.8,0.0,0.0,0.8,0.8,-1.6,0.0,0.0,0.0,0.0,0.0,0.8,0.0,0.8,0.8,0.0,1.6,0.0,-0.8,-0.8,0.0,1.6,-0.8,0.8,0.0,0.0,1.6,0.8,-0.8,0.0,-0.8,0.0,-0.8,0.0,0.8,0.8,0.0,0.0,0.8,0.0,1.6,0.0,0.0,0.0,-0.8,-0.8,0.0,-0.8,0.0,-0.8,0.8,0.0,-0.8,0.8,-0.8,0.0,-0.8,0.8,0.0,0.8,0.0,0.8,0.8,0.0,1.6,0.0,0.0,-0.8,0.0,0.8,-0.8,0.8,0.8,0.8,0.8,-0.8,0.0,0.0,0.0,0.8,-1.6,0.0,-0.8,1.6,-0.8,-2.4000000000000004,0.8,0.0,0.8,0.8,-0.8,1.6,0.8,0.0,0.8,0.0,0.8,0.0,0.8,-0.8,0.8,0.8,-0.8,1.6,0.0,-1.6,0.8,-0.8,0.0,-0.8,0.8,0.8,-0.8,1.6,0.0,0.8,0.8,-0.8,0.0,-0.8,1.6,0.8,-0.8,0.8,0.0,0.0,0.8,0.0,-0.8,0.8,0.0,-0.8,0.8,0.8,-0.8,0.8,0.8,1.6,0.8,-0.8,0.8,0.0,0.0,0.8,0.0,0.8,0.0,-1.6,0.0,1.6,1.6,0.8,0.0,0.0,0.8,-0.8,-0.8,0.0,1.6,0.8,0.8,1.6,1.6,-1.6,0.8,0.0,0.0,0.0,-1.6,0.8,-0.8,0.8,0.8,0.0,1.6,0.0,0.0,-0.8,0.8,-0.8,0.8,1.6,0.0,0.8,-0.8,-0.8,1.6,0.0,0.0,0.0,-0.8,2.4000000000000004,0.0,0.0,0.0,0.0,0.0,-1.6,0.0,0.8,0.8,0.8,0.8,0.0,0.0,-0.8,0.0,1.6,0.8,-3.2,2.4000000000000004,2.4000000000000004,-1.6,0.0,1.6,0.8,-1.6,-1.6,3.2,0.0,-0.8,0.8,0.8,2.4000000000000004,-0.8,1.6,0.0,-1.6,0.8,-1.6,0.8,0.8,0.0,1.6,-0.8,0.8,0.8,0.8,1.6,0.0,0.8,0.0,0.8,0.0,0.0,1.6,-0.8,0.8,1.6,0.8,0.8,0.8,0.0,1.6,-2.4000000000000004,0.8,0.0,1.6,0.0,0.0,1.6,0.0,0.8,0.8,-0.8,1.6,0.0,0.0,-0.8,0.8,0.8,1.6,1.6,0.8,0.0,0.8,0.0,1.6,-0.8,0.8,0.0,0.8,0.0,-0.8,0.8,0.8,-0.8,-0.8,-0.8,0.0,0.0,1.6,-0.8,0.0,0.0,-0.8,0.0,0.0,0.8,0.0,0.0,0.8,0.0,0.8,-0.8,0.0,1.6,-0.8,0.0,0.8,0.8,0.8,-0.8,0.0,0.0,0.0,-0.8,0.0,2.4000000000000004,0.0,1.6,0.8,0.0,1.6,-0.8,0.0,0.8,0.8,0.8,-2.4000000000000004,0.0,-0.8,0.8,1.6,0.0,0.8,0.0,0.0,1.6,-0.8,0.0,-0.8,0.8,-0.8,-1.6,1.6,0.0,1.6,0.0,0.8,0.8,0.0,0.0,0.8,0.8,0.0,0.8,0.8,-0.8,0.8,1.6,-1.6,0.8,0.0,0.8,0.0,-0.8,0.0,0.8,0.0,1.6,0.0,0.8,0.8,0.0,0.8,0.8,0.0,0.8,0.0,2.4000000000000004,-0.8,0.0,0.0,0.0,0.0,0.0,0.0,0.0,0.8,0.8,0.8,0.0,0.0,0.0,0.8,-1.6,0.8,0.8,-0.8,-0.8,-0.8,-2.4000000000000004,0.8,0.8,0.8,-0.8,0.8,0.8,0.0,2.4000000000000004,0.0,0.0,0.0,-0.8,0.0,0.8,0.8,0.8,0.0,-0.8,0.8,0.8,1.6,-0.8,0.0,0.0,0.0,0.0,0.0,0.8,0.0,0.8,0.0,0.0,0.0,-0.8,0.0,0.8,0.0,0.0,0.8,0.0,0.0,-0.8,0.0,0.8,1.6,0.0,0.8,0.0,0.0,0.0,-0.8,0.0,1.6,-0.8,1.6,-0.8,1.6,0.8,0.0,0.8,0.8,0.8,0.8,0.0,0.8,0.0,1.6,0.8,-0.8,0.0,0.0,0.8,0.0,0.0,0.8,0.0,0.8,0.8,0.8,0.8,-0.8,-0.8,0.0,0.0,0.8,0.8,0.8,0.0,0.8,0.0,0.0,0.0,-0.8,0.8,0.8,0.0,0.0,0.8,-0.8,0.8,2.4000000000000004,0.0,0.0,0.0,0.0,0.8,0.8,0.8,-0.8,0.0,-0.8,-1.6,1.6,0.8,0.0,0.8,-0.8,1.6,0.0,0.8,0.8,0.0,2.4000000000000004,-0.8,0.0,1.6,0.8,1.6,-0.8,0.8,0.8,-0.8,2.4000000000000004,0.8,0.8,-0.8,1.6,0.0,-0.8,2.4000000000000004,-0.8,-0.8,2.4000000000000004,0.0,0.8,0.8,0.0,1.6,0.0,-0.8,0.0,2.4000000000000004,0.8,-1.6,1.6,0.0,0.0,1.6,-0.8,1.6,-0.8,-0.8,0.0,0.0,0.0,0.0,1.6,0.0,0.0,0.0,-0.8,1.6,-0.8,0.0,0.0,-0.8,1.6,0.0,0.0,0.8,0.0,0.8,0.0,0.0,0.8,0.0,0.8,0.0,1.6,0.0,-0.8,0.0,0.8,0.8,-0.8,0.0,0.0,-0.8,0.0,-0.8,0.0,0.0,0.8,1.6,0.0,0.0,0.0,-0.8,0.8,-1.6,0.0,0.0,0.8,0.0,0.8,0.0,-0.8,0.0,0.8,-0.8,0.0,0.8,0.0,-0.8,0.8,1.6,0.0,0.8,0.0,0.0,-0.8,0.0,0.8,0.8,-0.8,-0.8,0.8,0.8,-1.6,-0.8,0.0,1.6,0.0,-0.8,0.8,-0.8,0.8,0.8,0.0,0.0,0.0,0.0,0.0,0.0,1.6,-0.8,0.8,-0.8,0.0,0.8,-0.8,0.0,0.0,0.0,0.8,-1.6,0.0,0.0,0.0,0.8,0.0,0.0,0.0,-1.6,1.6,-0.8,0.8,0.0,-0.8,-0.8,-0.8,0.8,-0.8,2.4000000000000004,0.8,-0.8,0.8,-0.8,0.0,0.0,-1.6,0.0,1.6,0.8,0.0,0.0,0.0,-0.8,0.8,0.0,0.0,0.8,0.8,0.8,0.8,0.0,0.8,0.8,0.8,-1.6,0.0,1.6,0.0,0.0,0.0,1.6,0.8,0.0,0.8,-0.8,0.8,0.0,-0.8,0.0,0.8,0.8,0.8,0.8,0.0,0.8,0.0,0.0,1.6,0.0,-0.8,-0.8,0.8,0.8,-0.8,0.8,0.8,0.8,0.0,0.0,1.6,0.8,-0.8,-0.8,0.8,0.8,0.0,0.8,0.8,0.8,0.8,0.8,0.8,0.8,0.0,0.0,0.0,0.8,-0.8,1.6,0.8,0.8,0.0,-0.8,0.8,0.8,-0.8,1.6,0.0,1.6,0.0,0.0,0.8,0.8,0.8,0.0,0.0,0.0,0.8,0.8,-0.8,0.8,0.8,0.0,0.8,-0.8,1.6,0.0,0.0,0.0,-0.8,-0.8,0.0,0.8,0.0,0.0,0.8,0.0,0.0,0.8,0.0,0.0,1.6,0.0,-0.8,-0.8,1.6,0.8,0.0,0.0,0.8,0.0,0.8,-0.8,-1.6,1.6,-0.8,-1.6,0.8,0.8,0.0,0.8,1.6,0.8,0.8,0.8,-0.8,0.0,-0.8,-0.8,0.8,0.0,0.8,0.8,0.0,0.8,-0.8,0.8,0.0,0.0,0.8,-1.6,1.6,0.0,1.6,0.0,0.0,0.8,0.8,-0.8,0.0,-1.6,0.8,-0.8,0.0,0.0,0.8,0.8,0.0,0.8,0.0,-1.6,0.0,-2.4000000000000004,0.8,-0.8,0.0,0.8,0.0,0.8,0.0,-0.8,1.6,-0.8,1.6,0.0,0.0,0.8,0.0,0.8,-0.8,0.8,0.8,-0.8,0.8,0.8,1.6,0.0,0.0,1.6,-0.8,0.8,0.0,0.0,1.6,0.0,1.6,0.0,0.0,0.8,-1.6,2.4000000000000004,-0.8,-1.6,1.6,0.8,0.8,-0.8,0.8,1.6,0.8,1.6,0.0,0.0,1.6,1.6,0.8,0.0,1.6,0.8,0.0,1.6,0.0,0.8,0.8,0.8,0.8,-1.6,0.8,0.8,0.8,-1.6,2.4000000000000004,1.6,-2.4000000000000004,2.4000000000000004,3.2,0.0,0.8,2.4000000000000004,0.0,0.0,1.6,1.6,0.8,0.0,-0.8,2.4000000000000004,0.0,0.8,0.8,0.8,0.0,-1.6,0.0,1.6,0.8,1.6,0.0,1.6,0.8,0.8,0.8,0.0,1.6,0.0,0.0,1.6,0.8,0.0,0.8,0.8,1.6,0.8,1.6,-0.8,2.4000000000000004,0.8,-0.8,2.4000000000000004,0.0,0.8,0.0,0.0,1.6,0.0,0.8,0.0,0.0,0.0,-0.8,0.8,0.0,0.0,0.0,-0.8,0.0,0.0,0.0,0.8,0.8,-0.8,-0.8,0.0,2.4000000000000004,0.8,0.0,0.0,0.8,0.0,0.0,0.0,0.0,0.8,1.6,-2.4000000000000004,1.6,0.0,0.0,-0.8,0.8,1.6,0.0,0.8,1.6,0.0,0.0,0.0,1.6,0.0,-0.8,-0.8,0.0,0.8,-0.8,1.6,0.8,-0.8,0.8,0.0,-0.8,0.8,1.6,0.0,0.8,0.8,0.8,0.0,0.8,0.0,0.8,0.0,-0.8,0.0,0.0,0.0,0.8,0.0,0.8,0.0,0.0,0.0,0.8,0.0,1.6,0.0,0.8,-0.8,-0.8,0.8,0.8,0.0,0.0
event_70,1625266868.4411077,-0.8,0.8,-0.8,0.8,-0.8,0.0,0.0,0.8,-0.8,-1.6,0.0,-0.8,0.0,0.0,0.8,-0.8,0.0,-0.8,1.6,0.8,-0.8,1.6,0.0,-0.8,1.6,0.8,0.8,0.8,0.8,1.6,0.8,0.8,-0.8,0.0,0.8,0.0,0.0,0.8,0.8,0.8,0.8,0.8,0.0,1.6,0.0,0.0,0.8,-1.6,0.0,0.8,0.0,0.0,0.8,0.0,0.8,0.0,0.8,0.8,0.0,-0.8,-1.6,1.6,0.0,0.8,0.8,0.8,0.8,0.0,-0.8,0.0,0.0,0.8,-0.8,0.8,0.0,0.8,0.8,0.8,1.6,0.8,-0.8,1.6,0.0,0.8,-0.8,0.8,0.8,1.6,0.8,-1.6,0.0,0.8,-0.8,0.8,0.0,0.0,0.0,0.0,0.8,-0.8,0.8,0.0,-6.4,-35.2,-49.60000000000001,-31.200000000000003,-12.8,-7.200000000000001,-1.6,0.0,-0.8,-2.4000000000000004,-1.6,-2.4000000000000004,0.0,0.0,-0.8,-0.8,-0.8,0.0,0.8,-0.8,-0.8,0.0,0.8,0.0,0.8,0.8,-0.8,0.8,1.6,0.8,0.8,1.6,1.6,-0.8,0.0,0.0,0.0,0.0,-0.8,0.8,0.8,0.0,0.0,0.8,0.8,0.8,0.8,0.0,0.0,0.0,-0.8,0.8,0.0,0.8,1.6,0.0,0.8,0.0,0.8,1.6,0.0,0.0,0.0,0.8,1.6,-0.8,2.4000000000000004,0.0,1.6,0.0,-1.6,1.6,-0.8,0.0,0.8,0.0,1.6,-2.4000000000000004,0.0,0.0,0.8,1.6,0.0,0.8,0.0,0.0,0.0,-0.8,0.8,0.0,0.8,0.0,-2.4000000000000004,1.6,0.8,0.8,0.0,-0.8,0.8,-0.8,0.0,0.8,0.8,0.8,-0.8,0.8,-0.8,0.0,1.6,-1.6,-0.8,0.8,0.0,0.0,0.0,0.8,-0.8,0.8,0.0,-1.6,0.8,1.6,0.0,0.0,-1.6,0.8,0.0,0.8,-0.8,0.0,0.8,0.0,0.0,-0.8,0.8,0.0,-0.8,0.8,0.8,0.0,0.8,0.0,0.8,-0.8,0.0,0.0,-0.8,-0.8,-1.6,0.0,1.6,0.0,0.8,0.8,0.8,-0.8,0.0,0.0,-0.8,0.0,-1.6,0.0,0.8,0.8,0.8,0.8,0.0,0.0,0.0,-0.8,-0.8,0.8,0.0,0.8,0.8,0.0,0.0,-0.8,0.0,0.8,-1.6,1.6,0.0,0.8,0.0,-0.8,0.0,-1.6,0.8,0.0,0.8,0.0,-0.8,1.6,0.0,0.0,0.0,0.8,0.0,-1.6,0.8,0.8,-0.8,2.4000000000000004,-0.8,0.0,0.0,-0.8,1.6,-0.8,0.8,0.0,-0.8,2.4000000000000004,0.0,1.6,2.4000000000000004,0.0,0.0,0.0,1.6,1.6,0.0,0.8,0.0,0.8,0.8,0.0,-1.6,0.8,1.6,-2.4000000000000004,-0.8,4.0,-1.6,-0.8,0.8,1.6,-0.8,-0.8,2.4000000000000004,0.0,-0.8,-1.6,0.8,0.0,-0.8,0.8,0.0,0.8,0.8,-0.8,2.4000000000000004,0.8,-0.8,0.0,-0.8,1.6,0.8,0.0,1.6,0.8,1.6,-0.8,0.8,0.8,0.0,0.0,0.0,-0.8,-1.6,0.0,0.8,0.8,0.0,-0.8,0.0,-0.8,0.8,1.6,0.0,0.0,0.0,0.8,0.0,1.6,1.6,-0.8,0.0,-0.8,0.0,0.8,0.0,0.8,0.8,0.8,0.0,-0.8,0.0,0.8,1.6,0.0,0.0,0.0,-0.8,0.0,-0.8,-0.8,0.8,-0.8,0.8,-0.8,0.8,0.0,-2.4000000000000004,0.8,-1.6,-0.8,0.8,0.8,0.8,-0.8,0.8,0.8,-0.8,1.6,0.0,0.0,1.6,0.0,0.8,0.0,0.0,0.8,0.8,0.0,-0.8,0.8,0.0,0.0,0.8,-1.6,0.0,-1.6,-0.8,0.8,-0.8,0.0,0.8,0.8,0.0,0.0,0.8,0.8,-0.8,1.6,0.0,3.2,0.0,0.8,0.0,0.0,0.8,0.0,-0.8,0.0,-1.6,0.0,0.0,0.0,0.0,0.8,0.8,0.0,-0.8,0.8,0.0,0.8,0.0,0.0,1.6,-0.8,0.0,0.0,0.8,0.8,0.0,0.8,-0.8,-0.8,0.8,0.0,0.0,0.0,0.0,0.8,0.8,0.0,0.8,1.6,0.8,0.8,0.0,-0.8,-0.8,0.8,-0.8,-0.8,0.8,0.0,0.0,0.0,0.0,-1.6,0.8,0.0,-0.8,0.8,0.8,0.0,0.0,0.0,1.6,0.0,0.8,0.0,0.0,-0.8,0.0,-0.8,1.6,0.0,0.8,0.8,0.8,1.6,0.0,0.8,-0.8,0.0,0.0,-1.6,0.0,-0.8,0.8,0.0,0.0,1.6,0.0,0.0,0.8,0.0,0.8,-0.8,1.6,0.0,1.6,0.8,-0.8,2.4000000000000004,0.0,0.8,0.8,-0.8,1.6,-1.6,-0.8,0.0,0.0,0.8,0.8,1.6,0.8,-0.8,1.6,0.8,0.8,0.0,0.0,1.6,0.8,0.0,0.0,0.8,0.0,0.0,0.0,0.0,0.8,0.8,1.6,0.8,0.0,0.8,0.0,0.0,-0.8,0.0,1.6,0.0,0.8,-0.8,0.0,0.0,0.0,1.6,-0.8,1.6,0.0,0.0,0.8,0.0,0.8,0.8,0.0,0.0,-0.8,1.6,-0.8,0.0,0.8,0.0,1.6,0.8,0.0,0.0,0.8,0.8,-0.8,0.8,0.0,0.8,1.6,-0.8,1.6,0.0,0.8,0.8,-1.6,0.8,-0.8,0.0,1.6,-1.6,0.8,0.8,1.6,0.0,-0.8,1.6,0.8,0.8,-0.8,0.0,1.6,1.6,0.0,0.0,1.6,0.8,-0.8,1.6,0.8,-0.8,2.4000000000000004,0.0,0.0,-0.8,0.0,1.6,0.0,0.8,-0.8,0.0,1.6,-0.8,0.8,0.8,0.8,2.4000000000000004,0.0,0.8,0.0,0.0,0.8,0.8,1.6,-0.8,1.6,0.8,0.0,0.8,0.0,0.8,0.0,-0.8,1.6,0.0,0.0,1.6,0.0,0.0,0.0,1.6,0.8,0.0,0.8,0.8,0.8,0.8,0.0,0.0,0.8,0.0,-0.8,0.8,0.8,0.0,0.0,0.0,1.6,0.8,1.6,0.8,0.0,1.6,0.8,0.8,-0.8,0.0,0.8,0.8,0.8,0.8,0.8,0.8,0.8,1.6,-0.8,0.8,1.6,0.8,0.0,0.0,1.6,0.8,1.6,0.8,0.0,2.4000000000000004,0.8,0.0,1.6,0.8,3.2,-0.8,1.6,1.6,1.6,1.6,-0.8,0.8,0.0,-0.8,1.6,0.0,0.0,0.0,0.8,2.4000000000000004,0.8,0.0,0.0,0.0,1.6,-0.8,1.6,-0.8,0.8,0.8,-0.8,1.6,-0.8,0.8,1.6,0.8,0.8,0.8,1.6,0.8,0.0,1.6,-0.8,0.8,0.8,0.8,1.6,-0.8,0.8,0.0,-0.8,0.8,0.0,0.8,0.0,0.0,0.8,-0.8,1.6,0.8,0.0,1.6,-0.8,-0.8,-0.8,2.4000000000000004,0.0,0.8,1.6,0.8,0.8,1.6,0.0,0.0,0.0,0.0,0.8,0.8,0.8,0.0,0.8,0.0,-0.8,0.8,-0.8,0.0,0.8,0.0,-0.8,0.8,0.0,0.8,-0.8,-0.8,0.8,0.8,0.8,0.0,-1.6,0.8,-0.8,1.6,0.8,0.8,0.0,0.8,2.4000000000000004,0.8,0.0,1.6,0.0,1.6,-0.8,0.0,0.0,0.0,0.8,0.0,1.6,1.6,0.0,0.8,0.0,0.8,-1.6,0.8,0.0,0.0,0.0,0.0,0.0,0.0,0.8,1.6,0.0,-0.8,2.4000000000000004,0.0,-0.8,0.8,0.8,0.0,0.0,0.0,-0.8,1.6,0.8,0.8,0.8,-0.8,0.0,2.4000000000000004,-0.8,0.8,0.0,0.8,-0.8,0.0,0.8,0.0,1.6,0.0,-0.8,0.8,2.4000000000000004,0.0,0.8,0.0,0.8,0.8,2.4000000000000004,-0.8,0.0,0.8,-0.8,-0.8,0.0,1.6,0.0,0.0,0.0,0.8,0.8,0.8,0.0,0.8,-0.8,0.8,-0.8,0.0,0.8,0.0,0.8,0.8,0.8,0.8,0.8,0.0,-0.8,-0.8,0.0,1.6,1.6,-0.8,0.8,0.8,1.6,0.0,2.4000000000000004,0.0,-0.8,0.8,-1.6,0.8,-0.8,-0.8,1.6,0.0,0.8,0.0,0.0,0.0,0.0,-0.8,0.0,-0.8,0.8,-0.8,0.8,0.0,0.8,0.8,0.0,0.0,-0.8,1.6,0.8,0.0,0.8,0.0,0.8,-0.8,0.0,0.8,-0.8,0.0,0.0,-1.6,0.0,0.0,0.8,0.0,-0.8,0.8,0.8,1.6,0.0,0.8,0.8,-0.8,0.0,-2.4000000000000004,0.0,0.8,0.0,0.8,-0.8,1.6,0.8,0.0,0.0,0.0,2.4000000000000004,0.8,0.8,0.8,-1.6,1.6,0.0,0.0,1.6,0.0,0.0,0.0,1.6,0.0,0.0,1.6,0.8,0.0,0.8,0.8,0.8,0.8,0.8,1.6,0.0,1.6,-0.8,0.8,0.8,1.6,0.8,0.0,1.6,0.8,0.0,0.0,0.0,0.0,-2.4000000000000004,1.6,2.4000000000000004,-0.8,-0.8,3.2,0.8,-0.8,1.6,1.6,0.0,0.8,-0.8,0.0,0.0,-0.8,0.8,0.0,0.0,-0.8,0.8,0.8,0.8,0.0,1.6,0.8,-0.8,-0.8,0.8,0.0,0.8,0.0,0.0,0.8,-1.6,0.8,0.0,-0.8,0.0,-0.8,0.8,-1.6,-0.8,0.8,-0.8,0.8,0.8,0.0,0.8,-0.8,0.0,-0.8,0.8,0.8,-0.8,1.6,0.0,0.8,0.0,-0.8,0.0,0.0,0.0,-0.8,0.0,0.8,0.0,0.0,-0.8,0.8,0.8,0.0,0.8,0.0,-0.8,0.8,0.0,0.8,-0.8,0.8,0.0,0.8,1.6,0.0,0.0,-1.6,0.0,0.8,-1.6,0.0,2.4000000000000004,-0.8,0.8,0.8,0.8,-0.8,0.0,1.6,0.0,0.8,0.0,0.0,0.8,-0.8,1.6,0.0,-0.8,-0.8,0.0,-0.8,0.0,-0.8,0.8,0.8,0.8,0.0,1.6,0.0,0.0,0.0,0.0,0.8,0.8,0.8,0.8,0.0,-0.8,0.0,0.0,0.0,0.0,0.8,0.0,0.0,0.0,0.0,-0.8,0.0,0.8,-0.8,0.8,0.0,0.0,0.0,0.8,0.8,-0.8,0.0,0.0,-0.8,0.0,0.0,0.8,-0.8,0.0,0.8,0.0,1.6,0.0,0.0,0.0,-1.6,0.8,0.0,0.8,0.8,-0.8,0.8,0.8,0.8,0.8,0.0,1.6,-0.8,0.0,0.0,0.8,0.8,-0.8,0.8,0.8,0.0,1.6,0.0,1.6,0.0,-0.8,1.6,-0.8,1.6,0.0,0.0,1.6,0.0,0.0,0.0,0.8,0.0,-0.8,0.8,-0.8,0.8,0.0,0.8,2.4000000000000004,0.8,0.8,0.0,0.0,1.6,0.0,0.8,0.0,0.8,0.0,0.8,0.8,0.8,0.8,0.8,0.0,0.0,1.6,0.0,0.8,0.0,0.8,0.8,-1.6,-0.8,0.0,0.8,0.8,0.0,-0.8,-0.8,0.8,0.8,0.8,0.8,0.0,2.4000000000000004,0.0,0.0,0.0,0.0,1.6,-0.8,-0.8,1.6,0.8,0.8,0.0,0.0,1.6,0.8,0.0,0.0,-0.8,1.6,0.0,0.0,0.8,0.0,0.8,1.6,0.0,1.6,0.8,0.8,0.0,0.8,0.0,-0.8,1.6,0.8,0.0,0.8,-1.6,1.6,0.8,0.8,0.0,0.0,0.8,-0.8,0.8,1.6,1.6,1.6,-0.8,0.0,1.6,0.0,2.4000000000000004,0.8,1.6,-0.8,0.0,0.0,0.0,0.8,0.0,0.8,0.8,-0.8,1.6,0.8,0.0,-0.8,0.0,0.8,0.0,-0.8,0.0,0.8,1.6,0.8,0.8,0.8,0.0,2.4000000000000004,0.0,0.8,0.0,0.8,0.8,-0.8,0.8,1.6,0.8,0.8,0.0,0.8,0.0,0.0,0.8,0.0,0.8,0.8,0.0,0.0,0.8,0.8,0.0,0.8,0.0,0.8,-0.8,1.6,0.8,-0.8,0.0,1.6,0.8,0.8,0.0,0.8,0.8,1.6,0.0,-0.8,0.8,0.0,0.8,0.0,0.8,0.8,0.0,0.8,0.8,0.0,0.8,-0.8,1.6,-0.8,0.0,0.8,0.0,0.8,0.0,1.6,-0.8,0.0,0.0,-1.6,0.8,1.6,0.8,1.6,0.0,2.4000000000000004,-0.8,0.8,0.8,0.0,1.6,-1.6,0.8,0.8,0.0,2.4000000000000004,0.0,1.6,0.8,0.8,0.8,-0.8,0.8,1.6,0.0,0.8,-0.8,0.8,-0.8,-1.6,1.6,0.0,0.8,0.0,1.6,1.6,0.0,2.4000000000000004,0.0,-0.8,0.8,-1.6,2.4000000000000004,1.6,-0.8,0.8,-0.8,0.0,0.0,0.0,0.0,0.0,1.6,0.8,0.8,1.6,-0.8,0.8,0.0,0.0,0.0,-0.8,0.8,-0.8,1.6,0.0,0.8,1.6,0.0,0.0,0.0,0.8,0.0,-0.8,0.0,0.8,0.8,0.0,0.0,1.6,-0.8,-0.8,0.0,0.0,0.0,-0.8,0.0,0.0,0.0,-0.8,-0.8,0.8,0.0,0.0,1.6,0.0,0.0,-0.8,0.8,0.0,1.6,0.8,0.0,0.8,-0.8,0.0,0.0,-0.8,0.8,-0.8,-0.8,0.0,0.0,0.8,1.6,0.0,0.0,0.0,0.8,-1.6,0.8,-0.8,1.6,-0.8,0.0,0.0,-0.8,0.8,0.0,0.0,0.8,-0.8,-0.8,0.0,0.0,0.0,0.0,0.8,0.8,0.0,0.0,0.8,0.8,-0.8,0.0,-0.8,-1.6,1.6,0.8,0.8,-0.8,-0.8,0.0,-1.6,1.6,0.0,-0.8,1.6,-0.8,-0.8,-0.8,0.8,0.8,-0.8,0.8,0.0,0.0,2.4000000000000004,-0.8,-0.8,0.0,0.0,-0.8,-0.8,0.8,0.8,0.0,0.0,0.0,0.8,-1.6,0.0,0.8,-1.6,0.0,0.0,0.0,0.0,-0.8,0.0,0.8,0.0,0.0,0.8,0.8,-0.8,-0.8,0.8,-0.8,1.6,0.0,0.0,0.8,0.8,0.0,0.8,0.0,0.8,-0.8,-0.8,0.8,-0.8,0.0,0.8,0.0,0.8,-0.8,0.8,0.0,0.8,0.0,0.0,0.0,0.8,-0.8,-1.6,0.0,0.8,-0.8,0.0,0.8,-0.8,0.8,0.8,0.0,0.0,0.0,0.0,-0.8,0.0,0.8,0.8,-0.8,0.0,0.0,-0.8,-0.8,0.8,0.0,0.0,0.8,0.0,-0.8,0.0,0.8,-1.6,0.8,-0.8,-1.6,0.8,-0.8,0.8,0.8,0.0,1.6,0.0,1.6,-0.8,-0.8,0.8,0.0,-0.8,0.8,0.8,0.8,-0.8,0.0,0.8,0.0,0.0,0.0,1.6,-1.6,0.0,0.8,-0.8,0.8,0.8,0.0,1.6,-0.8,0.8,0.0,0.0,0.8,-0.8,0.8,0.8,1.6,0.0,0.0,0.8,0.8,-0.8,0.8,0.0,0.0,0.0,-0.8,-0.8,-0.8,0.0,1.6,1.6,-0.8,0.0,0.8,0.0,0.8,0.8,0.0,0.0,0.8,0.8,-0.8,0.8,0.0,0.8,0.8,0.0,-0.8,0.8,0.8,-0.8,0.8,0.0,0.0,0.0,-1.6,0.8,1.6,0.0,0.0,0.0,0.0,-0.8,0.8,0.0,-0.8,2.4000000000000004,-0.8,0.0,0.0,-0.8,1.6,0.8,0.0,0.0,0.8,2.4000000000000004,-0.8,1.6,0.0,0.0,0.8,0.0,0.0,-0.8,0.8,0.8,-1.6,0.8,0.0,0.8,0.8,0.0,0.8,-0.8,0.0,0.0,0.8,0.8,0.0,0.0,0.8,0.0,1.6,0.0,0.8,0.8,0.8,1.6,0.0,1.6,-0.8,0.0,0.0,0.8,1.6,-0.8,1.6,1.6,-0.8,0.8,0.0,0.0,0.0,0.0,0.8,0.0,0.0,0.8,-0.8,1.6,-1.6,-0.8,0.0,0.0,0.0,0.8,-0.8,0.8,0.8,-0.8,0.0,0.0,0.0,0.0,-2.4000000000000004,0.0,2.4000000000000004,-2.4000000000000004,-2.4000000000000004,2.4000000000000004,0.0,-1.6,-0.8,0.8,0.0,0.8,0.0,1.6,0.0,-1.6,0.0,0.0,0.8,0.0,0.0,0.8,0.0,0.8,0.0,0.8,0.8,-2.4000000000000004,-0.8,0.0,0.8,0.8,0.0,1.6,0.8,0.8,1.6,0.0,0.8,0.8,0.0,-0.8,-0.8,0.0,0.0,0.8,0.8,0.0,1.6,-0.8,0.0,1.6,-0.8,0.8,-0.8,0.0,0.8,-0.8,0.8,0.0,0.0,0.0,0.0,0.8,-0.8,0.0,-0.8,0.8,2.4000000000000004,-0.8,1.6,0.8,1.6,0.0,0.0,0.8,0.8,0.0,0.0,-0.8,0.8,0.0,0.8,0.0,0.0,0.0,0.0,0.0,0.0,-2.4000000000000004,1.6,-0.8,0.8,0.0,0.0,0.0,0.8,0.8,0.8,0.0,0.0,0.8,1.6,0.0,0.0,0.8,0.8,0.8,0.0,0.8,0.8,-0.8,0.0,-0.8,0.0,0.0,-0.8,0.8,0.0,0.8,0.8,0.0,0.8,0.8,0.8,2.4000000000000004,0.0,0.0,1.6,0.8,0.0,0.8,0.8,1.6,0.8,1.6,0.0,-0.8,0.0,-0.8,0.0,0.0,0.0,1.6,0.0,0.8,0.8,-0.8,0.8,0.0,1.6,0.0,-0.8,0.0,0.0,0.8,0.0,0.0,1.6,0.0,0.8,0.0,0.0,1.6,-1.6,1.6,-0.8,0.8,0.8,0.8,1.6,0.0,0.8,0.8,0.0,0.0,-0.8,0.0,0.0,0.8,0.8,0.0,1.6,0.0,-0.8,0.8,0.0,2.4000000000000004,0.0,0.8,0.0,1.6,0.8,0.0,0.8,0.8,0.0,1.6,0.0,0.8,1.6,0.8,1.6,0.0,0.8,0.8,-0.8,0.8,0.8,1.6,0.8,0.0,0.8,-0.8,1.6,1.6,-0.8,0.8,0.8,1.6,0.0,1.6,0.0,0.8,0.0,-0.8,-1.6,-0.8,1.6,1.6,-0.8,0.8,1.6,0.0,0.8,0.0,-0.8,1.6,0.0,-0.8,0.8,0.8,1.6,0.0,0.8,2.4000000000000004,0.0,0.0,0.0,0.0,0.8,0.0,0.0,0.0,0.8,0.0,0.0,1.6,0.8,0.0,1.6,-0.8,1.6,-1.6,0.8,1.6,0.8,1.6,0.8,1.6,1.6,0.0,1.6,0.0,0.8,0.0,-0.8,0.0,-0.8,0.0,1.6,0.8,1.6,-0.8,0.8,0.8,0.8,0.0,0.8,0.8,0.0,0.8,1.6,-0.8,2.4000000000000004,1.6,-0.8,1.6,0.0,1.6,0.8,0.8,0.8,0.0,0.8,-0.8,0.8,2.4000000000000004,0.0,0.8,0.8,0.8,0.0,0.8,0.8,0.8,0.8,0.0,0.8,0.8,0.0,0.8,0.0,0.8,0.0,-1.6,0.8,0.8,0.8,1.6,-0.8,0.8,0.8,1.6,0.0,0.0,0.8,-1.6,0.0,1.6,0.8,0.8,0.0,1.6,1.6,0.0,0.8,0.0,1.6,0.0,0.0,-0.8,0.8,0.8,0.8,0.8,0.0,0.8,0.8,0.8,1.6,0.0,0.0,1.6,0.8,1.6,-0.8,1.6,1.6,0.8,0.8,0.8,0.0,0.0,0.8,0.0,-1.6,0.0,-0.8,0.8,0.8,-0.8,-0.8,-0.8,0.8,0.0,0.0,1.6,-0.8,1.6,0.0,0.0,1.6,0.0,1.6,0.0,0.0,1.6,0.0,1.6,0.0,0.8,0.8,-0.8,1.6,-2.4000000000000004,0.8,1.6,-0.8,1.6,0.0,-0.8,0.0,0.0,0.8,-1.6,0.8,0.0,0.0,1.6,-1.6,0.8,0.8,-1.6,0.0,0.8,2.4000000000000004,0.0,-0.8,0.0,1.6,0.8,-0.8,0.0,0.8,0.8,0.0,-1.6,0.0,0.8,0.8,0.8,0.0,0.8,0.8,-0.8,1.6,0.0,0.0,0.0,0.0,0.0,-0.8,0.8,0.0,0.8,0.8,0.0,0.8,0.8,0.0,-0.8,0.0,0.8,0.0,0.0,0.8,0.0,0.8,-1.6,0.8,0.8,0.8,0.0,0.0,-1.6,0.8,-0.8,1.6,0.8,0.0,-0.8,0.8,0.0,0.8,-0.8,1.6,-0.8,0.8,-0.8,0.0,1.6,0.0,0.8,0.8,0.0,0.0,1.6,0.0,-0.8,0.8,0.0,0.8,0.0,0.8,0.8,1.6,0.0,0.0,0.8,-1.6,0.8,0.0,0.0,-0.8,0.0,1.6,-0.8,0.8,1.6,-0.8,0.8,0.0,-0.8,0.8,0.8,1.6,0.0,-0.8,0.8,0.0,1.6,0.0,0.8,0.8,-0.8,0.0,0.8,0.0,0.0,0.0,0.8,0.8,0.0,0.8,0.0,0.8,0.0,0.0,0.8,0.8,0.8,-0.8,0.0,0.0,0.0,0.8,0.0,0.8,0.0,-0.8,0.8,-0.8,1.6,-0.8,0.8,0.8,0.0,0.0,0.0,0.0,0.8,0.0,0.8,0.8,0.8,0.8,1.6,0.8,0.0,0.0,0.8,0.0,0.8,-0.8,0.0,0.8,1.6,0.8,0.0,0.0,-0.8,-0.8,0.0,0.0,-0.8,1.6,0.8,0.8,0.8,0.0,0.0,0.0,0.0,0.8,1.6,0.8,0.0,0.8,0.0,0.0,0.8,-0.8,0.0,0.0,0.0,1.6,0.8,0.8,0.0,0.0,0.8,-1.6,0.0
event_71,1625266870.5912306,0.8,1.6,0.0,0.0,1.6,-0.8,1.6,0.0,0.0,0.8,0.8,0.0,0.8,-0.8,1.6,-0.8,0.8,0.0,1.6,0.8,-0.8,2.4000000000000004,1.6,0.0,0.8,0.8,1.6,0.0,0.0,0.0,0.8,0.8,-0.8,0.0,-0.8,0.8,0.8,0.0,1.6,0.0,0.8,0.8,0.8,0.8,0.0,0.8,0.0,-0.8,0.0,0.8,1.6,0.0,1.6,0.8,0.0,1.6,-0.8,0.8,-0.8,0.0,0.0,0.0,0.8,0.0,1.6,0.8,0.8,1.6,0.0,1.6,0.8,0.8,-0.8,0.8,0.0,0.8,1.6,0.0,0.0,0.8,0.8,0.8,0.8,0.0,0.8,0.0,1.6,0.8,0.8,0.8,1.6,2.4000000000000004,-0.8,0.8,0.8,0.0,1.6,-0.8,1.6,0.8,0.0,2.4000000000000004,-0.8,-29.6,-80.80000000000001,-76.80000000000001,-36.00000000000001,-11.2,-6.4,-0.8,-2.4000000000000004,-4.0,-6.4,-2.4000000000000004,-2.4000000000000004,0.0,0.8,0.0,0.0,0.0,0.0,1.6,-1.6,-0.8,0.8,-0.8,0.8,0.0,0.8,0.0,0.8,2.4000000000000004,-1.6,0.0,0.8,0.0,0.8,-0.8,0.8,0.8,-0.8,0.8,0.0,0.8,0.8,0.0,-1.6,-0.8,0.8,0.0,0.0,0.0,1.6,0.8,0.8,0.0,-0.8,0.8,0.0,-0.8,0.8,0.8,0.0,-0.8,0.0,0.8,0.0,0.0,0.0,0.8,0.0,-0.8,0.8,0.0,0.0,0.8,-0.8,1.6,0.8,0.0,1.6,0.0,0.0,-0.8,1.6,0.0,1.6,-0.8,0.0,1.6,0.8,0.8,0.8,-0.8,0.8,0.0,0.8,0.0,0.8,0.8,-0.8,1.6,0.8,-0.8,0.0,-0.8,0.8,-0.8,-0.8,0.8,0.8,0.0,-0.8,0.0,0.8,-0.8,0.8,-0.8,-0.8,0.8,0.8,1.6,0.0,0.0,-0.8,-0.8,0.8,-0.8,0.8,0.0,0.8,1.6,-2.4000000000000004,0.8,-0.8,0.0,0.8,0.0,0.8,0.0,0.0,0.8,-1.6,1.6,-1.6,0.0,0.8,0.8,2.4000000000000004,-0.8,1.6,1.6,0.0,1.6,-0.8,0.0,0.8,0.0,0.0,0.0,0.8,0.0,0.0,0.8,0.0,0.0,-0.8,-0.8,0.8,-1.6,0.8,0.8,0.0,-0.8,0.0,0.0,1.6,0.8,0.0,0.8,0.8,0.8,-1.6,0.8,0.8,1.6,0.0,0.0,0.8,0.8,0.8,0.8,0.0,1.6,0.0,-0.8,0.8,-0.8,-0.8,0.8,0.8,0.0,-1.6,1.6,0.0,0.8,-0.8,0.0,0.0,1.6,-0.8,0.0,-0.8,0.8,-1.6,-0.8,0.0,-0.8,2.4000000000000004,0.0,0.0,0.0,-0.8,0.8,0.8,-1.6,1.6,-0.8,0.0,0.0,0.8,-1.6,0.0,0.0,-0.8,0.0,0.0,-0.8,0.0,0.0,0.0,-0.8,-0.8,0.0,-1.6,-0.8,1.6,-0.8,0.8,0.8,1.6,0.0,0.0,1.6,-1.6,0.8,0.8,-0.8,0.8,0.0,0.0,0.0,-0.8,0.8,0.8,0.0,0.0,0.0,0.8,-1.6,0.0,0.0,0.0,0.0,-1.6,1.6,-0.8,0.0,0.0,0.0,0.8,0.0,0.0,0.0,0.8,0.8,0.0,0.8,0.8,-0.8,0.0,0.0,0.0,0.0,-0.8,-0.8,-0.8,2.4000000000000004,1.6,-1.6,0.0,2.4000000000000004,-0.8,-1.6,1.6,1.6,-0.8,0.0,1.6,-0.8,-0.8,0.0,1.6,0.0,-0.8,0.8,0.8,0.8,0.8,0.8,0.8,0.8,-0.8,0.0,0.0,1.6,0.0,-1.6,0.8,0.0,-1.6,0.8,0.0,2.4000000000000004,0.8,0.0,0.8,0.8,0.8,0.0,0.8,0.0,-0.8,0.8,0.8,1.6,0.0,0.0,1.6,0.0,2.4000000000000004,1.6,0.8,0.8,1.6,0.8,0.0,1.6,0.8,0.8,1.6,0.8,0.8,0.8,0.0,1.6,0.8,0.0,0.8,0.0,0.8,0.0,1.6,0.8,0.8,0.8,-0.8,0.8,0.8,0.0,-0.8,0.8,0.8,1.6,1.6,0.0,0.8,1.6,0.8,0.0,0.0,0.8,0.0,0.8,0.8,-0.8,0.8,1.6,0.8,0.0,0.8,0.8,0.0,0.8,-0.8,0.8,0.8,1.6,0.0,0.0,0.8,0.8,0.0,1.6,-0.8,0.0,0.8,0.0,0.0,0.0,0.8,0.0,0.0,0.8,1.6,0.8,0.0,0.8,0.0,0.0,0.8,0.0,0.8,1.6,0.0,0.8,0.0,0.0,0.8,-0.8,1.6,0.0,-0.8,0.8,1.6,0.8,-0.8,0.8,1.6,0.0,1.6,-0.8,0.0,2.4000000000000004,0.0,0.0,-1.6,-0.8,-0.8,-0.8,0.8,0.0,0.8,0.0,-0.8,2.4000000000000004,-0.8,0.0,0.0,0.8,0.8,-0.8,0.8,0.8,0.0,1.6,0.8,0.8,0.0,-0.8,0.8,-0.8,3.2,-0.8,0.8,1.6,0.8,0.8,0.8,0.0,0.0,-0.8,1.6,0.0,0.0,0.8,1.6,2.4000000000000004,0.0,0.0,0.8,-0.8,0.0,0.0,0.8,-0.8,0.8,0.0,0.0,0.8,0.0,0.0,0.8,0.8,0.0,1.6,2.4000000000000004,-0.8,0.0,0.8,0.0,0.8,0.0,0.0,0.8,-0.8,0.0,-0.8,-0.8,0.0,0.8,0.0,0.0,2.4000000000000004,0.0,0.8,1.6,0.0,0.8,0.8,-0.8,0.8,0.8,0.8,-0.8,0.8,0.8,0.8,0.8,0.0,1.6,-0.8,0.0,0.8,-0.8,0.8,0.0,0.0,0.0,0.0,2.4000000000000004,-0.8,0.8,1.6,0.0,0.8,0.0,1.6,0.0,0.0,0.8,-0.8,1.6,0.8,0.0,1.6,-0.8,0.8,-0.8,0.0,0.8,1.6,0.8,-0.8,0.8,1.6,-1.6,1.6,0.0,0.8,0.0,-0.8,0.8,0.0,0.8,0.8,0.0,1.6,0.0,1.6,-0.8,-0.8,0.0,0.8,0.8,0.8,0.8,0.0,0.8,0.8,0.0,0.0,0.8,0.0,1.6,0.8,0.0,0.8,0.0,0.8,0.0,0.8,2.4000000000000004,1.6,-1.6,0.0,0.8,-0.8,-0.8,3.2,0.0,-1.6,1.6,0.8,-2.4000000000000004,0.8,0.8,0.0,0.8,0.0,-0.8,0.0,0.8,0.0,0.8,0.8,0.0,0.8,0.8,0.0,-0.8,0.0,0.0,-0.8,0.0,0.8,0.0,0.8,0.8,-0.8,0.8,0.8,1.6,1.6,0.0,0.0,0.0,0.0,0.8,0.0,1.6,0.0,0.8,0.0,0.0,0.8,-0.8,0.0,0.8,0.0,1.6,-0.8,0.8,0.8,0.0,0.0,0.0,-0.8,0.0,-0.8,-0.8,0.0,0.0,0.0,2.4000000000000004,0.8,0.8,0.0,0.0,0.0,0.8,0.0,0.8,-0.8,1.6,-0.8,-1.6,1.6,0.0,0.0,-0.8,0.0,0.0,-0.8,0.8,0.0,0.0,0.8,-0.8,0.0,-0.8,2.4000000000000004,1.6,-0.8,0.0,0.0,0.0,-0.8,0.0,0.0,-0.8,0.0,0.8,0.0,0.8,-0.8,0.0,0.8,0.0,-0.8,0.0,0.8,0.8,-0.8,0.8,1.6,0.8,1.6,0.0,0.0,1.6,0.0,0.0,0.8,0.8,1.6,0.0,0.8,0.8,0.8,0.8,0.8,1.6,-0.8,-0.8,0.8,0.0,0.8,0.0,-0.8,0.8,-0.8,0.8,0.8,0.8,0.8,0.0,0.8,0.0,2.4000000000000004,0.0,1.6,1.6,0.0,0.8,1.6,0.8,1.6,-0.8,0.8,0.0,0.0,0.0,1.6,0.8,0.0,0.0,0.0,0.0,1.6,-0.8,0.0,0.0,1.6,1.6,-0.8,0.0,0.8,0.8,0.8,-0.8,-0.8,0.8,0.0,0.8,0.0,0.8,0.0,-1.6,0.0,0.0,1.6,-0.8,0.0,0.0,-0.8,0.8,-0.8,-0.8,0.0,0.0,0.8,-0.8,0.0,0.8,-0.8,0.8,-0.8,-0.8,0.0,1.6,0.0,0.8,0.8,1.6,0.0,0.8,-0.8,-1.6,0.0,0.0,-0.8,-0.8,0.0,0.0,0.0,0.0,1.6,0.0,0.8,0.0,0.8,0.0,0.0,0.8,0.8,0.8,0.0,0.0,0.8,-0.8,0.8,0.0,0.0,0.8,-0.8,-0.8,0.0,1.6,0.8,0.0,0.8,0.8,-1.6,0.8,-0.8,-0.8,0.0,0.0,0.8,-1.6,0.0,1.6,0.0,2.4000000000000004,-1.6,1.6,0.0,0.0,0.8,-1.6,0.0,1.6,0.0,0.8,0.0,0.8,0.0,-0.8,0.8,-0.8,0.8,0.8,0.0,0.8,-0.8,1.6,-0.8,-1.6,0.8,0.0,0.8,0.8,-1.6,0.0,-0.8,2.4000000000000004,0.0,0.8,0.8,-0.8,2.4000000000000004,0.8,0.0,0.8,-0.8,0.0,-2.4000000000000004,0.8,1.6,0.0,0.8,-0.8,0.8,0.0,0.8,0.0,-0.8,0.8,-0.8,-1.6,0.8,0.8,0.8,-0.8,0.8,0.0,0.0,-0.8,0.0,0.0,-0.8,0.0,0.0,0.0,0.0,-0.8,0.0,0.8,-0.8,0.8,0.0,1.6,0.8,0.8,0.8,0.8,2.4000000000000004,0.8,0.0,1.6,0.0,-0.8,0.8,0.0,0.8,-0.8,-0.8,-1.6,1.6,-1.6,0.0,0.8,0.0,0.0,-0.8,0.0,1.6,-1.6,1.6,-0.8,1.6,0.0,-0.8,0.8,-0.8,1.6,0.0,0.0,1.6,0.8,1.6,0.0,-0.8,0.8,0.8,0.0,-1.6,0.0,0.0,-1.6,0.0,-0.8,0.0,0.0,-1.6,0.8,-0.8,-1.6,0.8,0.8,-1.6,0.0,3.2,0.8,-2.4000000000000004,0.0,0.0,0.8,0.0,0.8,1.6,0.8,0.8,0.0,0.0,0.0,-1.6,0.0,0.8,-0.8,1.6,0.0,0.8,0.0,0.0,0.0,0.8,0.0,0.8,-0.8,0.0,-0.8,0.0,0.0,0.8,-0.8,0.8,0.0,0.0,0.0,-0.8,0.0,0.0,0.0,0.8,0.8,0.0,1.6,0.8,0.8,0.8,0.0,0.0,0.8,0.0,0.8,0.0,0.8,0.0,1.6,0.8,0.0,-0.8,0.0,0.0,0.8,-0.8,0.0,0.0,1.6,0.0,0.0,0.8,0.0,0.8,-0.8,0.0,0.0,0.8,0.0,0.8,0.8,0.0,0.0,0.8,0.8,0.8,0.8,-0.8,-1.6,0.8,-2.4000000000000004,0.0,0.8,-0.8,0.8,0.0,0.8,0.0,0.0,0.8,-0.8,0.8,-0.8,-1.6,0.0,0.8,1.6,0.8,0.0,2.4000000000000004,0.0,0.8,0.0,-0.8,1.6,0.0,0.0,0.8,0.8,1.6,0.0,0.8,0.8,0.8,0.0,-0.8,2.4000000000000004,0.8,0.8,0.0,-0.8,1.6,-0.8,0.0,0.8,0.0,0.8,0.0,0.0,0.0,-1.6,0.8,0.0,0.8,0.8,0.8,1.6,0.8,-0.8,0.0,-0.8,0.8,0.0,-1.6,0.0,0.0,-0.8,1.6,0.0,0.8,-0.8,-0.8,0.0,0.0,0.0,0.0,0.8,0.8,-1.6,0.0,-0.8,1.6,0.0,-0.8,0.0,-0.8,2.4000000000000004,1.6,0.0,1.6,0.0,0.0,-0.8,0.0,0.8,0.8,0.0,0.0,0.0,-0.8,-0.8,0.8,1.6,0.0,0.0,0.0,0.8,0.0,0.0,0.8,0.8,0.0,-0.8,0.0,2.4000000000000004,-0.8,0.8,0.0,0.8,1.6,0.8,-0.8,-0.8,0.8,-0.8,-0.8,0.8,0.0,1.6,0.0,-0.8,0.8,0.0,0.8,0.0,0.8,0.8,-1.6,-0.8,0.8,0.0,0.0,0.0,0.8,0.0,0.8,1.6,0.0,-0.8,-1.6,-0.8,0.8,1.6,-0.8,0.8,0.8,0.8,0.0,1.6,-0.8,0.8,0.8,-0.8,0.0,-0.8,-0.8,0.8,0.0,0.8,0.0,0.0,-0.8,0.8,0.0,0.0,0.8,0.8,0.8,-1.6,0.0,0.0,0.0,0.8,-1.6,0.0,0.8,0.8,0.0,0.0,0.0,0.8,0.0,0.0,0.0,0.8,0.0,0.0,0.0,-0.8,0.0,0.0,1.6,0.0,0.0,1.6,0.0,1.6,0.0,0.0,0.0,-1.6,0.0,-0.8,1.6,0.8,0.0,0.8,-1.6,-0.8,0.0,-0.8,1.6,0.0,0.0,0.0,0.0,0.8,-1.6,0.0,0.0,0.0,0.8,-1.6,0.0,0.8,0.0,0.8,-0.8,0.0,0.0,0.0,0.8,0.0,2.4000000000000004,0.0,0.8,0.0,-0.8,0.0,0.0,0.0,0.8,-0.8,1.6,0.8,0.8,-0.8,-0.8,0.8,0.8,0.8,0.0,0.0,0.8,-1.6,1.6,0.0,0.0,0.0,0.0,0.0,0.8,-1.6,1.6,-0.8,2.4000000000000004,0.0,0.8,0.8,0.0,0.0,0.8,0.0,0.0,0.8,0.8,0.0,0.0,0.0,0.8,0.0,0.0,0.8,0.0,0.0,-0.8,0.0,-1.6,0.0,0.0,0.0,0.0,0.0,0.0,-0.8,0.8,0.8,0.0,0.0,0.0,-1.6,1.6,1.6,0.0,0.8,-0.8,0.0,0.0,0.0,0.0,-0.8,0.8,0.8,-0.8,0.0,0.8,0.8,-0.8,1.6,0.8,0.0,0.8,0.0,0.0,0.8,-0.8,0.8,0.0,0.8,0.0,0.0,0.8,0.0,0.8,0.0,0.8,1.6,-0.8,1.6,0.8,0.0,0.0,-0.8,0.8,0.0,-0.8,0.8,-1.6,1.6,0.0,0.0,0.0,0.0,0.8,0.8,1.6,0.0,0.0,0.8,-0.8,0.8,-0.8,-0.8,0.0,0.0,0.8,-0.8,0.0,-0.8,0.0,1.6,0.0,-1.6,1.6,0.0,0.0,0.0,0.0,0.8,-0.8,-0.8,0.8,1.6,0.0,0.0,0.8,-0.8,1.6,-0.8,0.0,0.8,0.8,0.8,0.8,0.0,-0.8,0.0,0.8,-1.6,-0.8,0.0,0.0,0.0,0.0,0.0,0.8,0.0,0.8,0.0,0.0,0.0,0.0,0.0,0.8,1.6,0.0,0.8,0.0,0.8,0.0,-0.8,0.8,0.0,0.8,0.0,-0.8,0.8,0.8,0.8,0.0,1.6,0.0,0.0,1.6,0.8,0.8,0.0,-0.8,0.8,1.6,0.8,-0.8,0.0,2.4000000000000004,0.0,1.6,0.0,-0.8,0.8,-2.4000000000000004,0.0,0.0,0.0,1.6,0.0,1.6,0.0,0.0,0.0,0.0,-0.8,0.0,0.0,0.8,-0.8,-0.8,-0.8,1.6,0.8,-0.8,0.8,-0.8,1.6,0.0,-0.8,0.0,0.0,0.8,0.0,-0.8,0.8,0.8,-0.8,0.8,0.0,0.8,0.0,0.0,0.8,-0.8,0.0,0.0,-0.8,0.8,0.0,0.8,0.8,0.8,0.0,0.0,0.8,0.0,0.0,0.0,0.8,0.0,0.8,0.0,0.8,1.6,0.0,0.0,0.0,0.0,0.0,-0.8,-0.8,0.0,0.8,-0.8,0.0,0.8,0.0,-0.8,-0.8,0.8,-0.8,-0.8,0.8,0.8,0.0,-0.8,0.0,0.0,-0.8,0.0,0.0,0.8,1.6,0.0,0.8,0.8,0.8,0.0,1.6,0.8,0.8,-0.8,0.0,-0.8,0.0,-1.6,0.8,0.0,0.0,0.8,0.0,0.0,0.8,-0.8,0.8,-0.8,0.8,-0.8,-1.6,0.8,-0.8,0.0,0.8,-0.8,0.0,-0.8,0.8,-0.8,0.8,0.8,-1.6,-0.8,-1.6,0.0,0.0,-0.8,0.8,-0.8,-1.6,-0.8,0.0,0.0,-0.8,0.0,0.0,0.0,1.6,-0.8,0.0,0.8,-1.6,-1.6,1.6,0.0,0.0,0.8,0.0,0.8,0.8,0.8,0.0,0.0,0.8,-0.8,-0.8,0.8,0.8,0.8,0.8,0.8,1.6,0.8,0.0,0.0,0.8,0.0,0.0,0.8,-0.8,0.0,0.0,0.0,1.6,0.0,0.8,0.8,0.0,0.8,-0.8,0.8,0.0,0.8,0.0,-0.8,1.6,0.8,-0.8,0.8,-0.8,1.6,0.0,0.0,0.0,0.0,0.0,-0.8,0.8,0.8,-0.8,0.8,-0.8,1.6,0.0,-0.8,0.8,-0.8,0.8,0.0,0.0,0.8,-0.8,0.8,0.8,0.0,1.6,0.0,0.0,-0.8,0.8,0.0,-0.8,0.8,0.0,0.8,0.0,0.0,0.8,-1.6,-0.8,0.0,-0.8,1.6,0.0,0.0,0.0,0.0,0.8,-0.8,1.6,-0.8,-0.8,0.8,0.8,1.6,-0.8,0.0,1.6,0.0,0.8,-0.8,-0.8,0.8,-0.8,0.0,-0.8,1.6,1.6,-2.4000000000000004,0.0,3.2,0.0,-1.6,0.0,0.0,-0.8,0.0,0.0,0.8,0.0,-0.8,-0.8,1.6,-0.8,-0.8,0.0,0.8,0.0,-2.4000000000000004,0.0,0.8,0.8,0.0,0.0,0.0,0.8,-0.8,0.8,0.0,0.0,0.0,0.0,-0.8,0.8,0.0,2.4000000000000004,0.0,0.8,-0.8,-0.8,0.0,0.0,-0.8,0.8,-0.8,1.6,-0.8,0.0,0.0,0.0,0.0,0.8,0.8,0.0,0.8,0.8,-1.6,0.8,0.0,-1.6,0.8,0.0,0.8,0.8,-0.8,0.0,0.0,0.0,-0.8,0.0,0.8,0.0,1.6,0.0,0.0,0.8,-0.8,0.0,0.0,-0.8,-2.4000000000000004,0.0,0.8,-2.4000000000000004,0.0,0.0,0.8,0.8,0.0,0.0,-1.6,0.0,1.6,-0.8,0.8,-0.8,0.8,0.8,-0.8,1.6,0.8,0.8,0.0,0.8,0.0,-0.8,0.0,0.0,0.8,-0.8,0.0,1.6,0.8,0.8,0.8,0.0,0.8,-0.8,0.8,0.0,1.6,0.8,-0.8,0.0,0.0,0.8,1.6,0.0,1.6,0.8,-0.8,0.8,-0.8,0.8,0.8,0.8,0.0,0.0,0.8,0.8,1.6,-0.8,0.0,-0.8,0.0,0.8,-0.8,0.8,0.0,0.0,0.8,0.0,0.0,1.6,0.0,0.8,0.8,0.8,0.8,0.8,0.8,0.0,1.6,-0.8,0.8,0.0,-0.8,0.8,0.0,0.0,-0.8,1.6,1.6,-0.8,0.8,0.0,-0.8,0.8,-1.6,0.0,0.0,1.6,1.6,-0.8,0.8,0.8,0.0,1.6,0.0,1.6,0.0,1.6,0.0,-0.8,1.6,0.0,0.0,1.6,0.0,1.6,0.0,0.0,0.8,-0.8,0.8,0.0,0.0,0.0,-0.8,0.8,1.6,0.0,1.6,0.8,0.0,0.0,0.8,0.8,-0.8,1.6,0.0,0.8,0.8,0.8,0.8,1.6,0.8,0.8,-0.8,-0.8,0.0,0.0,-0.8,0.0,0.0,0.0,-0.8,0.0,-0.8,0.8,-0.8,0.8,0.8,0.0,0.0,0.0,0.8,0.8,0.8,0.8,0.0,0.0,1.6,0.8,0.8,0.0,0.8,0.8,-0.8,0.8,0.8,1.6,0.0,0.8,0.8,-0.8,0.8,1.6,0.0,0.8,0.0,0.0,0.0,0.8,0.8,-0.8,0.8,-0.8,-0.8,0.8,0.8,0.0,0.8,0.0,1.6,-0.8,1.6,0.8,-2.4000000000000004,0.8,0.8,0.0,0.0,0.0,0.8,0.0,0.0,0.0,0.0,0.8,-0.8,0.8,-0.8,-1.6,-0.8,-0.8,0.0,0.8,0.8,0.8,0.0,0.8,0.8,0.0,0.8,-0.8,0.8,0.0,0.8,0.0,0.0,0.8,0.8,-0.8,0.8,0.0,0.0,0.0,0.0,0.0,0.0,0.8,1.6,0.0,0.0,0.0,0.8,-0.8,0.0,0.0,0.8,0.0,0.8,-0.8,0.0,0.8,0.0,0.8,0.0,0.8,0.0,0.8,0.8,0.0,1.6,0.0,0.0,-0.8,-0.8,1.6,1.6,0.0,0.8,-0.8,0.0,0.0,0.8,0.8,-0.8,0.8,0.0,-0.8,0.8,0.0,0.8,0.0,-1.6,-0.8,0.0,1.6,0.0,0.8,0.8,0.8,0.0,-0.8,0.0,-0.8,-0.8,0.0,-1.6,0.8,0.0,0.8,0.8,0.0,1.6,-0.8,0.8,0.0,-0.8,0.0,0.0,-0.8,-0.8,0.0,0.0,-0.8,0.8,0.8,-0.8,1.6,0.0,0.0,-0.8,0.0,1.6,1.6,0.0,0.0,0.8,0.8,-0.8,0.8,0.0,0.8,0.8,-0.8,0.0,0.8,-0.8,1.6,0.0,0.8,0.0,0.0,0.8,0.8,-0.8,-0.8,0.8,0.0,-0.8,-0.8,0.8,0.8,0.0,0.8,0.8,-0.8,1.6,0.8,-0.8,0.8,0.8,0.0,-0.8,-0.8,1.6,1.6,-0.8,0.0,0.0,0.0,-0.8,0.8,0.8,0.0,-0.8,0.0,0.8,-0.8,0.8,0.0,1.6,-1.6,-1.6,0.8,1.6,0.0,0.0,0.8,1.6,0.0,1.6,-0.8,0.8,0.0,0.0,0.0,0.0,0.8,0.8,-0.8,0.0,0.0,0.8,-0.8,0.8,0.8,-1.6,0.0,-1.6,0.0,1.6,-1.6,0.8,0.0,0.0,1.6,0.8,0.8,0.0,-0.8,0.8,0.0,2.4000000000000004,0.0,0.0,1.6,1.6,0.8,0.8,0.8,0.8,-0.8,0.0,-1.6,1.6,0.0,0.8,0.0,0.8,0.8,0.0,0.0,0.0,-0.8,0.8,-1.6,0.8,0.0,-1.6,0.8,0.8,0.0,0.0,-0.8,0.8,0.8,1.6,-0.8,0.0
event_72,1625266872.747354,-0.8,1.6,0.0,0.8,0.0,0.8,0.8,-0.8,0.8,-0.8,0.0,0.0,-0.8,1.6,-0.8,0.8,-0.8,-1.6,0.0,0.0,0.8,-0.8,0.8,0.8,-0.8,1.6,-0.8,-0.8,0.8,-0.8,0.0,0.0,0.8,0.8,-0.8,1.6,0.0,0.0,1.6,-1.6,1.6,0.8,0.0,-0.8,0.0,0.8,0.0,0.0,0.8,0.8,0.0,0.0,0.8,-0.8,-0.8,0.0,0.0,0.0,0.0,0.0,0.8,0.8,0.8,0.0,0.0,0.8,0.0,0.0,0.0,0.0,1.6,-0.8,0.0,0.8,0.8,0.0,0.8,1.6,1.6,0.8,0.0,0.0,0.8,0.0,1.6,0.8,0.0,0.0,-0.8,0.0,0.0,-0.8,0.8,-0.8,1.6,0.0,0.0,-0.8,0.0,0.0,0.0,0.8,-1.6,-33.6,-76.80000000000001,-64.0,-29.6,-13.600000000000001,-8.0,-4.800000000000001,-3.2,-4.800000000000001,-4.800000000000001,-4.0,-2.4000000000000004,-1.6,-0.8,0.0,0.0,-0.8,-1.6,0.8,0.0,-0.8,0.8,0.8,-0.8,0.8,-0.8,-2.4000000000000004,-0.8,0.8,-0.8,-0.8,0.8,1.6,-0.8,0.8,0.0,-0.8,0.8,-0.8,0.8,1.6,-0.8,1.6,0.0,0.8,1.6,-0.8,-0.8,0.0,0.8,-0.8,-0.8,1.6,-0.8,0.8,0.8,0.0,0.8,0.8,0.0,0.0,1.6,0.8,-1.6,1.6,-1.6,0.0,1.6,0.0,1.6,0.8,-0.8,0.8,-0.8,1.6,0.8,0.8,0.0,0.0,0.8,0.8,0.8,0.0,0.0,1.6,0.0,0.0,0.0,0.8,0.8,0.8,0.0,0.0,0.8,0.8,0.0,0.8,0.0,0.0,1.6,0.0,0.0,0.0,0.8,0.0,-1.6,-0.8,0.8,0.8,0.0,0.0,-0.8,0.0,0.0,0.0,-1.6,-0.8,0.0,0.0,0.8,0.8,0.0,0.0,0.0,-0.8,-1.6,-0.8,0.8,0.8,0.8,0.0,0.0,0.0,0.8,0.0,-0.8,1.6,0.0,0.0,1.6,0.8,0.8,1.6,-0.8,0.8,0.0,0.0,0.8,0.0,0.8,-0.8,1.6,0.0,-0.8,1.6,0.0,0.8,0.0,-0.8,1.6,-0.8,0.0,0.0,-0.8,0.8,0.8,0.8,0.0,0.0,1.6,0.0,0.8,0.0,1.6,-0.8,-1.6,0.0,-0.8,-0.8,1.6,0.0,1.6,-0.8,0.0,0.0,0.0,0.0,0.0,0.0,0.8,-0.8,0.0,0.0,0.0,0.8,0.0,0.8,-0.8,0.8,0.0,0.8,0.0,0.0,0.0,-0.8,-0.8,0.0,0.8,0.0,0.8,-0.8,0.0,0.0,0.0,1.6,0.0,0.8,0.8,-0.8,0.8,0.0,0.8,1.6,-0.8,-0.8,0.0,0.0,0.8,0.0,0.8,1.6,-0.8,0.8,-0.8,0.0,0.8,0.0,0.0,0.8,0.8,0.0,0.0,0.0,0.0,1.6,0.0,0.8,0.8,0.0,0.8,0.0,0.8,0.0,0.0,1.6,0.8,0.0,0.0,0.0,0.0,-0.8,0.0,-0.8,-0.8,2.4000000000000004,0.0,0.8,1.6,0.0,0.0,0.0,0.0,0.8,-0.8,-0.8,-0.8,0.8,-0.8,0.8,0.8,-0.8,2.4000000000000004,0.0,-0.8,0.8,-0.8,1.6,-1.6,0.8,-0.8,-0.8,1.6,-1.6,0.8,0.0,-0.8,0.0,0.8,0.8,0.0,0.8,0.8,-0.8,0.8,-0.8,0.8,0.8,-0.8,1.6,-0.8,-0.8,0.0,0.0,0.0,0.0,0.0,0.8,1.6,1.6,-0.8,0.8,0.0,0.0,-0.8,-0.8,0.8,0.8,0.8,0.8,1.6,0.8,0.0,0.0,-0.8,0.0,-0.8,-0.8,0.8,0.8,0.8,0.0,1.6,0.8,-0.8,0.8,0.0,1.6,0.8,-0.8,-0.8,-0.8,0.8,0.0,0.8,1.6,-1.6,0.8,0.0,-0.8,1.6,-1.6,0.8,0.8,1.6,1.6,0.0,0.8,0.0,0.0,0.0,-0.8,2.4000000000000004,-0.8,-0.8,0.8,0.0,0.8,1.6,0.8,1.6,-0.8,1.6,0.0,0.8,0.0,-0.8,0.8,0.0,0.0,-0.8,0.0,2.4000000000000004,-0.8,1.6,0.8,-0.8,1.6,-0.8,0.0,0.0,-0.8,0.8,0.0,0.0,0.0,0.0,0.8,0.0,0.0,-1.6,0.0,0.8,-0.8,0.8,0.0,0.0,0.0,0.0,0.8,0.0,1.6,0.0,-0.8,1.6,1.6,0.0,0.0,0.0,1.6,0.8,1.6,0.0,0.0,2.4000000000000004,0.0,0.0,0.8,0.8,0.0,0.0,1.6,0.8,1.6,0.0,0.8,0.8,-1.6,0.8,0.0,0.8,0.8,0.8,0.8,0.8,0.0,0.8,0.8,0.0,0.0,-0.8,0.8,0.0,0.8,0.0,0.8,1.6,1.6,-1.6,1.6,1.6,-0.8,-1.6,0.0,0.8,0.8,-0.8,1.6,0.8,0.8,-0.8,-0.8,0.0,-0.8,-0.8,1.6,-0.8,1.6,0.0,0.8,0.0,-0.8,0.8,0.0,0.0,-0.8,0.8,1.6,-0.8,-0.8,0.0,0.0,0.0,0.0,1.6,1.6,0.0,0.0,-0.8,0.0,0.0,0.8,1.6,0.0,1.6,-0.8,0.0,0.0,-0.8,0.8,0.8,-0.8,-0.8,-0.8,1.6,-0.8,0.0,0.0,0.8,0.8,1.6,0.0,0.0,0.8,0.8,-0.8,0.8,0.0,0.0,0.0,0.0,0.8,0.8,0.0,0.8,0.8,-0.8,0.0,0.8,0.8,0.0,0.8,0.0,1.6,2.4000000000000004,0.8,0.8,0.0,0.0,0.0,0.8,0.0,1.6,0.8,0.0,0.8,0.8,0.8,0.8,0.0,0.8,-0.8,-0.8,0.0,1.6,0.8,0.8,1.6,0.0,-0.8,1.6,-0.8,1.6,0.8,1.6,-0.8,0.0,0.8,-0.8,0.8,0.8,0.8,1.6,0.8,-0.8,0.8,0.8,-0.8,0.0,0.8,0.0,-0.8,0.0,1.6,2.4000000000000004,0.0,1.6,0.0,-0.8,0.8,0.0,0.0,-0.8,0.0,0.8,0.0,0.8,0.0,-0.8,0.8,-0.8,0.0,0.0,0.8,1.6,0.0,0.0,0.8,0.0,1.6,0.0,0.0,0.0,0.8,0.0,-0.8,0.0,0.0,-0.8,0.0,0.0,0.8,0.0,0.0,0.8,-0.8,0.0,1.6,0.8,0.0,-0.8,0.0,0.8,0.8,1.6,0.8,0.8,0.0,0.0,0.8,-0.8,1.6,0.0,-0.8,0.8,0.0,0.0,0.8,0.8,0.8,0.0,0.0,0.0,0.0,0.0,1.6,0.8,0.0,-0.8,0.0,0.8,0.0,-0.8,0.0,1.6,0.8,0.0,0.8,1.6,0.8,0.0,0.8,0.8,-0.8,2.4000000000000004,1.6,0.8,-0.8,0.0,1.6,-1.6,0.8,0.8,0.0,0.0,-0.8,-0.8,-0.8,0.0,0.8,-0.8,0.8,0.0,0.0,0.0,0.8,1.6,-0.8,0.8,0.8,-0.8,0.8,-0.8,0.8,0.8,-0.8,1.6,0.0,1.6,-0.8,-0.8,1.6,-0.8,-0.8,0.0,-0.8,0.0,-0.8,1.6,0.0,0.0,0.8,-0.8,0.8,-0.8,-0.8,0.0,-0.8,1.6,0.8,0.0,0.8,0.8,0.8,1.6,1.6,0.0,-0.8,1.6,0.8,1.6,0.0,0.8,0.8,2.4000000000000004,-0.8,0.8,0.8,0.0,0.0,0.8,0.0,-0.8,0.8,0.0,0.0,0.0,-0.8,0.8,-0.8,0.0,0.8,1.6,0.0,0.8,0.8,-1.6,0.8,1.6,-0.8,-2.4000000000000004,3.2,0.0,-2.4000000000000004,1.6,2.4000000000000004,0.8,-1.6,0.8,0.8,-0.8,0.8,1.6,1.6,0.8,-0.8,0.8,0.0,-0.8,0.8,-0.8,0.8,1.6,-0.8,0.8,0.0,0.0,0.0,0.0,0.0,0.0,1.6,0.0,0.8,0.8,0.0,0.0,0.8,0.0,-1.6,0.0,0.0,0.0,0.8,0.8,0.0,1.6,0.0,0.8,0.0,-0.8,0.0,0.0,-0.8,-0.8,0.0,0.0,-0.8,0.0,-0.8,0.8,0.8,-0.8,1.6,-0.8,-0.8,0.0,0.8,1.6,1.6,1.6,1.6,0.0,1.6,-0.8,0.8,0.8,0.0,0.8,0.0,0.0,-0.8,0.8,1.6,0.8,0.0,-0.8,0.0,0.8,0.8,0.0,0.0,0.8,0.8,0.0,-0.8,-0.8,0.8,-0.8,0.0,0.0,-1.6,1.6,0.8,0.0,-0.8,-0.8,0.0,0.0,-0.8,0.8,0.8,0.0,0.8,0.0,-1.6,-0.8,0.8,0.0,0.0,-0.8,0.0,0.8,0.0,0.0,0.0,0.8,0.0,-0.8,0.8,0.8,1.6,-0.8,0.8,1.6,0.8,1.6,-1.6,0.8,1.6,0.0,0.8,0.0,0.8,0.8,1.6,1.6,0.0,1.6,0.8,-0.8,0.8,-0.8,-0.8,0.0,0.8,0.0,-0.8,0.8,0.0,0.0,0.0,0.8,0.8,0.0,0.0,1.6,-1.6,2.4000000000000004,0.0,0.0,1.6,0.0,0.0,0.8,0.8,1.6,-0.8,0.8,-0.8,0.8,0.8,0.8,1.6,0.8,0.0,0.0,0.0,0.8,-0.8,0.0,0.0,1.6,0.0,-0.8,0.8,0.0,0.8,1.6,0.0,-0.8,0.8,0.8,-0.8,0.0,1.6,0.8,0.0,0.0,0.8,0.8,0.0,0.8,0.0,-0.8,0.8,0.8,0.8,-0.8,0.0,0.8,0.0,0.0,1.6,0.8,1.6,0.8,0.0,0.0,0.0,0.0,-0.8,0.0,1.6,0.0,0.0,0.0,-0.8,0.8,0.0,0.0,0.0,0.8,0.8,0.0,-0.8,2.4000000000000004,0.0,0.8,0.0,0.0,0.0,-0.8,0.8,0.0,0.8,0.8,0.8,1.6,0.0,0.8,0.8,0.8,1.6,0.0,1.6,0.0,1.6,0.8,0.0,1.6,0.8,0.8,1.6,-0.8,0.0,0.0,-0.8,0.8,-0.8,0.8,0.8,0.0,0.0,-1.6,0.0,0.0,0.0,0.0,-0.8,-0.8,0.8,-0.8,-0.8,-0.8,0.8,0.0,-0.8,0.8,-0.8,0.8,0.0,0.0,0.0,-0.8,0.0,-0.8,-0.8,0.0,0.8,0.8,1.6,0.0,-1.6,0.0,0.0,0.0,0.8,0.8,0.8,-0.8,0.0,0.0,0.0,0.0,-1.6,0.0,0.8,-0.8,1.6,1.6,-0.8,0.0,1.6,0.8,-0.8,0.8,0.8,0.8,0.0,-0.8,1.6,0.0,0.8,0.0,1.6,0.8,-1.6,0.8,0.0,-0.8,-0.8,-0.8,1.6,-0.8,0.0,0.0,0.8,0.8,0.0,1.6,0.8,0.8,0.8,0.0,0.8,1.6,0.8,1.6,0.0,1.6,-1.6,0.8,1.6,0.0,0.8,0.0,0.0,-0.8,0.0,2.4000000000000004,0.8,0.8,-0.8,0.0,1.6,0.0,-0.8,0.0,0.0,1.6,-0.8,1.6,0.0,0.0,0.0,-0.8,0.8,0.8,1.6,0.8,-0.8,0.8,0.0,0.8,0.0,0.0,0.8,1.6,0.0,0.8,0.0,-0.8,0.8,0.8,0.0,-0.8,0.0,0.8,-1.6,0.8,0.0,-0.8,0.0,0.0,-1.6,0.0,1.6,-0.8,-0.8,0.8,1.6,0.0,1.6,0.0,0.0,1.6,-0.8,0.0,0.8,0.8,0.8,0.0,0.8,0.8,0.8,0.0,-0.8,0.0,-0.8,0.0,0.8,-0.8,0.8,-1.6,0.8,1.6,0.8,0.8,0.0,0.0,0.0,-1.6,0.8,0.8,0.8,-0.8,0.8,1.6,0.8,0.8,0.8,0.0,0.8,-1.6,-0.8,-0.8,0.0,0.8,0.0,0.8,0.0,-0.8,0.8,0.0,0.0,-0.8,1.6,0.8,0.8,-0.8,-0.8,0.8,0.0,-0.8,1.6,0.0,0.8,1.6,0.8,1.6,-0.8,1.6,0.0,0.8,0.8,-0.8,1.6,-1.6,1.6,0.8,-0.8,2.4000000000000004,0.0,0.8,0.8,0.0,0.8,-0.8,0.8,0.0,0.0,0.8,0.0,0.0,0.8,1.6,0.8,-1.6,0.8,0.0,0.8,1.6,-0.8,0.8,0.0,0.0,-0.8,0.8,0.8,0.0,0.0,0.8,0.0,0.8,0.8,1.6,0.0,0.0,0.0,0.0,1.6,0.8,0.0,0.0,0.8,-0.8,-0.8,0.8,0.0,1.6,-0.8,0.8,0.8,0.0,0.8,-0.8,1.6,0.8,-0.8,1.6,0.8,0.0,0.8,-0.8,0.8,-0.8,0.0,0.8,0.0,1.6,-0.8,0.8,0.0,0.0,0.0,0.0,0.8,1.6,0.0,0.8,0.0,0.8,0.0,0.8,0.8,0.0,1.6,0.0,1.6,1.6,0.0,0.8,-0.8,0.8,1.6,0.0,1.6,0.8,0.0,-0.8,0.0,1.6,0.8,0.0,0.8,0.8,0.8,-0.8,0.8,0.0,0.8,0.8,-0.8,0.0,1.6,0.8,0.0,0.0,0.8,0.8,0.8,0.0,-0.8,0.8,0.8,0.0,0.8,0.0,0.8,0.0,0.8,0.8,0.0,0.8,0.0,0.8,0.0,0.0,1.6,0.0,0.0,0.0,0.8,1.6,0.0,0.8,1.6,0.0,0.8,0.0,2.4000000000000004,0.8,0.8,1.6,0.8,0.0,2.4000000000000004,0.0,0.0,0.8,0.0,0.0,0.8,-0.8,0.0,0.0,0.0,0.8,0.8,0.0,0.0,0.0,0.0,0.8,0.8,0.0,0.0,0.8,-0.8,0.0,0.8,0.8,0.8,-0.8,0.0,0.8,0.8,0.0,0.0,0.0,-0.8,0.8,-0.8,0.0,0.0,-0.8,0.8,-0.8,-0.8,0.0,-0.8,1.6,0.0,0.8,-0.8,0.0,0.8,-0.8,-0.8,0.8,-1.6,0.0,0.0,1.6,0.8,-0.8,1.6,-0.8,0.0,2.4000000000000004,0.0,-1.6,2.4000000000000004,1.6,-4.0,0.0,2.4000000000000004,-0.8,0.0,0.8,-0.8,0.0,-0.8,0.0,-0.8,-0.8,-1.6,0.0,1.6,-0.8,0.8,0.0,1.6,1.6,-0.8,0.0,0.8,0.0,-0.8,-0.8,0.0,2.4000000000000004,0.0,0.0,1.6,1.6,0.0,1.6,0.8,0.8,-0.8,0.8,0.0,0.8,0.8,0.0,1.6,0.8,-0.8,0.8,0.0,0.8,-0.8,0.8,0.8,0.0,0.8,0.0,0.8,0.8,-0.8,0.8,-0.8,0.0,0.8,0.8,1.6,0.8,0.8,0.0,0.0,0.8,0.0,0.8,0.0,0.0,0.0,-0.8,0.8,0.8,0.0,0.8,0.0,1.6,-0.8,0.8,0.8,-0.8,0.8,-0.8,-0.8,0.8,0.0,2.4000000000000004,0.8,0.8,0.8,0.0,0.8,0.0,0.0,0.8,0.0,0.0,0.0,0.8,0.8,-0.8,0.0,0.8,1.6,-0.8,0.8,1.6,-0.8,0.8,0.0,0.0,0.0,-0.8,0.0,0.8,0.0,0.8,0.8,0.0,0.0,0.8,0.8,0.0,1.6,0.8,0.8,0.8,0.8,-0.8,0.0,0.8,0.8,-0.8,-0.8,0.0,0.0,0.0,1.6,0.8,0.0,0.0,1.6,0.0,0.0,1.6,1.6,0.0,0.8,0.0,-0.8,0.8,0.8,0.8,0.0,0.8,0.0,0.8,0.0,0.0,0.8,0.0,0.8,-0.8,-0.8,2.4000000000000004,-0.8,-0.8,0.0,-0.8,0.0,0.0,0.0,0.0,0.8,0.8,0.8,1.6,0.0,0.8,-0.8,0.8,0.8,0.0,0.0,0.8,0.0,0.0,0.0,2.4000000000000004,0.0,0.8,1.6,0.0,1.6,0.0,0.8,1.6,0.0,1.6,1.6,0.8,1.6,-0.8,0.8,0.0,0.8,0.0,-0.8,0.0,0.8,1.6,1.6,-0.8,1.6,-0.8,0.8,0.0,0.0,0.8,-2.4000000000000004,0.8,0.0,1.6,0.0,-0.8,0.8,0.8,0.0,0.8,0.0,2.4000000000000004,-1.6,0.0,0.8,0.0,0.8,1.6,0.8,0.8,-0.8,0.8,-1.6,0.8,-0.8,0.0,0.8,0.8,0.8,0.0,0.8,1.6,0.0,0.0,0.8,1.6,1.6,0.0,0.8,0.0,1.6,0.8,-0.8,0.0,0.8,1.6,0.0,0.8,0.0,0.0,0.0,0.0,0.8,0.8,0.8,0.8,-0.8,0.8,0.0,0.0,0.8,-0.8,0.0,0.0,0.8,0.0,0.0,0.8,0.0,1.6,1.6,-0.8,0.0,0.0,0.8,-0.8,0.0,0.0,0.0,0.8,0.0,0.0,0.0,-0.8,0.8,0.8,-1.6,0.0,-0.8,0.8,0.8,0.0,0.0,0.0,2.4000000000000004,0.0,0.8,1.6,-0.8,-0.8,0.0,0.0,1.6,-0.8,0.8,0.0,1.6,-0.8,0.0,0.0,0.0,0.0,-0.8,-0.8,0.0,0.0,1.6,1.6,0.8,0.0,0.0,0.0,0.0,-0.8,0.8,0.0,0.8,0.0,0.0,0.8,-1.6,0.0,0.0,1.6,0.0,0.8,1.6,0.0,0.8,0.0,-0.8,0.0,0.0,0.8,0.8,-0.8,0.8,-0.8,-0.8,0.0,0.0,0.8,0.8,0.8,0.0,-0.8,0.8,0.0,-0.8,0.8,0.0,0.0,-0.8,1.6,-0.8,0.0,0.0,0.8,0.8,0.8,0.0,0.0,0.8,-0.8,0.0,0.0,0.0,0.8,0.8,-0.8,2.4000000000000004,0.0,-0.8,-0.8,0.8,-1.6,0.0,0.8,-0.8,0.8,0.0,0.0,0.0,0.0,0.8,0.0,0.8,0.8,-0.8,0.8,0.0,2.4000000000000004,0.0,0.8,0.8,0.8,1.6,0.0,0.0,2.4000000000000004,0.0,0.8,0.0,0.0,0.8,0.0,-0.8,0.8,0.0,0.0,-0.8,1.6,0.0,0.8,0.8,0.0,0.8,0.0,0.8,0.8,0.8,0.0,0.0,0.8,0.0,0.0,0.8,0.8,0.8,0.0,0.0,0.8,1.6,0.8,-0.8,0.0,-0.8,0.0,0.8,0.8,0.8,0.0,0.0,0.0,0.0,0.8,0.8,0.0,0.8,0.8,-1.6,0.8,1.6,0.0,0.8,0.0,0.8,0.8,0.8,1.6,-2.4000000000000004,0.8,1.6,-0.8,0.8,1.6,1.6,-0.8,-0.8,0.8,0.0,0.0,0.0,0.0,0.0,-0.8,0.8,0.0,0.8,0.0,0.0,1.6,-0.8,0.0,0.8,0.0,0.0,-0.8,2.4000000000000004,-0.8,0.0,0.8,0.0,1.6,0.8,-0.8,0.8,0.0,0.8,-0.8,-0.8,0.8,-0.8,0.0,1.6,-0.8,0.8,-0.8,0.8,0.0,0.0,-0.8,0.0,0.0,0.8,-1.6,0.0,0.8,0.8,0.0,0.0,-0.8,-0.8,1.6,0.0,0.0,0.0,0.0,0.8,-0.8,0.0,0.8,0.0,0.0,0.0,0.0,-0.8,0.0,0.8,-0.8,-0.8,0.0,0.0,0.8,0.8,0.0,-0.8,1.6,0.0,-0.8,-0.8,0.8,0.0,-0.8,0.0,0.0,0.8,2.4000000000000004,-0.8,-0.8,0.8,0.0,-0.8,0.8,0.8,0.8,0.8,0.8,0.8,0.8,-0.8,0.0,0.0,0.0,0.0,-0.8,0.0,-0.8,-0.8,0.0,0.0,0.8,0.0,0.0,1.6,0.0,0.0,0.8,0.0,1.6,-1.6,0.8,0.0,0.8,-0.8,1.6,1.6,0.0,0.8,0.0,-1.6,0.0,0.0,2.4000000000000004,-0.8,-0.8,0.0,-0.8,0.8,0.8,-0.8,1.6,0.0,2.4000000000000004,0.0,0.0,0.8,0.8,1.6,0.0,0.8,0.8,0.0,0.8,-1.6,1.6,0.8,0.0,0.8,-1.6,0.8,0.0,-1.6,1.6,-0.8,-0.8,0.0,0.0,-0.8,-0.8,0.0,0.0,0.0,0.0,0.0,0.0,0.8,0.0,0.0,0.0,1.6,-0.8,0.8,0.8,0.8,1.6,0.0,-0.8,-0.8,0.8,1.6,-0.8,-0.8,0.8,0.0,0.0,0.0,0.8,0.0,0.8,0.8,0.8,0.8,0.0,0.0,0.0,0.0,0.0,0.8,0.8,0.0,0.8,0.0,0.8,1.6,0.0,0.8,0.8,2.4000000000000004,0.0,0.0,2.4000000000000004,0.0,0.0,0.8,0.8,0.8,-1.6,0.0,0.8,-0.8,0.0,0.8,0.8,0.0,-1.6,0.8,-0.8,0.8,0.8,0.0,0.0,0.0,0.8,0.0,0.8,0.8,0.0,0.0,-0.8,-0.8,1.6,0.8,0.8,-0.8,0.8,1.6,-1.6,1.6,0.0,0.0,0.0,0.0,0.0,-0.8,0.0,0.8,0.0,0.8,-0.8,0.8,0.0,0.8,0.8,0.0,0.8,-2.4000000000000004,-1.6,1.6,0.8,0.8,0.0,0.8,2.4000000000000004,-0.8,1.6,0.0,0.0,0.8,0.0,0.8,0.0,0.8,0.0,-0.8,1.6,0.0,0.0,0.0,-0.8,0.8,-1.6,-0.8,0.0,0.8,0.0,-1.6,2.4000000000000004,0.0,-2.4000000000000004,2.4000000000000004,0.8,-0.8,0.0,1.6,0.0,1.6,2.4000000000000004,-0.8,0.8,0.8,0.0,0.8,0.0,0.0,0.8,0.0,0.0,-1.6,0.0,0.0,1.6,-0.8,0.0,-0.8,0.0,-0.8,0.8,-0.8,0.8,0.0,0.8,0.0,0.8,-0.8,1.6,0.0,-0.8,1.6,-1.6,1.6,0.8,-0.8,0.8,-0.8,2.4000000000000004,0.0,-1.6,0.8,0.0,0.0,0.0,-0.8,1.6,0.0,0.8,0.8,0.0,0.8,0.0,0.8
event_73,1625266877.0526004,-0.8,0.0,-0.8,0.0,-0.8,-0.8,0.0,-0.8,0.0,-0.8,1.6,1.6,-0.8,0.8,0.8,0.8,1.6,0.8,-0.8,0.0,2.4000000000000004,-0.8,0.0,1.6,0.0,0.8,0.0,-0.8,1.6,0.0,1.6,0.8,0.0,0.8,0.0,0.8,1.6,-1.6,1.6,0.8,1.6,0.0,-0.8,0.8,0.8,0.8,0.8,1.6,0.8,0.0,1.6,0.8,0.0,0.0,1.6,-0.8,0.0,0.8,0.8,0.0,0.8,0.0,0.0,0.0,-0.8,0.0,0.0,0.0,0.8,0.0,1.6,1.6,0.0,0.8,0.8,-1.6,0.0,1.6,0.0,0.8,0.8,1.6,0.0,0.0,0.0,-0.8,0.0,-1.6,0.0,0.8,0.0,2.4000000000000004,-0.8,0.8,1.6,-0.8,2.4000000000000004,0.0,1.6,-0.8,-1.6,1.6,-4.0,-31.200000000000003,-66.4,-55.2,-21.6,-8.8,-3.2,-0.8,-1.6,-3.2,-4.800000000000001,-0.8,-1.6,0.8,0.8,-0.8,1.6,0.0,0.0,0.8,-0.8,1.6,-0.8,0.0,0.8,0.0,0.8,-0.8,1.6,0.0,-1.6,0.8,0.0,2.4000000000000004,0.0,0.0,0.8,0.0,0.0,-0.8,0.8,0.8,-0.8,1.6,0.8,0.8,1.6,-0.8,0.8,0.0,0.8,0.0,-0.8,0.8,1.6,0.8,-0.8,0.8,0.0,-1.6,0.0,0.8,0.8,0.8,0.0,1.6,0.0,1.6,0.8,0.0,1.6,-1.6,-0.8,0.0,0.8,0.8,-0.8,1.6,0.0,0.8,1.6,-0.8,0.0,0.8,0.8,0.8,1.6,1.6,0.8,2.4000000000000004,0.8,1.6,1.6,0.0,1.6,0.0,0.8,0.0,0.0,0.0,0.0,0.0,0.0,1.6,1.6,0.0,0.8,-0.8,0.0,0.0,0.0,1.6,1.6,0.0,1.6,1.6,1.6,-1.6,0.8,0.8,0.0,0.8,-1.6,0.8,0.8,-0.8,2.4000000000000004,0.8,1.6,-1.6,-0.8,2.4000000000000004,0.0,0.0,0.8,0.0,0.8,0.0,0.8,0.0,1.6,0.8,-0.8,1.6,-0.8,1.6,1.6,0.0,0.8,0.0,0.0,-1.6,-1.6,0.0,0.8,0.0,0.0,0.0,0.0,-0.8,0.0,0.8,0.8,0.8,0.0,0.8,0.8,0.0,0.0,0.8,0.0,-0.8,0.8,2.4000000000000004,0.0,0.8,0.8,0.8,1.6,0.8,0.0,0.0,0.0,0.0,-0.8,0.8,0.8,0.0,0.0,0.0,1.6,0.0,0.8,0.8,1.6,0.0,-0.8,0.0,2.4000000000000004,-0.8,-0.8,0.8,0.0,0.8,0.8,0.8,0.8,0.8,-1.6,0.8,0.8,2.4000000000000004,-0.8,1.6,0.8,0.8,1.6,0.8,0.0,0.8,0.0,0.0,-0.8,0.0,0.0,1.6,0.8,0.0,-0.8,0.8,0.0,0.0,-0.8,0.8,0.0,0.8,0.0,-0.8,1.6,0.0,0.8,0.8,0.0,0.8,0.0,1.6,0.0,0.0,0.8,0.0,0.8,0.0,0.0,1.6,-1.6,0.0,-0.8,-0.8,0.0,0.0,0.8,0.0,0.0,1.6,-0.8,1.6,0.0,0.0,-0.8,-0.8,-1.6,0.8,1.6,0.8,0.0,0.0,0.8,0.0,-0.8,0.0,1.6,0.8,-0.8,-0.8,0.0,0.0,0.8,0.0,0.0,0.8,0.0,-0.8,0.8,0.0,0.0,0.0,0.8,-0.8,0.8,0.0,0.0,0.8,0.8,0.8,0.8,0.8,1.6,-0.8,0.8,-0.8,1.6,2.4000000000000004,-1.6,0.0,3.2,0.8,-0.8,0.8,2.4000000000000004,-2.4000000000000004,0.0,0.0,0.0,0.8,0.8,0.0,0.8,-0.8,0.0,-0.8,1.6,0.0,1.6,0.0,1.6,1.6,0.0,0.0,0.8,0.0,0.0,0.0,0.0,1.6,-0.8,0.8,-0.8,0.0,0.0,0.0,0.8,0.0,0.8,0.0,-0.8,0.0,-1.6,0.8,0.0,0.8,1.6,0.0,0.0,-0.8,0.8,1.6,0.0,0.8,0.0,-0.8,1.6,0.8,2.4000000000000004,-0.8,-0.8,1.6,0.8,0.8,0.8,0.8,0.8,0.0,0.8,0.0,-0.8,1.6,0.0,2.4000000000000004,1.6,0.8,0.0,1.6,2.4000000000000004,-1.6,0.0,0.8,0.8,0.0,0.8,0.8,0.8,0.0,1.6,0.0,1.6,0.0,0.8,1.6,-1.6,1.6,0.8,0.8,0.0,0.8,0.0,1.6,0.0,-0.8,0.0,0.8,-0.8,0.8,-0.8,-0.8,1.6,0.8,-0.8,0.8,0.8,0.0,-0.8,0.8,-0.8,0.8,-0.8,0.0,0.0,-1.6,0.8,0.0,0.0,0.0,1.6,0.0,-0.8,1.6,0.0,0.0,0.0,-1.6,1.6,0.0,1.6,0.0,-0.8,0.0,-0.8,1.6,0.0,0.0,0.8,-0.8,1.6,0.8,-0.8,1.6,0.0,0.0,-1.6,0.0,1.6,-1.6,0.0,0.0,0.8,0.8,0.0,0.8,0.0,0.8,0.8,-0.8,2.4000000000000004,0.0,1.6,0.8,0.0,1.6,-0.8,0.8,0.0,0.0,0.8,-0.8,0.0,-0.8,0.0,0.8,0.0,0.8,0.8,-0.8,1.6,0.0,1.6,-0.8,0.8,0.0,0.8,0.0,-0.8,0.0,0.8,-0.8,1.6,-0.8,0.8,0.0,-0.8,0.0,0.0,0.0,0.8,0.0,0.8,-0.8,0.8,0.0,0.8,0.0,0.0,-0.8,0.8,1.6,-0.8,-0.8,1.6,0.0,0.8,0.8,0.8,0.0,-0.8,-0.8,0.0,1.6,0.8,0.0,0.8,-0.8,1.6,0.8,0.8,0.0,0.0,1.6,-0.8,0.8,-1.6,0.0,0.0,0.0,0.0,0.0,0.0,1.6,0.0,0.0,0.0,0.8,0.0,-0.8,1.6,0.0,1.6,0.8,0.0,0.8,-0.8,0.0,0.0,-0.8,1.6,0.8,0.0,0.0,-0.8,0.8,0.0,0.8,0.8,0.0,1.6,-0.8,0.0,-0.8,-0.8,0.0,0.8,0.8,0.0,0.8,0.8,0.0,1.6,0.0,-0.8,2.4000000000000004,-0.8,0.0,0.0,1.6,0.0,0.0,1.6,0.0,0.0,-0.8,-1.6,1.6,-0.8,0.8,0.0,0.0,0.8,0.0,0.8,0.0,-1.6,0.8,-0.8,1.6,-0.8,-0.8,0.8,-1.6,0.0,0.0,-0.8,0.0,0.8,0.8,-0.8,0.8,0.8,0.0,0.0,-0.8,0.0,0.0,-1.6,0.0,-1.6,-0.8,0.0,-0.8,0.8,0.8,0.0,0.0,-0.8,0.8,-0.8,-0.8,0.8,0.0,-1.6,0.8,0.8,0.0,0.0,-0.8,0.8,0.8,0.0,0.8,-0.8,0.0,-0.8,0.0,0.8,0.0,0.0,-0.8,0.8,0.8,0.0,-1.6,-0.8,1.6,-0.8,-0.8,0.0,-0.8,0.8,-0.8,0.8,0.8,-0.8,0.8,0.0,0.8,0.8,-0.8,0.8,0.8,0.8,0.0,-0.8,0.8,0.0,0.0,0.8,0.0,0.0,0.0,0.8,0.0,-0.8,0.0,0.8,0.0,0.8,0.0,0.0,-0.8,0.0,-0.8,0.0,0.0,0.8,0.8,-0.8,-0.8,1.6,-0.8,0.8,0.8,0.8,0.8,0.0,-0.8,-1.6,0.8,0.0,0.0,0.0,1.6,0.8,0.8,-0.8,0.0,0.0,-0.8,0.0,0.0,0.8,-0.8,0.0,0.0,0.0,0.0,0.0,1.6,-0.8,-1.6,0.0,1.6,0.0,-0.8,0.8,0.8,0.0,0.0,-0.8,-0.8,0.8,0.0,-0.8,0.8,-0.8,0.0,0.0,0.0,0.8,0.8,0.8,0.0,-0.8,0.0,-0.8,0.8,0.0,0.0,0.8,-0.8,1.6,-0.8,0.8,0.8,-0.8,0.0,-1.6,1.6,0.8,0.8,0.8,0.0,0.8,1.6,-0.8,0.8,-0.8,0.8,-0.8,-0.8,0.0,0.0,0.8,0.8,0.0,1.6,-0.8,0.8,-0.8,0.0,0.0,0.8,1.6,0.8,0.0,-0.8,-0.8,0.8,0.0,0.8,0.8,-1.6,2.4000000000000004,0.8,0.0,0.8,-0.8,0.8,0.0,0.0,1.6,0.8,-0.8,0.0,0.8,-0.8,0.0,1.6,0.0,0.8,0.8,0.0,0.0,0.0,0.0,0.0,1.6,0.0,-0.8,0.0,0.8,-0.8,0.0,-0.8,0.0,-0.8,1.6,-0.8,0.0,0.8,0.8,-0.8,-0.8,0.0,0.0,0.0,0.8,0.8,0.8,0.0,-0.8,1.6,-1.6,0.8,0.8,0.8,0.0,0.0,1.6,0.0,0.8,0.0,0.0,1.6,0.0,0.8,0.8,0.0,1.6,-0.8,0.8,-0.8,0.8,1.6,0.8,0.8,0.0,0.0,-0.8,-0.8,1.6,0.0,0.8,0.8,0.0,0.8,-0.8,0.0,1.6,-0.8,1.6,-1.6,1.6,-0.8,-0.8,0.0,0.0,1.6,0.0,-0.8,-0.8,0.8,0.8,0.0,0.8,0.0,0.0,0.0,-0.8,1.6,0.0,-0.8,0.8,-0.8,-0.8,0.0,0.0,0.0,-1.6,0.0,0.0,0.0,0.8,0.0,0.8,0.0,-0.8,-0.8,0.0,1.6,0.0,-0.8,0.8,0.8,1.6,1.6,0.8,-0.8,0.0,1.6,-0.8,0.8,0.8,0.0,-0.8,-0.8,0.8,0.0,0.0,0.0,0.0,-1.6,0.0,0.0,-0.8,0.0,-1.6,0.0,0.8,0.8,0.0,1.6,-0.8,-0.8,0.0,0.0,0.0,1.6,0.8,0.0,0.0,0.8,0.8,0.8,-0.8,0.8,-0.8,-0.8,0.0,0.0,-0.8,0.8,0.0,0.0,-1.6,0.8,-0.8,0.8,-0.8,-0.8,0.0,0.0,-0.8,0.0,0.0,0.8,-0.8,0.8,-0.8,0.8,0.8,-0.8,0.0,0.0,0.0,0.8,-0.8,0.0,0.8,1.6,-0.8,0.0,1.6,-2.4000000000000004,-0.8,0.8,0.0,0.0,-1.6,0.8,0.0,0.8,1.6,-1.6,3.2,-0.8,-1.6,1.6,0.0,1.6,-0.8,-0.8,2.4000000000000004,0.0,1.6,0.0,-0.8,0.8,-1.6,0.8,-0.8,0.0,0.0,-0.8,0.8,-0.8,0.0,0.0,0.8,0.0,-1.6,0.0,0.0,0.0,0.0,0.0,0.8,0.0,0.0,0.8,0.8,0.0,-0.8,0.0,0.0,0.0,1.6,0.8,0.8,1.6,1.6,0.0,0.8,0.0,0.8,0.0,0.0,0.8,0.8,0.8,0.8,0.0,0.0,0.0,0.0,-0.8,0.0,0.0,0.8,0.0,0.8,-0.8,0.0,0.0,0.8,0.8,0.0,-0.8,0.0,2.4000000000000004,-0.8,0.0,1.6,-0.8,0.0,0.0,-0.8,0.8,1.6,0.0,0.8,0.0,0.0,-0.8,0.8,-0.8,0.0,0.8,0.8,0.0,0.8,0.8,0.8,0.8,-0.8,-0.8,0.0,0.8,0.8,0.8,0.0,0.8,0.0,1.6,0.8,-1.6,0.8,0.8,0.0,0.8,0.0,0.8,1.6,0.0,0.8,0.0,0.8,0.0,-0.8,0.0,0.0,-0.8,-0.8,0.8,0.0,-0.8,1.6,0.8,0.0,0.8,-0.8,-0.8,-0.8,0.0,0.8,0.8,0.8,0.0,1.6,1.6,-0.8,0.0,0.0,0.8,0.0,-0.8,0.0,-0.8,0.0,0.8,0.0,0.8,-0.8,0.0,0.0,0.0,-0.8,0.0,0.8,0.8,0.0,-0.8,0.8,0.0,0.8,0.0,-0.8,-0.8,0.8,0.8,-0.8,0.8,-0.8,-0.8,0.0,-1.6,0.8,1.6,0.0,0.8,-0.8,-0.8,0.0,0.0,0.8,0.0,0.8,0.8,-0.8,0.0,0.0,-0.8,1.6,-0.8,0.0,0.0,1.6,0.8,0.0,0.8,0.0,1.6,0.8,0.0,0.0,0.8,1.6,-2.4000000000000004,0.0,0.0,0.0,1.6,-1.6,2.4000000000000004,0.8,0.0,-0.8,-0.8,0.8,-0.8,-1.6,0.8,0.0,0.8,0.0,1.6,0.8,-1.6,1.6,0.0,-0.8,0.8,0.0,0.0,0.8,0.0,0.0,0.8,1.6,0.0,1.6,-0.8,-0.8,0.0,-0.8,-1.6,0.0,0.8,0.8,0.0,0.8,0.0,0.0,0.0,0.0,0.0,0.0,0.0,0.8,0.0,0.0,1.6,0.8,0.0,0.8,0.8,-0.8,1.6,0.8,-0.8,0.0,0.8,-0.8,-0.8,0.8,0.0,0.8,0.0,0.0,0.8,0.0,0.8,0.8,0.8,0.0,0.0,0.8,0.0,0.0,0.8,-0.8,0.8,-0.8,-0.8,-0.8,0.0,0.0,0.0,0.0,1.6,0.0,1.6,-2.4000000000000004,-0.8,2.4000000000000004,0.0,0.0,0.0,0.0,1.6,0.0,0.8,0.8,1.6,-0.8,-0.8,1.6,-0.8,0.8,0.8,0.8,0.8,0.0,0.8,2.4000000000000004,0.8,0.8,0.8,1.6,0.8,-0.8,1.6,0.0,3.2,0.0,0.0,2.4000000000000004,0.0,0.8,-0.8,0.0,1.6,0.0,0.0,0.0,0.8,0.0,0.0,1.6,0.0,-0.8,0.0,0.0,1.6,-1.6,1.6,0.0,0.8,0.0,-0.8,0.8,-0.8,0.0,0.8,0.0,0.8,0.8,0.8,0.8,0.0,0.0,0.0,0.0,-0.8,0.8,0.8,-0.8,0.0,-0.8,-0.8,0.0,1.6,0.8,0.8,-0.8,0.8,0.0,0.8,0.0,0.8,-0.8,-0.8,-0.8,0.0,1.6,0.8,0.0,-0.8,0.8,0.8,0.8,0.8,-0.8,0.8,0.0,-0.8,0.0,0.8,0.8,0.0,-0.8,0.8,0.0,0.8,0.0,0.0,0.0,-0.8,0.8,0.0,0.8,0.0,-0.8,1.6,0.0,0.0,0.8,0.8,0.8,-0.8,0.8,0.0,0.8,0.0,0.0,1.6,0.8,-1.6,0.8,-0.8,0.8,-0.8,-0.8,1.6,-0.8,0.8,0.0,0.0,0.8,-1.6,0.0,-0.8,0.8,0.0,-0.8,0.8,0.8,0.0,0.0,0.0,0.8,0.0,1.6,0.8,-0.8,1.6,0.8,0.0,0.0,0.0,1.6,0.0,0.0,0.8,0.0,0.0,0.0,0.8,0.0,0.0,0.8,-0.8,0.8,1.6,1.6,0.0,0.8,0.8,-0.8,0.0,0.8,-0.8,-0.8,0.8,-0.8,0.0,0.0,0.8,0.8,1.6,0.8,-0.8,0.8,0.0,-0.8,0.0,0.0,1.6,0.8,0.8,1.6,0.0,0.0,0.8,1.6,0.0,-0.8,0.8,0.0,-0.8,0.0,0.0,1.6,0.0,0.0,0.8,0.0,0.0,-0.8,-0.8,1.6,0.8,0.0,0.8,0.8,1.6,0.0,0.8,0.8,0.8,0.0,-1.6,-0.8,0.0,-0.8,0.8,0.0,0.0,0.0,0.0,0.0,0.0,-0.8,0.8,0.0,0.8,-0.8,0.0,0.0,0.0,0.8,-0.8,0.0,-0.8,0.8,1.6,-0.8,0.8,1.6,0.0,0.8,-0.8,0.0,1.6,-0.8,1.6,0.8,-0.8,0.0,0.0,0.8,0.0,1.6,0.0,-0.8,0.8,-0.8,0.0,0.0,0.0,0.0,0.8,0.8,0.0,-0.8,-0.8,1.6,2.4000000000000004,0.0,-0.8,0.8,0.0,0.0,0.0,0.0,0.0,0.0,0.0,0.8,0.0,0.0,0.8,1.6,0.0,0.0,0.0,0.8,0.0,0.0,0.0,0.8,0.8,0.8,0.0,0.8,0.0,0.0,0.0,0.0,0.0,1.6,0.0,0.0,1.6,1.6,0.0,0.8,0.8,0.0,0.0,-0.8,-0.8,0.0,0.0,0.0,1.6,0.8,0.8,0.0,-0.8,0.8,-1.6,1.6,-1.6,0.0,0.8,0.0,1.6,-0.8,-0.8,0.8,0.0,0.8,0.8,0.8,0.0,-0.8,1.6,0.0,-0.8,-0.8,0.0,0.8,-0.8,0.0,-1.6,0.0,0.8,0.0,1.6,0.0,0.8,0.8,-0.8,0.8,-0.8,-0.8,1.6,-0.8,-0.8,0.0,1.6,0.8,0.0,0.8,1.6,1.6,0.8,-1.6,0.0,0.8,0.8,0.8,-0.8,0.0,0.8,0.8,1.6,1.6,0.8,-0.8,0.8,2.4000000000000004,-0.8,0.8,0.8,0.0,0.8,0.0,0.0,0.8,0.0,0.0,0.8,1.6,0.0,0.0,1.6,0.8,1.6,0.0,0.8,0.8,0.8,0.0,0.8,0.8,0.0,0.0,0.0,0.0,-0.8,0.0,0.0,-0.8,0.8,-0.8,0.8,0.8,0.8,0.0,-0.8,0.8,0.0,-1.6,-0.8,0.0,1.6,0.0,0.0,0.8,-0.8,1.6,0.0,0.0,0.8,-0.8,1.6,0.0,0.0,0.8,0.0,0.8,0.0,0.8,0.8,0.0,0.8,-0.8,0.0,0.0,-0.8,1.6,0.0,0.8,0.0,-0.8,0.0,-2.4000000000000004,0.8,0.8,0.8,0.8,0.0,1.6,0.0,0.8,0.8,-1.6,2.4000000000000004,-2.4000000000000004,0.8,0.8,-0.8,1.6,0.0,1.6,0.8,0.0,1.6,0.8,1.6,-0.8,0.0,1.6,0.0,0.8,0.0,0.8,1.6,0.8,1.6,0.8,0.0,1.6,-0.8,0.8,0.0,0.8,0.8,0.0,0.8,0.0,0.8,1.6,0.0,1.6,0.8,0.0,0.0,0.8,-0.8,0.0,-0.8,0.0,0.0,0.0,0.8,0.8,-0.8,0.8,0.8,0.8,0.8,0.0,0.0,0.0,0.8,0.8,0.8,0.8,1.6,1.6,0.0,1.6,0.8,0.0,0.0,-0.8,1.6,0.8,0.0,0.0,0.0,0.0,0.0,0.8,0.0,0.0,0.0,0.0,0.0,1.6,0.0,0.0,0.8,0.0,0.0,-1.6,1.6,0.8,0.0,0.8,0.0,0.0,0.0,0.8,0.0,0.8,0.0,0.0,0.8,0.0,0.0,0.0,-0.8,2.4000000000000004,1.6,0.0,0.8,0.0,1.6,-0.8,0.0,1.6,-0.8,0.0,0.0,0.8,0.8,0.0,1.6,0.0,0.0,0.8,0.0,1.6,0.8,0.0,0.8,0.0,1.6,0.0,0.0,0.8,0.0,0.8,-0.8,0.8,1.6,0.0,2.4000000000000004,0.8,0.0,0.0,-0.8,0.8,0.8,0.8,1.6,0.8,0.8,0.0,0.8,0.8,0.8,0.8,1.6,1.6,-0.8,0.0,0.8,0.8,0.8,0.8,0.0,-0.8,0.0,0.0,0.0,0.0,0.0,0.8,-1.6,0.8,0.8,0.8,0.0,0.0,0.8,0.0,0.8,0.0,0.0,1.6,0.8,0.0,0.8,0.0,0.0,-0.8,0.0,1.6,0.0,0.8,0.0,0.0,1.6,-0.8,0.8,0.8,0.8,0.0,1.6,1.6,-0.8,1.6,0.0,0.8,1.6,-0.8,0.8,0.0,0.8,0.0,-0.8,0.8,0.0,0.8,0.0,0.0,0.8,-0.8,-0.8,0.8,-0.8,2.4000000000000004,0.0,0.0,1.6,0.8,1.6,0.0,0.8,-1.6,-0.8,0.8,-0.8,-2.4000000000000004,2.4000000000000004,1.6,-2.4000000000000004,-0.8,2.4000000000000004,-0.8,-2.4000000000000004,1.6,0.8,0.0,-0.8,2.4000000000000004,0.8,-0.8,0.8,0.0,0.8,0.0,0.0,0.8,1.6,0.0,-0.8,0.0,1.6,1.6,-0.8,0.0,0.8,0.0,0.0,-0.8,0.8,-0.8,-0.8,1.6,-0.8,0.8,1.6,0.0,-0.8,0.0,0.8,-0.8,0.8,-0.8,-0.8,0.8,1.6,1.6,0.0,0.0,1.6,0.0,1.6,0.0,0.0,0.8,0.0,0.0,-0.8,0.0,0.8,0.0,1.6,0.8,0.0,0.8,0.8,1.6,-0.8,0.0,0.0,0.0,0.0,-0.8,0.0,0.8,0.0,2.4000000000000004,0.8,0.8,0.0,-1.6,0.8,-0.8,0.8,0.8,-0.8,1.6,0.8,0.0,0.8,0.0,0.0,0.0,0.0,0.0,-0.8,1.6,0.8,0.8,0.8,-1.6,1.6,0.0,0.8,0.0,0.0,0.0,0.0,-0.8,-0.8,-0.8,0.8,0.0,0.8,0.8,0.8,1.6,0.8,0.8,0.8,0.0,0.0,-0.8,1.6,0.0,0.8,0.0,0.0,0.0,-2.4000000000000004,-0.8,0.8,0.0,0.8,0.8,-0.8,0.8,0.8,-0.8,0.0,0.8,-0.8,0.0,-0.8,1.6,0.0,-0.8,0.0,0.0,0.8,0.8,-0.8,-1.6,0.0,0.8,0.8,-0.8,0.8,0.0,0.8,0.0,0.8,-0.8,0.0,0.8,0.0,0.0,0.0,0.8,0.8,0.0,0.0,0.0,0.0,1.6,-0.8,1.6,0.0,0.0,0.0,-0.8,2.4000000000000004,0.8,0.8,0.0,0.0,1.6,-0.8,1.6,0.0,-0.8,0.8,-1.6,0.0,0.8,-0.8,2.4000000000000004,-1.6,0.8,0.0,-0.8,0.0,-0.8,-0.8,0.8,0.0,0.8,-2.4000000000000004,0.8,0.0,0.0,0.8,-0.8,0.8,-1.6,0.8,0.0,0.0,1.6,-0.8,0.8,-0.8,-0.8,1.6,-0.8,0.0,0.0,-1.6,0.0,-1.6,0.8,0.0,-0.8,1.6,-0.8,0.0,0.0,0.0,0.0,-0.8,0.0,-1.6,-0.8,1.6,0.0,0.0,0.0,0.8,0.8,0.8,0.0,-0.8,0.0,0.8,-0.8,-0.8,0.0,-0.8,-0.8,0.0,0.8,0.8,0.0,0.8,2.4000000000000004,-0.8,-0.8,1.6,0.0,0.8,0.0,0.8,1.6,0.0,-0.8,0.8,1.6,-1.6,-0.8,0.0,0.0,0.8,-0.8,0.8,1.6,1.6,0.0,0.8,0.0,0.8
event_74,1625266881.3548462,0.0,0.0,-0.8,2.4000000000000004,0.0,0.8,0.8,0.0,0.8,0.8,0.0,0.0,0.8,0.8,-0.8,0.0,1.6,0.0,1.6,0.0,1.6,0.8,0.8,0.8,0.0,0.0,0.0,0.0,0.0,0.0,1.6,-0.8,0.8,1.6,-0.8,0.8,0.8,0.8,-0.8,0.0,0.8,0.0,0.0,0.0,-0.8,0.8,0.0,1.6,0.8,1.6,0.0,-0.8,0.0,0.0,1.6,0.0,0.8,0.8,1.6,-0.8,1.6,0.8,-0.8,0.0,0.0,-0.8,0.8,0.0,1.6,0.0,0.8,0.0,-0.8,0.0,0.8,0.0,0.8,-0.8,1.6,0.0,-0.8,0.8,-0.8,2.4000000000000004,0.8,0.8,0.8,1.6,0.8,0.0,0.8,0.8,0.0,0.8,-1.6,0.8,1.6,-0.8,0.8,-1.6,0.8,0.8,-1.6,-27.200000000000003,-72.00000000000001,-64.0,-32.800000000000004,-12.8,-4.800000000000001,-4.800000000000001,-0.8,-4.800000000000001,-5.6,-2.4000000000000004,-3.2,0.0,0.8,0.8,0.0,0.8,1.6,0.8,-0.8,0.8,0.0,0.0,-0.8,0.8,0.0,0.0,1.6,-0.8,1.6,0.0,0.0,0.8,0.0,0.0,0.8,-1.6,2.4000000000000004,0.8,-2.4000000000000004,1.6,3.2,-1.6,-0.8,2.4000000000000004,0.0,0.0,0.0,0.0,1.6,0.8,-0.8,0.0,1.6,0.8,-0.8,0.8,0.0,-0.8,-0.8,0.0,0.8,-0.8,-0.8,0.8,0.0,0.8,-0.8,0.0,-0.8,0.0,0.0,0.8,0.0,0.8,0.0,0.0,0.0,0.8,0.8,1.6,0.8,0.0,0.8,1.6,0.0,0.8,0.8,0.0,-0.8,0.0,0.8,1.6,1.6,0.8,0.0,-1.6,0.0,1.6,0.8,0.8,-0.8,0.8,0.0,0.0,0.0,-0.8,1.6,-0.8,-1.6,0.8,0.0,0.8,-0.8,0.0,0.8,-0.8,0.8,-1.6,0.0,1.6,-0.8,1.6,0.0,0.8,0.8,-0.8,0.8,-0.8,1.6,-0.8,-0.8,1.6,-1.6,1.6,-0.8,0.0,0.8,-1.6,0.8,0.8,0.0,0.8,-0.8,1.6,-0.8,-0.8,0.0,0.8,2.4000000000000004,-0.8,0.0,1.6,0.8,-0.8,-0.8,0.0,0.8,-1.6,-0.8,-0.8,0.8,0.0,0.8,0.0,0.0,0.0,0.0,-0.8,0.8,-0.8,1.6,0.0,0.0,0.0,0.0,1.6,0.0,0.0,0.0,0.8,0.0,0.8,0.8,-0.8,-0.8,0.0,1.6,0.0,0.0,0.8,0.8,-0.8,-1.6,-0.8,-0.8,0.8,-0.8,-0.8,0.8,0.8,0.0,0.0,0.8,0.8,-0.8,0.8,0.0,-1.6,0.8,0.8,0.0,0.0,0.0,0.8,0.0,0.8,0.0,0.0,0.8,-0.8,-0.8,0.0,1.6,1.6,1.6,0.8,0.8,-0.8,0.8,0.0,0.0,0.0,-0.8,0.0,0.0,0.0,1.6,-0.8,1.6,-0.8,0.0,0.8,-0.8,1.6,-0.8,0.0,-0.8,0.8,1.6,0.0,1.6,0.8,0.8,1.6,-0.8,0.8,-0.8,0.0,0.0,0.0,0.8,1.6,0.8,0.0,-0.8,0.0,0.0,0.0,0.0,0.8,0.0,0.8,-0.8,0.8,1.6,1.6,0.8,0.0,0.0,0.0,2.4000000000000004,0.0,0.8,0.0,-0.8,0.0,-0.8,0.0,0.8,0.0,0.0,0.0,0.8,-0.8,0.8,0.8,0.0,0.8,0.8,0.8,-0.8,0.8,0.8,0.0,1.6,-0.8,-0.8,0.0,1.6,0.8,-0.8,0.0,0.8,0.0,0.8,0.0,-0.8,0.0,0.0,-0.8,1.6,0.0,0.8,0.8,0.8,1.6,1.6,0.0,0.0,0.8,0.8,-0.8,0.0,0.0,0.0,0.0,0.8,0.0,0.8,0.0,1.6,0.0,-0.8,0.0,0.0,1.6,0.8,0.0,1.6,0.0,1.6,0.0,0.8,0.8,0.0,0.8,-1.6,-0.8,0.8,-0.8,1.6,0.8,0.8,0.0,-0.8,0.0,0.0,1.6,0.0,0.8,1.6,0.0,0.8,0.8,0.8,1.6,-0.8,0.8,0.0,1.6,1.6,1.6,2.4000000000000004,0.0,0.8,0.0,0.0,1.6,1.6,0.0,1.6,0.0,0.0,1.6,0.0,0.8,0.0,0.8,0.8,0.8,1.6,0.0,0.0,1.6,0.0,-0.8,0.8,1.6,0.0,0.0,0.8,0.8,-0.8,1.6,-0.8,0.8,1.6,-0.8,0.0,0.8,2.4000000000000004,0.8,0.0,0.8,0.8,1.6,0.8,0.0,0.8,0.0,-0.8,-0.8,0.8,0.8,-0.8,0.8,1.6,0.8,0.8,0.8,0.8,0.8,-0.8,0.0,0.0,2.4000000000000004,-0.8,0.8,1.6,0.8,1.6,0.0,0.0,1.6,-0.8,0.0,-0.8,0.0,-0.8,0.8,1.6,0.8,0.0,0.8,0.0,0.8,-1.6,1.6,2.4000000000000004,0.8,0.0,-1.6,0.8,0.0,-0.8,0.8,-0.8,0.8,0.8,0.8,0.8,-1.6,0.0,-0.8,0.0,-0.8,0.8,1.6,-0.8,0.0,0.0,-1.6,0.8,-0.8,0.8,0.0,0.0,0.8,0.0,1.6,0.0,0.0,0.0,-0.8,0.0,0.0,1.6,1.6,0.8,0.8,0.0,0.0,0.8,-0.8,0.0,1.6,0.8,0.0,0.0,0.8,0.8,0.0,0.0,1.6,0.0,0.0,1.6,0.0,0.8,0.0,0.8,0.8,0.8,0.0,0.0,1.6,0.8,0.8,2.4000000000000004,0.0,-0.8,0.0,0.8,0.0,1.6,0.8,-0.8,0.8,0.8,-1.6,1.6,0.8,1.6,0.0,0.0,0.8,-0.8,0.8,2.4000000000000004,0.8,1.6,-0.8,1.6,0.0,0.8,1.6,1.6,0.0,1.6,-0.8,1.6,0.0,1.6,-0.8,0.0,0.8,-0.8,1.6,0.8,0.8,0.8,0.0,0.8,-0.8,0.0,1.6,0.0,0.8,0.0,0.8,0.0,0.0,0.8,0.0,0.0,0.8,0.0,0.8,0.8,1.6,0.0,0.8,1.6,-1.6,1.6,0.8,0.8,1.6,-0.8,1.6,1.6,0.0,0.8,-0.8,0.0,0.0,0.0,1.6,0.0,1.6,0.0,0.0,1.6,0.8,1.6,0.8,2.4000000000000004,0.0,-1.6,0.8,0.0,0.8,0.0,0.8,1.6,0.8,0.0,0.8,0.0,0.8,-0.8,0.8,0.0,1.6,0.0,0.8,1.6,1.6,0.0,0.8,1.6,1.6,0.8,0.8,-0.8,0.0,0.8,0.8,0.8,0.0,-0.8,0.0,0.8,0.8,-0.8,0.0,0.0,0.8,0.0,0.0,0.0,0.0,0.8,0.0,0.8,0.8,0.0,0.8,0.8,0.0,0.8,0.0,0.8,0.0,0.8,1.6,-0.8,0.8,0.8,0.0,1.6,0.8,0.8,0.0,0.8,0.8,0.8,1.6,-0.8,1.6,0.0,0.0,-0.8,-0.8,2.4000000000000004,0.0,0.0,0.0,0.8,2.4000000000000004,1.6,0.8,0.0,0.0,1.6,-0.8,1.6,1.6,0.0,0.8,-0.8,0.8,0.8,-0.8,1.6,0.8,0.0,0.8,0.8,0.8,0.8,0.8,0.0,1.6,0.8,0.0,2.4000000000000004,1.6,0.0,-0.8,0.8,1.6,1.6,0.8,0.0,0.0,1.6,0.0,2.4000000000000004,0.8,0.0,0.0,0.0,0.0,1.6,0.0,1.6,0.8,0.8,0.8,0.0,-0.8,0.8,-0.8,0.8,0.0,0.0,0.8,0.0,0.0,1.6,0.0,0.8,1.6,0.8,0.0,0.8,0.8,-0.8,1.6,0.8,-0.8,0.8,0.0,0.8,0.0,1.6,0.8,-1.6,1.6,-0.8,0.8,0.0,-1.6,1.6,-0.8,0.8,0.8,0.0,1.6,-0.8,0.0,0.8,0.8,0.0,0.0,2.4000000000000004,0.0,0.8,1.6,0.0,0.8,0.8,0.8,0.0,-0.8,0.8,0.0,0.8,0.8,-0.8,1.6,0.8,0.0,0.8,0.0,0.8,0.0,0.0,0.0,0.0,1.6,1.6,0.8,0.0,0.0,1.6,1.6,-0.8,1.6,0.0,1.6,0.8,0.0,1.6,1.6,-0.8,0.8,0.8,0.8,-0.8,-0.8,0.0,-0.8,0.0,2.4000000000000004,-1.6,0.0,0.8,0.0,2.4000000000000004,0.8,-1.6,0.8,0.0,0.0,0.0,0.0,0.8,-0.8,0.0,0.0,0.0,0.0,1.6,0.8,0.0,-0.8,-0.8,0.8,-0.8,0.0,0.0,0.0,0.0,0.0,0.0,0.0,-0.8,-0.8,0.8,0.0,0.0,0.0,1.6,0.0,0.0,0.0,-0.8,1.6,-1.6,0.8,0.8,0.0,1.6,-1.6,1.6,0.8,0.8,0.8,-0.8,0.8,-0.8,-0.8,1.6,0.0,1.6,1.6,0.8,0.8,0.0,0.8,-0.8,0.0,0.0,-0.8,0.8,-0.8,1.6,0.8,0.0,3.2,-0.8,0.0,0.0,0.0,1.6,-1.6,0.8,0.8,0.8,0.8,-1.6,2.4000000000000004,0.8,0.8,0.0,-0.8,3.2,-2.4000000000000004,0.0,0.8,-0.8,0.8,0.0,2.4000000000000004,0.8,-0.8,0.8,0.8,1.6,-0.8,-0.8,1.6,0.0,-1.6,0.0,1.6,1.6,-0.8,0.0,0.0,0.8,0.0,0.0,0.8,0.0,-0.8,-0.8,0.8,0.0,-0.8,0.8,0.8,0.0,-0.8,-0.8,0.0,0.8,0.0,-0.8,0.0,0.0,0.0,0.8,0.0,0.8,0.8,-1.6,0.8,0.8,1.6,1.6,-0.8,1.6,0.0,2.4000000000000004,0.8,-0.8,0.0,0.8,1.6,-0.8,0.0,0.8,0.8,1.6,-0.8,0.8,0.0,-0.8,0.0,0.0,-0.8,0.8,0.8,1.6,0.8,0.8,0.0,0.8,0.0,-1.6,1.6,0.0,0.0,-0.8,0.0,1.6,0.8,0.0,0.8,0.0,1.6,-1.6,0.8,0.8,-0.8,0.0,0.0,0.0,0.0,-1.6,1.6,-0.8,1.6,0.0,0.0,0.0,0.0,-0.8,0.8,0.8,1.6,-0.8,0.8,0.8,0.0,0.8,0.0,0.8,-0.8,0.0,0.8,-0.8,0.8,-0.8,0.0,0.8,-0.8,1.6,0.8,0.0,0.8,0.0,0.0,0.8,0.0,0.0,0.0,1.6,0.0,1.6,0.0,-0.8,0.8,1.6,-1.6,0.0,0.0,0.0,0.8,0.0,-0.8,1.6,0.8,0.0,0.8,0.0,0.0,0.0,0.0,0.8,0.0,0.0,0.0,0.0,0.0,0.8,0.8,0.0,1.6,-0.8,0.0,0.8,0.8,0.0,0.8,-0.8,0.0,0.8,0.8,0.8,1.6,0.8,0.8,1.6,-0.8,2.4000000000000004,0.8,-0.8,0.8,0.8,1.6,0.8,0.0,0.8,-0.8,0.0,-0.8,1.6,0.0,0.8,0.8,-0.8,-0.8,0.0,-0.8,0.8,-0.8,0.8,-0.8,0.0,1.6,-0.8,0.8,0.0,0.8,2.4000000000000004,0.0,0.8,0.8,0.0,0.0,-0.8,0.8,0.0,-0.8,0.0,0.0,1.6,-1.6,0.8,0.8,-1.6,0.0,0.8,0.8,-0.8,0.8,0.8,0.0,0.8,0.8,-0.8,0.8,0.0,0.0,0.0,0.8,0.8,-0.8,1.6,0.8,0.8,0.8,0.0,-0.8,0.0,0.8,-0.8,0.0,0.8,0.0,-0.8,0.8,0.0,0.8,0.8,0.0,0.8,-0.8,0.0,1.6,-0.8,0.0,-0.8,0.0,0.8,0.0,0.8,0.8,0.8,0.8,0.0,0.8,0.0,2.4000000000000004,0.0,0.0,0.8,0.0,0.0,1.6,0.8,0.8,0.0,0.8,0.0,0.0,0.0,1.6,0.8,0.0,-0.8,0.8,-1.6,0.0,-0.8,0.8,0.8,0.0,0.0,0.0,0.0,0.8,0.0,0.8,-0.8,0.0,1.6,0.0,0.0,0.0,0.0,1.6,-1.6,0.8,1.6,0.8,-0.8,0.0,0.8,0.0,0.0,0.8,-0.8,0.0,0.0,-0.8,0.0,0.8,0.8,-0.8,0.8,0.8,-0.8,-0.8,0.0,0.0,-0.8,0.0,0.8,0.0,1.6,0.0,-1.6,0.8,-0.8,0.0,0.0,0.0,0.8,-0.8,0.0,0.8,0.0,0.0,0.0,1.6,0.0,-0.8,-0.8,0.0,0.0,0.8,0.0,0.8,0.8,0.0,0.8,0.8,0.0,0.0,0.8,0.8,0.8,0.0,0.0,0.8,0.0,-0.8,0.8,0.8,-0.8,0.0,-0.8,0.0,-0.8,0.8,1.6,0.0,0.0,0.0,0.0,0.8,0.8,0.8,1.6,-0.8,1.6,0.0,-0.8,0.0,0.0,0.0,0.0,0.8,-0.8,0.8,1.6,-0.8,1.6,-0.8,0.8,-0.8,-0.8,2.4000000000000004,0.8,0.8,0.0,-0.8,0.8,-0.8,1.6,0.8,-2.4000000000000004,1.6,0.8,0.0,0.0,0.8,1.6,0.0,-0.8,-0.8,0.0,2.4000000000000004,-0.8,0.8,0.8,0.8,-0.8,0.8,0.8,-1.6,0.0,0.8,0.0,0.8,0.8,0.0,1.6,-1.6,0.8,0.0,1.6,0.0,0.8,0.0,-0.8,0.0,-0.8,0.0,0.8,0.0,0.8,0.8,-0.8,0.8,0.8,-0.8,-0.8,0.8,0.0,1.6,0.8,0.8,1.6,1.6,0.0,0.8,0.0,0.8,0.0,0.0,0.0,1.6,0.0,0.0,0.8,0.8,-0.8,0.8,0.0,1.6,-0.8,0.8,0.8,0.0,0.0,-0.8,1.6,0.0,0.8,0.8,0.0,0.8,0.8,0.8,0.0,-0.8,0.8,-0.8,-0.8,0.0,-0.8,1.6,0.0,0.8,0.0,-0.8,0.8,-0.8,0.0,-0.8,0.0,1.6,-0.8,0.8,0.8,-1.6,1.6,-1.6,-0.8,0.0,0.8,1.6,-1.6,0.0,0.8,-0.8,1.6,0.0,0.0,0.0,1.6,0.0,-0.8,1.6,0.8,0.8,0.8,0.0,0.8,0.0,0.8,0.8,-0.8,0.0,0.0,0.0,0.8,0.0,0.8,0.0,0.8,-0.8,0.8,0.8,-0.8,0.8,0.0,-0.8,2.4000000000000004,-0.8,0.8,1.6,0.8,0.8,0.0,0.0,-0.8,0.0,-0.8,-0.8,0.8,0.0,2.4000000000000004,0.8,0.0,0.0,0.0,0.8,-0.8,-0.8,0.0,-0.8,0.8,0.0,0.0,0.8,1.6,0.8,0.8,0.0,0.0,0.8,1.6,0.0,0.8,0.0,0.0,-0.8,0.0,1.6,0.8,0.0,0.0,0.0,0.0,-0.8,0.8,0.8,0.8,-0.8,0.0,0.8,0.0,0.8,0.0,0.0,0.0,-0.8,-0.8,-0.8,0.8,0.8,-0.8,2.4000000000000004,0.0,1.6,0.0,-0.8,1.6,-0.8,0.8,0.8,0.0,1.6,0.0,1.6,0.8,0.0,0.8,0.8,2.4000000000000004,0.0,-0.8,0.8,0.0,1.6,0.0,-0.8,2.4000000000000004,0.8,1.6,0.8,0.0,1.6,-1.6,1.6,0.8,0.8,1.6,0.0,1.6,1.6,0.0,0.8,0.0,0.8,0.0,0.0,0.8,-0.8,0.8,0.8,0.8,0.0,-1.6,0.8,0.0,0.8,0.0,0.0,0.8,1.6,0.0,0.8,0.0,0.8,0.0,0.0,0.8,0.0,1.6,1.6,0.8,1.6,0.8,0.8,0.0,-0.8,0.8,0.0,-1.6,0.0,0.0,-0.8,0.0,0.0,0.0,0.0,0.8,0.0,-0.8,1.6,0.0,0.8,-0.8,0.0,-0.8,0.0,1.6,0.0,0.8,-0.8,0.8,0.8,0.0,0.0,0.0,0.8,0.8,0.0,0.0,0.0,0.8,1.6,0.0,0.8,0.0,0.0,0.8,0.0,-0.8,0.0,0.8,0.8,0.0,0.0,-0.8,0.8,0.8,0.8,0.8,0.8,0.0,0.0,0.8,0.8,0.8,-0.8,0.8,0.8,0.8,-1.6,0.8,0.8,0.0,0.8,0.0,0.8,0.0,0.0,2.4000000000000004,0.8,1.6,0.0,-0.8,0.8,0.0,-0.8,0.0,-0.8,1.6,-0.8,0.8,0.8,0.0,0.0,0.8,1.6,-0.8,1.6,0.0,0.0,0.8,0.0,0.8,0.0,-0.8,1.6,0.8,0.0,1.6,0.0,0.0,0.0,0.0,0.8,0.0,0.8,0.8,0.0,1.6,1.6,-1.6,0.8,-0.8,-0.8,0.8,0.8,0.8,0.8,0.0,0.8,1.6,1.6,0.0,0.8,0.0,0.8,0.8,0.8,1.6,0.0,0.8,0.8,0.8,0.8,-0.8,1.6,0.0,-1.6,0.0,-0.8,0.0,0.8,-0.8,0.8,0.8,0.8,0.0,0.8,-0.8,0.8,0.8,-1.6,0.8,4.0,-1.6,0.0,3.2,1.6,-1.6,-0.8,2.4000000000000004,1.6,-0.8,0.8,0.0,0.8,-0.8,0.8,1.6,0.8,0.8,0.0,0.8,0.0,-0.8,2.4000000000000004,0.0,0.8,-1.6,0.0,0.8,0.0,0.0,0.0,0.0,-0.8,0.8,1.6,0.0,0.8,1.6,0.8,0.0,0.0,0.0,0.8,0.0,2.4000000000000004,0.8,0.0,0.8,0.8,0.8,0.8,0.8,0.8,0.8,0.8,0.0,0.0,0.8,0.0,-1.6,0.8,1.6,0.8,0.8,0.8,1.6,0.8,0.8,0.8,0.0,0.8,0.0,-0.8,0.8,0.0,0.8,0.8,0.0,0.8,1.6,1.6,0.8,0.8,0.8,0.0,-1.6,0.8,0.8,0.0,0.8,1.6,0.0,0.8,0.8,-0.8,1.6,-0.8,-0.8,0.8,0.8,1.6,0.0,1.6,1.6,-0.8,1.6,0.0,0.8,0.0,-0.8,0.0,-0.8,0.8,0.8,0.8,0.8,-0.8,0.8,-1.6,0.8,-0.8,0.0,0.8,0.0,1.6,0.8,0.0,1.6,-1.6,1.6,0.0,-0.8,1.6,0.0,1.6,0.0,0.0,1.6,-2.4000000000000004,0.8,-0.8,1.6,0.8,0.0,1.6,-0.8,0.0,0.0,0.0,1.6,0.0,0.0,0.0,0.0,1.6,0.0,2.4000000000000004,-1.6,-0.8,0.0,0.8,0.8,-0.8,0.8,1.6,-0.8,1.6,-0.8,0.8,0.8,0.8,0.8,0.0,0.0,0.8,0.0,0.8,0.8,0.8,1.6,0.8,0.8,-0.8,0.8,0.0,1.6,0.0,0.0,0.8,1.6,0.0,0.0,1.6,0.0,0.8,0.0,0.8,0.8,1.6,1.6,0.0,0.0,1.6,0.0,1.6,0.8,0.8,0.8,0.0,0.8,0.8,0.0,1.6,-0.8,0.8,-0.8,-0.8,0.8,0.0,0.8,0.0,0.0,0.0,-0.8,0.8,0.0,0.0,0.0,0.0,0.8,-0.8,1.6,1.6,0.0,1.6,0.8,0.0,0.0,-0.8,0.0,0.0,0.0,0.0,-0.8,0.0,0.8,0.0,0.0,-0.8,0.8,-0.8,0.8,0.8,0.0,0.0,-0.8,0.0,-0.8,0.8,2.4000000000000004,0.0,0.0,0.0,0.0,1.6,0.0,0.0,-0.8,0.8,-0.8,-0.8,1.6,0.8,0.8,0.8,0.8,1.6,0.8,0.8,0.8,0.0,-0.8,-0.8,0.8,0.8,-0.8,0.8,0.0,0.8,0.0,0.8,0.8,0.8,0.8,-0.8,0.8,0.8,1.6,0.0,0.0,0.8,0.8,0.0,1.6,0.8,1.6,-0.8,0.0,-0.8,0.0,0.0,0.8,0.0,0.0,-0.8,0.0,0.0,0.8,-1.6,1.6,-0.8,0.0,0.8,-1.6,1.6,2.4000000000000004,-0.8,0.0,1.6,0.8,0.0,2.4000000000000004,-0.8,-0.8,0.8,0.0,-0.8,-0.8,0.8,0.0,-0.8,0.0,0.0,0.8,0.8,-0.8,0.8,0.8,0.8,1.6,-0.8,1.6,0.8,0.0,1.6,-0.8,0.0,0.0,0.8,0.0,0.8,0.8,-0.8,0.8,0.8,-0.8,0.0,0.0,-0.8,0.0,-0.8,0.0,-0.8,0.8,0.0,1.6,0.8,-0.8,-0.8,0.8,0.0,0.0,0.0,0.0,0.0,0.0,-0.8,0.8,0.0,0.0,0.8,0.0,0.0,0.8,0.8,0.8,0.0,0.0,0.0,0.8,1.6,0.0,0.8,0.8,0.8,0.0,0.0,0.0,0.0,-0.8,0.8,0.8,-0.8,0.8,0.0,-0.8,1.6,0.0,0.0,-0.8,0.8,-0.8,0.0,0.0,0.8,0.8,0.8,0.8,0.0,0.8,0.0,0.8,0.0,0.8,1.6,-1.6,0.0,0.0,0.8,0.0,-0.8,0.8,-1.6,1.6,0.8,-0.8,0.8,-0.8,1.6,0.8,0.0,0.8,-0.8,1.6,-0.8,-0.8,1.6,0.0,0.0,-0.8,0.0,1.6,0.0,0.8,-0.8,0.0,1.6,-0.8,1.6,0.8,0.8,0.8,0.8,1.6,0.8,0.0,0.0,0.0,0.8,-0.8,0.8,0.0,0.8,0.8,0.0,0.0,1.6,0.0,0.0,0.0,1.6,0.0,-0.8,2.4000000000000004,0.0,2.4000000000000004,0.8,0.0,1.6,0.0,0.8,1.6,0.0,1.6,0.0,0.0,0.0,0.8,-0.8,0.8,0.8,-0.8,0.8,0.0,0.0,1.6,-1.6,0.8,0.0,0.8,-0.8,0.0,0.8,0.0,0.8,0.0,1.6,1.6,1.6,0.8,0.8,0.0,0.8,0.0,0.0,-0.8,0.8,0.0,0.8,-0.8,-0.8,0.0,-1.6,0.8,0.8,0.0,1.6,-0.8,0.0,1.6,0.8,0.8,0.0,0.8,0.0,-0.8,1.6,-0.8,0.0,0.0,1.6,1.6,0.0,0.0,0.8
event_75,1625266883.51397,1.6,0.0,0.0,0.0,0.0,1.6,1.6,0.0,0.0,0.0,0.8,0.0,-0.8,1.6,0.8,1.6,0.0,-0.8,0.0,0.8,0.0,-0.8,0.0,0.8,0.0,0.8,0.0,0.8,1.6,-0.8,1.6,-0.8,-0.8,2.4000000000000004,0.0,0.0,-0.8,0.8,0.8,0.8,0.0,0.0,2.4000000000000004,-0.8,-1.6,0.0,-0.8,1.6,0.0,0.0,0.8,0.0,1.6,0.0,0.0,0.8,0.0,0.8,-0.8,0.0,0.8,-0.8,2.4000000000000004,0.0,1.6,1.6,0.0,1.6,-0.8,0.0,0.0,1.6,0.8,0.0,2.4000000000000004,1.6,-0.8,1.6,0.0,1.6,0.8,0.0,0.8,0.8,0.0,2.4000000000000004,0.8,0.8,0.0,0.8,0.0,0.8,0.0,1.6,0.8,1.6,-0.8,0.8,0.0,0.8,0.8,-0.8,-1.6,-17.6,-40.800000000000004,-34.4,-16.0,-10.400000000000002,-3.2,0.8,-0.8,-3.2,-1.6,0.0,-1.6,1.6,0.0,-0.8,0.0,0.8,1.6,-1.6,-0.8,0.0,0.0,1.6,0.8,0.8,0.8,0.0,0.8,0.8,1.6,0.8,0.8,1.6,0.0,1.6,0.8,1.6,0.8,0.0,1.6,0.8,1.6,0.8,0.0,0.8,0.0,1.6,0.8,0.0,1.6,0.0,1.6,-0.8,0.8,0.8,0.8,1.6,0.0,0.8,1.6,-0.8,0.0,0.0,0.0,0.0,-0.8,0.8,0.0,-0.8,0.0,0.0,1.6,-0.8,0.0,0.8,1.6,0.0,0.0,0.8,0.0,0.0,1.6,1.6,0.8,0.0,0.0,0.0,0.0,-0.8,0.0,0.0,0.0,0.0,0.0,0.8,0.0,0.8,1.6,0.8,0.0,0.0,0.8,0.8,0.8,1.6,0.8,0.8,0.0,0.0,1.6,0.0,0.0,0.8,0.0,0.8,0.0,-0.8,0.8,0.0,1.6,0.0,0.8,0.0,-0.8,1.6,-0.8,-0.8,0.8,0.8,0.8,0.0,0.8,1.6,0.8,1.6,0.0,0.0,1.6,0.0,0.8,0.8,1.6,0.0,0.8,0.8,0.8,0.8,-0.8,0.8,0.8,-0.8,0.8,0.0,1.6,1.6,0.0,0.8,1.6,0.0,0.8,1.6,2.4000000000000004,0.8,0.0,1.6,-0.8,2.4000000000000004,0.0,0.0,1.6,0.8,1.6,0.8,0.8,0.8,-0.8,0.8,-1.6,0.0,-0.8,0.8,0.8,0.0,0.8,0.0,0.0,2.4000000000000004,0.0,1.6,0.0,0.8,0.8,-0.8,0.8,0.8,0.8,0.0,0.0,0.0,0.8,0.8,-0.8,-0.8,0.8,0.8,0.0,-1.6,0.8,1.6,-0.8,0.8,0.8,-0.8,0.0,-0.8,0.8,-0.8,0.0,0.0,0.0,0.8,0.0,0.0,0.8,0.0,-0.8,0.0,0.8,-0.8,0.0,0.0,1.6,0.0,0.0,0.0,-0.8,1.6,0.0,0.0,0.8,0.0,0.8,0.0,-1.6,1.6,0.8,0.0,0.8,1.6,0.8,-0.8,0.8,-0.8,-0.8,1.6,-1.6,2.4000000000000004,0.8,-0.8,0.8,-0.8,0.8,0.0,0.0,0.8,1.6,0.8,-0.8,1.6,1.6,0.0,1.6,-0.8,1.6,-0.8,-0.8,0.0,-1.6,0.0,0.8,0.0,0.0,0.0,0.8,0.0,0.8,-0.8,-1.6,0.0,0.8,-0.8,0.0,0.0,0.8,-0.8,-0.8,0.8,-0.8,1.6,0.0,0.0,0.0,-0.8,0.0,-0.8,0.0,0.8,-0.8,0.0,0.0,-0.8,0.0,-1.6,0.0,-0.8,0.0,-0.8,0.8,0.0,0.8,0.0,-0.8,0.8,-0.8,-1.6,1.6,0.0,0.0,2.4000000000000004,0.0,0.8,1.6,0.0,0.0,-0.8,1.6,-0.8,-0.8,0.8,0.8,0.8,0.0,0.8,0.8,0.0,-0.8,0.8,0.8,0.0,0.0,0.0,-0.8,0.0,-0.8,0.0,0.8,0.0,0.0,0.8,1.6,-0.8,-0.8,0.0,0.8,0.8,0.0,0.0,0.0,1.6,0.8,0.8,0.0,0.8,0.0,-0.8,0.0,0.8,0.0,2.4000000000000004,0.8,2.4000000000000004,-1.6,0.8,0.0,0.0,0.0,0.0,-0.8,0.8,-0.8,0.0,0.8,0.8,0.8,0.0,1.6,0.0,0.8,1.6,-0.8,0.0,0.0,0.0,1.6,-1.6,1.6,0.8,-0.8,1.6,-0.8,0.0,0.0,0.0,0.0,-0.8,1.6,0.8,0.0,1.6,0.0,0.8,0.8,-0.8,0.0,-0.8,1.6,0.8,0.0,0.8,0.0,0.0,0.0,0.0,-0.8,0.0,0.0,-0.8,1.6,0.0,0.0,0.8,0.0,0.8,1.6,0.0,0.0,0.0,-0.8,-0.8,0.0,1.6,0.8,0.8,0.0,0.8,0.0,0.8,0.0,0.8,0.8,-1.6,0.0,0.0,0.8,-0.8,0.0,0.8,0.8,-0.8,0.8,0.0,0.0,-1.6,0.8,-0.8,0.8,0.0,0.8,1.6,-0.8,-0.8,0.8,-0.8,0.0,-0.8,0.8,-0.8,0.0,0.8,-0.8,0.8,-0.8,0.0,0.0,-1.6,0.0,0.0,0.0,0.0,-1.6,0.8,-0.8,-0.8,0.0,0.8,2.4000000000000004,-1.6,0.8,0.8,-0.8,0.8,0.0,0.8,0.0,-0.8,0.0,-0.8,0.8,-0.8,0.0,0.8,-0.8,-1.6,-0.8,0.8,-0.8,0.0,1.6,0.8,0.0,1.6,-0.8,0.0,0.8,0.0,-0.8,0.0,0.0,0.0,0.8,0.8,0.0,0.0,0.0,0.8,0.8,-0.8,0.8,0.8,0.0,0.8,0.0,0.8,0.8,0.8,0.8,0.0,0.8,0.8,-0.8,0.8,0.0,0.8,0.8,0.0,0.0,1.6,0.8,0.8,0.8,2.4000000000000004,-0.8,-0.8,0.8,0.0,1.6,1.6,0.0,1.6,0.0,0.8,-1.6,0.8,0.0,0.0,0.0,0.0,0.8,-0.8,-0.8,0.8,0.8,0.0,0.8,0.0,2.4000000000000004,0.0,-0.8,0.8,0.0,1.6,-0.8,0.0,1.6,0.8,0.8,-0.8,0.8,-0.8,0.0,1.6,-1.6,0.8,0.8,0.0,1.6,0.0,1.6,0.0,1.6,0.0,-1.6,1.6,1.6,0.8,0.0,-0.8,1.6,-1.6,1.6,0.8,0.0,0.8,0.0,0.8,0.0,0.0,0.8,-0.8,1.6,0.8,-0.8,1.6,-0.8,1.6,0.0,-0.8,1.6,0.0,0.8,0.0,0.0,1.6,0.0,1.6,0.8,0.0,1.6,-0.8,0.8,0.0,2.4000000000000004,0.0,0.0,1.6,0.8,0.8,1.6,0.8,1.6,0.8,-0.8,0.0,0.0,-0.8,0.8,0.8,1.6,-0.8,0.0,-0.8,0.8,-0.8,0.8,0.8,1.6,-1.6,0.0,1.6,0.8,0.8,0.0,0.0,0.8,2.4000000000000004,1.6,-0.8,0.0,1.6,0.8,0.8,-0.8,1.6,0.8,-0.8,0.8,0.0,0.0,0.8,-0.8,0.0,0.0,1.6,0.0,0.0,0.8,0.0,0.8,1.6,-0.8,0.0,-0.8,2.4000000000000004,0.8,0.0,0.8,0.8,1.6,0.0,1.6,0.0,-0.8,0.8,-0.8,1.6,0.8,0.8,0.8,-0.8,0.8,0.0,0.0,1.6,0.0,0.0,-0.8,0.0,0.8,-0.8,1.6,0.0,0.8,0.8,0.0,2.4000000000000004,0.0,0.0,1.6,0.0,1.6,1.6,0.8,1.6,0.0,1.6,0.0,0.8,0.8,0.0,0.8,0.0,1.6,0.0,0.8,0.8,0.0,1.6,0.0,0.0,0.0,-0.8,0.0,1.6,0.0,0.8,-0.8,0.0,0.8,0.8,0.0,0.0,0.0,0.0,1.6,0.8,0.0,1.6,0.8,0.0,-0.8,-0.8,1.6,0.8,0.8,0.8,0.0,0.0,0.0,0.0,0.0,0.8,0.0,0.8,-0.8,0.8,0.8,0.0,0.0,-0.8,0.0,0.8,1.6,2.4000000000000004,0.8,0.8,1.6,0.0,1.6,-0.8,0.0,0.8,-1.6,0.8,0.8,0.8,1.6,1.6,0.8,0.0,0.0,0.8,0.0,0.0,-0.8,0.0,-0.8,0.0,0.8,-1.6,1.6,1.6,0.8,0.8,0.0,0.8,0.0,0.8,0.8,0.0,3.2,-0.8,0.8,2.4000000000000004,1.6,0.0,0.0,0.8,0.8,0.8,0.8,-0.8,1.6,0.0,1.6,0.0,0.0,0.0,0.8,0.0,0.8,-0.8,0.8,0.0,0.0,0.0,-1.6,0.8,0.0,0.8,1.6,0.0,0.0,1.6,0.8,0.8,0.0,0.8,0.0,0.8,0.0,0.8,1.6,0.8,0.8,0.0,-0.8,0.0,0.0,0.8,0.8,0.0,0.8,-0.8,0.0,0.0,0.0,1.6,-0.8,-0.8,0.8,2.4000000000000004,1.6,0.0,0.0,2.4000000000000004,0.0,0.8,0.0,0.8,1.6,0.0,0.0,0.8,0.0,1.6,0.0,1.6,0.8,1.6,0.8,0.0,0.8,0.0,0.0,0.0,0.8,0.8,-0.8,0.0,0.8,0.0,0.8,0.8,0.0,0.0,0.0,1.6,0.8,2.4000000000000004,1.6,-0.8,1.6,0.8,0.8,1.6,0.0,1.6,0.0,0.0,-0.8,0.0,0.8,0.0,0.8,1.6,-0.8,0.8,0.8,0.8,0.0,0.0,0.0,0.8,0.0,0.0,0.0,0.8,0.8,0.8,0.0,0.0,1.6,0.8,0.8,0.0,1.6,0.0,-0.8,1.6,0.8,1.6,0.0,0.0,0.8,-0.8,0.8,2.4000000000000004,0.8,0.8,-0.8,1.6,0.8,0.0,0.8,0.0,1.6,0.0,0.0,0.0,0.8,0.0,-0.8,0.0,0.8,0.0,0.8,0.0,0.0,1.6,0.8,0.0,0.8,0.8,0.0,0.8,-0.8,0.8,-0.8,0.0,0.8,0.0,0.0,0.0,-0.8,0.0,0.0,1.6,0.8,1.6,0.0,0.0,2.4000000000000004,0.8,0.8,0.0,0.0,1.6,0.8,0.8,0.0,0.0,2.4000000000000004,-0.8,0.8,0.8,0.0,1.6,-0.8,0.8,0.0,-0.8,2.4000000000000004,0.0,0.8,-0.8,0.0,1.6,-0.8,0.0,-0.8,0.0,1.6,-1.6,0.8,0.0,1.6,0.8,-0.8,1.6,-1.6,1.6,0.8,-0.8,1.6,0.0,0.8,0.8,-0.8,2.4000000000000004,0.0,0.8,0.8,0.0,0.8,0.0,0.8,0.8,0.0,0.8,-0.8,0.0,0.8,0.0,0.8,0.0,0.0,-0.8,0.8,1.6,0.8,1.6,0.0,0.8,1.6,1.6,0.8,0.0,1.6,0.0,0.8,1.6,0.0,0.8,0.8,0.8,0.8,0.0,0.0,0.0,0.0,-0.8,0.0,0.0,0.0,0.0,0.8,0.0,1.6,0.8,0.8,0.8,0.8,0.8,-0.8,1.6,0.8,1.6,0.0,1.6,0.8,0.8,0.8,0.8,0.0,1.6,-0.8,0.0,0.8,0.8,0.0,0.8,0.8,0.8,0.0,-0.8,0.0,0.8,-1.6,0.8,-0.8,0.8,-0.8,0.0,0.8,-0.8,0.0,0.8,0.0,2.4000000000000004,0.8,0.8,1.6,-0.8,1.6,0.8,0.8,1.6,0.0,1.6,-1.6,1.6,0.8,-0.8,0.8,-0.8,0.8,0.8,0.0,2.4000000000000004,-1.6,1.6,1.6,-1.6,0.8,-0.8,0.0,-1.6,1.6,0.8,0.0,0.0,0.0,1.6,1.6,-0.8,0.0,0.8,0.0,0.0,0.0,1.6,0.0,0.8,0.8,0.8,0.8,-0.8,0.8,0.8,-0.8,0.8,0.8,0.8,0.8,-0.8,0.8,0.8,0.0,0.8,0.8,0.8,0.0,-0.8,0.0,0.0,0.8,-0.8,1.6,1.6,0.8,0.0,0.8,0.0,1.6,0.0,-0.8,0.8,-0.8,0.8,0.8,0.8,1.6,0.0,0.8,0.0,0.0,0.0,1.6,0.8,0.8,0.0,0.0,0.0,0.8,-0.8,2.4000000000000004,0.0,-0.8,0.8,0.8,0.8,0.8,0.8,2.4000000000000004,0.0,0.8,0.8,0.0,1.6,1.6,-0.8,-2.4000000000000004,3.2,0.8,-3.2,2.4000000000000004,1.6,-1.6,0.8,0.8,0.8,-2.4000000000000004,0.8,0.8,-0.8,0.8,0.8,2.4000000000000004,0.0,-0.8,-0.8,0.0,1.6,-0.8,0.0,0.8,0.0,-0.8,0.0,0.8,0.8,0.8,1.6,0.0,0.0,0.8,1.6,0.8,0.8,0.0,0.0,0.8,0.0,-0.8,0.0,0.8,0.8,0.0,0.8,1.6,0.8,-0.8,0.8,1.6,1.6,2.4000000000000004,0.8,1.6,2.4000000000000004,0.0,2.4000000000000004,0.8,0.8,0.0,-0.8,0.0,-0.8,0.0,0.8,0.8,0.8,0.0,0.8,0.0,0.8,0.0,0.8,0.0,1.6,-0.8,0.8,1.6,0.0,0.0,0.0,0.8,0.0,0.8,0.8,0.8,-0.8,0.8,0.0,-0.8,0.0,1.6,0.0,0.8,1.6,-0.8,0.8,0.8,0.8,1.6,0.0,1.6,0.8,0.0,0.8,0.0,0.8,0.0,0.8,-1.6,0.0,2.4000000000000004,0.8,0.0,0.0,1.6,1.6,0.0,0.0,0.0,0.8,0.0,0.0,0.8,0.0,0.8,0.0,-0.8,1.6,-0.8,0.8,0.8,0.0,0.8,-0.8,0.8,1.6,-0.8,0.8,-0.8,1.6,-0.8,-0.8,1.6,-0.8,0.8,0.0,1.6,0.8,0.0,0.8,0.0,0.8,1.6,-0.8,0.8,0.8,0.8,0.0,0.0,0.8,0.8,0.0,1.6,0.8,0.8,0.0,0.8,-0.8,0.8,0.0,0.0,0.8,0.0,0.0,0.0,0.8,0.8,-0.8,0.0,0.0,0.0,1.6,0.8,0.8,0.8,1.6,0.8,0.8,0.0,0.8,1.6,-0.8,0.8,1.6,0.0,0.8,-0.8,0.8,0.0,0.8,1.6,0.8,1.6,0.8,-0.8,0.8,-0.8,-0.8,0.0,0.8,1.6,0.0,1.6,0.0,0.8,0.8,-1.6,0.0,0.8,0.0,-0.8,0.0,1.6,0.8,0.8,0.8,0.0,0.8,0.8,0.8,0.0,-1.6,0.8,0.0,1.6,0.8,0.0,0.8,0.0,0.8,0.0,0.0,0.8,-0.8,-0.8,-0.8,0.0,2.4000000000000004,-0.8,0.8,0.8,0.8,1.6,0.8,0.8,0.0,0.8,0.8,-0.8,1.6,-0.8,2.4000000000000004,0.8,0.8,0.8,0.0,0.8,0.8,-0.8,1.6,0.0,0.0,-0.8,-0.8,0.8,1.6,0.8,1.6,0.8,0.8,1.6,1.6,-0.8,0.8,0.8,-0.8,-1.6,-0.8,1.6,0.8,0.0,0.0,0.8,-0.8,0.0,0.0,0.0,0.8,0.8,0.0,0.0,1.6,0.8,0.0,0.0,-0.8,-0.8,-0.8,1.6,0.8,0.0,0.8,0.8,0.8,0.8,0.0,0.8,0.8,-0.8,0.8,0.0,0.0,1.6,0.0,-0.8,2.4000000000000004,0.0,-1.6,0.0,2.4000000000000004,-0.8,0.0,0.8,0.0,1.6,0.0,-0.8,1.6,0.0,0.8,0.8,0.8,0.0,-0.8,1.6,0.0,1.6,1.6,-0.8,2.4000000000000004,0.8,0.0,1.6,0.8,1.6,0.0,0.0,0.8,0.0,1.6,0.8,1.6,-0.8,0.0,0.8,-1.6,1.6,0.0,0.0,0.8,0.0,0.8,0.0,0.8,0.8,-0.8,1.6,0.0,-0.8,0.8,0.0,1.6,0.0,0.8,1.6,-0.8,-0.8,0.0,0.0,-0.8,-0.8,0.8,-0.8,0.8,0.0,0.8,0.0,0.0,0.8,0.0,0.8,1.6,0.0,1.6,0.8,-0.8,0.8,1.6,0.0,0.0,0.8,1.6,0.0,0.8,0.8,0.0,0.8,0.0,0.0,0.8,0.0,0.0,1.6,0.8,1.6,0.8,0.8,0.0,0.0,0.0,0.0,0.0,1.6,0.0,0.8,0.0,1.6,0.0,0.0,0.8,0.0,1.6,-0.8,0.8,0.8,2.4000000000000004,1.6,0.8,0.0,1.6,-0.8,1.6,0.0,0.0,0.8,-0.8,0.8,0.0,0.0,2.4000000000000004,0.0,1.6,0.0,0.8,0.0,0.0,0.0,0.0,0.8,1.6,-0.8,0.0,1.6,0.8,0.8,0.8,0.8,0.8,1.6,0.8,0.8,0.8,1.6,0.8,0.8,-0.8,0.8,0.0,0.8,1.6,0.8,0.0,0.0,0.8,0.8,0.8,0.8,0.8,0.8,0.0,0.8,0.0,0.8,0.0,-1.6,0.8,1.6,0.8,0.0,0.0,1.6,1.6,0.8,0.0,-0.8,0.8,0.8,0.0,0.0,0.8,0.8,0.0,0.8,0.8,1.6,0.8,0.0,1.6,-0.8,0.0,0.0,0.0,0.8,0.8,0.0,0.0,0.8,0.0,1.6,0.0,0.0,0.0,0.0,0.0,2.4000000000000004,0.0,1.6,0.8,0.0,0.8,0.0,0.8,0.0,0.0,0.8,0.0,1.6,0.0,1.6,0.8,0.0,1.6,0.0,-0.8,0.8,-0.8,0.8,-1.6,1.6,0.8,-0.8,0.0,-1.6,1.6,0.0,0.0,0.8,0.8,1.6,-0.8,0.0,0.8,-0.8,1.6,-0.8,0.8,0.8,-0.8,0.8,-0.8,-0.8,0.0,0.0,1.6,0.0,1.6,0.8,0.8,1.6,0.0,0.0,0.8,-0.8,0.8,-0.8,2.4000000000000004,-0.8,-0.8,0.0,0.8,1.6,0.8,1.6,0.0,0.0,0.8,0.0,0.8,0.0,0.0,0.8,0.8,2.4000000000000004,-0.8,-0.8,0.8,-0.8,-0.8,0.0,0.8,-0.8,0.0,0.0,0.0,0.8,0.8,0.0,0.8,0.0,0.0,-0.8,0.0,0.8,2.4000000000000004,0.0,0.8,1.6,0.8,0.0,0.8,0.0,0.8,0.0,0.0,1.6,0.8,0.0,0.8,0.0,0.8,0.0,0.8,-1.6,0.8,0.0,0.8,0.0,0.8,0.0,0.0,1.6,1.6,0.0,0.8,0.8,-0.8,1.6,-0.8,1.6,1.6,0.8,0.8,-0.8,0.0,0.8,0.8,0.0,0.0,0.8,-0.8,0.8,0.8,0.0,0.8,0.8,0.8,-1.6,0.8,0.8,-0.8,1.6,0.0,-0.8,0.0,0.0,0.8,0.8,-0.8,1.6,0.8,1.6,0.8,-1.6,0.8,0.0,0.0,0.0,1.6,0.8,-0.8,1.6,0.0,0.0,1.6,-0.8,2.4000000000000004,1.6,-1.6,-1.6,3.2,0.8,-2.4000000000000004,1.6,3.2,-1.6,0.0,0.0,0.8,0.0,-2.4000000000000004,1.6,0.8,1.6,-0.8,0.0,2.4000000000000004,0.8,0.0,0.8,0.0,1.6,0.0,0.0,0.8,0.0,0.8,1.6,0.8,0.0,0.0,1.6,0.8,0.8,0.0,0.8,-0.8,0.8,-0.8,0.0,0.0,0.0,1.6,-0.8,0.8,0.0,1.6,0.8,0.0,0.0,0.8,0.0,0.0,0.0,1.6,1.6,0.0,0.0,0.0,0.0,0.0,0.8,0.0,0.0,0.8,0.0,0.8,0.8,0.0,0.8,0.8,0.0,-1.6,0.0,1.6,0.0,0.8,0.0,1.6,1.6,0.0,0.0,-0.8,0.0,0.0,-0.8,0.8,0.0,0.8,-0.8,-0.8,1.6,0.8,0.8,1.6,0.0,0.0,0.0,-1.6,0.8,1.6,0.0,-0.8,1.6,-0.8,0.0,0.0,0.8,1.6,0.0,-0.8,1.6,1.6,0.0,1.6,1.6,1.6,-0.8,1.6,0.8,0.8,0.0,-0.8,0.8,0.0,0.8,2.4000000000000004,0.8,0.0,-0.8,0.0,0.8,1.6,0.0,0.8,0.0,0.8,0.0,0.0,0.8,0.8,1.6,0.0,0.8,-0.8,0.8,0.8,0.0,0.0,0.0,0.0,0.0,-0.8,0.8,1.6,-0.8,0.8,0.0,-0.8,0.0,0.0,0.8,-0.8,0.8,0.0,-0.8,0.8,-0.8,-0.8,0.8,0.8,0.0,-0.8,1.6,0.8,0.8,0.0,0.0,0.8,0.8,-1.6,0.0,0.0,0.8,-0.8,-0.8,0.0,0.0,0.0,0.0,0.8,0.8,0.0,1.6,0.0,0.0,0.0,-0.8,0.8,0.0,0.0,-0.8,0.0,2.4000000000000004,0.8,0.0,-0.8,0.8,0.0,-1.6,0.8,3.2,-0.8,0.0,0.8,1.6,-0.8,0.8,1.6,0.0,-0.8,-0.8,0.0,0.8,-0.8,0.0,-1.6,1.6,-0.8,-1.6,0.0,0.8,0.0,-0.8,-0.8,1.6,1.6,0.8,0.0,0.0,0.8,0.0,-0.8,-0.8,2.4000000000000004,0.8,0.0,0.0,0.0,0.8,-1.6,0.0,0.8,0.8,0.8,0.0,-0.8,-0.8,0.0,1.6,0.0,0.0,0.0,0.0,0.8,0.0,0.8,-0.8,0.0,-1.6,-1.6,1.6,0.8,0.8,-0.8,0.0,0.8,-1.6,2.4000000000000004,0.8,-0.8,0.8,-0.8,0.8,0.0,0.0,0.0,0.0,0.8,0.0,1.6,0.0,-1.6,2.4000000000000004,-1.6,-0.8,0.0,-0.8,0.8,-0.8,0.0,1.6,0.0,0.8,-1.6,1.6,0.8,-1.6,0.8,0.8,1.6,0.0,0.0,1.6,1.6,0.8,0.8,0.0,0.8,-1.6,0.8,-0.8,0.0,-0.8,0.0,1.6,0.8,0.0,0.0,-1.6,1.6,0.0,1.6,0.8,0.0,0.8,-0.8,0.8,0.8,0.0,0.8,0.0,0.0,0.8,0.8,0.0,-0.8,0.8,1.6,-0.8,0.0,0.0,1.6,0.0,0.0,0.0,-0.8,0.8,0.0,1.6,0.8,0.0,0.0
event_76,1625266885.6710932,0.0,0.0,1.6,0.8,1.6,0.0,0.8,0.0,-0.8,3.2,-0.8,0.0,-0.8,0.0,0.8,-1.6,0.8,0.8,0.8,0.8,-0.8,0.0,0.0,0.8,0.8,-1.6,0.8,0.8,0.8,1.6,0.8,1.6,0.0,1.6,2.4000000000000004,0.0,0.8,0.0,0.8,0.8,0.0,0.8,0.0,0.8,0.0,0.8,0.8,-1.6,0.0,0.0,0.8,2.4000000000000004,-0.8,1.6,0.0,0.8,-0.8,0.8,1.6,-0.8,0.0,-0.8,0.0,0.8,0.0,1.6,1.6,-0.8,0.8,0.0,0.0,0.8,0.0,0.0,-0.8,1.6,0.0,-0.8,1.6,-1.6,0.8,0.8,0.8,0.0,1.6,1.6,-0.8,1.6,0.8,0.0,0.0,-0.8,0.8,1.6,0.0,0.0,-0.8,-0.8,0.0,0.8,0.0,0.0,-8.8,-56.800000000000004,-84.8,-52.8,-22.4,-8.8,-5.6,-1.6,-3.2,-5.6,-3.2,-3.2,-2.4000000000000004,0.0,0.8,0.0,0.8,-0.8,-1.6,0.0,-1.6,0.8,0.0,0.0,1.6,0.0,-1.6,1.6,0.0,0.0,-0.8,0.0,0.0,0.0,0.0,-0.8,0.8,-0.8,-0.8,1.6,0.8,1.6,0.8,0.0,0.8,-1.6,0.8,-0.8,1.6,0.8,-0.8,0.8,0.8,0.0,0.8,-1.6,0.8,-0.8,-0.8,0.0,0.0,0.0,0.8,0.8,1.6,-0.8,0.0,0.0,0.8,-0.8,0.8,0.8,0.0,-0.8,0.0,0.8,0.8,0.0,0.8,1.6,0.0,1.6,0.0,0.0,1.6,0.8,0.0,0.0,0.8,0.8,1.6,0.8,0.8,-1.6,-0.8,1.6,0.8,0.0,0.0,0.8,0.0,-1.6,0.8,0.8,0.8,0.8,1.6,-0.8,0.0,1.6,1.6,0.8,-0.8,1.6,0.8,0.8,0.0,-1.6,1.6,0.8,-0.8,0.8,0.0,0.8,-0.8,1.6,0.8,0.0,-0.8,0.8,0.8,0.0,-0.8,0.8,0.0,0.0,0.8,0.8,1.6,0.8,0.0,1.6,0.8,0.0,0.0,0.8,0.0,0.8,0.8,0.8,1.6,0.8,-0.8,0.8,-0.8,1.6,-0.8,-0.8,0.8,-0.8,0.8,1.6,0.0,1.6,-1.6,0.8,-0.8,0.0,0.8,0.0,0.0,1.6,-0.8,-0.8,0.0,1.6,0.0,-1.6,0.8,0.0,0.8,0.8,0.0,1.6,0.8,0.8,0.0,-0.8,0.8,0.8,0.0,0.0,-0.8,-0.8,-0.8,0.8,-0.8,-0.8,0.8,0.0,0.0,1.6,0.8,-0.8,0.8,-0.8,-0.8,0.0,0.0,0.8,0.0,0.8,1.6,0.8,1.6,-0.8,0.0,1.6,0.8,0.0,1.6,0.8,0.8,0.0,0.0,1.6,0.8,0.0,0.8,0.8,-1.6,0.0,-1.6,0.0,0.0,-0.8,0.8,0.8,0.0,0.8,0.0,0.8,-0.8,0.0,0.8,0.0,2.4000000000000004,-1.6,0.8,0.0,0.0,0.0,0.0,1.6,0.0,0.8,1.6,-0.8,1.6,0.0,2.4000000000000004,0.8,0.0,0.8,0.8,0.8,0.8,-0.8,1.6,0.0,2.4000000000000004,0.8,0.0,0.8,0.8,2.4000000000000004,0.0,0.0,0.0,0.8,1.6,-0.8,0.8,0.8,-0.8,0.8,0.0,1.6,1.6,-0.8,0.8,-0.8,-0.8,0.0,0.0,0.8,0.0,0.8,0.8,0.0,1.6,-0.8,0.8,0.8,0.0,0.0,0.0,1.6,0.8,0.0,0.0,0.8,0.8,1.6,0.0,0.8,0.8,0.8,-0.8,0.0,1.6,0.0,0.8,0.8,0.8,0.0,0.0,1.6,0.8,-0.8,0.8,-0.8,2.4000000000000004,0.0,0.8,1.6,0.8,0.8,0.0,0.8,0.8,1.6,0.0,0.0,0.8,1.6,0.8,0.0,0.8,0.8,-0.8,1.6,0.0,1.6,0.0,0.0,0.8,-1.6,0.8,0.8,0.0,0.8,-0.8,0.0,-0.8,0.0,-0.8,0.0,0.8,0.0,0.0,0.0,0.0,1.6,0.8,0.8,0.0,0.0,2.4000000000000004,0.8,0.8,0.0,0.8,1.6,-0.8,0.8,0.0,1.6,0.8,0.0,0.8,-1.6,0.8,0.8,0.0,0.8,-0.8,0.0,1.6,1.6,1.6,0.0,0.0,-0.8,-2.4000000000000004,0.8,1.6,-0.8,-1.6,2.4000000000000004,0.0,-3.2,3.2,2.4000000000000004,-2.4000000000000004,-0.8,1.6,-0.8,-2.4000000000000004,0.0,1.6,-1.6,0.0,-0.8,1.6,0.0,-0.8,0.8,-0.8,-0.8,-0.8,0.0,0.8,0.0,-0.8,0.8,0.0,1.6,0.0,0.8,0.8,0.0,0.0,0.8,2.4000000000000004,0.0,-0.8,1.6,0.8,0.0,0.8,0.0,1.6,0.0,0.0,0.8,1.6,0.8,0.0,0.8,0.8,-0.8,0.0,-0.8,1.6,0.0,0.8,1.6,0.8,0.0,1.6,0.8,1.6,0.8,0.8,0.8,-0.8,0.8,0.0,0.0,0.0,0.0,2.4000000000000004,0.0,0.0,1.6,0.0,0.0,-0.8,0.0,0.8,0.0,0.0,0.0,0.0,1.6,0.0,0.8,0.8,1.6,0.8,0.8,0.8,-0.8,1.6,3.2,-0.8,0.8,1.6,1.6,0.0,0.8,0.0,-0.8,0.8,-1.6,0.8,0.8,0.0,0.8,0.8,0.0,1.6,0.0,0.8,0.0,0.0,0.0,0.0,0.0,0.8,0.0,0.8,-0.8,1.6,0.0,0.8,0.8,0.0,1.6,-0.8,1.6,0.8,0.8,0.8,0.8,0.8,1.6,0.0,1.6,1.6,0.8,0.0,0.0,0.0,0.8,0.8,0.8,0.8,0.0,-0.8,0.0,0.8,1.6,0.0,0.0,0.8,1.6,-0.8,-0.8,0.8,0.0,0.8,0.8,0.0,0.0,0.8,0.0,0.0,0.0,0.8,0.0,0.8,0.8,0.0,0.0,0.0,0.8,0.0,-0.8,0.8,0.0,0.0,-0.8,0.0,1.6,-0.8,0.8,-0.8,0.0,0.8,-0.8,0.0,-0.8,3.2,0.8,-1.6,1.6,0.0,1.6,0.0,-0.8,0.8,0.0,0.8,0.8,1.6,1.6,0.8,2.4000000000000004,1.6,1.6,0.8,0.0,1.6,0.0,0.8,0.8,-1.6,1.6,0.8,0.8,1.6,0.8,0.8,0.0,0.8,-0.8,0.0,0.0,0.0,1.6,1.6,0.8,0.8,0.8,1.6,-0.8,0.8,0.8,0.0,1.6,-1.6,0.8,1.6,0.0,1.6,0.0,0.8,0.8,0.8,0.0,0.0,0.0,2.4000000000000004,1.6,1.6,0.8,0.0,1.6,2.4000000000000004,0.8,0.0,0.8,-0.8,1.6,1.6,0.8,1.6,-0.8,0.0,-0.8,0.0,0.8,1.6,-0.8,0.0,0.8,-0.8,-0.8,0.0,0.0,0.8,0.0,0.8,1.6,0.8,1.6,0.0,1.6,0.0,-1.6,1.6,0.8,0.0,0.8,0.8,0.8,1.6,0.8,-0.8,-0.8,0.8,0.0,0.8,0.8,1.6,0.8,0.0,1.6,0.0,1.6,0.8,0.0,0.8,-0.8,0.8,0.8,0.0,0.8,0.0,-0.8,1.6,0.0,0.8,0.8,-0.8,1.6,0.8,-0.8,0.8,4.0,-1.6,0.0,2.4000000000000004,0.0,0.0,1.6,-0.8,0.8,0.0,-0.8,-0.8,0.8,0.0,0.0,0.8,0.0,-0.8,0.0,-0.8,2.4000000000000004,-0.8,0.8,0.8,-0.8,0.8,-1.6,0.8,0.8,-0.8,1.6,0.0,1.6,1.6,0.8,1.6,-0.8,0.8,0.0,-0.8,0.0,-0.8,1.6,0.0,0.8,0.0,0.0,0.0,-0.8,0.8,0.0,0.0,0.8,-0.8,1.6,0.0,0.0,0.0,-0.8,-0.8,0.0,1.6,0.0,0.0,0.0,1.6,-0.8,-0.8,0.0,0.0,1.6,0.0,-0.8,0.0,0.8,0.8,0.0,0.0,2.4000000000000004,0.0,0.0,0.0,0.0,0.0,-0.8,2.4000000000000004,-0.8,0.0,0.8,-0.8,1.6,0.8,0.8,1.6,0.8,1.6,0.0,0.8,0.8,0.8,1.6,0.0,1.6,1.6,0.0,1.6,0.0,1.6,0.8,0.8,0.0,0.0,0.8,0.8,0.0,0.8,-0.8,0.8,0.8,0.8,0.0,1.6,0.8,0.8,-0.8,0.0,0.8,0.8,0.0,0.0,0.8,0.0,1.6,0.0,0.0,-0.8,-0.8,0.0,0.0,0.8,0.8,0.0,0.0,-0.8,0.0,-1.6,-0.8,0.8,0.8,-0.8,-0.8,0.8,0.0,0.8,0.8,0.0,0.0,-0.8,0.0,0.8,1.6,1.6,0.0,0.0,0.8,0.8,0.8,0.8,0.0,0.0,0.8,0.0,0.8,-0.8,0.0,0.8,-0.8,0.8,0.0,0.0,0.8,0.0,0.0,-0.8,-0.8,0.0,0.0,-0.8,-0.8,1.6,1.6,0.8,0.0,0.0,0.8,0.0,-0.8,0.8,0.0,0.8,0.8,0.0,0.8,-0.8,0.0,0.8,0.8,0.8,0.0,-0.8,0.8,-1.6,1.6,0.0,0.0,0.0,-1.6,0.8,0.8,-0.8,0.0,-0.8,1.6,-1.6,0.0,0.8,0.0,0.8,0.8,0.0,-0.8,0.0,0.8,-1.6,1.6,0.0,0.0,0.8,-1.6,0.8,0.0,-0.8,1.6,0.0,0.0,-0.8,0.8,0.0,-0.8,0.8,0.0,0.8,0.8,-0.8,0.0,0.0,-0.8,-1.6,-1.6,2.4000000000000004,-0.8,0.8,-0.8,0.0,1.6,1.6,0.0,0.0,0.8,0.0,0.8,1.6,0.8,0.8,-0.8,0.0,1.6,-0.8,0.0,0.8,0.8,-0.8,-0.8,0.0,0.8,0.0,0.0,0.8,0.8,0.8,0.8,1.6,0.0,1.6,0.0,0.0,0.8,1.6,-0.8,-0.8,0.8,0.8,0.8,0.8,-0.8,0.8,-1.6,0.0,-0.8,-0.8,0.0,0.8,0.8,0.8,0.0,0.8,-0.8,1.6,-0.8,1.6,0.8,-0.8,0.8,-0.8,0.8,1.6,-0.8,1.6,0.0,0.0,0.8,-0.8,0.8,-1.6,0.8,0.0,0.0,0.0,-1.6,0.8,-0.8,0.8,0.0,-1.6,2.4000000000000004,-0.8,0.8,0.0,-1.6,1.6,-1.6,0.8,0.8,0.0,1.6,-1.6,-0.8,0.0,0.8,0.8,-0.8,1.6,0.8,0.0,0.8,-0.8,0.8,0.0,0.8,0.0,0.0,0.8,0.8,0.0,0.8,0.0,0.0,-0.8,0.8,0.8,-0.8,0.8,0.8,-0.8,-0.8,-0.8,0.0,0.8,0.0,0.0,0.0,0.8,1.6,0.0,0.0,-0.8,1.6,0.0,0.0,-0.8,2.4000000000000004,0.8,-2.4000000000000004,0.8,3.2,-3.2,-1.6,1.6,0.0,-0.8,0.8,-0.8,0.0,0.0,0.0,0.8,1.6,-1.6,0.8,0.8,0.8,-0.8,-0.8,0.8,0.0,-0.8,0.0,0.8,0.0,0.8,0.0,0.0,0.8,0.0,0.8,0.0,-0.8,0.0,0.0,0.0,1.6,-0.8,0.0,0.0,0.8,0.0,0.0,0.8,0.0,0.8,0.0,0.0,-0.8,0.0,0.8,-1.6,0.8,0.8,-0.8,0.8,-1.6,1.6,0.0,1.6,1.6,-1.6,0.8,-0.8,0.0,0.0,-0.8,0.8,0.0,0.8,1.6,0.0,0.0,-0.8,2.4000000000000004,0.0,-0.8,0.8,0.0,0.0,-0.8,0.8,1.6,-0.8,0.8,0.8,-1.6,0.0,-1.6,0.0,0.0,0.8,0.0,0.0,0.8,0.0,0.0,0.0,-0.8,1.6,-0.8,0.0,-0.8,0.0,0.0,-0.8,0.0,0.0,0.0,0.0,-0.8,0.0,0.0,0.0,0.0,-0.8,-1.6,0.8,0.0,0.0,0.0,0.0,0.0,-0.8,1.6,0.8,0.0,0.8,0.0,0.0,0.0,-0.8,0.8,0.8,-0.8,0.0,0.0,0.0,-1.6,-0.8,-0.8,0.0,0.8,0.0,-0.8,0.8,0.0,0.0,-0.8,-0.8,0.0,0.0,1.6,0.0,0.8,0.0,0.0,2.4000000000000004,0.0,-0.8,-0.8,0.8,0.8,-1.6,0.8,-0.8,0.8,0.8,0.0,2.4000000000000004,0.8,0.0,0.0,0.0,-0.8,-0.8,0.8,0.8,0.0,0.8,-0.8,0.0,0.0,0.0,0.8,-0.8,-0.8,-0.8,0.0,0.8,0.8,0.8,0.0,0.8,0.8,-1.6,0.8,0.0,0.0,-0.8,-0.8,0.0,0.8,0.0,1.6,0.8,1.6,-0.8,0.0,0.0,0.0,0.0,0.0,0.0,0.8,0.0,-0.8,0.8,0.8,0.0,0.8,0.0,0.0,0.0,0.8,-0.8,-0.8,-0.8,0.0,0.0,0.8,1.6,1.6,0.0,0.0,0.8,-1.6,0.0,0.0,0.0,0.8,0.0,0.8,-0.8,0.0,-0.8,-1.6,0.0,0.0,-0.8,0.0,0.8,0.0,0.0,0.0,0.8,0.0,0.8,-0.8,0.8,0.0,0.8,0.0,0.0,0.8,0.0,0.0,0.0,0.0,0.8,0.8,0.0,1.6,-1.6,0.0,0.8,1.6,0.0,-0.8,0.0,0.0,0.0,1.6,0.8,1.6,-0.8,0.8,1.6,-1.6,2.4000000000000004,0.0,0.0,0.0,0.0,0.8,0.0,0.8,0.0,-0.8,0.0,-0.8,1.6,-0.8,1.6,0.8,-0.8,0.8,0.0,0.0,0.8,-0.8,0.8,-1.6,0.8,1.6,-2.4000000000000004,0.8,0.0,0.8,0.8,-0.8,0.8,0.0,0.8,0.0,-0.8,0.0,-0.8,0.8,0.8,0.8,1.6,-0.8,1.6,-0.8,0.0,0.8,0.0,0.0,0.0,0.0,0.8,0.0,0.0,0.0,0.0,0.8,-0.8,-0.8,0.0,1.6,0.8,0.0,0.8,0.8,0.8,0.8,0.0,-1.6,1.6,1.6,-0.8,0.0,0.8,0.0,0.0,1.6,0.0,0.8,0.0,0.0,0.8,-0.8,0.0,0.8,0.0,0.0,-1.6,0.0,1.6,0.8,0.8,0.8,-0.8,0.8,-0.8,0.8,0.0,1.6,0.0,0.8,0.8,0.0,0.0,1.6,0.0,0.0,-0.8,-1.6,0.0,-0.8,0.0,0.0,0.0,0.0,-1.6,0.8,-1.6,1.6,-0.8,0.8,1.6,-0.8,0.0,0.8,-0.8,-1.6,0.0,0.0,0.0,0.8,1.6,0.0,0.0,0.0,-0.8,0.8,-1.6,-0.8,0.0,0.8,0.0,0.0,0.8,-0.8,-0.8,0.8,-0.8,0.8,0.0,0.0,0.0,0.0,0.8,-0.8,0.8,-0.8,-1.6,0.0,0.0,0.0,-0.8,-0.8,1.6,-0.8,0.0,0.8,0.0,0.8,-1.6,0.0,-0.8,-0.8,0.0,0.8,0.0,1.6,0.0,0.0,0.8,0.8,-0.8,0.0,0.0,0.0,0.8,0.8,0.8,0.8,0.8,0.8,1.6,0.0,0.8,-0.8,0.8,0.8,0.8,1.6,0.8,0.8,1.6,-0.8,1.6,0.8,0.0,0.8,-0.8,1.6,0.0,0.0,0.8,-0.8,1.6,0.0,0.8,0.0,-0.8,0.8,0.0,0.8,0.8,-0.8,1.6,-0.8,0.8,0.8,0.0,0.8,-0.8,1.6,0.0,-0.8,0.8,-0.8,1.6,-0.8,-0.8,1.6,0.0,0.0,0.0,-0.8,0.0,0.0,0.8,0.0,0.8,0.8,0.8,0.0,0.0,0.8,0.8,0.0,0.0,-1.6,0.0,1.6,-0.8,1.6,-0.8,0.8,0.0,0.8,0.8,-1.6,1.6,0.0,0.8,0.0,-0.8,0.0,0.8,0.8,0.8,-0.8,0.8,0.8,0.8,-1.6,0.0,0.0,0.8,0.0,-0.8,0.8,0.8,0.8,0.0,0.8,0.0,-0.8,0.0,0.8,0.0,2.4000000000000004,0.0,0.0,0.8,0.8,0.8,0.8,0.0,0.0,0.8,0.0,0.8,0.8,-0.8,1.6,0.0,-0.8,0.0,-0.8,-0.8,0.8,-1.6,0.8,0.0,0.8,0.0,-0.8,2.4000000000000004,0.0,0.0,0.8,0.0,0.0,0.8,0.8,-0.8,0.0,0.8,0.8,0.8,-0.8,1.6,0.8,0.0,2.4000000000000004,0.0,0.0,0.8,0.0,1.6,-0.8,0.8,1.6,-0.8,0.0,0.0,0.8,1.6,-1.6,1.6,-0.8,1.6,0.8,-0.8,0.8,0.8,1.6,1.6,-1.6,0.8,-0.8,0.8,-1.6,0.0,0.8,0.0,1.6,-0.8,0.8,0.8,0.0,0.8,0.8,-0.8,0.8,0.0,0.8,0.0,0.0,0.0,0.0,0.8,-0.8,0.8,0.0,-0.8,0.0,-0.8,0.8,0.8,-0.8,1.6,1.6,1.6,0.8,1.6,0.8,0.8,0.8,-1.6,0.0,1.6,0.0,1.6,0.0,0.8,0.0,0.8,0.8,-0.8,0.0,0.0,0.8,1.6,-0.8,0.8,0.8,0.8,0.8,0.8,0.8,0.0,1.6,0.8,0.8,-0.8,0.8,0.8,0.0,0.8,0.8,0.8,0.0,0.8,0.8,0.0,0.0,1.6,0.0,0.0,0.8,0.0,0.8,0.0,0.8,-0.8,1.6,0.0,-0.8,0.8,0.0,1.6,0.0,-0.8,2.4000000000000004,0.0,2.4000000000000004,-0.8,-1.6,2.4000000000000004,-0.8,0.8,0.8,1.6,1.6,0.0,0.0,0.8,0.8,0.0,0.8,1.6,-0.8,0.0,0.8,-0.8,-0.8,0.0,0.8,1.6,0.0,1.6,0.8,1.6,0.8,-0.8,1.6,0.8,2.4000000000000004,0.8,0.0,1.6,0.8,1.6,0.8,1.6,0.8,0.0,0.8,0.0,0.0,0.0,0.0,0.8,0.0,-0.8,0.8,0.0,0.8,-0.8,0.0,2.4000000000000004,0.8,-0.8,2.4000000000000004,1.6,-2.4000000000000004,0.8,2.4000000000000004,-0.8,-1.6,2.4000000000000004,0.8,0.0,0.8,0.8,1.6,0.0,0.0,1.6,1.6,0.0,0.8,0.0,0.0,1.6,0.0,0.0,0.8,0.0,0.8,0.0,0.8,0.0,0.0,0.0,0.0,-1.6,0.8,0.8,0.0,0.8,0.0,0.8,0.0,0.8,0.8,0.0,0.8,0.0,0.0,0.8,0.8,0.8,0.8,0.0,0.8,0.0,0.8,0.0,0.0,0.0,-0.8,0.8,0.0,-0.8,0.8,-0.8,1.6,0.8,0.8,1.6,0.0,0.8,-0.8,0.8,0.8,1.6,0.0,0.8,0.8,1.6,-1.6,1.6,0.0,0.0,0.0,0.0,1.6,0.0,1.6,0.8,0.8,1.6,-0.8,0.8,0.0,0.8,0.0,0.8,0.0,-0.8,-0.8,0.8,0.8,0.8,0.0,0.8,0.8,-0.8,2.4000000000000004,0.8,0.8,0.8,0.0,0.8,0.0,0.0,0.8,0.8,0.0,0.0,0.8,-1.6,0.0,-0.8,0.8,0.0,0.0,0.0,-0.8,0.8,1.6,-0.8,0.8,-1.6,0.0,0.0,1.6,0.0,0.0,0.8,0.0,0.8,1.6,0.0,0.0,0.8,0.0,-0.8,0.0,1.6,0.0,0.0,0.8,0.0,0.0,0.0,0.8,0.0,-0.8,-0.8,0.0,0.0,0.0,-0.8,0.0,0.8,0.8,-0.8,0.8,0.0,0.0,-0.8,-0.8,1.6,0.8,0.0,1.6,0.0,1.6,-0.8,0.8,1.6,0.0,0.0,-0.8,0.0,0.8,0.0,1.6,0.0,1.6,0.0,-0.8,0.8,-0.8,0.8,1.6,0.0,1.6,-0.8,0.0,0.0,0.8,0.0,0.0,0.8,-0.8,0.0,1.6,0.0,0.0,0.0,0.8,0.8,-1.6,0.0,0.0,0.8,0.8,0.0,-0.8,0.8,0.8,0.8,-0.8,0.8,0.0,0.8,0.8,0.0,0.0,0.0,-1.6,-1.6,0.0,0.8,0.0,-0.8,-1.6,0.8,0.0,1.6,0.0,-0.8,0.8,0.0,0.0,0.8,0.0,0.0,0.0,0.0,0.8,-0.8,0.0,0.8,0.8,0.0,0.0,-0.8,0.0,0.0,-0.8,0.0,0.8,1.6,0.0,0.8,0.8,0.8,0.0,0.8,0.8,1.6,0.8,0.0,2.4000000000000004,0.8,0.0,0.8,0.0,1.6,-0.8,-0.8,0.8,-1.6,0.8,0.8,0.8,0.0,-0.8,0.8,-0.8,1.6,-1.6,1.6,0.8,-0.8,1.6,0.8,0.0,1.6,0.0,0.8,-0.8,0.0,0.0,0.8,0.0,-1.6,0.8,-0.8,-0.8,0.8,0.0,0.8,0.0,0.0,0.8,-0.8,0.8,-0.8,0.8,0.8,0.0,0.8,-0.8,0.8,0.8,-0.8,1.6,-0.8,-0.8,0.0,0.8,0.8,-0.8,0.0,1.6,0.0,0.8,-0.8,0.0,0.8,0.0,0.0,-0.8,0.0,0.8,-0.8,0.0,0.8,0.0,0.8,0.0,0.8,0.0,-0.8,0.0,0.8,-0.8,0.0,0.0,0.0,0.8,0.0,0.0,0.8,0.0,0.0,0.8,0.8,0.8,0.8,-0.8,0.8,1.6,0.8,0.8,0.0,0.0,0.0,0.0,0.8,-0.8,0.0,0.8,-0.8,1.6,0.0,0.8,0.0,-0.8,0.0,0.0,0.8,0.0,-1.6,-0.8,-0.8,0.8,0.0,0.0,1.6,-0.8,0.8,0.0,0.0,0.0,0.0,0.0,0.0,0.0,0.0,0.0,0.0,0.8,0.8,0.0,0.8,-0.8,-1.6,0.8,0.0,-0.8,1.6,0.8,0.0,-0.8,0.0,0.0,-0.8,0.8,0.0,0.8,0.0,0.0,0.8,0.8,0.0,0.0,-1.6,0.8,-0.8,0.0
event_77,1625266887.8212163,0.0,0.0,-0.8,1.6,0.8,-0.8,0.8,0.0,0.0,0.0,0.0,0.0,0.8,0.8,-0.8,0.8,-0.8,0.0,1.6,-0.8,-0.8,0.0,-0.8,0.8,0.0,0.0,-0.8,0.8,0.0,0.0,0.8,0.0,0.0,0.8,0.8,2.4000000000000004,-0.8,0.8,1.6,0.8,1.6,0.0,1.6,0.8,0.0,0.0,-0.8,1.6,0.0,0.0,2.4000000000000004,-1.6,0.0,0.0,-0.8,0.8,-0.8,2.4000000000000004,0.0,0.0,0.0,-1.6,1.6,0.8,1.6,1.6,-1.6,0.8,0.0,1.6,0.0,-0.8,1.6,0.0,0.8,0.8,0.8,1.6,0.0,0.8,0.0,-0.8,0.0,-1.6,0.8,0.0,0.0,0.8,-1.6,1.6,0.0,0.0,0.0,-0.8,0.0,0.8,1.6,0.8,-0.8,0.0,0.8,0.0,-7.200000000000001,-40.800000000000004,-52.8,-29.6,-15.2,-7.200000000000001,-3.2,0.0,-0.8,-2.4000000000000004,-1.6,-1.6,-1.6,0.8,0.0,0.0,-0.8,-0.8,-0.8,0.0,0.8,-0.8,0.0,0.8,1.6,-0.8,0.0,0.8,0.0,0.0,-0.8,1.6,2.4000000000000004,0.8,0.8,0.8,1.6,0.0,0.0,0.0,1.6,1.6,-0.8,-0.8,-0.8,0.0,0.8,-0.8,0.0,0.0,0.8,-0.8,0.8,0.0,0.0,1.6,-0.8,-0.8,0.8,-0.8,0.0,0.0,1.6,0.8,-0.8,0.8,0.0,0.0,-0.8,0.0,0.8,-0.8,-0.8,0.8,0.0,1.6,0.8,0.8,-0.8,-0.8,0.8,0.0,0.0,0.0,0.0,0.8,-0.8,0.8,-1.6,0.8,0.0,-0.8,0.8,0.8,-0.8,0.0,-0.8,2.4000000000000004,0.0,0.8,0.0,-1.6,0.8,0.0,-0.8,0.0,0.8,0.8,0.8,0.0,0.8,0.8,0.8,-0.8,0.0,0.0,-1.6,0.0,0.8,0.8,0.8,-0.8,0.8,0.0,0.8,1.6,0.0,-0.8,0.0,1.6,0.8,0.8,-0.8,0.8,0.8,1.6,0.0,0.8,0.8,0.0,0.8,-0.8,-0.8,1.6,0.8,0.8,0.0,0.8,0.0,0.0,0.8,0.0,0.8,0.8,-0.8,0.8,-0.8,0.0,0.8,0.0,0.8,-0.8,0.8,0.0,0.8,0.8,0.8,0.0,0.0,0.0,0.0,0.0,1.6,0.8,-0.8,0.0,-0.8,0.0,0.0,0.8,0.8,0.0,0.8,0.0,-0.8,0.0,0.0,0.8,0.8,0.0,-0.8,-0.8,1.6,0.8,0.0,0.0,0.8,0.0,0.0,0.8,-0.8,0.0,0.8,-0.8,0.8,0.8,0.8,0.8,-0.8,0.8,0.0,0.0,0.8,0.0,0.0,-0.8,0.8,0.8,0.0,0.0,0.0,1.6,0.0,0.8,0.8,1.6,0.8,0.0,0.8,0.8,1.6,0.8,0.8,0.8,1.6,0.0,0.0,0.8,0.0,0.0,0.0,0.8,0.0,-0.8,1.6,1.6,-0.8,-0.8,-0.8,0.0,0.8,-0.8,0.8,0.8,1.6,0.0,0.0,0.8,0.8,0.8,-0.8,0.0,0.0,0.8,0.8,0.8,0.8,0.8,0.0,0.0,0.0,0.8,0.8,-0.8,0.8,-0.8,-1.6,1.6,-0.8,0.8,0.8,0.0,1.6,-0.8,0.8,0.0,0.8,2.4000000000000004,-1.6,0.0,0.8,0.8,1.6,0.0,0.8,2.4000000000000004,0.8,0.8,-0.8,0.8,0.8,0.0,1.6,0.0,1.6,0.8,0.0,0.8,0.0,0.8,-0.8,0.0,0.0,-1.6,0.0,0.0,0.8,-0.8,0.0,1.6,-0.8,-0.8,3.2,0.8,-0.8,0.0,2.4000000000000004,-0.8,-1.6,3.2,-0.8,0.8,0.0,2.4000000000000004,-0.8,-0.8,0.8,1.6,0.0,-0.8,0.8,1.6,0.0,0.8,1.6,0.8,0.0,-1.6,0.0,0.0,0.0,0.8,0.0,0.8,0.0,0.0,0.0,0.0,0.8,0.8,1.6,0.8,3.2,0.8,0.0,0.8,0.0,1.6,0.0,0.0,1.6,0.0,-0.8,0.8,-0.8,-0.8,-0.8,0.8,-0.8,0.8,0.0,0.0,0.8,0.0,0.8,-0.8,0.0,0.8,-1.6,0.0,1.6,-0.8,0.0,-0.8,1.6,-0.8,0.8,0.0,-0.8,2.4000000000000004,-0.8,0.8,0.8,0.0,2.4000000000000004,0.0,1.6,0.8,-0.8,0.8,0.0,0.8,-0.8,-0.8,0.0,-0.8,0.8,-0.8,0.8,1.6,-0.8,0.8,0.0,-0.8,1.6,-0.8,0.8,0.0,0.8,0.8,-0.8,1.6,2.4000000000000004,0.0,1.6,0.0,0.8,-0.8,0.0,0.0,-0.8,0.8,0.8,0.8,1.6,0.0,0.8,0.0,0.0,0.0,0.8,0.8,0.0,-0.8,0.0,0.0,0.8,0.0,0.8,0.8,-0.8,1.6,0.8,0.8,0.8,0.8,0.8,0.0,0.8,0.0,0.0,0.0,0.0,0.8,-1.6,0.8,1.6,0.8,1.6,0.8,0.0,0.8,0.0,0.8,-0.8,0.8,1.6,-0.8,0.8,0.8,1.6,0.0,0.8,0.8,1.6,1.6,0.0,0.0,0.0,1.6,0.0,0.8,1.6,0.0,2.4000000000000004,0.0,0.8,0.8,0.8,2.4000000000000004,0.8,0.8,0.8,-0.8,1.6,0.0,0.8,0.0,0.0,0.8,0.0,1.6,1.6,0.0,0.8,0.0,1.6,0.0,0.0,1.6,0.8,2.4000000000000004,0.0,0.8,1.6,-0.8,0.8,-0.8,0.0,0.0,-0.8,2.4000000000000004,0.0,1.6,0.0,0.0,1.6,0.0,0.8,0.8,-0.8,1.6,0.0,1.6,1.6,0.8,0.8,0.8,0.8,1.6,1.6,1.6,0.8,0.0,0.8,0.8,0.0,0.0,0.8,1.6,0.0,0.8,0.0,0.8,0.8,0.8,1.6,0.8,1.6,1.6,0.8,0.8,1.6,0.0,1.6,0.0,0.0,0.0,2.4000000000000004,1.6,-0.8,0.8,0.8,1.6,0.0,-1.6,0.8,0.8,0.0,0.0,0.8,0.8,0.8,0.8,1.6,1.6,0.0,0.0,1.6,2.4000000000000004,0.0,0.0,0.8,0.8,-0.8,0.8,1.6,0.8,0.0,1.6,0.8,0.0,0.0,0.0,1.6,-0.8,0.8,0.8,0.0,0.8,1.6,1.6,0.8,0.8,0.0,0.0,0.8,-0.8,1.6,0.0,0.8,0.8,0.0,0.0,-0.8,0.0,0.8,-0.8,1.6,-0.8,0.8,0.8,-1.6,0.0,1.6,-0.8,0.0,1.6,0.8,-0.8,0.8,0.8,0.0,1.6,0.0,1.6,0.8,0.0,0.8,-0.8,0.8,0.0,-0.8,0.8,0.0,0.0,0.0,0.0,1.6,0.0,0.8,0.8,0.0,1.6,0.0,0.0,0.8,1.6,1.6,0.0,1.6,0.8,0.8,0.8,0.0,0.0,0.8,0.0,0.0,0.0,0.8,0.8,0.8,0.0,0.0,0.0,0.8,0.0,0.8,-1.6,0.0,0.8,0.0,0.8,1.6,0.0,0.8,0.0,1.6,0.8,0.0,0.8,-1.6,0.8,0.8,1.6,0.0,0.8,1.6,0.8,0.0,0.8,-0.8,1.6,0.0,0.0,0.8,-0.8,0.0,0.8,-0.8,1.6,-0.8,0.0,-0.8,0.0,0.0,0.0,0.8,-0.8,1.6,1.6,-0.8,2.4000000000000004,0.0,1.6,0.8,-0.8,2.4000000000000004,0.0,0.0,0.8,0.0,1.6,0.0,0.0,1.6,1.6,0.0,-0.8,0.8,-1.6,0.8,0.0,-0.8,0.8,-0.8,0.0,0.0,0.0,0.0,-1.6,0.8,-0.8,-2.4000000000000004,0.0,0.8,0.8,0.0,0.0,0.8,0.0,0.0,0.8,0.0,0.0,-0.8,0.0,0.0,0.0,0.0,0.0,0.8,0.8,0.8,0.0,-0.8,1.6,0.0,0.8,0.8,0.8,0.8,-0.8,0.8,1.6,0.0,0.0,0.8,-0.8,0.0,-0.8,0.8,0.8,0.8,0.8,0.8,0.8,0.8,-0.8,0.8,0.8,0.8,0.8,-0.8,-0.8,0.8,0.0,1.6,0.0,0.0,0.0,0.8,0.8,-0.8,0.0,0.8,0.0,1.6,-0.8,0.0,0.8,0.0,0.8,0.0,0.8,0.0,0.8,1.6,0.8,0.8,0.8,-0.8,0.8,-2.4000000000000004,0.8,0.8,-0.8,0.0,-0.8,0.0,0.0,-0.8,2.4000000000000004,-1.6,0.8,0.8,0.8,1.6,-1.6,0.8,0.0,-0.8,0.0,-0.8,1.6,0.0,0.0,-0.8,0.0,2.4000000000000004,-0.8,0.0,0.8,0.8,0.0,-0.8,0.8,2.4000000000000004,0.0,1.6,0.0,1.6,0.0,0.0,2.4000000000000004,-0.8,0.0,-0.8,-0.8,0.8,-1.6,0.0,-0.8,0.0,0.0,-1.6,0.8,0.8,0.0,-0.8,0.0,1.6,1.6,0.8,-0.8,0.0,1.6,0.0,0.8,0.0,0.0,0.0,-0.8,0.8,0.0,0.0,1.6,0.8,0.8,-0.8,0.8,-0.8,0.0,0.0,0.0,0.0,0.8,0.0,-0.8,0.0,0.8,0.0,0.8,-0.8,0.8,2.4000000000000004,0.8,0.8,-0.8,1.6,0.8,0.8,0.0,0.8,0.0,0.0,-0.8,0.0,-0.8,0.0,0.0,0.0,1.6,0.0,0.8,0.8,0.0,0.0,-0.8,1.6,-0.8,-0.8,0.0,0.8,0.8,-1.6,0.0,0.8,1.6,0.8,-0.8,0.0,0.0,0.0,0.8,-0.8,1.6,0.8,0.0,1.6,-0.8,-0.8,0.0,0.8,1.6,-1.6,0.8,0.0,0.8,0.8,-0.8,1.6,0.8,0.0,1.6,0.8,0.8,0.0,-0.8,0.8,-0.8,1.6,0.0,0.8,1.6,1.6,0.8,0.0,0.0,0.0,-0.8,0.0,-0.8,0.0,0.0,0.0,1.6,0.0,0.0,0.0,-0.8,0.8,0.0,0.8,0.0,0.0,0.8,0.0,0.0,-0.8,0.8,0.8,-0.8,1.6,3.2,-0.8,0.0,3.2,0.0,-1.6,1.6,1.6,0.0,0.0,0.0,1.6,0.8,-1.6,0.0,0.8,0.8,0.8,1.6,0.8,0.0,-0.8,0.0,0.0,0.0,-0.8,0.0,0.8,1.6,-0.8,0.8,-0.8,1.6,0.0,0.8,0.8,-2.4000000000000004,0.8,0.0,0.0,0.0,0.0,0.0,0.0,-1.6,0.8,-0.8,-0.8,0.0,0.0,-0.8,0.0,0.8,-0.8,0.0,0.0,-0.8,1.6,0.8,0.0,0.8,0.0,1.6,-0.8,0.8,0.8,1.6,0.8,0.0,0.8,0.8,-1.6,1.6,-0.8,0.8,0.0,-1.6,0.0,0.0,0.0,1.6,0.0,1.6,-0.8,0.8,0.0,-0.8,0.0,0.8,0.0,1.6,-0.8,0.0,0.8,1.6,0.8,0.0,0.0,0.0,0.8,1.6,-0.8,0.8,0.8,0.0,-0.8,0.0,0.8,0.0,-0.8,0.8,-0.8,0.0,0.0,0.0,0.8,-0.8,0.8,0.0,-1.6,0.8,0.0,0.8,0.0,0.0,0.0,-0.8,1.6,0.8,0.0,0.0,0.0,1.6,0.8,0.8,-0.8,0.0,1.6,-0.8,0.0,0.0,0.8,1.6,0.0,0.0,0.8,-0.8,0.8,0.0,0.0,0.0,0.8,0.8,0.8,0.8,0.0,1.6,0.8,0.0,1.6,0.8,0.8,-0.8,0.0,1.6,0.0,0.8,1.6,0.0,2.4000000000000004,-0.8,0.8,0.8,0.8,0.8,0.0,0.8,0.0,0.8,1.6,0.0,0.8,0.8,0.0,0.0,0.8,0.8,0.0,-0.8,1.6,-0.8,0.0,0.8,0.8,0.0,0.0,0.8,-0.8,0.8,1.6,0.0,0.8,0.8,0.0,1.6,-0.8,1.6,1.6,0.0,0.8,-0.8,0.0,-0.8,1.6,0.8,-0.8,1.6,0.0,0.0,0.8,0.0,0.0,-0.8,-0.8,-0.8,0.8,1.6,0.0,0.8,-0.8,1.6,0.8,1.6,-0.8,-0.8,1.6,0.8,0.0,0.8,0.8,0.8,0.0,0.8,1.6,0.8,0.8,0.8,2.4000000000000004,0.0,0.8,0.8,0.0,0.8,-0.8,0.0,1.6,-1.6,1.6,0.0,1.6,0.8,0.0,1.6,0.0,1.6,0.0,0.0,1.6,0.8,0.8,0.8,0.8,1.6,-0.8,1.6,-0.8,0.8,1.6,0.8,1.6,-0.8,0.0,0.8,-0.8,1.6,-1.6,1.6,0.0,0.8,2.4000000000000004,-0.8,-0.8,0.0,1.6,-0.8,-1.6,1.6,0.8,0.0,1.6,0.0,1.6,0.0,-0.8,0.0,0.8,1.6,-1.6,0.8,0.0,-0.8,0.8,0.0,0.0,0.8,0.0,0.8,-0.8,0.8,0.0,0.8,1.6,-0.8,-0.8,0.8,0.8,0.8,0.8,0.8,1.6,0.0,1.6,0.0,-0.8,1.6,0.8,0.0,0.0,0.8,0.0,0.8,1.6,0.8,0.0,0.8,0.0,0.8,0.0,0.8,0.8,0.0,0.0,0.0,0.0,0.8,0.0,0.8,0.8,1.6,0.8,-0.8,0.0,0.8,1.6,0.8,0.8,1.6,1.6,0.0,0.8,1.6,1.6,0.0,0.8,0.8,0.0,0.0,2.4000000000000004,0.8,1.6,-0.8,0.8,0.0,0.0,0.8,0.0,0.8,0.8,-0.8,0.8,0.8,0.8,0.8,0.8,0.8,0.0,1.6,0.8,-0.8,0.8,0.0,0.8,0.0,0.8,0.8,-0.8,1.6,1.6,-0.8,-0.8,0.8,3.2,0.0,0.0,0.8,-0.8,1.6,1.6,0.0,0.0,1.6,0.0,-2.4000000000000004,0.8,1.6,0.0,0.8,-0.8,0.8,0.0,0.8,1.6,0.0,0.8,0.0,0.0,0.0,0.0,0.8,0.8,0.8,0.8,0.0,0.0,0.0,0.0,-0.8,0.0,1.6,0.0,0.8,-0.8,-0.8,0.8,-0.8,0.0,0.0,0.8,1.6,0.0,0.8,0.8,3.2,0.8,0.0,0.0,1.6,0.0,0.8,0.0,1.6,0.8,0.0,-0.8,0.8,-0.8,0.0,0.8,0.8,0.0,-0.8,0.0,0.8,0.0,2.4000000000000004,0.0,1.6,-0.8,0.0,0.8,0.0,1.6,0.0,0.8,0.0,0.8,0.8,-0.8,1.6,0.8,0.8,0.8,-0.8,0.8,0.8,-0.8,0.8,-0.8,-0.8,0.0,0.0,0.0,-0.8,0.8,0.0,0.0,0.8,0.0,1.6,0.8,0.0,0.0,0.8,1.6,-0.8,0.8,0.8,0.0,0.8,0.8,0.0,-0.8,0.0,0.8,-0.8,0.0,0.8,0.0,0.0,-0.8,1.6,0.8,0.8,0.0,0.8,0.8,0.0,0.0,1.6,0.0,0.8,0.8,0.8,0.8,0.0,0.0,-0.8,0.8,0.0,1.6,0.0,0.0,-0.8,0.8,0.8,0.8,0.8,0.8,0.0,0.0,0.0,-0.8,-0.8,0.8,0.8,1.6,1.6,-0.8,0.0,0.8,0.0,1.6,-0.8,0.8,0.0,0.8,0.8,-0.8,1.6,0.8,0.8,0.8,0.0,0.0,0.8,0.8,0.0,-0.8,0.8,-1.6,0.0,0.8,0.8,0.8,-0.8,0.0,0.8,-1.6,0.0,0.8,-0.8,-0.8,0.0,1.6,-0.8,1.6,1.6,0.0,2.4000000000000004,-1.6,-1.6,0.0,1.6,1.6,-0.8,0.8,0.8,0.8,1.6,-0.8,0.0,1.6,0.0,0.0,0.8,0.8,1.6,0.8,2.4000000000000004,1.6,0.8,-0.8,0.0,0.8,0.0,0.8,-0.8,0.0,1.6,0.0,2.4000000000000004,0.8,0.8,1.6,0.0,1.6,0.0,0.0,0.0,0.0,2.4000000000000004,0.0,1.6,1.6,0.0,0.8,0.0,0.8,0.0,0.8,0.0,0.0,0.8,0.0,1.6,0.8,0.8,-0.8,0.0,0.0,0.0,0.0,0.8,0.0,1.6,0.8,0.8,0.0,1.6,0.8,0.0,0.0,-0.8,1.6,0.8,0.0,1.6,0.0,0.0,-0.8,0.0,0.0,0.0,0.8,1.6,0.0,0.0,0.0,0.8,0.8,-0.8,0.8,0.0,0.8,0.0,0.8,0.8,1.6,0.8,-0.8,0.8,1.6,-0.8,1.6,-0.8,2.4000000000000004,0.0,0.8,0.0,-0.8,0.8,-0.8,0.0,1.6,0.8,1.6,-0.8,0.0,0.8,0.0,0.8,0.0,0.8,0.8,-0.8,0.8,0.8,0.8,0.0,0.0,1.6,0.0,0.8,0.8,0.8,0.8,-1.6,0.8,0.8,0.0,0.0,0.0,1.6,0.8,0.0,0.8,-0.8,0.8,0.0,0.0,0.8,-0.8,1.6,1.6,-0.8,2.4000000000000004,-1.6,0.8,-0.8,0.0,0.8,0.0,1.6,0.0,0.0,0.0,0.0,0.8,0.0,0.8,0.0,0.0,1.6,0.8,0.0,-1.6,0.0,0.8,0.0,0.0,0.8,0.8,0.8,0.0,-0.8,-1.6,-0.8,0.8,0.8,0.0,0.8,0.8,-1.6,1.6,0.8,-1.6,0.0,1.6,-2.4000000000000004,-0.8,3.2,0.8,-0.8,0.0,-0.8,0.0,0.0,-2.4000000000000004,0.8,0.0,-1.6,-0.8,-0.8,0.8,0.0,-0.8,0.0,1.6,0.8,-1.6,0.8,0.0,0.0,0.0,-0.8,0.0,0.8,0.0,0.8,0.8,0.8,0.0,0.8,0.0,0.8,0.0,0.0,1.6,1.6,0.0,2.4000000000000004,0.8,0.8,-0.8,0.0,1.6,-0.8,-0.8,-0.8,0.0,0.8,-0.8,2.4000000000000004,0.0,0.8,0.0,-0.8,0.0,0.8,0.0,0.8,-1.6,1.6,-0.8,0.8,0.0,0.0,0.0,-0.8,0.8,0.0,0.8,1.6,0.0,0.8,0.8,0.8,0.0,0.0,0.8,0.0,-0.8,0.0,-2.4000000000000004,-0.8,0.8,0.0,0.0,-0.8,0.0,0.8,-1.6,0.0,0.8,-0.8,-0.8,-0.8,0.0,0.8,1.6,0.8,0.0,-0.8,0.8,0.8,0.8,0.0,0.0,0.0,0.0,0.0,0.0,0.0,0.8,0.0,0.8,0.8,0.0,0.0,0.0,0.0,-0.8,0.0,0.0,0.8,0.8,0.0,-0.8,0.8,1.6,0.0,0.0,0.8,0.0,0.8,1.6,0.0,1.6,0.0,0.8,0.8,0.8,0.0,0.0,0.8,0.8,0.0,0.8,-0.8,0.0,0.0,0.0,0.0,-0.8,0.0,0.0,0.0,0.8,-0.8,0.8,0.0,0.8,0.0,-2.4000000000000004,1.6,0.0,0.0,0.0,-0.8,0.0,0.0,0.0,0.8,0.0,0.0,0.0,-0.8,0.0,-0.8,0.8,-0.8,0.0,0.8,-0.8,0.8,0.8,0.0,0.8,-0.8,0.0,0.0,0.8,0.0,-1.6,0.8,-1.6,-0.8,0.8,0.8,0.8,0.8,-0.8,1.6,0.0,0.8,-0.8,0.0,0.8,0.0,0.0,0.8,0.8,0.8,-0.8,0.8,0.8,0.8,0.8,0.0,0.8,-0.8,-0.8,-0.8,-0.8,0.8,0.0,0.0,1.6,0.0,0.0,1.6,0.8,1.6,0.0,0.0,0.8,0.8,1.6,0.0,0.0,2.4000000000000004,-0.8,1.6,0.0,0.8,-0.8,-0.8,0.0,-0.8,-1.6,0.8,0.0,0.8,-0.8,0.8,0.0,0.0,0.0,0.0,0.8,0.8,0.8,0.8,-0.8,1.6,0.8,0.8,1.6,-2.4000000000000004,1.6,-0.8,0.0,0.8,0.0,0.8,-0.8,0.0,0.8,-0.8,0.8,-0.8,0.0,0.0,0.0,0.0,-0.8,0.0,0.8,-0.8,0.8,0.0,0.0,0.0,0.8,-0.8,0.0,0.8,0.0,0.8,0.8,-0.8,0.8,0.0,1.6,0.0,0.0,1.6,0.0,-0.8,0.8,0.8,0.0,0.0,0.0,0.0,0.0,0.8,0.0,1.6,0.8,0.8,0.8,0.8,-0.8,0.0,0.0,1.6,0.0,0.8,0.0,0.8,0.0,0.8,0.8,0.0,1.6,0.0,0.8,0.8,0.8,0.0,0.8,0.8,0.0,0.0,-0.8,-0.8,0.0,0.0,0.8,0.0,0.0,0.8,0.0,0.0,0.0,-0.8,0.8,-1.6,0.8,0.0,-1.6,-0.8,0.0,0.0,0.0,0.0,0.0,0.8,0.8,-0.8,0.8,0.8,-0.8,0.0,-0.8,0.0,0.0,-1.6,0.8,-1.6,-0.8,-0.8,0.0,1.6,0.0,0.0,0.0,-0.8,1.6,-0.8,0.0,-0.8,-0.8,-0.8,-0.8,1.6,0.0,0.0,0.0,0.0,0.8,0.8,0.0,0.0,0.0,0.8,0.0,-0.8,0.8,0.8,1.6,0.0,2.4000000000000004,0.0,-1.6,0.0,0.0,0.0,0.0,0.0,0.8,0.0,-0.8,0.0,0.8,0.8,-0.8,0.0,0.8,0.8,-0.8,-0.8,2.4000000000000004,0.8,0.0,0.0,0.8,0.8,-0.8,0.8,0.8,0.8,-0.8,0.0,0.8,0.0,0.0,1.6,0.8,0.8,-0.8,0.8,0.0,0.8,0.0,0.8,0.8,0.0,0.0,0.0,0.0,0.8,0.0,0.8,0.8,0.0,1.6,0.0,0.0,0.0,0.0,0.8,0.0,0.0,0.8,1.6,0.8,0.0,0.8,-0.8,0.0,0.8,-0.8,0.8,-0.8,0.0,0.0,0.0,0.8,-0.8,0.8,0.0,-1.6,2.4000000000000004,0.8,0.8,0.0,0.8,0.8,-0.8,0.8,-1.6,0.0,2.4000000000000004,-0.8,0.8,0.8,0.0,0.0,0.8,0.8,0.8,1.6,0.8,0.0,1.6,-1.6,0.0,0.0,0.0,0.8,0.8
event_78,1625266889.9713392,-0.8,0.8,1.6,-0.8,1.6,-0.8,0.0,0.0,0.8,0.8,0.8,0.8,1.6,0.0,0.0,0.0,0.8,0.8,0.0,0.8,-0.8,2.4000000000000004,0.8,-0.8,2.4000000000000004,0.8,1.6,-0.8,-0.8,1.6,0.8,0.8,0.8,0.8,0.0,0.0,1.6,0.0,0.8,0.0,0.0,0.8,0.8,0.0,0.8,0.0,-0.8,-0.8,0.8,1.6,0.0,0.0,0.8,0.8,0.8,1.6,-1.6,0.8,1.6,0.0,0.8,0.8,0.8,0.8,0.0,0.8,0.8,1.6,-0.8,0.0,0.8,-0.8,0.0,0.0,0.8,0.0,0.8,0.8,0.8,0.8,-0.8,0.8,0.8,0.0,0.8,-0.8,1.6,2.4000000000000004,0.0,0.8,0.0,2.4000000000000004,-1.6,0.0,0.8,-0.8,0.8,0.8,-1.6,1.6,-0.8,0.8,0.0,-16.8,-102.4,-141.6,-92.0,-40.0,-20.800000000000004,-9.600000000000001,-6.4,-8.0,-11.2,-6.4,-4.0,-4.800000000000001,-0.8,-0.8,0.0,-0.8,0.8,0.0,-1.6,0.0,1.6,0.0,-0.8,0.8,0.0,-0.8,0.0,0.8,0.0,-1.6,-0.8,0.0,0.0,-0.8,0.8,0.0,0.0,0.8,0.0,1.6,0.8,-1.6,-1.6,0.8,1.6,0.0,-0.8,0.8,1.6,0.0,0.0,0.0,0.8,1.6,0.0,-0.8,-0.8,0.8,0.8,0.8,0.8,1.6,0.0,0.8,-0.8,0.0,0.0,-0.8,0.0,0.0,0.0,0.8,0.0,0.0,0.0,-0.8,0.0,0.8,0.8,-0.8,1.6,-0.8,1.6,0.0,0.8,0.0,-0.8,0.0,0.0,1.6,0.0,-1.6,0.8,-1.6,0.0,0.0,0.0,1.6,-1.6,-0.8,1.6,-0.8,0.8,-1.6,0.8,0.0,0.8,0.8,-0.8,0.8,0.8,0.0,0.8,0.0,1.6,1.6,0.0,0.8,-0.8,1.6,0.0,-0.8,1.6,0.0,1.6,-0.8,0.8,0.0,-2.4000000000000004,2.4000000000000004,0.0,0.0,0.0,0.0,2.4000000000000004,-2.4000000000000004,1.6,0.8,-0.8,1.6,0.0,0.0,0.0,0.8,0.8,0.0,0.8,1.6,0.0,1.6,0.0,0.0,0.8,0.8,0.0,0.0,0.8,1.6,1.6,0.8,1.6,1.6,-0.8,0.0,0.0,0.0,0.8,0.0,0.0,0.8,0.0,0.8,0.8,0.8,0.0,0.8,0.8,0.0,-0.8,0.0,1.6,0.0,1.6,0.8,0.8,1.6,-0.8,0.8,0.0,-0.8,0.0,-2.4000000000000004,0.0,0.8,0.0,0.8,0.0,1.6,-0.8,0.8,0.0,-0.8,0.0,0.0,0.8,0.8,0.8,0.8,0.0,2.4000000000000004,0.0,-0.8,1.6,-0.8,1.6,0.0,0.0,1.6,-0.8,1.6,-0.8,0.0,1.6,0.0,0.8,0.0,0.0,-0.8,-1.6,0.8,0.0,0.8,1.6,0.8,1.6,0.0,0.8,0.8,1.6,0.8,-1.6,0.8,1.6,0.0,0.8,1.6,0.8,-0.8,0.8,0.8,-1.6,0.0,0.8,0.0,0.8,0.0,2.4000000000000004,-0.8,0.8,1.6,0.0,0.8,0.8,0.8,0.8,0.0,0.0,0.0,0.8,-0.8,0.0,0.8,-0.8,0.8,0.8,0.8,0.8,-0.8,0.8,1.6,2.4000000000000004,-2.4000000000000004,2.4000000000000004,2.4000000000000004,0.0,0.0,0.8,-0.8,0.8,0.8,-0.8,-0.8,-0.8,0.0,1.6,0.8,0.0,0.0,0.8,-0.8,0.8,0.8,0.8,0.8,0.0,0.0,-0.8,0.8,0.8,0.0,0.8,0.8,0.0,0.8,0.8,0.0,0.0,0.8,0.0,0.0,-0.8,0.8,0.8,0.0,1.6,-1.6,-0.8,0.8,-0.8,1.6,-0.8,0.8,0.8,0.0,1.6,0.0,0.8,0.8,-0.8,0.0,-0.8,1.6,-0.8,0.0,0.8,0.0,0.8,-0.8,0.0,1.6,0.0,0.8,-0.8,0.0,0.8,0.8,0.0,0.0,0.8,0.8,-1.6,0.0,0.0,0.8,-0.8,0.0,0.8,-0.8,0.8,0.0,0.8,1.6,0.0,1.6,0.8,0.8,0.8,0.0,1.6,1.6,0.8,0.8,1.6,0.8,-0.8,0.8,0.8,2.4000000000000004,0.0,0.8,0.8,0.8,-0.8,1.6,0.8,0.8,0.0,0.8,0.8,0.8,0.0,2.4000000000000004,-0.8,1.6,0.0,0.8,1.6,1.6,0.0,0.8,0.8,0.0,0.8,0.8,0.8,0.0,0.8,0.0,0.0,0.0,0.0,0.8,-0.8,0.0,0.0,-1.6,0.8,0.8,0.8,0.0,0.0,1.6,-0.8,0.8,1.6,-1.6,1.6,-0.8,-0.8,0.8,0.8,1.6,-1.6,0.0,1.6,0.8,0.8,0.0,0.8,0.8,0.8,0.0,0.0,0.8,0.0,0.8,1.6,0.8,0.8,0.0,0.0,0.8,-0.8,0.8,0.8,0.8,1.6,-0.8,0.8,0.8,0.8,0.8,0.8,1.6,0.8,0.0,0.8,1.6,1.6,-1.6,0.8,1.6,0.8,-0.8,0.8,0.0,0.8,0.8,1.6,0.0,0.0,0.0,0.8,1.6,0.0,-0.8,0.8,0.8,0.0,-0.8,0.0,0.0,0.8,0.0,0.0,0.0,0.0,0.0,0.0,0.8,0.8,1.6,0.8,0.8,0.8,0.8,0.8,0.8,0.0,1.6,0.8,0.8,0.0,0.8,0.0,0.0,1.6,0.0,0.0,0.8,0.0,0.8,0.0,0.8,0.0,0.0,0.8,-2.4000000000000004,0.8,1.6,0.8,1.6,-0.8,1.6,0.8,0.8,1.6,-1.6,1.6,1.6,0.8,1.6,0.0,0.8,0.0,0.0,0.8,-0.8,0.0,-0.8,0.0,0.0,-1.6,0.8,0.8,0.0,0.0,0.0,1.6,0.0,0.0,1.6,0.8,2.4000000000000004,-0.8,1.6,0.8,0.8,0.8,-1.6,0.8,0.8,0.0,1.6,-0.8,1.6,-0.8,-1.6,0.8,0.8,0.8,1.6,0.8,1.6,0.0,0.0,-0.8,1.6,-0.8,0.8,0.8,0.0,0.8,-0.8,-0.8,0.8,0.0,1.6,0.8,0.0,0.8,0.0,0.8,0.0,0.0,0.8,-0.8,0.0,0.0,1.6,0.0,0.8,0.8,-0.8,1.6,-0.8,0.8,-0.8,0.0,1.6,-0.8,0.8,0.0,0.8,1.6,-0.8,0.0,-0.8,2.4000000000000004,0.8,-0.8,1.6,-0.8,1.6,0.0,-0.8,0.0,0.8,0.8,-0.8,0.0,1.6,0.0,0.8,0.0,0.8,0.8,0.0,0.8,0.8,0.0,0.0,0.8,0.8,-0.8,0.0,0.0,0.8,3.2,0.0,0.8,0.8,0.0,0.8,-0.8,1.6,1.6,0.0,1.6,0.0,1.6,-1.6,1.6,1.6,0.0,0.0,-0.8,0.0,0.0,0.0,2.4000000000000004,-0.8,1.6,0.8,0.0,0.8,0.8,0.0,1.6,-0.8,1.6,0.0,0.0,0.8,0.0,0.0,0.8,0.0,0.0,2.4000000000000004,1.6,0.0,0.0,0.0,0.0,0.0,-0.8,0.8,0.8,1.6,-0.8,-1.6,1.6,-1.6,-1.6,3.2,1.6,-1.6,0.0,2.4000000000000004,0.0,-0.8,0.8,2.4000000000000004,-0.8,-1.6,0.8,1.6,0.0,-0.8,0.8,0.8,0.0,0.8,0.0,0.0,0.0,-0.8,0.0,0.8,1.6,1.6,0.0,0.8,0.8,0.8,0.0,0.0,0.8,-0.8,0.0,0.0,0.0,1.6,0.0,0.8,0.8,-0.8,0.8,0.0,0.8,0.8,-0.8,0.8,0.0,1.6,0.8,0.0,2.4000000000000004,0.8,0.8,-0.8,-0.8,2.4000000000000004,-0.8,0.0,0.0,0.8,0.8,0.0,1.6,0.0,0.0,0.8,-1.6,1.6,-0.8,0.8,0.0,0.0,0.0,-0.8,0.8,0.0,0.8,0.8,0.8,0.0,0.8,0.0,0.0,-0.8,0.8,0.0,0.8,0.0,-0.8,0.8,0.0,-0.8,0.0,0.0,-0.8,0.0,0.0,0.8,0.8,0.0,-0.8,1.6,0.8,-0.8,0.8,-0.8,-1.6,1.6,1.6,0.0,0.8,0.0,0.8,0.8,1.6,-0.8,0.0,1.6,0.0,0.0,0.8,0.0,0.8,0.0,0.8,1.6,0.8,1.6,0.0,0.8,0.0,-0.8,0.8,0.8,0.0,0.8,0.0,0.8,0.0,1.6,0.8,1.6,1.6,-1.6,0.8,0.0,1.6,0.0,0.0,1.6,0.0,-1.6,0.8,0.0,0.0,0.0,1.6,0.8,0.0,0.8,2.4000000000000004,1.6,0.0,0.0,1.6,-1.6,-0.8,0.8,0.8,0.8,0.0,0.8,0.8,0.8,0.0,-0.8,2.4000000000000004,0.8,-0.8,1.6,0.8,1.6,0.0,-1.6,0.8,0.0,0.8,0.8,0.0,0.0,0.0,0.0,0.8,0.8,1.6,0.0,0.8,0.8,0.8,0.0,0.8,0.0,-1.6,0.0,0.0,0.0,0.8,0.8,0.8,0.0,0.0,0.8,1.6,0.8,0.0,0.0,0.8,0.8,-0.8,0.0,0.8,0.8,0.0,0.8,1.6,0.0,0.8,0.8,0.8,0.0,0.0,0.8,0.8,0.0,0.8,0.0,0.8,1.6,0.8,0.8,1.6,0.0,0.0,0.8,0.8,1.6,-0.8,1.6,0.8,2.4000000000000004,0.8,0.8,1.6,0.0,0.0,-0.8,0.8,0.8,0.0,2.4000000000000004,0.0,0.8,0.0,-0.8,0.0,0.0,0.0,0.8,0.0,0.8,0.0,0.0,0.8,0.0,1.6,0.8,0.8,-0.8,0.8,1.6,-0.8,1.6,0.0,0.0,1.6,-1.6,2.4000000000000004,0.8,-0.8,0.0,-1.6,0.0,-0.8,0.8,0.0,-1.6,1.6,-0.8,0.0,0.8,0.0,1.6,0.0,0.0,-0.8,-0.8,0.8,0.8,0.0,0.8,1.6,1.6,0.8,0.0,0.0,0.8,1.6,-2.4000000000000004,0.0,0.8,-0.8,-1.6,0.8,2.4000000000000004,-1.6,1.6,1.6,-0.8,-0.8,0.8,0.8,-0.8,0.8,-0.8,0.0,2.4000000000000004,0.0,1.6,1.6,-0.8,0.0,0.0,1.6,0.0,2.4000000000000004,-0.8,0.0,1.6,0.8,0.8,0.8,0.0,1.6,0.0,-0.8,0.0,0.8,1.6,0.0,0.8,0.8,-0.8,0.0,-0.8,1.6,-1.6,0.8,0.0,0.0,0.8,-0.8,0.8,0.0,0.0,1.6,0.0,0.8,1.6,0.0,0.0,0.0,0.8,0.8,0.8,0.0,0.8,1.6,-0.8,0.8,0.0,-0.8,0.8,0.0,0.0,0.8,-0.8,0.8,0.0,0.8,1.6,-0.8,2.4000000000000004,-1.6,0.0,0.8,-0.8,0.8,0.0,0.8,-0.8,0.8,1.6,-1.6,-0.8,0.8,-2.4000000000000004,0.0,0.0,0.0,0.0,0.0,-0.8,0.0,0.8,0.0,0.0,0.8,-0.8,0.0,-0.8,-0.8,0.8,0.8,0.8,0.8,0.0,0.0,0.8,0.0,-0.8,0.0,0.8,1.6,1.6,-0.8,0.8,0.8,0.8,-0.8,0.0,1.6,-0.8,-0.8,0.0,0.8,0.0,0.0,1.6,-0.8,0.0,0.0,0.0,-0.8,0.8,0.8,0.8,0.0,0.8,0.0,0.8,0.0,1.6,0.0,0.8,1.6,-0.8,1.6,0.0,0.0,1.6,-0.8,1.6,-0.8,0.0,1.6,1.6,0.8,0.0,-0.8,-0.8,-0.8,0.0,0.0,0.0,0.0,0.0,0.8,0.8,0.8,0.0,0.0,-0.8,-1.6,0.8,1.6,0.0,0.0,0.0,1.6,-0.8,1.6,0.0,-1.6,1.6,0.0,0.8,0.8,0.0,0.8,0.8,0.8,0.0,0.8,1.6,-0.8,0.8,-0.8,-0.8,0.0,-0.8,0.0,0.8,0.8,1.6,0.8,0.8,0.8,0.0,0.0,-1.6,0.8,0.8,2.4000000000000004,0.8,0.8,1.6,1.6,0.0,0.8,0.0,0.0,0.0,0.0,0.0,0.8,0.8,1.6,0.0,0.8,-0.8,0.0,-0.8,0.0,-0.8,0.0,0.8,0.8,-0.8,0.8,0.8,0.0,0.8,0.0,0.0,-0.8,0.8,1.6,0.0,0.0,0.0,0.0,0.8,-0.8,0.8,0.8,0.0,1.6,0.0,0.0,0.0,0.8,1.6,-0.8,0.0,0.0,0.8,0.0,0.0,-0.8,0.0,-0.8,-0.8,-0.8,2.4000000000000004,-0.8,0.0,0.0,0.0,0.0,0.0,0.8,0.0,0.8,0.8,-2.4000000000000004,0.8,0.8,0.0,0.8,0.0,1.6,0.8,0.8,-0.8,0.0,0.8,-1.6,-1.6,0.0,-0.8,0.0,0.0,0.8,0.0,0.0,1.6,0.0,-0.8,0.0,0.8,0.8,1.6,0.0,0.0,1.6,1.6,0.0,0.8,0.8,0.8,0.0,-0.8,-0.8,0.8,0.0,0.0,0.8,0.8,-0.8,0.0,-0.8,0.0,-0.8,-0.8,-0.8,0.8,0.0,0.0,0.8,0.8,0.8,0.0,0.0,0.0,0.8,0.8,0.8,0.0,0.8,0.0,0.0,0.0,0.0,0.8,-0.8,0.0,0.0,-0.8,0.8,0.0,0.8,0.0,0.0,0.8,0.0,0.0,0.8,0.0,2.4000000000000004,-0.8,0.0,0.8,0.0,1.6,0.0,1.6,1.6,0.0,1.6,-0.8,1.6,0.8,0.0,0.8,0.0,1.6,0.8,0.8,0.8,0.8,0.8,-0.8,0.8,1.6,-2.4000000000000004,-0.8,1.6,0.8,-2.4000000000000004,1.6,4.0,-0.8,0.0,2.4000000000000004,0.8,0.8,0.8,0.0,1.6,0.0,2.4000000000000004,0.8,1.6,0.0,1.6,1.6,-0.8,0.0,0.0,0.8,0.8,-0.8,0.0,-0.8,0.0,1.6,-0.8,-0.8,-0.8,0.8,0.8,-0.8,0.0,-1.6,1.6,-0.8,-0.8,0.8,0.0,0.8,0.0,0.8,-0.8,0.8,0.8,0.0,0.0,0.0,0.0,0.0,-0.8,1.6,0.8,-0.8,0.0,-0.8,0.0,1.6,0.8,0.0,0.0,0.8,-0.8,0.0,0.8,0.0,0.8,0.0,0.8,-0.8,0.0,1.6,0.8,0.8,0.8,1.6,-0.8,0.0,0.0,0.0,0.0,0.0,-0.8,0.0,0.8,0.8,-0.8,0.0,1.6,-1.6,0.8,0.8,0.0,-0.8,-1.6,0.8,-0.8,-0.8,0.0,-0.8,1.6,0.0,0.8,1.6,0.0,0.8,0.0,1.6,0.8,1.6,0.0,0.8,0.0,0.8,0.0,1.6,-0.8,0.8,0.0,-0.8,1.6,-1.6,1.6,1.6,1.6,1.6,-0.8,0.0,-1.6,0.8,0.8,0.0,0.0,-0.8,0.0,0.0,0.0,1.6,0.0,0.8,1.6,0.0,1.6,-0.8,0.8,0.8,-0.8,1.6,-1.6,0.8,0.8,0.0,0.0,0.8,0.0,-0.8,-0.8,0.8,-0.8,0.0,0.8,0.8,-0.8,1.6,1.6,-0.8,0.0,-0.8,-0.8,0.0,1.6,0.0,0.0,0.8,0.8,0.8,0.8,-0.8,0.8,0.8,0.8,0.0,0.8,1.6,0.0,0.8,1.6,0.8,0.0,0.0,0.8,-0.8,-0.8,0.0,-0.8,0.8,0.8,0.0,0.0,0.8,0.8,0.0,0.8,-0.8,0.0,0.0,-0.8,1.6,0.0,0.0,1.6,0.0,1.6,-1.6,0.8,0.8,0.0,0.8,-0.8,-0.8,0.0,0.0,0.8,-0.8,0.8,0.0,0.0,0.8,-0.8,0.8,1.6,-1.6,1.6,-0.8,0.0,0.0,0.8,0.8,0.8,0.0,0.0,0.8,0.8,0.0,1.6,0.0,1.6,0.0,0.0,1.6,0.8,0.0,1.6,0.0,-0.8,1.6,0.8,0.0,0.8,0.8,-0.8,0.0,0.8,0.0,0.0,0.8,0.0,-0.8,0.0,1.6,0.0,0.0,0.0,0.0,0.0,0.8,-0.8,0.0,0.0,0.8,1.6,0.0,0.8,0.8,0.0,0.0,0.0,0.8,-0.8,0.8,0.8,-2.4000000000000004,0.0,-0.8,0.0,0.8,-0.8,0.8,0.8,-0.8,0.0,0.8,0.8,-0.8,-0.8,0.8,0.0,0.8,-0.8,0.8,2.4000000000000004,0.8,0.8,0.8,0.8,0.0,-0.8,-0.8,-0.8,0.0,0.0,0.0,0.8,0.0,0.0,0.0,-0.8,0.8,-0.8,1.6,0.0,0.8,0.0,-0.8,1.6,0.0,0.0,0.0,0.0,0.8,0.8,0.8,0.0,-0.8,0.0,-0.8,-0.8,0.8,0.0,0.8,0.0,0.0,-0.8,0.0,0.8,0.0,2.4000000000000004,0.0,0.8,0.0,0.0,0.0,0.0,0.0,0.8,-0.8,-0.8,-0.8,0.8,0.8,-0.8,0.0,0.8,0.0,0.8,-0.8,0.0,0.0,0.0,-0.8,0.0,-0.8,0.8,0.0,0.8,0.8,-0.8,0.8,0.0,0.0,0.0,-0.8,0.8,0.0,0.0,0.8,-0.8,1.6,0.0,0.8,1.6,-0.8,0.8,-1.6,1.6,0.0,0.0,1.6,-0.8,0.8,0.8,0.0,0.0,0.0,1.6,-1.6,0.0,0.8,-0.8,0.8,0.8,0.0,1.6,-0.8,0.8,0.0,0.0,0.8,-0.8,0.8,-0.8,0.0,0.0,-1.6,1.6,-0.8,0.0,0.8,-1.6,0.8,0.8,0.8,0.0,0.0,0.8,-1.6,0.0,0.0,0.0,0.8,0.0,0.8,-1.6,0.0,0.8,0.0,0.8,0.0,1.6,0.8,0.0,0.8,-0.8,-0.8,-0.8,-0.8,0.8,0.0,0.8,0.0,0.0,0.8,0.0,0.8,-0.8,-0.8,0.8,-1.6,0.0,0.0,1.6,0.8,0.0,0.8,0.0,0.0,0.8,0.0,0.8,-0.8,-0.8,0.0,0.8,-0.8,0.8,0.8,0.8,0.0,0.0,0.8,0.0,0.8,-0.8,0.0,0.0,0.8,0.0,1.6,0.0,0.8,0.0,0.8,0.0,0.8,0.8,-0.8,-0.8,-0.8,-0.8,1.6,0.0,0.0,-0.8,-0.8,0.0,0.8,-0.8,0.8,0.0,0.8,-0.8,0.0,-0.8,0.8,0.8,0.0,0.0,0.8,0.0,1.6,-2.4000000000000004,1.6,0.0,-0.8,0.0,-0.8,0.8,0.0,-1.6,0.0,-0.8,0.0,0.0,0.0,0.0,-1.6,0.8,0.0,-0.8,0.8,0.8,0.0,0.8,-1.6,0.0,-0.8,0.8,0.0,-0.8,0.8,0.0,0.0,0.0,0.0,0.0,-1.6,0.8,-0.8,0.8,0.0,0.0,0.8,0.0,1.6,0.8,0.0,0.0,0.0,0.0,0.0,-0.8,0.0,0.0,0.0,-0.8,0.8,-0.8,-0.8,0.8,-0.8,0.0,-0.8,0.0,0.8,0.0,0.0,0.0,0.8,0.0,-0.8,0.0,-0.8,0.8,-1.6,0.0,0.0,0.0,0.0,0.8,0.8,-0.8,0.0,0.8,-1.6,0.0,-0.8,0.0,0.0,0.8,0.0,-1.6,0.0,0.0,0.0,0.8,-0.8,-0.8,0.8,0.0,0.8,-0.8,1.6,0.0,-1.6,0.8,0.8,1.6,-0.8,0.0,0.0,-1.6,0.8,0.0,0.0,-0.8,0.0,1.6,0.0,0.8,0.0,-0.8,0.8,-1.6,0.0,0.8,0.0,0.8,-0.8,0.8,1.6,0.0,1.6,0.0,0.0,0.8,-0.8,-0.8,-0.8,0.0,0.0,0.0,0.8,0.0,0.0,-0.8,0.0,0.8,-1.6,-0.8,0.0,0.8,0.0,-0.8,0.8,0.8,-0.8,0.0,0.0,0.0,0.8,0.0,0.8,0.8,1.6,0.0,0.0,0.8,1.6,0.8,0.8,0.0,0.0,0.0,-0.8,0.0,0.8,0.8,0.0,0.8,0.0,0.0,0.0,-0.8,0.0,-1.6,0.0,0.8,0.8,0.0,0.0,0.0,0.8,0.0,0.0,1.6,0.0,1.6,0.8,0.0,0.8,0.0,0.8,-0.8,-0.8,0.8,0.0,0.8,-0.8,0.0,0.0,0.0,0.8,-0.8,1.6,0.0,-0.8,0.8,0.0,1.6,-0.8,0.8,0.8,-0.8,0.0,0.8,0.0,0.0,-0.8,2.4000000000000004,-0.8,0.8,0.0,-1.6,0.8,0.0,-0.8,0.0,-0.8,0.8,-0.8,0.8,0.8,0.0,0.8,-1.6,0.8,-0.8,-0.8,-0.8,-0.8,0.8,0.0,0.0,0.8,0.0,0.0,0.8,0.0,0.0,-0.8,0.0,0.0,1.6,0.0,0.0,1.6,1.6,0.0,-0.8,-0.8,2.4000000000000004,-0.8,-1.6,0.8,1.6,-2.4000000000000004,0.8,2.4000000000000004,0.8,-0.8,0.8,-0.8,1.6,-0.8,0.8,0.0,1.6,0.0,0.8,0.8,-0.8,0.0,-0.8,1.6,0.8,0.8,1.6,0.0,0.8,0.0,-1.6,0.8,-0.8,0.8,0.8,0.0,0.0,-1.6,-0.8,0.0,0.0,0.0,0.0,0.8,-0.8,0.0,0.8,-1.6,0.0,0.8,-0.8,0.0,-0.8,1.6,-0.8,0.0,0.0,-0.8,1.6,0.0,0.0,-1.6,-0.8,0.8,-1.6,0.0,-0.8,-0.8,1.6,-0.8,1.6,-0.8,0.0,2.4000000000000004,-0.8,0.8,-0.8,0.8,0.8,-0.8,0.8,-0.8,1.6,0.0,-0.8,2.4000000000000004,-0.8,0.0,-0.8,0.0,0.8,0.8,0.0,0.0,0.8,2.4000000000000004,-0.8,0.8,0.0,0.0,0.8,-0.8,0.8,0.8,0.0,0.8,0.0,1.6,-0.8,0.0,0.0,-0.8,0.8,0.8,0.0,0.8,-0.8,0.0,0.0,0.0,0.0,0.0,0.8,0.0,0.0,0.0,0.0,0.8
event_79,1625266892.1214623,0.8,0.8,-0.8,0.8,0.0,0.0,-0.8,0.0,0.0,0.0,0.0,1.6,0.0,0.8,-0.8,0.0,-1.6,0.0,-0.8,-0.8,0.0,0.8,0.0,0.0,0.0,0.0,-0.8,1.6,0.0,0.0,0.8,0.8,-0.8,0.8,0.8,0.8,0.0,0.8,0.8,1.6,-0.8,0.0,0.0,-0.8,0.8,1.6,0.8,0.8,0.0,0.8,0.0,0.8,0.0,-0.8,0.8,-1.6,-1.6,0.0,0.8,0.8,-0.8,0.8,0.8,0.0,1.6,-0.8,0.0,0.8,-0.8,-0.8,0.0,0.8,0.0,0.0,0.0,0.0,0.0,0.0,1.6,0.8,-1.6,0.8,-0.8,1.6,0.8,-0.8,0.8,0.8,1.6,0.8,0.0,1.6,0.0,0.0,0.8,-0.8,2.4000000000000004,0.0,0.0,0.0,0.0,1.6,-8.0,-70.4,-128.0,-87.2,-34.4,-15.2,-7.200000000000001,-3.2,-2.4000000000000004,-8.0,-6.4,-6.4,-6.4,0.0,0.8,-2.4000000000000004,-0.8,-0.8,-0.8,-1.6,-2.4000000000000004,0.8,0.0,0.8,1.6,1.6,-2.4000000000000004,0.8,0.8,-0.8,0.0,-0.8,0.0,0.0,-1.6,0.0,0.8,0.0,0.8,-1.6,-0.8,0.8,-0.8,-0.8,-1.6,0.0,-0.8,-0.8,0.0,-0.8,0.0,0.0,-1.6,-0.8,0.8,0.0,0.8,0.0,-0.8,0.8,0.0,0.8,0.8,-0.8,0.0,0.0,-2.4000000000000004,0.0,0.0,0.0,-0.8,0.0,1.6,0.0,0.0,0.0,0.8,0.0,0.0,0.0,0.0,-1.6,-2.4000000000000004,1.6,1.6,-2.4000000000000004,3.2,2.4000000000000004,-3.2,0.0,0.8,0.8,-2.4000000000000004,1.6,1.6,-1.6,0.0,1.6,0.8,1.6,-1.6,0.8,0.8,-0.8,0.8,-0.8,0.8,0.8,-0.8,0.8,-1.6,0.0,-1.6,0.8,-0.8,-0.8,1.6,-0.8,-0.8,-0.8,-0.8,2.4000000000000004,-0.8,0.8,-0.8,-1.6,2.4000000000000004,1.6,0.0,0.0,0.0,0.8,-0.8,0.8,0.0,0.8,0.0,0.0,0.0,-0.8,0.0,0.0,0.0,0.8,-0.8,0.8,0.0,0.8,1.6,0.0,2.4000000000000004,0.0,-0.8,0.8,0.0,0.8,0.8,-0.8,0.8,0.0,1.6,0.0,0.0,0.0,-0.8,0.8,0.8,0.8,0.0,0.8,0.0,0.8,0.0,0.0,0.0,0.0,0.0,-1.6,-0.8,0.8,0.0,0.0,0.0,0.0,0.0,-0.8,0.8,0.0,0.0,-1.6,0.0,0.8,1.6,0.0,0.0,0.8,1.6,0.0,0.8,0.8,0.0,0.0,-1.6,0.0,-0.8,0.0,0.8,-0.8,0.0,0.0,-0.8,-0.8,-0.8,0.8,0.8,-0.8,0.8,0.0,0.0,0.0,0.0,0.0,0.0,0.0,-0.8,0.0,0.8,-0.8,1.6,0.0,0.0,-0.8,-1.6,0.8,-0.8,0.0,0.0,-1.6,0.0,-0.8,-0.8,0.0,-0.8,0.0,0.8,-0.8,0.8,0.8,-0.8,-0.8,-1.6,-0.8,0.0,0.8,0.0,-0.8,0.0,-0.8,0.0,0.8,0.0,-0.8,0.8,0.0,0.0,0.0,0.0,0.8,0.8,0.0,0.8,0.0,-0.8,0.8,0.8,-1.6,0.0,0.0,0.0,0.0,0.0,0.8,0.8,0.0,0.0,1.6,0.0,-0.8,0.0,0.0,0.0,0.8,0.0,0.0,0.0,0.0,-0.8,0.0,0.8,1.6,-0.8,0.0,-0.8,0.0,-0.8,-0.8,0.8,-1.6,-0.8,0.0,-0.8,1.6,-0.8,0.0,0.8,0.0,-0.8,-1.6,1.6,0.0,0.0,0.0,-0.8,-0.8,0.0,0.0,-0.8,-1.6,0.8,-0.8,0.0,-1.6,0.0,1.6,-0.8,0.8,-0.8,-1.6,0.8,0.0,0.8,-0.8,0.0,0.8,-1.6,0.0,0.8,-1.6,0.8,-0.8,0.0,0.0,1.6,1.6,-0.8,0.8,0.0,0.8,0.0,-0.8,1.6,0.0,0.8,0.0,0.8,0.0,0.0,1.6,-0.8,1.6,0.8,0.0,0.0,0.8,0.0,-0.8,-0.8,0.0,0.8,0.8,0.0,0.8,-0.8,0.8,0.8,0.0,0.0,-0.8,0.0,0.0,0.0,-0.8,-0.8,1.6,2.4000000000000004,0.0,0.8,0.0,0.8,0.0,-0.8,0.0,0.0,0.8,0.0,0.0,1.6,0.0,0.0,0.0,-0.8,0.8,0.8,-2.4000000000000004,0.8,1.6,-1.6,-0.8,2.4000000000000004,-0.8,0.0,0.8,-0.8,0.0,0.8,0.0,-0.8,0.8,0.0,-1.6,0.8,0.0,0.8,0.8,0.0,-0.8,-1.6,-0.8,0.8,0.0,-0.8,0.0,0.0,0.0,0.0,1.6,-0.8,0.0,0.0,-1.6,0.0,-0.8,0.0,0.0,0.0,1.6,-0.8,1.6,0.0,-1.6,1.6,0.0,0.8,0.0,0.0,1.6,0.0,0.0,0.0,0.0,0.8,0.8,1.6,-0.8,0.0,0.0,-0.8,0.0,0.0,0.0,0.8,0.0,0.0,0.8,0.8,1.6,-2.4000000000000004,1.6,0.0,0.8,0.8,-0.8,0.0,0.8,1.6,0.8,0.8,0.0,-0.8,0.8,0.8,0.0,0.0,1.6,-0.8,-0.8,0.0,0.0,0.8,0.0,-1.6,0.8,0.0,0.8,-0.8,0.0,0.8,0.0,0.0,0.0,1.6,-0.8,0.8,0.8,-0.8,0.0,0.0,-0.8,0.0,-0.8,1.6,0.0,-0.8,1.6,-1.6,0.0,0.0,0.8,0.8,-1.6,0.8,0.8,-0.8,1.6,-1.6,0.8,0.0,-0.8,-0.8,-0.8,1.6,-1.6,0.8,0.8,0.0,0.8,-0.8,0.8,0.0,0.8,1.6,-0.8,1.6,0.8,0.8,0.8,-1.6,0.8,0.0,0.0,0.0,0.0,-1.6,-0.8,0.0,0.0,-0.8,0.8,-0.8,0.8,0.0,0.0,0.8,0.0,1.6,0.0,0.0,1.6,0.0,0.8,1.6,1.6,1.6,-1.6,0.8,0.0,-0.8,0.0,0.0,0.8,0.0,0.0,0.8,1.6,0.8,0.0,0.0,-0.8,0.8,0.0,0.0,0.8,0.0,-1.6,0.0,0.0,0.0,0.0,0.0,-0.8,0.0,0.8,0.0,0.0,0.8,0.0,0.0,0.0,0.0,0.0,0.0,-0.8,1.6,-0.8,-1.6,0.0,0.0,0.0,-0.8,0.8,0.8,-0.8,0.8,0.8,-0.8,0.0,-0.8,0.0,-1.6,0.8,0.0,-0.8,0.8,0.8,-0.8,1.6,-0.8,0.0,0.8,-0.8,0.0,0.0,0.8,0.0,-0.8,0.8,-1.6,0.0,-0.8,0.0,0.0,-1.6,-0.8,0.0,-1.6,0.8,-0.8,0.0,2.4000000000000004,0.8,0.8,0.8,0.0,-0.8,-0.8,0.8,0.8,1.6,-0.8,1.6,0.8,0.8,0.0,0.0,0.8,0.8,-0.8,0.8,-0.8,0.8,-0.8,0.0,1.6,0.0,0.8,0.0,-0.8,0.0,-0.8,0.8,-0.8,0.8,0.0,0.0,0.0,-0.8,-0.8,0.8,-0.8,-0.8,0.8,0.8,-0.8,1.6,1.6,0.8,0.0,0.0,-0.8,0.8,-0.8,0.0,0.0,-0.8,0.0,0.8,0.8,0.0,0.0,0.0,0.0,0.0,0.0,-0.8,0.0,-0.8,-1.6,1.6,0.8,0.8,-0.8,0.0,1.6,0.0,1.6,-0.8,0.0,2.4000000000000004,0.0,-0.8,0.0,-0.8,0.8,0.8,0.8,0.8,0.8,0.0,0.0,1.6,-0.8,0.0,0.8,-0.8,0.8,0.8,0.0,0.8,-0.8,0.0,0.0,0.0,0.8,-0.8,0.0,0.0,0.8,0.0,-1.6,1.6,0.0,0.0,1.6,0.0,1.6,0.0,0.0,-0.8,-0.8,0.0,0.8,0.8,0.0,0.0,0.8,0.0,0.0,0.0,0.8,0.0,0.0,0.0,0.0,-0.8,-0.8,1.6,0.8,-4.0,2.4000000000000004,4.0,-1.6,0.8,1.6,0.8,-0.8,0.0,0.0,0.8,0.0,-0.8,1.6,0.0,-0.8,0.0,0.0,1.6,-0.8,-0.8,0.0,0.0,0.0,-0.8,0.8,1.6,-0.8,-0.8,0.8,0.8,0.0,0.0,0.0,0.8,0.0,0.8,-0.8,0.0,0.0,0.0,-0.8,0.0,0.8,0.8,0.0,0.8,1.6,0.0,0.0,0.8,0.8,0.0,0.0,0.0,-0.8,-0.8,0.0,-0.8,1.6,0.0,-0.8,1.6,-0.8,0.0,0.0,0.0,0.8,0.0,0.0,0.0,-0.8,2.4000000000000004,-0.8,0.8,0.0,-1.6,0.0,0.0,0.0,0.0,-1.6,0.8,0.0,0.8,-1.6,0.0,0.8,-0.8,0.8,0.8,0.0,0.0,-0.8,0.0,0.0,0.8,0.0,-0.8,1.6,-1.6,2.4000000000000004,0.8,-0.8,0.8,0.8,0.0,-0.8,0.0,0.8,0.0,0.0,0.8,0.0,0.0,-0.8,-0.8,0.0,-1.6,0.8,-0.8,0.8,0.8,0.8,0.8,0.0,-0.8,0.0,0.8,1.6,0.8,-1.6,0.8,0.0,0.8,0.0,-0.8,-1.6,0.8,-0.8,0.0,0.8,0.0,0.8,0.0,0.0,0.0,0.0,0.8,0.0,0.0,-0.8,-0.8,0.0,0.0,0.8,0.0,0.8,0.8,0.0,0.8,-0.8,0.8,0.8,-0.8,0.8,-0.8,1.6,0.0,0.0,0.8,0.0,0.8,0.8,0.0,0.8,0.8,0.8,-0.8,0.8,0.0,0.0,0.0,-0.8,0.8,0.0,0.0,0.8,-0.8,1.6,0.0,0.8,1.6,-2.4000000000000004,0.0,0.0,0.0,0.0,-0.8,0.0,0.0,0.8,-1.6,0.0,0.8,-0.8,0.0,-0.8,0.8,0.8,-1.6,0.8,-0.8,-0.8,0.0,0.0,0.0,0.0,0.0,0.0,-0.8,0.8,0.8,0.0,0.8,-0.8,0.0,0.0,0.0,0.8,-0.8,0.8,0.0,0.8,0.8,0.8,0.8,0.0,-0.8,0.0,0.8,0.0,0.0,0.0,0.0,0.8,0.8,-0.8,-0.8,0.0,0.0,0.8,0.0,0.0,0.0,-1.6,-0.8,0.8,0.8,0.0,0.0,0.8,0.0,0.0,0.8,0.0,1.6,0.8,0.8,1.6,0.8,0.0,0.0,0.0,0.0,0.0,0.0,0.8,0.0,0.0,0.8,0.8,0.0,-0.8,0.8,-0.8,0.0,0.0,0.0,0.8,-0.8,-0.8,0.8,-0.8,0.8,0.0,0.8,0.0,-0.8,0.8,0.0,0.0,0.0,0.0,0.0,-1.6,0.0,0.8,0.0,-0.8,-0.8,0.8,-1.6,0.0,0.0,-0.8,0.8,0.0,0.0,0.0,0.0,0.0,-0.8,1.6,0.0,-0.8,1.6,0.0,0.8,0.0,0.0,1.6,0.8,0.8,0.8,-0.8,0.0,0.0,0.0,0.0,0.0,0.0,0.8,0.0,0.8,0.0,0.0,0.8,0.8,0.0,-0.8,0.0,0.0,0.8,-0.8,-0.8,0.8,-0.8,0.8,0.0,0.0,0.0,0.0,1.6,1.6,1.6,0.0,-0.8,0.0,0.0,0.0,0.8,0.0,0.8,0.8,-0.8,0.8,0.0,0.0,0.8,0.0,0.8,-0.8,-0.8,0.0,0.0,0.0,0.0,0.0,0.8,-0.8,0.8,0.8,0.0,1.6,0.0,1.6,0.8,0.8,0.8,-0.8,0.0,0.0,0.8,-0.8,0.0,1.6,-0.8,-0.8,0.8,-0.8,0.8,-0.8,0.8,-1.6,-0.8,1.6,-0.8,0.0,0.8,0.0,-0.8,0.8,0.0,-2.4000000000000004,0.0,1.6,0.0,0.8,-0.8,0.8,0.8,0.0,-0.8,0.0,1.6,0.0,-0.8,0.0,0.0,0.8,0.0,-0.8,1.6,0.0,-0.8,0.0,0.0,-0.8,0.0,0.0,0.0,-0.8,0.0,0.0,0.8,0.0,0.8,0.8,0.0,0.8,0.0,0.8,0.0,1.6,0.0,1.6,0.8,1.6,0.8,0.8,-0.8,0.8,0.0,0.0,-0.8,0.0,0.0,1.6,0.0,0.0,0.0,0.8,0.0,0.8,0.0,0.0,-0.8,0.8,0.0,-0.8,0.0,0.0,0.8,0.8,0.0,0.8,0.8,0.8,-0.8,0.8,0.8,-1.6,0.8,0.0,0.0,1.6,-0.8,0.0,-0.8,-2.4000000000000004,0.0,-0.8,1.6,0.0,-0.8,1.6,0.0,1.6,0.0,-0.8,1.6,-2.4000000000000004,0.8,0.0,0.0,0.8,-0.8,0.0,0.0,0.8,1.6,-0.8,0.0,0.0,0.8,0.0,-0.8,1.6,-0.8,0.8,0.0,0.8,0.0,-1.6,0.8,0.0,-0.8,0.0,-1.6,0.8,0.8,-0.8,0.8,0.0,0.8,-0.8,0.8,0.8,-1.6,-0.8,0.0,0.0,1.6,0.0,0.8,0.8,1.6,0.0,0.8,0.8,0.0,0.0,-1.6,0.0,0.0,0.0,0.8,-0.8,0.8,0.0,0.0,0.0,-0.8,0.0,1.6,0.0,0.0,-0.8,0.8,0.8,0.0,0.8,0.0,1.6,0.0,1.6,0.8,0.0,0.8,-0.8,0.8,0.0,0.0,0.8,0.0,-0.8,0.0,0.0,-0.8,0.8,1.6,0.0,1.6,0.8,0.0,0.0,0.8,0.8,0.0,0.8,0.0,-1.6,0.8,0.8,0.0,1.6,0.0,1.6,0.0,0.8,1.6,-1.6,0.0,0.8,-0.8,0.8,0.0,0.8,-0.8,0.8,0.8,0.0,1.6,-0.8,0.0,-0.8,0.0,0.8,-0.8,1.6,0.8,0.0,1.6,0.0,0.0,0.0,0.0,0.8,-1.6,1.6,0.8,0.8,0.8,0.0,1.6,0.0,-0.8,1.6,0.0,1.6,-0.8,-0.8,0.8,0.0,0.8,0.8,0.0,1.6,-0.8,0.8,0.0,0.8,-0.8,0.0,0.0,1.6,-0.8,-0.8,-0.8,0.8,0.0,0.8,0.0,0.0,1.6,0.8,-0.8,0.8,0.8,0.0,-0.8,0.0,0.8,0.8,0.8,0.0,0.0,-0.8,0.0,0.8,0.0,0.0,0.8,0.0,-0.8,0.8,0.0,-0.8,0.8,-1.6,-0.8,0.0,1.6,0.8,0.0,0.8,0.0,1.6,0.8,-1.6,0.8,0.8,0.8,-1.6,0.8,0.8,0.0,0.0,0.0,2.4000000000000004,0.8,0.0,0.8,-0.8,-0.8,0.0,-1.6,0.8,-1.6,0.8,0.0,0.8,0.0,0.0,0.8,0.0,0.8,0.0,0.0,0.8,0.8,0.0,0.8,0.8,1.6,-0.8,1.6,0.8,0.8,1.6,-1.6,0.8,0.0,0.8,2.4000000000000004,0.0,0.0,0.0,0.0,0.8,0.0,0.0,0.8,-0.8,1.6,-0.8,-0.8,-0.8,0.8,0.8,0.0,0.0,-0.8,1.6,0.0,0.8,0.8,0.8,0.0,-0.8,-1.6,0.8,0.8,-0.8,0.8,0.0,-0.8,0.0,0.8,0.0,-1.6,1.6,0.8,-2.4000000000000004,1.6,3.2,-1.6,0.8,0.8,-1.6,-0.8,1.6,0.0,0.8,0.8,0.8,0.8,0.8,-0.8,-0.8,0.8,0.8,-0.8,-1.6,0.8,0.0,-0.8,0.8,1.6,0.8,0.0,0.8,1.6,-0.8,0.0,-0.8,0.8,0.0,0.8,0.8,0.8,0.8,0.8,0.0,0.8,0.0,0.8,-0.8,0.0,1.6,-0.8,1.6,0.8,0.8,0.8,0.0,0.8,-0.8,0.0,0.8,0.0,0.0,0.0,0.8,0.8,0.0,0.0,0.0,0.0,1.6,-0.8,0.8,-0.8,0.8,0.8,-0.8,0.8,0.0,1.6,0.8,0.0,-0.8,0.8,1.6,0.0,0.0,1.6,0.8,-0.8,-0.8,0.8,0.8,-0.8,2.4000000000000004,-0.8,0.0,0.8,0.8,0.8,-0.8,0.8,1.6,1.6,1.6,0.0,0.0,0.0,-1.6,-1.6,0.0,0.8,0.8,0.8,0.8,0.0,0.8,0.8,0.8,-0.8,1.6,1.6,0.0,0.8,0.0,0.8,0.8,0.8,1.6,0.8,0.8,-0.8,0.8,0.0,0.0,0.8,-0.8,1.6,0.8,0.8,2.4000000000000004,0.0,0.8,0.0,0.8,2.4000000000000004,-1.6,0.8,0.8,2.4000000000000004,0.8,0.0,1.6,0.8,0.0,1.6,-0.8,1.6,-0.8,0.0,0.8,0.8,0.0,0.0,0.8,0.0,-1.6,1.6,-1.6,1.6,-0.8,1.6,1.6,-0.8,0.0,-0.8,0.0,1.6,-0.8,1.6,0.0,-0.8,1.6,0.0,0.8,0.0,0.0,0.8,-0.8,0.8,0.8,0.8,0.0,0.0,0.0,-0.8,0.8,0.8,0.0,0.8,0.8,0.8,0.0,1.6,1.6,0.0,1.6,0.0,-0.8,0.8,1.6,0.8,0.0,0.0,1.6,0.0,1.6,0.0,-1.6,0.0,0.0,0.0,0.0,0.8,0.8,0.0,0.0,0.0,0.0,0.0,0.0,0.8,0.0,-0.8,-0.8,0.8,0.0,0.8,0.8,1.6,0.0,-0.8,0.8,0.8,0.0,0.0,0.0,0.0,0.8,0.0,0.8,0.8,0.8,0.8,0.8,0.8,0.8,0.0,0.0,-0.8,1.6,0.0,0.0,0.8,0.0,-0.8,-0.8,0.8,0.8,0.0,0.8,-0.8,1.6,0.0,0.0,0.8,0.8,0.8,0.8,0.8,-0.8,1.6,1.6,-0.8,0.8,-0.8,-0.8,0.8,-0.8,2.4000000000000004,-0.8,-0.8,0.8,-0.8,-0.8,0.8,0.8,0.0,0.0,2.4000000000000004,0.8,0.0,0.8,0.0,0.8,-0.8,0.0,0.0,-0.8,1.6,0.8,0.0,0.8,1.6,1.6,0.0,0.0,-0.8,0.8,0.8,-0.8,0.8,0.0,0.8,0.0,0.8,0.8,0.0,0.0,0.0,0.8,0.8,0.8,-0.8,-0.8,1.6,-0.8,-0.8,1.6,0.8,0.8,0.0,0.0,0.8,-0.8,0.0,0.8,1.6,0.8,2.4000000000000004,2.4000000000000004,2.4000000000000004,0.0,0.8,0.8,-0.8,0.0,0.0,0.0,0.8,-0.8,0.0,2.4000000000000004,0.0,0.0,0.0,-0.8,0.8,-0.8,1.6,0.8,0.8,0.0,-0.8,-0.8,0.0,-0.8,0.0,0.0,0.0,0.8,0.8,0.8,0.8,0.0,0.8,0.0,-0.8,0.0,0.8,-0.8,1.6,0.8,-0.8,0.0,0.0,0.8,-0.8,0.0,2.4000000000000004,0.0,1.6,1.6,0.0,0.8,-1.6,-0.8,0.0,0.8,1.6,0.8,0.8,0.0,1.6,1.6,-0.8,0.8,-0.8,-0.8,0.0,0.0,0.8,1.6,-0.8,0.0,1.6,0.8,0.0,0.8,0.8,-0.8,-0.8,-0.8,0.8,0.8,-0.8,-0.8,0.8,0.8,0.8,0.8,0.0,0.0,-0.8,0.0,0.8,1.6,-1.6,0.8,0.8,0.8,0.8,0.0,0.0,1.6,0.0,0.0,0.0,0.0,0.8,0.8,0.8,0.8,-0.8,0.8,-0.8,0.0,0.0,0.0,0.8,0.8,0.0,0.0,0.8,0.8,-0.8,0.0,0.0,-0.8,1.6,0.8,0.8,0.8,0.8,0.8,-0.8,0.0,0.0,0.0,0.0,-0.8,0.8,-1.6,0.8,0.8,-0.8,-0.8,0.0,0.0,0.0,0.8,0.8,-0.8,0.0,1.6,-2.4000000000000004,0.0,0.8,0.0,0.8,-1.6,0.8,-1.6,0.0,0.0,-0.8,2.4000000000000004,-1.6,-0.8,0.0,0.0,1.6,-0.8,0.8,0.8,0.0,0.0,0.0,1.6,0.0,0.8,1.6,-1.6,0.8,0.0,0.8,1.6,0.0,0.8,0.0,0.0,0.8,0.0,1.6,0.0,0.0,0.0,0.8,0.8,0.8,-0.8,1.6,1.6,0.8,0.0,-0.8,0.0,0.8,0.0,0.8,0.0,0.8,0.8,0.0,0.0,0.8,0.0,0.8,-0.8,1.6,-0.8,-0.8,0.0,0.8,0.0,-1.6,0.8,0.0,0.8,0.8,0.0,0.0,0.0,0.0,0.8,0.0,0.8,0.8,-0.8,0.0,-1.6,-0.8,0.0,0.0,0.8,-0.8,1.6,0.0,0.0,1.6,0.8,0.8,-0.8,0.0,-0.8,0.8,3.2,-0.8,0.8,0.0,1.6,1.6,-0.8,0.8,-0.8,0.8,1.6,-0.8,0.8,-0.8,0.8,1.6,-0.8,0.8,-0.8,0.8,0.8,0.0,0.8,-1.6,0.8,0.8,0.0,0.8,0.0,0.8,1.6,-0.8,0.0,0.0,0.8,0.0,0.8,0.0,1.6,0.0,0.8,0.8,1.6,-0.8,1.6,-0.8,0.0,0.0,-0.8,1.6,-0.8,-0.8,0.8,0.8,1.6,0.0,0.0,0.8,0.0,0.0,0.0,0.0,0.8,-0.8,-0.8,0.0,0.0,0.0,0.8,0.0,0.0,0.8,0.0,0.0,0.0,0.0,0.8,-0.8,-1.6,0.8,0.8,0.8,0.8,0.8,-0.8,0.0,0.8,0.0,0.0,-0.8,0.8,0.0,0.0,0.0,-0.8,0.8,0.0,-0.8,0.0,1.6,0.8,-0.8,0.0,1.6,-0.8,0.8,0.0,0.0,0.8,0.0,0.0,0.0,1.6,0.0,0.0,0.8,-0.8,0.8,0.0,0.8,1.6,-1.6,0.0,-0.8,0.8,1.6,0.0,1.6,0.0,0.8,0.8,0.0,0.0,1.6,0.0,-0.8,0.8,2.4000000000000004,-1.6,0.8,0.8,0.8,0.8,0.8,0.0,1.6,0.0,-0.8,-0.8,0.0,-0.8,1.6,0.8,0.8,1.6,0.0,0.0,0.8,-0.8,1.6,-0.8,0.0,1.6,0.0,0.8
event_80,1625266894.270585,0.8,0.8,-0.8,0.0,0.8,0.0,-0.8,-0.8,0.8,0.8,0.0,0.8,-0.8,0.0,0.8,0.8,0.0,-0.8,1.6,1.6,-0.8,1.6,0.8,0.0,0.8,-0.8,0.0,-0.8,2.4000000000000004,1.6,0.0,0.8,0.8,0.8,0.8,0.0,0.0,-0.8,0.8,0.0,2.4000000000000004,1.6,0.8,0.0,0.8,2.4000000000000004,0.8,-0.8,0.8,0.0,1.6,0.0,-0.8,0.0,0.0,0.0,0.8,1.6,1.6,0.8,1.6,0.8,0.0,0.0,0.0,0.0,2.4000000000000004,0.8,1.6,0.8,0.8,0.0,0.0,0.8,1.6,0.0,0.8,-0.8,1.6,0.0,0.8,1.6,0.0,-0.8,0.8,0.0,1.6,0.0,0.8,0.0,1.6,0.8,-0.8,0.8,0.8,0.8,0.0,-0.8,-0.8,2.4000000000000004,2.4000000000000004,0.8,-9.600000000000001,-40.0,-49.60000000000001,-28.800000000000004,-9.600000000000001,-4.0,-2.4000000000000004,-2.4000000000000004,-0.8,-3.2,-3.2,-1.6,-1.6,0.8,0.0,-0.8,1.6,0.8,1.6,0.0,0.8,2.4000000000000004,-0.8,-0.8,1.6,0.8,0.8,0.8,1.6,1.6,0.0,0.8,-0.8,0.0,0.0,0.8,1.6,0.8,0.8,0.0,1.6,0.8,0.0,0.8,1.6,1.6,1.6,-0.8,0.8,0.8,0.8,0.8,-0.8,1.6,1.6,0.8,0.8,0.8,0.8,0.0,0.0,-0.8,0.0,2.4000000000000004,0.0,0.8,1.6,0.8,1.6,0.8,0.8,0.8,0.0,-0.8,-0.8,0.8,0.0,2.4000000000000004,1.6,0.8,-0.8,0.8,-0.8,0.0,0.8,0.8,0.8,0.0,-0.8,0.0,0.0,1.6,0.0,0.8,0.8,0.0,0.8,1.6,0.8,-0.8,-0.8,0.8,0.0,-0.8,0.8,0.0,0.0,0.0,0.0,0.0,-0.8,0.8,0.0,0.0,0.8,0.0,0.8,0.0,0.8,0.0,0.0,0.0,-2.4000000000000004,0.0,0.8,0.0,0.8,-0.8,1.6,-0.8,0.0,-0.8,-0.8,1.6,-0.8,-0.8,0.0,-0.8,1.6,-1.6,0.0,0.8,0.0,0.0,-0.8,1.6,0.0,0.0,1.6,-0.8,0.0,0.0,-0.8,1.6,0.0,0.8,0.8,0.8,0.8,-0.8,1.6,0.0,1.6,0.8,-0.8,1.6,0.8,-0.8,1.6,0.0,1.6,-0.8,0.0,0.0,0.0,0.0,0.8,0.8,0.8,0.0,0.0,0.8,0.8,-1.6,1.6,0.8,0.8,0.0,0.8,0.0,0.0,0.0,-0.8,0.8,0.8,0.8,0.0,-0.8,0.0,0.8,0.0,-0.8,0.8,0.8,0.0,0.0,0.8,-0.8,-0.8,0.8,-0.8,0.8,-0.8,0.0,0.8,-0.8,0.0,0.8,0.0,0.0,-0.8,0.0,0.8,2.4000000000000004,0.0,-0.8,0.8,0.0,1.6,0.8,0.0,0.8,-0.8,0.8,-0.8,0.0,-0.8,0.0,0.8,-0.8,0.8,0.8,-0.8,0.8,-0.8,0.0,0.0,0.0,0.8,-0.8,0.0,-0.8,0.0,1.6,-0.8,0.0,0.0,0.0,0.0,0.0,0.8,0.0,-0.8,0.0,-0.8,0.8,-1.6,0.0,0.8,0.0,-0.8,-0.8,0.0,-1.6,-0.8,1.6,0.0,0.8,-0.8,0.0,0.8,0.0,-0.8,0.0,0.0,0.0,-0.8,0.8,0.0,0.0,0.0,-0.8,0.0,0.0,0.8,0.8,0.0,0.0,0.0,0.0,-0.8,-0.8,1.6,0.8,0.8,-0.8,0.0,0.0,0.8,0.0,-0.8,-0.8,0.0,0.0,0.0,0.0,0.8,0.0,0.8,-0.8,-1.6,0.8,0.8,0.0,0.8,0.0,1.6,0.0,0.8,0.0,0.0,1.6,0.8,0.0,1.6,0.8,0.8,0.0,0.8,0.0,0.8,0.0,-0.8,1.6,-0.8,0.8,-0.8,0.0,0.0,-0.8,0.8,0.0,0.8,0.8,0.8,0.8,1.6,0.0,0.0,-0.8,2.4000000000000004,-0.8,0.0,0.8,0.8,1.6,1.6,0.0,0.0,-1.6,-0.8,-1.6,0.0,-0.8,1.6,0.8,0.0,0.8,0.0,0.8,1.6,-1.6,0.0,-0.8,0.8,1.6,-0.8,0.0,0.0,-0.8,-0.8,0.8,-0.8,0.8,0.0,0.8,0.0,0.8,0.0,0.0,0.8,0.0,1.6,-0.8,0.0,0.8,-0.8,0.0,0.8,0.0,0.8,0.0,0.8,0.0,0.0,0.0,0.0,1.6,-0.8,-0.8,-0.8,0.8,-0.8,0.0,0.8,0.0,-0.8,0.8,-0.8,0.0,0.0,-0.8,0.0,0.0,0.0,0.0,-1.6,0.0,-0.8,0.8,0.8,0.0,1.6,-0.8,0.0,0.8,0.0,-0.8,0.0,0.0,0.8,0.0,-0.8,0.0,-0.8,1.6,-0.8,1.6,-0.8,1.6,0.0,-0.8,1.6,0.8,-0.8,1.6,0.0,2.4000000000000004,-1.6,-1.6,0.8,0.0,-0.8,0.0,-0.8,0.0,-1.6,0.8,0.0,1.6,0.0,0.8,0.0,0.0,-0.8,-0.8,0.0,-0.8,-1.6,0.8,-0.8,-0.8,1.6,-0.8,0.8,0.0,-0.8,0.0,-0.8,-0.8,0.0,0.8,-0.8,0.8,1.6,-1.6,0.0,0.8,-0.8,1.6,0.0,0.8,0.8,0.8,-0.8,0.0,1.6,-1.6,-1.6,1.6,1.6,0.0,0.0,0.0,0.8,0.8,0.0,0.0,0.0,0.0,-0.8,-0.8,0.0,0.8,0.8,0.8,0.8,0.8,0.0,-0.8,0.8,0.0,0.0,0.0,-0.8,0.0,0.0,0.0,0.0,0.8,0.8,0.0,0.8,0.0,0.8,0.0,-1.6,0.8,0.8,0.8,-0.8,0.0,0.8,0.8,1.6,0.0,0.8,0.8,-1.6,0.0,0.0,-0.8,2.4000000000000004,-0.8,1.6,0.0,0.0,0.8,0.0,0.8,0.0,0.0,0.8,-1.6,0.8,-0.8,0.0,1.6,0.0,0.0,0.8,1.6,0.0,-1.6,0.8,0.0,0.8,0.0,0.0,1.6,-0.8,-0.8,0.8,-1.6,0.0,-0.8,0.8,0.0,0.0,0.8,-0.8,0.8,0.8,0.8,1.6,0.8,0.0,-0.8,-0.8,1.6,-0.8,0.8,0.8,0.8,0.8,0.8,0.0,-0.8,1.6,0.0,-0.8,0.0,0.8,0.0,0.0,0.0,1.6,0.8,0.0,0.0,0.0,0.0,0.0,0.0,0.8,0.0,0.0,0.0,0.8,0.0,0.0,0.8,0.0,0.0,-2.4000000000000004,0.8,0.8,1.6,0.0,0.8,0.8,0.8,0.8,0.8,0.0,0.0,-1.6,0.8,0.0,0.0,0.0,0.0,1.6,0.0,0.0,1.6,-1.6,0.8,-1.6,1.6,0.0,0.8,0.8,-0.8,0.0,-1.6,-1.6,1.6,-1.6,0.0,0.0,0.8,0.0,-0.8,0.8,-0.8,-0.8,0.0,0.8,1.6,-0.8,0.8,0.0,-1.6,1.6,0.8,1.6,-0.8,-1.6,1.6,-1.6,0.8,0.0,-0.8,1.6,-1.6,0.0,-0.8,0.8,0.8,-1.6,1.6,0.0,0.0,2.4000000000000004,-0.8,0.8,0.8,0.0,0.8,0.8,0.8,0.0,0.0,0.8,0.8,0.8,-0.8,0.8,1.6,-0.8,0.8,-0.8,0.8,0.0,0.8,0.0,0.8,0.8,0.0,0.0,0.0,0.0,0.0,0.0,0.0,1.6,0.8,0.0,-0.8,0.0,0.8,0.8,0.0,0.8,0.0,-0.8,0.0,0.0,-0.8,0.8,0.0,0.8,-0.8,0.8,-0.8,0.8,-0.8,0.0,0.8,0.0,0.8,0.0,-0.8,1.6,0.0,0.0,0.0,-1.6,2.4000000000000004,-0.8,0.0,0.0,0.0,0.8,0.0,1.6,-0.8,0.0,0.8,0.0,0.0,-0.8,0.0,0.0,-0.8,-0.8,0.0,0.8,0.0,0.0,1.6,0.0,0.8,0.0,-1.6,0.0,0.8,0.8,0.8,0.0,1.6,0.0,1.6,0.0,-0.8,0.8,-0.8,-0.8,0.0,0.0,0.8,-0.8,0.0,0.0,0.0,0.0,0.0,0.8,-0.8,-1.6,0.8,0.0,0.0,-0.8,0.0,1.6,0.0,0.8,0.8,0.0,0.0,-0.8,0.0,0.0,0.8,-0.8,0.0,0.8,0.8,0.0,1.6,0.0,0.8,0.0,-0.8,0.8,0.8,0.0,1.6,0.0,0.8,-0.8,0.0,0.0,0.8,-0.8,1.6,0.8,0.8,-1.6,0.0,0.0,0.8,-0.8,0.0,0.0,0.0,1.6,0.8,0.0,0.0,0.0,0.8,-0.8,-0.8,1.6,0.0,-0.8,0.8,-0.8,0.8,0.0,0.0,0.0,0.0,0.8,-0.8,0.8,0.8,0.0,0.8,0.0,-0.8,0.0,0.0,1.6,0.0,1.6,-0.8,0.0,0.8,0.0,0.8,-0.8,0.0,0.8,-0.8,0.8,-0.8,0.8,0.0,-0.8,1.6,-0.8,0.8,0.0,0.0,0.8,-0.8,-0.8,-0.8,-0.8,1.6,0.0,0.8,0.0,0.0,1.6,0.0,-0.8,0.0,0.0,1.6,0.8,0.0,0.0,0.8,0.8,-0.8,0.8,0.0,0.8,0.0,-0.8,0.0,-0.8,0.8,0.0,0.0,0.0,0.0,0.8,-2.4000000000000004,0.8,0.8,0.8,0.0,0.8,0.0,-1.6,0.0,1.6,0.8,0.8,-0.8,0.0,0.0,0.0,0.8,0.0,0.8,0.8,-0.8,-0.8,0.8,0.8,-0.8,1.6,-0.8,-1.6,1.6,-1.6,0.0,0.0,-0.8,0.8,0.0,0.8,0.0,0.8,1.6,-1.6,1.6,-0.8,0.0,1.6,-0.8,0.8,0.8,0.0,1.6,0.0,-0.8,0.8,-1.6,-0.8,-1.6,0.8,0.0,0.8,0.8,0.0,0.8,0.0,0.0,0.0,-0.8,0.0,-1.6,0.0,-0.8,-1.6,0.8,0.0,0.8,-0.8,0.8,0.8,-1.6,0.0,-0.8,0.0,1.6,0.0,0.8,0.0,1.6,-0.8,-0.8,0.8,0.8,-0.8,0.0,-0.8,0.8,-1.6,1.6,0.0,0.0,0.0,-0.8,0.0,0.8,-1.6,-0.8,0.0,0.8,-0.8,0.0,0.8,-0.8,1.6,0.8,0.0,-1.6,0.0,0.8,-0.8,-0.8,-0.8,-0.8,0.0,-0.8,0.8,0.0,0.0,1.6,0.0,0.0,0.0,0.0,-0.8,0.0,0.8,0.8,0.0,0.0,0.0,0.0,0.0,-0.8,-0.8,0.0,0.8,0.8,0.0,-0.8,0.8,0.0,1.6,-0.8,0.0,0.8,-0.8,0.0,0.8,-0.8,0.0,-0.8,0.0,0.8,-0.8,0.8,-0.8,0.8,-0.8,-0.8,0.8,0.0,0.0,-0.8,0.0,1.6,-0.8,0.8,0.8,-0.8,0.0,-0.8,1.6,0.0,1.6,0.8,0.0,2.4000000000000004,0.8,0.0,0.8,-0.8,1.6,-1.6,-0.8,-1.6,-0.8,1.6,0.0,0.8,0.0,-0.8,0.8,-0.8,0.8,0.0,0.0,0.0,0.8,0.8,-0.8,0.8,1.6,0.0,1.6,-0.8,-0.8,0.8,0.8,0.0,0.0,0.0,0.0,0.0,0.8,0.8,0.8,0.8,0.8,-0.8,0.0,0.0,0.8,0.0,-0.8,0.0,0.0,0.0,0.0,0.0,0.0,0.8,-0.8,-0.8,0.0,0.8,0.8,0.0,0.0,0.8,0.0,0.8,0.0,-1.6,0.0,0.8,0.0,0.0,0.8,1.6,0.8,-0.8,1.6,0.0,0.0,0.0,-0.8,1.6,0.0,-0.8,-1.6,2.4000000000000004,0.8,-2.4000000000000004,2.4000000000000004,1.6,-0.8,0.8,1.6,1.6,-1.6,0.8,2.4000000000000004,1.6,-0.8,0.0,0.8,1.6,0.0,0.8,0.8,-0.8,0.0,0.0,0.8,0.0,0.0,0.8,0.0,0.0,-0.8,0.0,0.8,0.0,0.0,0.8,0.0,1.6,-0.8,0.0,-0.8,0.0,-0.8,0.0,1.6,-0.8,0.0,0.8,-0.8,0.0,-0.8,0.0,0.0,-0.8,1.6,0.8,0.0,1.6,-0.8,0.0,0.8,0.0,-0.8,-0.8,0.8,0.8,0.0,0.8,-0.8,-0.8,0.8,0.0,-1.6,0.8,1.6,0.0,0.8,-1.6,0.8,0.0,0.0,0.0,-0.8,0.8,0.0,0.0,0.0,0.8,0.0,0.8,0.8,0.0,0.0,0.0,0.0,0.0,-1.6,0.0,-1.6,0.0,0.0,-0.8,0.8,0.0,0.8,0.0,0.0,0.8,0.0,0.0,0.0,0.0,2.4000000000000004,0.0,1.6,0.0,0.8,-0.8,-0.8,1.6,0.0,-0.8,-0.8,-0.8,1.6,0.8,2.4000000000000004,0.8,0.0,0.8,-0.8,0.0,0.8,0.0,2.4000000000000004,-0.8,2.4000000000000004,-0.8,0.0,2.4000000000000004,-0.8,0.8,0.0,0.8,0.8,0.0,1.6,-1.6,0.0,0.8,0.0,0.8,0.0,1.6,0.8,-1.6,1.6,0.0,-0.8,-0.8,-0.8,0.0,-0.8,0.0,0.0,-0.8,1.6,0.8,0.0,0.0,-0.8,0.0,-0.8,1.6,0.0,-0.8,0.0,0.8,0.0,0.8,0.0,-0.8,0.8,0.0,-0.8,0.8,0.8,0.0,0.8,0.8,0.8,0.0,0.0,0.0,0.0,-0.8,-0.8,0.0,-0.8,0.0,-0.8,0.0,0.8,0.0,0.0,0.0,0.0,0.8,-1.6,1.6,0.0,0.8,0.8,0.0,0.8,0.8,0.8,1.6,0.0,0.8,0.0,-0.8,0.0,0.0,0.0,0.8,0.8,0.8,0.0,0.8,0.0,0.0,-0.8,0.8,0.8,0.0,0.0,0.8,0.8,1.6,-0.8,1.6,-0.8,-0.8,1.6,0.8,0.8,0.0,0.8,0.8,-1.6,-0.8,0.0,0.8,0.0,0.8,0.8,-1.6,0.8,0.8,-0.8,1.6,0.0,1.6,0.8,0.0,1.6,-1.6,1.6,0.0,-2.4000000000000004,1.6,0.0,0.8,0.0,0.0,1.6,-0.8,1.6,-0.8,0.8,0.8,0.0,0.8,0.0,1.6,0.8,0.8,2.4000000000000004,0.0,1.6,1.6,0.8,1.6,-0.8,0.0,-0.8,0.0,0.0,-0.8,1.6,0.0,0.8,0.0,0.8,0.8,-0.8,0.0,0.8,0.8,1.6,0.8,0.8,0.8,2.4000000000000004,0.0,0.8,1.6,0.0,0.0,-1.6,-0.8,0.8,0.0,0.8,0.0,1.6,0.0,-1.6,2.4000000000000004,0.0,-1.6,1.6,-0.8,0.8,0.8,0.8,-0.8,0.8,0.0,-0.8,0.8,0.8,0.0,1.6,0.8,0.8,0.8,1.6,0.0,0.8,1.6,0.0,0.8,0.8,-1.6,-0.8,0.8,1.6,0.0,-0.8,0.0,0.8,0.0,0.0,-0.8,1.6,0.8,0.8,-3.2,0.0,0.8,0.0,0.8,-0.8,0.8,1.6,0.8,0.0,-0.8,1.6,0.8,-1.6,0.8,0.0,0.8,0.0,0.0,1.6,-0.8,0.8,0.0,0.0,0.0,-0.8,0.8,0.8,0.0,0.8,-0.8,0.8,-0.8,0.8,1.6,-1.6,0.8,-0.8,0.8,0.8,0.8,1.6,1.6,0.0,1.6,0.8,0.8,0.0,0.0,0.0,-0.8,-0.8,0.0,0.0,0.8,0.0,0.8,0.8,0.8,0.0,0.0,0.8,0.0,-0.8,0.0,-0.8,0.0,0.0,0.8,0.8,0.0,0.0,0.0,1.6,0.0,-0.8,0.8,0.0,-1.6,0.0,-0.8,0.8,0.0,0.0,0.0,-1.6,0.0,0.8,0.0,0.0,-0.8,0.0,0.8,0.0,0.0,0.0,0.0,0.0,-0.8,0.0,-1.6,0.0,0.0,-0.8,0.8,0.0,-0.8,1.6,0.0,0.0,-0.8,-0.8,0.0,0.0,0.8,-0.8,0.8,0.0,0.8,-0.8,-0.8,0.8,-0.8,-0.8,-0.8,0.0,0.8,0.0,0.8,0.8,0.0,2.4000000000000004,0.8,0.0,0.0,0.0,-0.8,0.8,0.0,1.6,0.0,0.0,0.0,0.8,0.0,0.0,0.0,0.0,0.0,0.8,-0.8,0.0,-0.8,0.8,0.8,-0.8,-0.8,0.8,0.0,0.8,-0.8,0.8,0.8,0.0,0.0,0.0,-0.8,1.6,-1.6,0.8,0.0,0.0,1.6,0.8,0.0,0.8,0.8,1.6,-0.8,0.8,0.8,0.8,0.0,-0.8,0.0,-1.6,0.8,-0.8,0.8,0.8,0.0,0.8,-0.8,0.0,1.6,-1.6,0.8,-0.8,-0.8,0.8,0.0,1.6,-0.8,0.8,0.8,-0.8,1.6,-0.8,0.0,0.0,-0.8,0.8,-0.8,0.0,0.8,-0.8,0.8,0.8,0.0,-0.8,-0.8,1.6,-1.6,-0.8,0.0,0.0,0.0,-0.8,-1.6,1.6,0.8,0.8,0.0,0.0,0.0,0.0,0.8,-0.8,1.6,0.0,0.8,0.8,0.8,0.0,0.8,-0.8,0.0,0.0,0.8,-0.8,0.8,0.0,0.0,1.6,0.0,0.0,0.0,-0.8,0.8,0.0,0.8,0.0,0.8,0.0,-0.8,0.0,0.8,0.0,0.0,0.0,0.0,2.4000000000000004,0.0,0.0,1.6,0.0,0.0,0.0,-1.6,0.8,0.0,-0.8,0.0,0.0,-0.8,0.0,1.6,0.8,0.0,0.0,0.0,0.0,0.0,0.0,-0.8,0.8,0.0,0.0,0.8,0.8,-0.8,0.0,0.0,0.8,0.8,0.8,0.0,-0.8,0.8,0.0,-0.8,0.8,0.0,0.8,1.6,0.0,1.6,0.0,0.8,0.8,0.8,0.8,-1.6,0.8,0.0,0.0,0.0,-2.4000000000000004,0.8,0.0,0.0,0.8,-0.8,0.8,-1.6,0.0,1.6,1.6,0.8,-0.8,0.0,0.0,0.0,1.6,0.0,0.8,0.0,-1.6,0.8,-0.8,0.0,1.6,0.0,1.6,-0.8,1.6,-0.8,0.8,0.8,-2.4000000000000004,1.6,2.4000000000000004,-1.6,-1.6,2.4000000000000004,1.6,-1.6,0.8,1.6,-0.8,1.6,-0.8,0.8,0.0,0.0,0.0,0.0,-0.8,-0.8,0.8,0.8,-0.8,-0.8,0.0,0.8,0.8,0.0,0.0,0.0,0.0,0.0,0.0,0.8,-0.8,1.6,0.0,-0.8,0.0,0.8,0.8,-0.8,0.0,1.6,1.6,0.8,0.0,0.8,0.8,0.0,-0.8,-0.8,0.0,0.8,0.8,0.8,0.0,0.8,0.0,-0.8,0.8,-1.6,0.0,0.0,0.8,-0.8,-0.8,0.8,-0.8,1.6,0.0,1.6,1.6,-0.8,0.0,-0.8,0.0,2.4000000000000004,-1.6,1.6,0.8,1.6,0.0,0.0,0.0,-0.8,0.8,0.0,0.0,0.8,-0.8,0.8,0.0,1.6,0.8,-0.8,0.8,0.8,0.0,0.0,-1.6,0.0,-0.8,-0.8,0.0,-0.8,1.6,-0.8,0.8,0.0,0.0,1.6,-1.6,1.6,0.8,-1.6,0.0,-0.8,0.0,0.0,0.0,0.8,-0.8,-0.8,0.8,-0.8,0.0,0.0,0.0,0.0,0.0,1.6,0.0,0.0,0.0,-1.6,0.0,0.0,1.6,-0.8,-0.8,0.0,0.0,0.8,0.8,0.0,0.0,0.0,-0.8,0.0,0.0,0.8,0.0,1.6,0.8,1.6,-0.8,-0.8,0.8,0.8,-0.8,0.0,0.8,0.0,-0.8,0.0,0.8,1.6,0.8,-0.8,0.8,1.6,0.8,-0.8,0.8,0.0,1.6,0.0,0.0,1.6,0.8,0.8,0.8,0.0,0.8,-0.8,-0.8,0.8,0.8,0.8,0.0,0.0,0.8,0.0,0.8,-0.8,0.8,0.0,0.8,0.0,0.0,0.0,-1.6,0.8,-0.8,0.0,0.8,-0.8,0.0,0.0,0.0,0.8,0.0,-0.8,0.0,0.0,0.8,0.8,1.6,0.0,0.0,-0.8,-0.8,1.6,0.8,0.0,0.0,0.0,0.8,-0.8,0.8,0.8,0.0,0.8,-0.8,-0.8,0.0,0.8,0.8,0.8,0.0,0.8,-0.8,1.6,0.0,-0.8,0.8,0.8,-1.6,-0.8,0.8,0.8,0.0,0.8,0.0,0.8,-0.8,0.8,0.8,0.0,-0.8,0.8,0.0,0.0,0.0,0.0,1.6,0.0,0.8,0.8,-0.8,0.0,-0.8,1.6,0.8,0.0,0.0,-0.8,1.6,1.6,0.0,0.0,-1.6,1.6,-0.8,-0.8,0.8,-1.6,0.8,1.6,-0.8,2.4000000000000004,-0.8,0.0,0.0,0.8,1.6,-0.8,0.8,0.0,-1.6,0.0,-0.8,0.0,0.8,0.0,1.6,-0.8,1.6,0.0,0.8,0.8,0.0,0.8,0.0,0.8,0.8,0.8,0.8,-0.8,0.8,-0.8,0.0,1.6,-1.6,0.8,1.6,0.0,0.8,0.0,0.8,0.8,0.8,-0.8,-0.8,0.0,0.0,0.8,0.0,-0.8,0.8,0.8,0.8,0.8,-0.8,0.8,0.0,-0.8,0.0,0.8,0.8,0.0,0.8,1.6,0.0,0.8,0.8,0.8,-0.8,0.0,0.8,0.8,0.8,-0.8,0.8,0.0,0.0,1.6,0.0,0.8,0.8,0.0,0.8,0.8,2.4000000000000004,0.0,0.8,0.8,0.0,0.0,0.8,0.0,0.0,-0.8,-0.8,-1.6,0.0,0.8,0.8,0.8,0.0,0.0,0.0,0.0,0.8,0.0,1.6,0.0,2.4000000000000004,0.0,-0.8,0.8,0.8,1.6,-0.8,0.0,-0.8,0.8,1.6,0.8,1.6,0.0,-0.8,0.8,-0.8,0.8,2.4000000000000004,-1.6,0.8,0.0,1.6,-0.8,0.8,2.4000000000000004,-1.6,1.6,0.8,-0.8,1.6,0.0,0.0,0.0
event_81,1625266898.641835,0.0,-1.6,0.0,0.0,0.8,0.0,-0.8,0.8,0.8,0.0,0.8,0.0,0.0,0.0,0.8,0.8,0.0,-0.8,0.8,0.8,0.8,-0.8,0.0,0.0,-0.8,-0.8,0.0,0.0,0.8,-0.8,0.8,0.0,0.0,1.6,0.0,1.6,-0.8,0.0,0.0,-0.8,0.0,0.8,-1.6,2.4000000000000004,-1.6,0.0,0.0,0.0,0.8,-0.8,0.8,0.0,-0.8,0.0,0.0,0.8,0.0,0.0,0.8,0.0,0.8,-0.8,0.8,-0.8,0.8,0.8,0.0,1.6,0.0,-1.6,0.0,-0.8,0.8,-1.6,1.6,-0.8,0.8,0.8,0.0,0.8,0.0,-0.8,1.6,0.0,0.0,0.8,0.0,1.6,0.0,0.8,0.0,0.0,0.0,0.0,0.8,0.0,0.0,0.0,0.0,0.8,0.8,0.0,-0.8,-40.0,-116.8,-105.6,-50.4,-21.6,-9.600000000000001,0.0,-1.6,-8.8,-7.200000000000001,-3.2,-4.800000000000001,-3.2,0.8,0.0,0.0,0.8,-0.8,-1.6,0.0,0.0,-1.6,-0.8,0.8,0.8,-0.8,-0.8,2.4000000000000004,0.8,0.0,-0.8,0.8,0.0,-1.6,-0.8,0.0,1.6,0.0,-2.4000000000000004,0.8,0.8,0.0,0.8,0.8,0.8,-0.8,0.0,0.8,2.4000000000000004,1.6,0.8,0.8,0.8,-0.8,2.4000000000000004,0.0,-0.8,1.6,-0.8,-1.6,0.0,0.8,-0.8,0.0,1.6,-3.2,-1.6,0.8,0.0,0.0,0.8,0.0,0.8,-0.8,0.0,-0.8,1.6,-0.8,-0.8,0.8,-1.6,0.8,0.8,0.0,0.8,-2.4000000000000004,0.0,-0.8,-0.8,1.6,-0.8,0.0,0.8,-0.8,0.0,-0.8,0.8,0.0,0.0,0.8,0.8,1.6,0.8,0.0,0.8,0.0,0.8,-1.6,0.8,0.8,0.8,0.8,0.0,0.8,1.6,0.0,0.0,-0.8,0.8,-1.6,-0.8,0.0,0.0,0.8,0.8,0.8,0.8,0.0,0.8,-0.8,0.8,0.0,0.0,0.8,0.0,0.0,-1.6,0.0,0.8,0.8,0.8,0.0,0.8,0.0,-1.6,1.6,0.0,1.6,0.0,1.6,0.0,0.8,0.8,0.8,0.8,0.0,-0.8,0.0,0.0,0.8,0.0,1.6,1.6,0.0,0.8,-0.8,0.0,0.8,-1.6,1.6,0.0,0.8,0.0,-0.8,0.8,0.0,0.0,0.0,-0.8,0.0,0.0,1.6,0.0,-1.6,0.8,0.0,0.8,-0.8,0.8,1.6,0.0,1.6,-0.8,-0.8,0.8,0.0,0.8,0.0,0.8,1.6,0.0,1.6,0.0,0.8,0.0,0.8,0.0,-0.8,0.8,0.0,0.0,0.8,-0.8,0.8,0.8,-0.8,0.8,0.0,0.8,-1.6,0.0,0.0,-0.8,0.8,0.0,0.8,0.8,-0.8,0.8,-0.8,0.8,0.8,0.8,0.8,0.8,0.0,0.8,0.8,1.6,0.0,0.8,1.6,0.8,0.8,-0.8,0.0,1.6,0.0,0.8,0.8,1.6,0.0,0.8,1.6,0.0,0.0,0.0,0.0,0.0,-0.8,2.4000000000000004,0.0,0.8,0.0,0.0,-0.8,0.8,0.0,0.8,0.0,1.6,0.0,0.8,0.8,0.8,0.0,0.0,0.0,0.0,1.6,0.8,0.8,0.0,0.0,0.8,-0.8,0.8,0.0,0.0,0.0,0.0,0.0,-1.6,0.0,0.8,0.0,-0.8,-0.8,0.8,0.8,0.8,1.6,-1.6,0.8,0.8,-1.6,0.8,0.0,1.6,0.0,0.0,1.6,0.0,1.6,0.0,0.0,0.8,-0.8,0.8,0.8,0.0,0.8,-0.8,0.8,0.0,0.8,0.0,0.8,1.6,-0.8,0.8,1.6,0.0,0.8,-0.8,0.0,1.6,0.8,0.0,0.0,1.6,0.0,-0.8,0.8,0.8,0.8,-0.8,0.8,0.8,0.0,0.0,0.0,-0.8,1.6,0.0,0.0,0.0,-0.8,0.0,0.8,1.6,0.0,-0.8,0.0,-0.8,0.8,-1.6,0.0,0.0,0.0,0.0,0.0,0.0,-1.6,0.8,0.0,0.8,0.8,0.8,0.0,-0.8,0.8,0.0,0.0,0.0,-1.6,0.8,0.0,0.0,0.0,0.0,0.0,0.0,0.0,0.0,0.0,0.8,0.0,0.0,0.8,0.0,0.0,0.0,0.8,-1.6,0.8,0.8,0.0,1.6,-0.8,1.6,0.8,0.8,1.6,-0.8,1.6,-0.8,-0.8,0.8,0.0,0.8,0.0,0.8,1.6,0.0,0.8,0.0,0.8,0.8,0.0,0.8,0.0,0.8,0.8,0.0,1.6,1.6,0.0,1.6,0.8,1.6,0.0,0.0,0.8,1.6,0.0,0.0,1.6,1.6,0.8,1.6,0.0,0.8,-0.8,-0.8,0.0,0.0,0.8,2.4000000000000004,0.0,0.8,2.4000000000000004,0.8,-3.2,2.4000000000000004,2.4000000000000004,-2.4000000000000004,0.8,2.4000000000000004,0.0,0.0,0.0,0.8,0.8,0.0,0.8,0.8,0.8,-0.8,-0.8,0.0,0.0,-0.8,-0.8,0.8,0.8,0.8,0.0,1.6,0.0,-0.8,0.8,0.8,0.0,-0.8,0.8,0.8,-0.8,0.0,-0.8,0.8,0.8,-0.8,-0.8,-0.8,1.6,0.8,0.0,1.6,0.0,0.0,0.8,-0.8,0.0,0.0,0.0,-0.8,0.0,0.0,-0.8,0.0,-1.6,0.0,0.0,-1.6,1.6,0.0,0.0,0.8,-0.8,1.6,-0.8,0.8,0.8,0.0,1.6,-0.8,0.0,0.8,0.0,0.8,-0.8,0.8,2.4000000000000004,0.8,0.8,0.8,1.6,-1.6,0.8,0.0,0.0,0.8,-0.8,-1.6,1.6,-0.8,2.4000000000000004,0.0,0.8,0.8,0.8,0.8,0.0,0.0,1.6,-1.6,1.6,-0.8,-0.8,-0.8,0.0,0.0,0.0,0.0,-0.8,1.6,0.8,-0.8,1.6,-0.8,0.0,0.0,-0.8,0.8,0.0,0.0,0.8,-1.6,0.0,-0.8,0.0,0.0,0.0,0.0,0.8,0.0,0.8,0.8,-0.8,0.8,-0.8,-1.6,0.0,0.0,0.0,0.0,0.0,1.6,0.8,0.8,0.0,-0.8,0.8,-1.6,-0.8,0.0,1.6,0.8,0.0,0.8,0.8,0.0,0.0,0.0,1.6,-0.8,0.0,0.8,-0.8,0.8,0.0,0.8,0.8,0.0,0.8,0.0,0.8,0.8,0.0,0.8,0.0,0.8,0.8,0.0,1.6,0.0,0.0,0.8,0.0,1.6,-0.8,0.0,-0.8,0.0,0.8,0.0,1.6,0.0,-0.8,0.8,-0.8,1.6,-0.8,0.0,0.8,0.8,0.8,0.0,1.6,0.8,0.8,0.8,0.0,0.8,1.6,0.8,0.0,-1.6,1.6,0.0,0.0,0.8,0.0,1.6,-0.8,-0.8,-0.8,-1.6,0.8,-0.8,0.0,0.8,0.0,0.8,-0.8,0.0,0.8,-0.8,1.6,-0.8,-0.8,1.6,1.6,0.8,-1.6,1.6,0.0,0.8,0.8,-0.8,0.0,0.8,0.0,-0.8,0.0,0.8,0.8,0.8,0.0,0.8,1.6,0.8,0.8,0.8,-0.8,0.0,0.8,0.0,0.0,1.6,-0.8,0.8,-0.8,0.8,0.0,0.0,0.0,-1.6,0.8,0.8,0.8,0.8,0.0,0.8,0.8,-1.6,0.8,-0.8,0.0,-0.8,0.0,0.0,0.0,0.8,1.6,-0.8,2.4000000000000004,-1.6,0.0,-0.8,0.0,0.8,0.0,0.8,0.8,0.0,0.8,-0.8,0.8,-0.8,0.0,0.0,-0.8,0.8,0.0,0.0,0.0,-0.8,0.0,-0.8,0.0,0.8,0.8,0.0,-0.8,-0.8,0.0,-0.8,1.6,0.0,0.0,0.8,0.0,0.8,0.0,0.0,0.0,1.6,0.0,-1.6,0.8,0.0,-0.8,0.8,-0.8,0.8,0.8,0.8,0.0,0.0,1.6,0.0,0.0,0.8,0.8,0.8,0.0,1.6,0.0,0.0,0.0,0.0,0.8,-0.8,0.0,0.8,0.0,0.8,0.0,-0.8,1.6,0.0,0.8,1.6,0.8,0.8,0.8,0.0,0.0,0.8,0.0,0.0,0.0,0.8,-0.8,1.6,0.0,1.6,0.8,-0.8,1.6,0.0,0.0,1.6,0.0,0.0,-0.8,0.0,0.0,0.0,0.0,0.0,-0.8,0.8,-0.8,-0.8,0.0,0.8,0.8,-0.8,0.8,-0.8,1.6,0.8,-0.8,1.6,-0.8,1.6,1.6,-1.6,1.6,0.8,-0.8,0.8,0.0,0.0,-0.8,0.8,0.0,-0.8,1.6,-0.8,0.0,0.8,-0.8,0.0,0.8,-0.8,0.0,0.0,2.4000000000000004,0.0,0.0,0.8,1.6,1.6,0.8,0.0,0.0,0.0,0.8,-0.8,0.8,1.6,0.0,0.8,0.0,0.8,0.0,0.0,0.0,0.0,0.0,0.8,0.8,0.0,0.0,0.0,0.0,0.8,0.8,1.6,1.6,-0.8,0.8,0.0,1.6,0.8,0.8,0.8,0.0,1.6,1.6,0.8,1.6,1.6,0.8,0.0,0.0,0.8,0.0,-0.8,0.8,0.8,0.0,-2.4000000000000004,0.0,-1.6,1.6,-0.8,0.0,0.8,0.0,-0.8,-0.8,0.8,0.8,-0.8,0.0,0.0,0.0,0.8,0.0,0.8,0.0,0.8,0.0,0.0,0.0,0.8,0.8,-1.6,0.8,-0.8,-0.8,1.6,-0.8,-0.8,0.0,0.0,0.8,-1.6,0.8,0.0,-0.8,2.4000000000000004,-2.4000000000000004,-0.8,-0.8,0.0,2.4000000000000004,-0.8,0.0,0.8,0.0,1.6,-0.8,0.0,0.8,-0.8,-0.8,-1.6,0.0,-0.8,0.0,0.8,0.0,0.0,-0.8,0.0,0.0,-0.8,-0.8,-0.8,0.8,0.0,-0.8,0.0,-0.8,0.0,-0.8,0.8,0.0,-0.8,-0.8,0.8,0.0,1.6,-0.8,0.8,0.0,1.6,0.0,0.0,0.8,0.0,0.8,0.0,0.0,0.0,0.0,0.8,0.0,-0.8,0.0,0.8,-0.8,0.8,0.8,0.0,0.0,0.0,0.0,-1.6,0.8,1.6,0.0,0.8,0.8,-0.8,1.6,0.8,0.0,0.0,-0.8,0.8,0.0,0.0,1.6,0.0,0.0,0.0,-0.8,0.0,-0.8,0.0,0.0,0.8,0.0,0.0,-0.8,0.8,0.0,-0.8,0.0,0.8,-1.6,0.0,1.6,0.0,0.8,0.0,1.6,-0.8,0.0,0.8,-1.6,1.6,0.0,0.8,0.8,-0.8,0.8,-0.8,0.8,1.6,-0.8,0.8,-1.6,0.8,0.0,-0.8,0.0,-1.6,0.0,0.0,0.0,1.6,0.0,0.0,0.0,-0.8,0.0,-1.6,0.8,0.0,1.6,0.0,-0.8,0.8,-0.8,-0.8,1.6,0.0,0.8,-0.8,0.0,0.0,0.0,1.6,-0.8,0.0,0.0,-0.8,1.6,-0.8,0.8,0.0,-0.8,0.8,0.8,0.8,-0.8,0.8,1.6,-0.8,0.8,0.0,-0.8,0.8,0.0,0.0,0.0,0.0,0.0,0.0,0.0,0.8,0.8,0.0,0.8,0.0,0.8,0.0,0.0,0.0,-0.8,0.0,0.0,0.0,0.0,0.0,-0.8,0.0,0.0,-0.8,-0.8,0.8,0.0,0.0,0.0,0.8,0.0,0.0,0.0,0.0,0.8,1.6,-0.8,1.6,0.0,0.0,0.8,-0.8,0.8,0.8,0.8,-0.8,-0.8,0.0,-1.6,0.0,0.0,-0.8,0.8,0.0,0.8,0.8,-0.8,0.8,-0.8,-0.8,0.0,-0.8,0.0,0.8,-0.8,0.0,0.8,0.8,0.0,0.8,0.0,-0.8,0.0,-0.8,0.0,0.8,0.0,1.6,0.0,0.8,-0.8,-0.8,0.8,-0.8,0.0,0.8,0.0,2.4000000000000004,-0.8,0.0,0.8,0.0,0.0,-0.8,-0.8,0.0,1.6,0.8,-0.8,0.8,-0.8,0.0,2.4000000000000004,-0.8,-0.8,2.4000000000000004,0.8,-1.6,-0.8,0.8,-0.8,0.0,0.8,-1.6,0.0,0.8,0.0,1.6,0.8,0.0,0.8,-0.8,0.8,-0.8,0.0,0.0,0.0,0.0,1.6,0.8,1.6,0.0,-0.8,0.8,0.0,0.0,0.8,0.8,0.8,0.8,0.0,0.8,0.0,-0.8,0.0,0.8,-0.8,0.8,-0.8,0.8,0.8,0.8,1.6,0.8,0.0,0.8,0.8,0.8,0.0,0.0,0.8,1.6,2.4000000000000004,-0.8,0.8,0.8,0.8,0.8,0.0,2.4000000000000004,0.0,-0.8,0.0,0.0,1.6,0.0,0.8,1.6,-0.8,0.0,-0.8,0.0,0.8,-1.6,1.6,-0.8,1.6,0.0,0.0,0.8,0.0,0.8,0.0,1.6,0.8,0.0,0.8,0.0,0.8,0.0,0.0,0.8,0.0,0.8,0.8,-0.8,1.6,-0.8,-0.8,0.8,0.0,0.0,0.0,0.8,1.6,0.0,1.6,0.8,0.8,0.0,0.0,-0.8,0.0,1.6,0.0,0.0,0.8,0.8,0.8,0.8,0.0,-0.8,0.8,0.8,-0.8,0.8,0.8,0.8,0.8,-0.8,0.8,0.0,0.0,0.0,0.0,-1.6,-0.8,0.0,0.0,-0.8,0.8,0.8,2.4000000000000004,0.8,0.8,0.8,1.6,0.8,-0.8,3.2,0.8,1.6,0.0,0.8,1.6,0.8,0.0,1.6,0.0,0.8,-1.6,0.0,0.0,0.0,0.8,1.6,2.4000000000000004,1.6,0.0,1.6,0.0,1.6,0.0,1.6,1.6,-0.8,0.8,0.8,0.8,1.6,-0.8,1.6,0.8,0.8,2.4000000000000004,0.0,0.0,0.8,0.0,2.4000000000000004,-0.8,0.8,0.8,1.6,0.8,0.0,0.0,-0.8,1.6,0.8,0.0,0.8,-0.8,0.0,0.8,0.0,1.6,-0.8,0.8,0.0,-1.6,0.8,0.8,0.0,0.8,0.8,1.6,0.0,2.4000000000000004,0.0,-0.8,1.6,0.0,0.0,0.8,0.8,0.8,0.0,0.8,0.8,0.0,0.0,0.0,1.6,-0.8,0.0,0.8,0.0,0.8,-0.8,0.0,0.8,0.8,0.8,1.6,0.8,-0.8,-0.8,0.8,0.0,0.0,0.8,1.6,1.6,1.6,-0.8,0.8,0.8,0.0,0.8,0.0,0.0,0.0,-0.8,1.6,0.0,0.8,0.0,-0.8,0.8,-0.8,0.0,0.8,-0.8,1.6,-2.4000000000000004,0.0,-0.8,0.8,0.0,-0.8,0.8,0.0,0.8,0.8,0.0,1.6,-0.8,1.6,1.6,-2.4000000000000004,0.8,0.0,0.0,1.6,-0.8,-0.8,-0.8,1.6,0.0,-0.8,1.6,-0.8,0.8,0.0,0.0,0.0,0.0,0.8,-1.6,0.0,1.6,0.0,0.8,0.0,0.8,1.6,0.0,0.0,0.0,0.0,0.8,-0.8,0.8,0.8,0.0,0.0,0.0,1.6,0.8,0.8,0.8,0.8,0.0,-0.8,0.0,0.8,0.0,-0.8,0.0,0.8,-0.8,-0.8,1.6,0.8,-0.8,-1.6,2.4000000000000004,1.6,-0.8,0.0,0.8,0.8,0.8,-1.6,2.4000000000000004,0.8,-1.6,0.0,0.8,1.6,0.0,-0.8,2.4000000000000004,1.6,1.6,-0.8,0.0,0.8,1.6,-0.8,0.8,0.8,2.4000000000000004,0.0,0.8,0.8,1.6,0.8,0.0,0.0,0.8,0.8,1.6,0.8,-0.8,1.6,0.0,-0.8,-0.8,0.8,0.0,0.0,0.0,0.0,-0.8,0.8,0.0,0.8,-0.8,1.6,0.8,-2.4000000000000004,0.8,0.0,0.0,0.8,-1.6,0.0,-0.8,0.8,0.8,-0.8,0.0,0.0,1.6,1.6,-1.6,0.8,0.0,0.8,0.8,-0.8,0.8,0.0,0.0,0.0,0.0,0.8,-0.8,1.6,0.0,-0.8,0.0,0.0,0.8,0.0,0.8,0.0,0.8,0.0,0.0,0.0,0.8,0.0,0.0,0.8,0.0,0.8,0.0,0.0,0.8,1.6,-0.8,0.8,0.8,-0.8,-0.8,0.8,0.0,0.8,0.0,0.8,0.8,0.8,0.0,0.0,0.0,0.0,0.0,0.8,0.8,0.0,0.0,0.0,-0.8,0.0,0.0,0.8,0.8,-0.8,3.2,0.8,1.6,0.0,0.0,-0.8,-0.8,0.8,-0.8,0.8,0.0,-0.8,3.2,0.0,0.0,0.8,0.8,0.8,0.8,0.8,0.0,0.8,0.8,-1.6,0.8,-0.8,-0.8,0.8,0.0,0.8,-0.8,0.0,0.8,-0.8,0.0,-0.8,-0.8,0.8,-2.4000000000000004,0.8,0.0,0.8,0.8,0.0,1.6,0.0,0.0,2.4000000000000004,0.0,0.8,-1.6,0.0,0.8,-0.8,1.6,0.0,0.0,1.6,0.8,0.8,0.0,0.8,0.0,-0.8,0.8,-0.8,0.8,0.0,-0.8,1.6,-0.8,0.8,0.8,0.0,0.8,0.0,0.0,0.0,0.8,0.0,0.8,0.8,0.0,0.0,0.8,-0.8,0.8,-0.8,0.0,0.8,0.8,1.6,-0.8,0.8,0.8,0.0,0.0,-0.8,-0.8,1.6,1.6,0.8,0.8,0.0,-0.8,-0.8,-0.8,1.6,0.0,-0.8,0.0,0.0,-0.8,-0.8,-0.8,-0.8,-0.8,0.0,0.8,-0.8,0.8,0.8,0.0,0.0,0.0,-0.8,0.0,0.8,0.8,0.0,-0.8,1.6,0.8,-0.8,0.8,0.0,0.0,-0.8,-1.6,0.8,0.8,-0.8,0.0,-0.8,1.6,0.0,0.0,0.0,-0.8,0.0,0.0,0.8,0.8,0.0,0.8,-1.6,1.6,-0.8,-0.8,0.8,0.0,0.8,0.0,0.8,1.6,0.8,1.6,0.0,0.0,2.4000000000000004,-0.8,0.8,0.0,0.0,0.8,0.0,0.0,0.0,0.0,1.6,0.0,1.6,-0.8,0.8,0.0,0.0,0.8,-0.8,1.6,0.8,-0.8,0.8,-0.8,0.8,-0.8,0.0,1.6,-0.8,1.6,0.8,-0.8,1.6,0.8,0.8,-0.8,-0.8,1.6,-0.8,0.8,0.0,0.0,0.0,0.0,-0.8,0.8,1.6,0.0,0.8,0.0,0.0,0.8,0.0,0.8,-0.8,0.0,0.8,0.8,0.0,-0.8,0.8,1.6,0.8,1.6,0.0,0.0,0.8,0.0,0.0,0.8,0.8,0.0,0.0,1.6,0.8,0.8,0.0,-0.8,0.0,0.0,-0.8,-1.6,3.2,0.0,-0.8,0.8,0.0,0.8,0.0,0.0,0.0,1.6,0.0,0.0,0.8,1.6,0.0,0.8,-1.6,1.6,0.8,0.0,0.8,1.6,-0.8,-0.8,0.0,0.8,0.0,1.6,0.0,0.8,0.0,-0.8,-0.8,0.8,0.0,0.8,0.0,0.8,0.0,0.8,0.8,0.0,1.6,0.0,0.8,1.6,0.8,0.0,0.0,0.0,1.6,0.0,0.0,-0.8,1.6,0.0,-0.8,0.0,-1.6,0.0,0.8,0.0,0.0,-0.8,0.0,0.8,0.0,0.8,0.8,0.0,0.0,0.0,-0.8,-0.8,1.6,0.8,-1.6,0.8,1.6,1.6,0.0,0.0,-0.8,0.8,0.8,-0.8,0.0,0.8,0.8,0.0,0.8,0.8,0.8,0.8,0.0,0.8,-0.8,0.0,0.0,0.0,-0.8,0.0,1.6,0.8,0.0,0.8,0.0,1.6,0.8,-0.8,0.0,0.8,2.4000000000000004,0.0,0.8,1.6,0.8,1.6,1.6,0.0,1.6,-0.8,0.8,0.0,-0.8,0.8,0.8,1.6,0.8,0.8,1.6,-1.6,1.6,0.0,0.8,-0.8,0.0,0.8,-0.8,0.0,0.8,-0.8,1.6,0.8,0.0,1.6,0.0,0.0,0.0,1.6,0.8,0.0,1.6,0.0,0.8,0.0,0.0,0.0,0.0,0.8,0.0,0.0,0.0,0.8,0.8,0.0,0.8,0.0,0.0,1.6,-0.8,0.0,0.0,0.8,0.8,-0.8,0.8,0.0,0.8,0.8,0.8,0.0,0.0,0.8,0.8,0.0,0.8,-0.8,0.8,0.0,1.6,0.0,0.0,0.0,0.0,0.0,0.0,0.8,0.8,0.0,-0.8,-0.8,0.8,0.0,-0.8,0.8,0.0,0.0,-0.8,0.0,0.8,1.6,0.0,0.0,1.6,0.8,0.0,0.8,-0.8,0.8,-0.8,-0.8,0.8,0.0,0.0,0.8,0.0,1.6,-1.6,0.0,-0.8,0.0,0.0,0.8,0.8,0.8,-0.8,0.8,0.8,0.8,-0.8,0.0,0.8,-1.6,0.8,0.0,0.0,0.8,-0.8,0.0,-0.8,0.0,0.0,-0.8,0.8,0.8,-0.8,-0.8,-0.8,0.8,-0.8,0.0,1.6,0.0,0.0,0.8,0.8,-0.8,-0.8,1.6,-1.6,0.0,0.8,0.8,1.6,-0.8,1.6,0.8,0.0,0.8,-2.4000000000000004,0.8,0.0,-0.8,-0.8,0.0,1.6,-0.8,0.0,1.6,0.0,0.8,0.0,0.8,0.0,0.0,0.8,0.0,0.8,0.8,0.0,1.6,0.0,0.8,0.8,0.8,0.8,-1.6,1.6,-0.8,0.8,0.8,0.8,1.6,0.0,0.8,1.6,0.0,0.8,0.8,0.0,0.0,0.8,0.0,0.8,1.6,0.0,0.0,1.6,0.0,0.8,1.6,1.6,-1.6,0.8,0.0,-0.8,0.8,-0.8,0.8,0.8,-0.8,0.0,0.8,1.6,0.0,0.0,1.6,0.0,0.8,-0.8,0.8,1.6,-1.6,1.6,0.0,0.0,0.0,-0.8,0.8,-0.8,0.8,0.8,-0.8,0.8,-0.8,0.8,0.8,-0.8,0.0,-0.8,1.6,0.8,0.0,0.8,0.0,0.8,0.8,-0.8,0.8,0.0,0.8
event_82,1625266902.9490817,1.6,0.8,1.6,0.0,0.0,0.8,-0.8,-0.8,0.0,1.6,0.0,0.0,0.8,-0.8,-0.8,0.0,0.8,0.0,0.0,0.0,0.0,0.8,0.0,-1.6,0.0,1.6,0.8,0.0,0.0,1.6,0.8,0.0,0.8,-0.8,0.0,-0.8,0.0,0.0,0.0,0.0,2.4000000000000004,0.0,1.6,-0.8,0.0,0.0,0.0,-0.8,-0.8,-0.8,0.0,-0.8,0.0,0.0,0.8,0.8,0.0,0.0,0.0,0.8,0.8,-0.8,-0.8,0.8,0.0,0.8,0.0,0.0,0.8,0.0,0.0,0.0,-0.8,0.8,-0.8,0.8,0.0,0.8,0.8,0.0,0.8,0.0,0.0,1.6,-1.6,0.8,-0.8,1.6,0.8,-1.6,1.6,0.8,0.8,0.8,-0.8,0.8,0.8,0.0,-0.8,0.8,0.8,0.0,-8.8,-48.0,-60.8,-36.8,-16.8,-7.200000000000001,-4.0,-4.0,-3.2,-4.800000000000001,-2.4000000000000004,-3.2,-1.6,-0.8,0.8,-0.8,-1.6,0.0,0.0,-0.8,-0.8,0.8,0.0,0.8,0.8,0.0,0.0,0.0,-0.8,0.8,-0.8,0.0,0.0,0.8,-0.8,0.0,-0.8,0.8,0.0,0.8,0.0,1.6,-0.8,0.0,-0.8,0.8,0.0,0.0,0.8,0.0,1.6,0.0,-0.8,0.8,-0.8,0.0,0.0,0.0,0.8,0.0,0.8,-1.6,0.0,0.8,-0.8,0.8,-0.8,0.0,0.8,-1.6,0.0,0.8,0.8,0.0,0.0,0.8,-0.8,0.0,0.0,-1.6,1.6,-0.8,-0.8,0.0,0.0,1.6,0.0,0.8,0.0,0.0,1.6,-0.8,0.8,0.8,0.0,0.0,-0.8,1.6,0.0,-0.8,0.0,-0.8,1.6,0.0,0.0,1.6,-0.8,-0.8,-0.8,0.8,0.8,0.0,0.8,0.8,0.0,0.8,0.8,0.8,0.0,0.0,0.8,0.0,1.6,0.8,0.0,0.8,1.6,0.0,0.8,0.0,1.6,0.0,-0.8,0.8,0.8,1.6,0.8,0.8,0.8,-0.8,0.0,-0.8,1.6,-0.8,0.0,0.8,0.0,0.8,-0.8,-0.8,0.8,0.0,0.0,0.8,0.8,2.4000000000000004,0.0,-0.8,0.8,0.8,0.0,-0.8,-0.8,1.6,0.0,0.0,0.8,0.0,0.0,0.0,0.8,-0.8,-0.8,0.8,0.0,0.8,0.0,0.8,0.0,0.0,0.0,-1.6,0.0,1.6,-0.8,-0.8,0.0,1.6,0.8,0.0,0.8,-0.8,0.8,0.8,-0.8,0.8,0.0,0.8,0.0,0.0,2.4000000000000004,-0.8,0.0,0.0,0.0,-0.8,-0.8,1.6,0.0,0.0,-1.6,-0.8,1.6,-0.8,1.6,1.6,0.0,0.8,-0.8,0.8,0.8,1.6,0.8,0.0,0.8,0.8,-0.8,1.6,0.8,1.6,-1.6,-0.8,0.8,-0.8,0.8,0.0,0.8,0.8,-1.6,0.8,-0.8,0.8,-0.8,0.8,1.6,0.0,-0.8,0.0,-1.6,1.6,-1.6,0.0,2.4000000000000004,-0.8,0.0,2.4000000000000004,0.8,-0.8,0.8,1.6,-1.6,0.0,1.6,0.8,0.0,0.0,0.0,0.8,0.0,-0.8,0.8,0.0,0.8,0.8,-0.8,0.8,0.8,0.0,0.8,-0.8,0.0,0.0,0.8,0.8,-0.8,0.0,0.8,0.0,0.8,0.0,0.0,0.8,-0.8,-0.8,0.0,0.0,0.8,1.6,0.0,0.8,0.0,0.0,1.6,0.0,0.0,-0.8,-1.6,0.8,-0.8,1.6,0.0,0.8,0.0,0.0,1.6,0.0,-0.8,0.8,0.0,1.6,1.6,0.0,0.8,0.8,1.6,0.0,0.8,1.6,-0.8,0.8,0.0,0.8,0.8,-0.8,1.6,-0.8,-0.8,1.6,-0.8,0.0,0.0,0.8,0.0,0.0,1.6,-0.8,0.8,0.8,0.0,0.0,-0.8,0.0,-0.8,-0.8,1.6,0.0,0.8,-0.8,0.0,0.0,-0.8,1.6,0.8,0.0,0.8,0.0,0.0,0.0,-0.8,0.8,-1.6,0.0,0.8,0.0,1.6,0.0,0.0,0.8,-0.8,0.0,0.0,1.6,-1.6,0.0,0.0,0.0,0.0,0.8,0.8,0.0,0.8,0.0,0.0,0.8,0.0,0.8,0.8,0.0,0.8,0.0,0.8,0.0,0.8,0.0,0.8,0.0,0.0,0.8,0.0,0.8,0.8,1.6,0.0,0.8,1.6,0.8,0.0,0.0,0.0,2.4000000000000004,0.8,0.0,1.6,1.6,0.0,0.8,0.0,1.6,-0.8,-0.8,0.8,0.0,0.0,0.8,0.8,0.0,-0.8,0.0,-0.8,0.8,0.0,0.0,0.0,0.8,0.8,-0.8,1.6,-0.8,0.8,1.6,-0.8,0.8,0.0,0.8,1.6,-0.8,1.6,0.0,0.0,0.0,0.0,2.4000000000000004,0.0,1.6,0.0,-1.6,0.8,0.0,0.0,0.0,0.0,0.8,-0.8,0.0,0.8,-0.8,1.6,-1.6,-0.8,0.8,1.6,0.8,-0.8,0.8,0.8,0.0,0.8,-0.8,0.0,0.0,0.0,0.0,0.8,0.8,0.0,0.8,0.0,0.8,1.6,0.8,-0.8,0.0,-0.8,-0.8,0.8,0.0,0.8,0.0,0.8,0.8,0.0,0.0,0.8,0.8,0.8,-0.8,0.8,0.0,1.6,-0.8,0.0,1.6,-0.8,0.0,0.8,0.0,0.8,0.0,-0.8,0.0,0.8,0.0,0.0,0.8,0.8,0.0,0.8,0.0,0.0,0.0,-0.8,0.0,2.4000000000000004,-0.8,-0.8,0.8,0.0,-0.8,0.8,0.0,0.0,0.8,0.8,0.0,0.0,-0.8,0.0,0.8,0.0,0.0,0.8,0.0,0.0,0.0,0.0,0.8,0.8,0.0,0.0,0.8,0.0,0.8,0.0,0.8,0.0,0.8,0.0,-0.8,0.0,0.8,0.0,0.0,-0.8,1.6,0.8,1.6,0.0,-0.8,2.4000000000000004,0.0,0.0,0.8,0.8,0.8,0.8,0.8,0.8,0.0,0.0,0.8,1.6,-0.8,-0.8,0.8,-0.8,0.0,0.8,0.8,1.6,0.0,0.8,0.8,0.8,0.8,0.0,2.4000000000000004,0.8,2.4000000000000004,0.8,0.8,0.8,1.6,0.0,0.8,0.0,0.0,0.8,0.0,0.0,0.0,-0.8,1.6,0.8,-0.8,0.0,-0.8,0.0,0.8,-0.8,1.6,0.0,2.4000000000000004,-1.6,0.0,0.8,0.8,0.8,-0.8,0.8,0.0,0.0,1.6,0.0,0.0,0.8,0.0,0.0,0.0,1.6,-0.8,0.0,1.6,-1.6,0.0,0.0,0.0,0.0,-1.6,1.6,0.8,0.0,1.6,0.0,0.8,-0.8,0.0,-0.8,-0.8,1.6,-0.8,0.8,0.8,0.0,1.6,-0.8,0.0,0.0,0.0,0.0,-1.6,0.0,0.8,0.8,0.0,-1.6,1.6,0.0,0.8,0.0,0.0,0.0,-0.8,0.8,0.8,-0.8,0.8,-0.8,1.6,0.0,0.0,0.8,0.0,0.8,0.0,0.8,0.8,0.8,0.8,1.6,0.0,1.6,-0.8,1.6,0.0,0.0,0.8,0.8,0.8,0.0,0.0,1.6,1.6,0.8,-1.6,0.0,0.8,0.0,0.0,0.8,-0.8,0.8,-0.8,0.0,1.6,0.0,-0.8,0.8,0.8,0.0,0.8,0.8,0.0,-0.8,0.0,1.6,-0.8,-0.8,0.8,0.8,-0.8,0.8,0.0,-0.8,0.0,-0.8,0.0,0.8,0.0,0.8,0.0,0.8,1.6,-1.6,0.8,0.0,-1.6,0.0,0.8,0.0,0.0,0.0,0.8,0.0,1.6,0.0,-0.8,0.8,-0.8,0.0,0.0,0.8,0.0,0.0,0.8,-0.8,0.0,-0.8,0.8,0.8,-0.8,0.0,-0.8,0.0,0.0,-0.8,0.8,0.8,0.8,0.8,0.8,0.8,-0.8,-0.8,0.0,0.8,1.6,-0.8,1.6,1.6,0.8,0.8,0.0,1.6,0.8,0.0,0.8,-1.6,0.8,0.0,-0.8,0.0,0.0,0.8,-0.8,0.0,0.0,0.0,1.6,-0.8,0.8,-1.6,-0.8,0.8,0.0,0.8,1.6,-0.8,0.0,0.0,0.8,0.0,0.8,0.8,0.8,0.8,-0.8,0.0,0.8,-0.8,0.8,0.8,-0.8,0.0,0.0,0.8,-0.8,0.0,0.8,-0.8,0.8,0.8,-0.8,0.0,0.0,0.0,0.8,2.4000000000000004,0.8,-0.8,-0.8,0.8,0.8,0.8,-0.8,0.8,0.8,-0.8,-0.8,0.8,0.0,1.6,0.0,0.0,0.0,0.8,0.8,0.8,0.0,0.0,0.0,0.8,0.0,1.6,0.8,0.0,0.8,-0.8,0.0,0.8,0.0,0.0,-0.8,0.0,0.8,1.6,0.0,-0.8,1.6,1.6,-0.8,0.8,-0.8,0.0,0.0,0.0,0.0,-0.8,0.0,0.8,0.8,0.8,0.0,0.8,-0.8,1.6,0.0,0.8,0.8,0.0,0.8,0.0,0.0,0.0,0.0,1.6,0.0,-0.8,1.6,0.0,0.8,0.0,-0.8,0.8,-0.8,-0.8,0.8,0.8,0.8,0.0,-0.8,0.0,0.0,0.8,0.0,0.8,0.8,0.0,0.0,0.8,0.8,-0.8,0.8,0.0,-2.4000000000000004,0.0,0.0,0.0,-0.8,0.0,1.6,0.8,0.0,0.0,-0.8,0.8,0.8,0.8,-0.8,0.0,0.8,-0.8,0.8,1.6,0.8,0.0,0.0,0.8,0.0,0.0,0.0,0.0,0.8,0.8,0.0,0.8,0.0,1.6,0.0,-0.8,1.6,0.0,0.8,0.8,1.6,0.0,0.0,0.8,0.8,0.0,0.8,0.8,0.0,-0.8,0.0,0.0,0.8,0.0,0.0,0.0,1.6,0.0,0.0,0.8,0.0,0.8,0.0,0.0,0.8,-0.8,0.0,-0.8,0.8,0.0,0.0,1.6,-0.8,1.6,1.6,0.0,1.6,-0.8,0.0,0.0,-1.6,1.6,0.8,0.0,0.8,0.0,0.0,-0.8,0.8,0.0,0.0,0.8,-0.8,0.8,0.0,0.0,1.6,0.0,-0.8,0.0,0.8,0.8,0.8,0.8,0.0,0.0,0.8,0.8,0.0,0.0,0.8,-0.8,-0.8,0.0,1.6,1.6,0.8,0.8,0.0,0.0,0.0,0.0,0.8,-1.6,-0.8,0.8,0.8,0.0,1.6,0.8,0.8,0.8,0.0,0.0,0.0,-0.8,-0.8,-0.8,-0.8,1.6,-0.8,0.0,0.8,0.0,0.0,0.0,0.0,0.8,0.8,0.8,0.0,0.8,0.0,1.6,1.6,0.0,0.8,0.8,-0.8,0.8,-0.8,1.6,0.8,0.0,0.0,0.0,0.8,1.6,0.8,0.8,0.8,0.0,0.8,0.8,-0.8,0.0,0.0,-0.8,0.0,-0.8,0.0,0.8,-0.8,0.0,0.0,0.0,0.8,0.0,0.8,0.0,0.8,1.6,0.0,1.6,0.0,0.0,0.0,-0.8,-0.8,-0.8,0.8,0.8,0.0,1.6,0.0,0.0,0.0,-0.8,0.8,0.0,0.0,-0.8,1.6,0.0,-1.6,1.6,0.0,1.6,0.8,-2.4000000000000004,0.0,0.0,0.0,0.0,-0.8,0.8,-1.6,-1.6,0.0,0.0,0.8,-0.8,0.8,0.8,0.0,0.0,0.0,0.8,0.8,1.6,1.6,0.8,0.8,0.0,0.8,0.8,-0.8,0.0,0.0,0.0,0.0,-0.8,1.6,0.8,0.0,-1.6,0.8,0.8,0.8,1.6,0.8,0.0,1.6,0.0,0.0,0.0,1.6,0.8,1.6,0.8,-1.6,0.8,1.6,1.6,0.0,0.0,0.0,-0.8,0.0,0.0,0.8,0.0,-0.8,0.0,-0.8,0.8,0.8,0.0,0.8,0.0,0.8,0.0,-0.8,0.8,0.0,1.6,0.0,0.0,1.6,0.0,0.0,0.0,0.0,1.6,0.0,0.8,-0.8,0.0,2.4000000000000004,-1.6,0.0,-0.8,0.0,1.6,0.0,1.6,0.0,-0.8,0.8,0.0,1.6,0.0,0.0,-0.8,0.0,1.6,0.0,0.0,1.6,-0.8,0.8,0.0,1.6,0.0,-1.6,1.6,-0.8,2.4000000000000004,1.6,-0.8,0.8,0.8,0.0,1.6,0.0,0.0,0.0,0.8,0.0,0.0,0.8,0.8,0.8,0.8,0.0,0.0,-1.6,0.8,-0.8,0.0,-1.6,1.6,1.6,-0.8,0.8,0.8,0.0,-1.6,-0.8,0.8,0.8,0.8,0.8,0.0,0.8,1.6,-0.8,0.0,0.8,-0.8,0.0,-0.8,0.8,0.0,0.0,0.8,0.0,0.8,0.8,0.8,0.8,0.0,0.0,-0.8,0.8,0.8,0.0,0.0,0.8,0.0,0.0,0.8,1.6,0.8,0.8,-0.8,-0.8,0.0,0.8,-0.8,0.0,1.6,0.8,0.8,0.8,0.0,-0.8,0.0,0.0,1.6,0.0,-1.6,1.6,0.8,0.0,0.8,0.0,0.8,0.8,1.6,1.6,0.8,0.8,-0.8,-0.8,0.8,0.8,0.8,0.8,0.8,2.4000000000000004,0.0,1.6,0.8,0.8,0.8,-1.6,0.0,-0.8,0.8,1.6,0.0,0.8,0.0,1.6,0.0,0.0,0.8,0.0,0.8,0.8,-1.6,1.6,0.0,0.0,-0.8,0.8,2.4000000000000004,-0.8,0.8,0.8,-0.8,1.6,0.0,0.8,0.0,0.0,1.6,-0.8,0.8,0.0,-0.8,0.0,0.0,0.8,0.8,0.0,1.6,0.0,0.8,0.0,0.0,0.8,0.0,0.0,0.8,0.0,1.6,0.0,0.0,0.0,0.8,0.8,0.8,0.0,0.0,0.8,0.8,0.0,-0.8,1.6,-0.8,0.8,0.0,1.6,0.0,-1.6,1.6,0.8,-0.8,0.0,0.0,0.8,0.0,0.0,0.0,0.8,0.8,0.0,1.6,0.8,0.0,0.0,0.0,1.6,1.6,0.0,0.8,0.8,0.8,0.0,0.8,0.0,0.0,0.0,0.8,0.8,0.8,0.0,1.6,-0.8,0.0,-0.8,-0.8,0.0,0.8,0.0,1.6,0.8,0.8,0.0,0.8,0.0,0.8,3.2,0.0,0.8,0.0,0.8,1.6,0.0,0.8,0.8,0.0,0.0,0.8,0.8,1.6,0.0,0.0,-0.8,0.0,1.6,0.8,0.0,-0.8,0.8,0.8,-0.8,0.8,0.0,0.0,0.8,0.0,0.0,0.0,1.6,1.6,1.6,0.8,0.0,0.0,0.8,0.8,0.0,0.8,1.6,0.0,0.0,0.8,1.6,0.0,0.8,0.0,0.8,-0.8,0.8,1.6,0.0,0.0,0.0,0.0,0.8,0.8,0.8,1.6,0.0,0.8,0.8,0.8,0.0,-0.8,0.0,0.8,1.6,-0.8,0.0,2.4000000000000004,1.6,0.8,0.8,-0.8,1.6,0.0,0.0,0.8,0.0,0.8,1.6,0.8,0.8,0.8,0.8,0.0,1.6,-0.8,1.6,0.8,0.0,0.0,-0.8,0.8,0.8,-0.8,0.8,-0.8,0.8,1.6,0.8,0.8,-0.8,0.8,0.0,0.0,0.0,-0.8,0.8,-0.8,0.8,0.0,-1.6,0.0,-0.8,-0.8,0.0,0.8,1.6,0.0,0.8,1.6,-0.8,1.6,0.0,-0.8,0.0,0.8,0.8,0.0,0.8,0.8,0.8,2.4000000000000004,-1.6,1.6,1.6,0.0,0.8,0.0,1.6,0.8,-0.8,1.6,0.8,0.8,-0.8,0.8,0.8,-0.8,0.0,0.8,1.6,0.0,0.0,0.0,0.8,-0.8,0.8,0.8,0.8,0.0,0.0,0.0,0.8,1.6,0.0,0.8,0.0,0.0,-0.8,1.6,0.8,0.8,0.8,0.8,-0.8,1.6,0.8,0.8,0.8,0.8,-0.8,1.6,0.0,0.8,0.0,0.8,0.0,0.8,0.0,0.8,0.0,0.8,0.8,0.8,0.8,-0.8,2.4000000000000004,0.8,0.0,1.6,-0.8,0.8,0.0,-0.8,0.8,0.0,0.8,0.0,0.0,-0.8,0.0,1.6,0.0,0.0,1.6,0.0,0.8,0.8,0.8,0.0,0.0,0.8,-2.4000000000000004,0.0,1.6,0.0,0.8,-0.8,2.4000000000000004,0.8,0.8,0.0,-1.6,2.4000000000000004,0.0,0.0,0.8,0.8,1.6,0.0,0.0,2.4000000000000004,-0.8,0.8,-0.8,1.6,0.0,0.0,0.8,0.0,0.0,1.6,0.0,2.4000000000000004,-0.8,0.8,1.6,0.0,1.6,0.0,0.0,0.8,0.8,0.8,0.8,1.6,1.6,-0.8,0.8,0.0,1.6,-0.8,0.0,0.0,-0.8,0.0,0.8,0.8,0.8,-0.8,0.0,0.0,1.6,0.0,0.0,-0.8,1.6,0.8,0.0,0.8,0.0,0.0,0.8,0.0,0.8,0.8,1.6,0.0,0.0,0.0,0.8,-0.8,0.0,0.8,0.8,0.0,1.6,0.0,-0.8,0.8,0.8,0.8,-0.8,0.8,0.8,0.8,1.6,0.0,0.8,0.8,-1.6,-0.8,-0.8,1.6,0.8,-0.8,0.8,0.0,0.8,1.6,0.0,-0.8,0.0,0.0,-0.8,0.8,0.0,0.0,0.8,-0.8,0.8,0.0,-0.8,0.8,0.0,0.8,0.0,-0.8,0.8,0.0,0.8,0.8,0.8,0.8,0.0,0.0,0.8,0.0,0.0,0.0,1.6,0.8,0.0,0.0,1.6,1.6,-0.8,0.8,0.8,0.0,0.8,0.0,0.0,0.8,-1.6,0.8,0.0,1.6,0.0,-1.6,-0.8,0.8,0.0,0.0,0.0,1.6,-0.8,0.0,1.6,0.0,0.8,-0.8,1.6,-0.8,0.8,1.6,-1.6,-0.8,0.0,1.6,0.0,0.0,0.8,0.8,-0.8,-0.8,0.0,0.0,0.8,-0.8,0.8,0.0,0.8,1.6,0.0,0.8,1.6,0.0,1.6,-0.8,-0.8,-0.8,0.8,0.8,0.0,1.6,0.8,0.8,0.8,-0.8,0.0,0.0,0.0,0.0,0.0,0.8,0.8,0.0,1.6,0.8,0.0,0.0,0.0,0.8,0.0,0.0,-0.8,0.0,0.0,0.0,0.8,0.0,-0.8,0.0,0.0,0.8,0.0,0.0,1.6,-0.8,2.4000000000000004,-0.8,0.0,0.8,0.8,0.8,0.0,0.8,0.8,-0.8,0.8,0.8,0.0,0.8,0.0,1.6,0.0,0.0,0.0,0.8,1.6,-0.8,0.8,0.0,0.8,0.0,-0.8,1.6,0.0,0.8,0.8,0.0,0.8,0.8,0.8,0.0,-0.8,0.8,-1.6,0.0,2.4000000000000004,0.0,-1.6,2.4000000000000004,1.6,-1.6,-1.6,3.2,0.8,-0.8,0.0,1.6,2.4000000000000004,-0.8,0.8,1.6,-1.6,0.0,-0.8,0.0,0.0,1.6,1.6,0.0,0.0,0.0,1.6,1.6,0.0,-0.8,1.6,1.6,-0.8,1.6,0.8,1.6,0.8,1.6,2.4000000000000004,0.8,-0.8,0.0,0.8,0.0,-0.8,0.0,0.0,0.8,-0.8,0.0,2.4000000000000004,-0.8,0.8,0.8,-0.8,0.0,-1.6,0.8,0.8,3.2,1.6,0.0,1.6,0.8,-0.8,0.8,-0.8,1.6,-0.8,-1.6,0.8,0.0,0.8,0.8,0.8,1.6,-1.6,0.8,0.0,0.8,0.8,0.8,2.4000000000000004,0.0,0.8,0.8,0.0,2.4000000000000004,0.0,0.8,0.0,-0.8,2.4000000000000004,0.8,0.8,0.8,0.0,0.0,-1.6,0.8,-0.8,0.0,0.8,0.8,0.8,-1.6,0.8,0.8,0.0,0.8,0.8,1.6,0.8,0.0,0.8,-0.8,1.6,0.0,-2.4000000000000004,0.8,1.6,0.8,1.6,0.8,1.6,0.8,0.8,0.0,0.0,0.0,0.8,0.0,0.8,0.8,0.0,0.8,0.8,1.6,0.0,0.8,1.6,0.8,0.0,0.8,-0.8,1.6,-0.8,0.0,0.8,0.8,0.8,0.8,0.0,0.8,1.6,-0.8,0.8,1.6,1.6,0.0,0.8,1.6,2.4000000000000004,0.0,1.6,0.8,0.0,0.8,-0.8,0.8,1.6,0.0,2.4000000000000004,0.0,0.8,0.0,0.0,0.0,1.6,0.0,1.6,0.8,0.8,-1.6,0.0,0.8,-0.8,0.8,-0.8,0.8,0.0,0.8,1.6,-0.8,0.0,0.8,0.0,0.0,-1.6,1.6,0.8,-0.8,0.8,-0.8,-0.8,0.0,0.8,0.0,0.0,1.6,0.0,0.0,0.8,0.0,0.8,-0.8,0.0,-0.8,0.0,1.6,-0.8,0.8,0.0,0.0,0.8,-0.8,0.8,0.8,0.8,0.8,-1.6,0.8,-0.8,0.8,2.4000000000000004,-0.8,1.6,0.0,0.0,0.8,-0.8,0.8,-0.8,-0.8,-0.8,0.0,0.0,0.0,1.6,0.8,0.8,0.8,0.8,1.6,0.0,0.0,0.8,1.6,0.0,-0.8,1.6,0.8,0.0,1.6,0.0,0.8,-0.8,-0.8,0.0,0.8,0.8,1.6,0.8,-0.8,0.0,1.6,0.0,1.6,0.0,1.6,0.0,1.6,0.0,0.0,1.6,0.8,0.0,0.8,0.0,0.8,0.8,0.0,0.8,0.8,0.8,0.0,1.6,0.0,0.8,0.8,-0.8,0.0,0.0,-1.6,0.8,0.0,2.4000000000000004,-0.8,0.8,0.8,0.0,1.6,0.8,0.0,1.6,0.0,0.0,0.8,1.6,0.8,-0.8,0.8,0.0,0.8,1.6,-0.8,1.6,0.0,1.6,0.0,-1.6,1.6,1.6,-1.6,3.2,0.0,0.0,0.0,1.6,0.8,0.0,0.0,-0.8,0.8,0.0,-0.8,0.8,0.8,1.6,1.6,0.0,0.8,0.8,0.0,0.8
event_83,1625266907.2863295,0.8,-0.8,0.8,-0.8,1.6,0.8,-0.8,0.8,0.0,1.6,0.0,-0.8,2.4000000000000004,0.0,0.8,0.8,-0.8,0.8,0.0,1.6,0.0,0.0,0.8,0.0,0.8,1.6,1.6,1.6,0.8,-0.8,-0.8,1.6,1.6,0.0,0.8,0.8,1.6,1.6,0.8,0.0,-0.8,0.0,0.8,0.0,0.0,0.8,0.8,0.8,0.8,1.6,0.0,0.8,0.0,1.6,0.0,0.0,0.0,-0.8,0.8,0.8,0.8,0.8,-0.8,0.8,1.6,0.8,0.8,0.8,0.0,0.0,2.4000000000000004,0.0,0.8,2.4000000000000004,0.0,0.0,1.6,0.8,0.8,-0.8,0.0,-0.8,1.6,0.8,0.0,1.6,-0.8,0.8,-0.8,0.0,1.6,-1.6,0.8,-1.6,0.8,0.8,-0.8,0.8,0.0,1.6,0.8,-1.6,-11.2,-26.4,-24.800000000000004,-13.600000000000001,-4.800000000000001,0.8,-2.4000000000000004,0.0,-0.8,-0.8,-0.8,-2.4000000000000004,-0.8,0.0,-1.6,1.6,0.8,1.6,-0.8,0.0,2.4000000000000004,0.0,1.6,0.8,0.0,1.6,-1.6,0.0,0.8,2.4000000000000004,1.6,0.0,0.8,1.6,0.0,0.8,-0.8,-0.8,0.0,0.0,-0.8,0.8,0.0,0.8,0.8,0.8,1.6,0.8,0.0,-0.8,0.8,0.0,0.8,0.0,0.8,1.6,0.0,0.0,2.4000000000000004,0.8,1.6,0.8,0.8,1.6,-1.6,1.6,0.8,1.6,1.6,-0.8,1.6,0.8,0.0,0.8,-0.8,1.6,-0.8,-0.8,0.8,0.0,0.8,0.8,0.8,0.8,0.0,0.8,0.0,1.6,0.8,0.8,0.8,0.0,0.8,-0.8,0.0,1.6,-0.8,0.8,-0.8,-0.8,1.6,0.8,0.8,0.0,0.0,0.8,-0.8,0.0,0.8,0.8,0.0,0.0,0.8,-0.8,0.0,-0.8,0.0,0.8,-0.8,0.8,0.0,0.8,0.8,-0.8,0.8,0.0,-2.4000000000000004,0.8,1.6,0.0,0.8,0.0,1.6,0.0,0.8,0.0,-0.8,0.0,-0.8,0.0,0.8,1.6,0.8,0.8,0.8,1.6,0.8,0.8,0.0,0.8,0.8,0.0,0.0,0.8,0.8,0.8,0.8,0.8,0.8,0.8,0.8,0.8,0.8,-0.8,0.0,0.8,1.6,0.8,2.4000000000000004,1.6,0.8,1.6,0.0,0.8,1.6,0.0,-0.8,0.0,0.8,0.0,1.6,-0.8,0.8,0.0,-0.8,0.8,0.0,0.0,0.0,0.0,0.8,0.0,0.8,0.8,0.0,0.8,-0.8,1.6,0.8,0.0,3.2,0.8,-0.8,0.0,1.6,-0.8,-1.6,3.2,-0.8,0.0,2.4000000000000004,-0.8,-0.8,-0.8,-0.8,0.8,-0.8,0.8,0.0,0.8,0.8,-0.8,0.8,0.0,0.8,-1.6,-0.8,2.4000000000000004,0.0,0.0,-0.8,1.6,0.8,-0.8,0.8,0.0,0.8,0.0,-1.6,0.8,-1.6,0.0,0.8,-0.8,0.8,0.0,0.0,0.8,0.0,0.8,-0.8,0.8,-1.6,-0.8,0.0,-0.8,1.6,0.0,0.0,0.8,0.0,0.0,0.0,0.8,0.0,-0.8,0.0,0.0,0.8,0.8,-0.8,0.8,0.8,0.8,0.8,0.0,0.0,0.8,0.0,0.8,0.0,0.0,0.0,0.0,0.0,0.8,-0.8,0.8,0.8,1.6,0.0,0.8,0.0,0.0,0.0,0.8,0.8,0.8,-0.8,0.8,0.0,-0.8,0.8,0.0,0.8,0.0,-0.8,0.8,-1.6,0.0,0.0,-3.2,0.8,-0.8,0.8,0.8,0.0,0.8,-0.8,0.8,0.8,-0.8,0.8,-0.8,0.0,0.8,1.6,2.4000000000000004,-0.8,0.8,0.8,0.8,2.4000000000000004,-0.8,0.8,0.0,0.0,0.8,0.0,0.8,0.0,0.8,1.6,0.0,0.8,-0.8,0.8,1.6,-0.8,0.8,0.0,0.8,0.8,0.0,0.8,0.0,0.8,1.6,0.8,0.8,0.0,0.0,0.8,0.0,2.4000000000000004,0.0,0.8,0.8,1.6,-0.8,0.8,-0.8,0.8,0.8,0.8,1.6,0.0,0.0,0.8,1.6,0.8,0.0,0.0,0.8,0.8,0.0,0.8,0.0,0.8,0.0,-0.8,0.0,-0.8,0.0,0.0,1.6,0.0,2.4000000000000004,0.8,0.0,0.8,0.0,0.8,-0.8,-0.8,0.0,0.8,0.0,0.0,0.8,0.0,0.0,0.8,-0.8,0.0,0.0,0.8,0.8,0.8,0.8,-0.8,0.8,0.8,-0.8,0.8,1.6,0.8,0.8,-0.8,1.6,0.8,1.6,0.0,0.0,1.6,0.0,0.0,1.6,1.6,0.8,-0.8,1.6,0.0,0.8,1.6,0.0,1.6,0.0,0.0,0.0,0.0,1.6,0.8,0.8,2.4000000000000004,-0.8,0.8,1.6,0.8,2.4000000000000004,-0.8,0.8,0.8,1.6,1.6,0.0,2.4000000000000004,1.6,0.0,0.8,-0.8,0.0,1.6,-0.8,0.8,0.0,0.0,1.6,0.0,1.6,-0.8,0.8,0.0,0.8,0.8,0.8,0.0,0.8,0.8,-0.8,1.6,1.6,0.0,0.0,0.8,-0.8,0.8,0.8,-0.8,0.8,0.0,0.8,-0.8,0.0,1.6,0.0,0.0,0.8,0.0,-0.8,-0.8,0.0,0.8,0.8,1.6,0.0,0.8,0.0,0.0,0.8,0.8,0.0,0.0,0.0,1.6,0.8,0.8,1.6,0.8,0.8,0.0,0.0,-0.8,0.8,1.6,-1.6,1.6,0.0,0.8,0.0,-0.8,0.8,0.0,1.6,0.8,0.8,0.8,0.0,0.8,0.0,-0.8,0.8,0.0,1.6,0.8,0.0,1.6,1.6,1.6,0.0,0.0,0.8,1.6,1.6,0.8,0.8,0.8,-0.8,0.8,0.0,0.8,0.0,0.8,0.8,0.0,0.8,1.6,0.0,0.8,0.8,0.8,0.0,0.8,0.8,0.0,0.0,0.8,0.0,0.0,1.6,0.8,0.0,0.0,-0.8,0.0,1.6,0.0,0.0,0.0,0.8,0.0,0.8,-0.8,-0.8,2.4000000000000004,0.0,-2.4000000000000004,1.6,1.6,-1.6,0.8,2.4000000000000004,0.0,0.0,0.0,0.8,1.6,0.0,-0.8,1.6,0.8,-1.6,-0.8,0.8,1.6,0.0,0.0,0.8,1.6,1.6,-0.8,0.8,0.0,-0.8,0.0,0.8,2.4000000000000004,-0.8,0.0,1.6,0.8,0.8,-1.6,0.0,0.8,-0.8,0.0,-0.8,0.0,0.0,0.0,0.8,0.0,0.0,0.0,0.0,0.8,0.0,-0.8,-0.8,0.8,1.6,-0.8,0.8,0.8,0.8,0.8,-0.8,0.8,0.0,0.0,0.0,-0.8,0.8,-0.8,1.6,0.8,0.8,0.8,0.0,0.8,0.8,-0.8,0.8,0.8,1.6,-0.8,0.0,0.8,0.8,0.0,0.0,0.8,0.8,0.8,0.8,-0.8,-0.8,1.6,-0.8,-0.8,-0.8,0.8,0.8,0.8,0.0,-0.8,0.0,0.0,0.0,-0.8,0.0,0.0,0.0,0.0,0.8,0.0,0.0,0.0,0.0,-0.8,0.8,1.6,0.8,0.0,0.0,0.8,0.8,0.8,0.0,-0.8,2.4000000000000004,0.8,-0.8,0.0,-0.8,0.8,0.8,1.6,0.8,0.0,0.8,-0.8,0.0,0.0,0.0,1.6,0.0,0.0,0.8,-0.8,0.8,0.0,1.6,1.6,0.0,0.8,-2.4000000000000004,1.6,0.0,1.6,0.8,0.0,1.6,0.0,-0.8,0.0,-0.8,1.6,-0.8,0.0,0.0,0.0,0.8,0.0,0.0,0.8,-1.6,0.8,-1.6,0.0,0.0,0.0,0.8,0.0,0.8,0.0,0.0,0.8,-1.6,1.6,0.0,0.0,0.8,0.0,0.0,0.8,0.8,0.0,-0.8,0.8,0.8,0.8,0.0,0.8,0.0,0.0,0.8,0.0,-1.6,0.8,0.0,0.8,-1.6,0.0,0.0,-0.8,0.8,0.0,-0.8,0.0,0.8,0.8,0.0,0.0,1.6,0.8,0.8,-0.8,0.8,0.0,0.8,0.0,0.0,0.0,0.0,0.0,0.0,0.8,0.8,0.0,0.8,0.8,-0.8,0.0,0.0,0.8,0.0,0.8,-0.8,1.6,1.6,0.0,0.8,0.8,0.8,0.0,0.0,1.6,1.6,0.8,0.8,0.0,2.4000000000000004,0.8,1.6,0.8,0.8,0.0,-0.8,1.6,0.0,-0.8,1.6,0.0,0.8,-1.6,-0.8,0.8,0.0,0.0,0.0,0.0,0.8,0.0,0.8,0.0,0.8,0.8,-0.8,2.4000000000000004,-0.8,1.6,0.0,0.0,1.6,0.0,1.6,0.8,0.0,1.6,0.8,-0.8,0.0,-0.8,-0.8,0.0,0.0,-0.8,-0.8,0.8,0.0,0.0,0.0,0.0,0.0,1.6,-1.6,-0.8,-0.8,1.6,0.8,0.0,0.0,0.8,0.8,0.8,0.0,0.0,0.0,0.8,-0.8,-0.8,0.0,0.0,0.0,0.0,0.8,0.8,0.0,0.0,0.8,0.8,0.8,-0.8,0.8,0.0,-1.6,0.0,0.8,0.8,0.8,0.8,0.0,-0.8,0.0,0.0,0.0,1.6,-2.4000000000000004,0.8,0.0,0.8,1.6,0.8,0.8,0.0,-0.8,-0.8,-0.8,0.0,-1.6,0.8,0.8,-0.8,0.0,0.0,-0.8,0.0,-1.6,0.8,-1.6,0.8,0.0,0.0,0.8,0.0,0.8,0.0,0.0,0.8,1.6,1.6,0.0,-0.8,0.0,0.8,0.8,0.0,0.8,0.8,-0.8,0.8,-0.8,-0.8,0.0,-0.8,0.8,0.0,0.8,-0.8,0.0,1.6,0.0,-0.8,1.6,-1.6,-0.8,0.0,0.8,-1.6,0.0,0.0,-0.8,0.0,0.8,-0.8,-0.8,-0.8,-1.6,0.0,0.8,0.0,-0.8,0.8,-1.6,0.8,0.0,0.8,0.0,0.0,0.0,-1.6,-0.8,-1.6,-0.8,0.8,-0.8,0.0,-0.8,0.0,0.8,0.0,0.0,-1.6,0.0,0.0,0.8,0.8,0.0,1.6,0.0,0.0,0.8,0.8,0.8,0.0,0.8,0.8,-1.6,0.0,0.8,0.8,0.0,-0.8,0.8,-1.6,0.0,0.0,-0.8,0.8,0.0,0.0,0.8,0.0,1.6,-0.8,0.8,-0.8,-0.8,0.8,0.0,0.0,0.0,-0.8,0.8,-0.8,0.0,-0.8,1.6,0.8,-1.6,0.0,-1.6,-0.8,0.0,0.0,0.8,0.0,1.6,0.0,0.0,0.8,-1.6,0.8,-0.8,-1.6,0.0,0.8,0.0,-0.8,0.0,0.8,-1.6,0.0,-0.8,-0.8,0.8,-1.6,0.8,-0.8,0.0,0.8,0.8,0.0,-0.8,-0.8,0.0,0.0,0.0,-1.6,0.0,-0.8,-0.8,-0.8,-1.6,0.8,1.6,0.8,0.0,0.0,0.0,-1.6,0.0,-0.8,0.0,1.6,0.8,0.8,0.0,0.0,0.0,0.8,-0.8,0.8,0.8,0.0,0.8,0.0,0.0,0.8,0.0,0.0,-0.8,0.0,1.6,0.8,-0.8,0.0,0.0,0.8,-0.8,0.0,0.8,0.0,0.8,0.0,0.0,0.0,0.8,1.6,0.8,0.8,0.0,0.0,0.8,-1.6,0.8,1.6,0.8,0.8,0.0,0.0,-0.8,0.8,1.6,0.0,1.6,0.8,0.0,0.0,0.0,0.0,0.8,0.0,0.0,0.0,2.4000000000000004,0.0,0.0,-0.8,0.8,0.8,0.8,0.0,0.0,0.8,1.6,-1.6,1.6,0.0,0.0,1.6,-0.8,2.4000000000000004,0.8,0.0,0.0,0.0,0.8,-0.8,0.0,1.6,0.0,0.0,-0.8,0.8,0.0,0.0,1.6,0.8,0.8,0.8,0.8,0.8,0.8,0.8,0.8,0.0,1.6,0.0,1.6,0.0,0.0,0.0,-0.8,0.0,0.8,0.8,0.8,0.8,0.8,-0.8,0.0,0.0,0.8,0.0,0.8,0.0,0.8,0.8,0.0,0.8,0.8,0.8,0.8,-0.8,0.0,0.8,0.8,0.8,0.0,1.6,-0.8,0.0,-0.8,0.0,1.6,0.0,1.6,0.0,0.8,0.8,0.8,1.6,0.0,0.0,0.8,0.8,0.8,0.8,0.0,0.0,-0.8,0.0,-0.8,1.6,0.8,0.0,0.0,0.8,0.0,0.8,-0.8,0.0,0.8,0.0,-0.8,0.8,0.0,0.0,0.8,0.8,0.8,0.0,0.8,0.8,0.0,0.8,0.0,0.0,1.6,-0.8,1.6,0.8,1.6,0.0,0.8,1.6,0.8,0.8,0.0,1.6,0.8,2.4000000000000004,0.0,0.8,1.6,0.8,0.8,0.8,0.8,1.6,0.0,0.0,0.8,-0.8,0.8,0.8,0.8,-0.8,-0.8,0.0,0.8,0.8,-1.6,0.0,0.0,0.8,0.0,0.8,-0.8,0.8,-0.8,0.8,0.8,-0.8,0.8,0.0,0.8,0.8,0.0,0.0,0.0,0.8,0.0,0.8,0.0,0.8,0.8,-1.6,0.0,0.8,0.0,0.8,0.0,0.8,0.0,0.8,0.0,0.0,0.8,0.0,-1.6,0.8,0.8,0.0,-0.8,1.6,1.6,-2.4000000000000004,3.2,2.4000000000000004,-2.4000000000000004,1.6,0.8,0.0,0.0,0.0,0.8,-0.8,0.8,-0.8,0.8,1.6,-0.8,0.8,-0.8,0.0,0.8,-0.8,1.6,0.0,0.0,2.4000000000000004,0.0,0.8,-0.8,1.6,1.6,-0.8,0.0,0.0,2.4000000000000004,0.0,1.6,1.6,1.6,0.0,0.0,-0.8,0.8,0.0,0.8,0.0,0.8,0.8,0.8,1.6,0.0,0.0,0.0,0.0,1.6,-1.6,0.8,0.0,0.8,0.0,0.0,0.0,0.0,0.0,0.8,1.6,1.6,1.6,0.8,0.0,0.8,0.0,0.8,0.8,-0.8,1.6,1.6,0.0,1.6,-0.8,-0.8,0.0,0.0,0.0,0.0,0.8,-0.8,-0.8,0.8,0.0,0.8,-0.8,-0.8,0.0,-0.8,2.4000000000000004,0.0,0.0,0.8,0.0,1.6,0.0,0.8,-0.8,0.8,0.8,-1.6,0.0,0.0,0.8,0.8,0.0,0.8,0.0,0.0,0.8,-0.8,0.0,-1.6,0.0,-0.8,0.0,0.0,-1.6,1.6,0.8,-0.8,0.8,-0.8,0.8,-0.8,-0.8,0.8,0.0,-0.8,0.8,0.8,1.6,-0.8,1.6,0.8,0.8,0.0,-0.8,0.8,0.0,0.0,0.8,0.0,1.6,0.0,0.0,0.8,-0.8,0.8,0.8,-0.8,1.6,-2.4000000000000004,0.0,0.0,0.8,0.0,0.0,0.0,-0.8,1.6,0.8,-0.8,0.8,0.8,1.6,-0.8,0.0,0.8,0.0,-0.8,0.0,0.0,-0.8,0.0,0.8,0.0,0.0,0.0,0.0,0.8,0.0,-0.8,-0.8,0.8,-0.8,0.0,-0.8,1.6,0.8,-0.8,0.0,0.8,0.8,1.6,-0.8,-0.8,0.0,0.0,0.0,0.0,0.8,0.8,0.0,0.8,-0.8,1.6,0.0,1.6,1.6,-0.8,0.0,-0.8,0.0,0.8,-0.8,2.4000000000000004,0.0,0.0,0.8,0.0,0.8,0.0,0.8,0.8,0.0,0.8,0.0,0.8,0.8,0.0,0.0,0.0,1.6,-0.8,0.0,0.0,-0.8,0.0,-0.8,0.8,0.8,0.0,0.8,0.0,-0.8,0.8,-1.6,1.6,-0.8,0.8,0.0,0.0,0.0,0.8,0.0,0.0,-0.8,0.8,0.8,0.8,0.0,0.0,0.8,-0.8,-0.8,-0.8,0.8,0.8,0.0,0.0,-0.8,0.0,0.0,0.8,0.8,0.0,0.8,0.0,0.8,0.8,0.8,0.0,2.4000000000000004,0.0,-1.6,0.8,0.0,0.0,0.8,0.0,1.6,0.8,0.0,-0.8,0.8,0.8,0.0,0.0,-0.8,0.0,0.8,0.0,0.8,0.8,0.0,0.8,0.0,0.8,-0.8,0.0,0.8,-0.8,0.8,0.0,0.8,0.8,0.0,1.6,0.8,0.0,0.8,-0.8,1.6,0.0,1.6,0.0,0.0,1.6,0.0,0.8,0.8,0.0,0.8,-0.8,0.8,0.0,0.0,0.8,0.0,0.0,0.8,-0.8,0.0,0.0,0.8,0.8,0.0,0.8,0.0,0.0,0.0,-0.8,1.6,0.0,0.8,1.6,-0.8,1.6,0.8,0.0,0.0,0.8,-0.8,0.8,0.8,0.0,0.0,0.0,0.8,0.0,-0.8,0.0,0.0,0.0,-0.8,0.8,0.8,0.8,0.0,0.8,0.0,0.0,-0.8,-0.8,0.8,0.8,0.8,-0.8,1.6,0.8,0.0,0.8,0.8,-0.8,0.8,-0.8,-0.8,1.6,0.0,0.8,1.6,1.6,0.0,0.0,1.6,0.0,0.0,-0.8,0.0,0.8,0.0,-0.8,2.4000000000000004,-1.6,0.8,1.6,0.8,0.8,0.0,1.6,0.0,0.0,0.8,0.8,0.8,0.8,0.0,0.8,0.0,1.6,0.0,0.0,0.8,-0.8,0.8,-0.8,0.0,1.6,0.0,0.0,-0.8,0.0,0.8,0.0,0.8,-0.8,0.8,0.8,-0.8,1.6,-1.6,0.8,0.0,0.0,1.6,-0.8,2.4000000000000004,0.8,-0.8,0.8,-0.8,0.8,-0.8,-1.6,1.6,-0.8,0.0,0.0,0.0,0.0,0.0,0.8,-0.8,0.8,0.0,0.0,-0.8,0.8,0.8,-0.8,0.8,0.8,-2.4000000000000004,0.0,0.0,0.8,-0.8,0.0,0.8,0.0,0.8,1.6,-2.4000000000000004,0.8,0.0,0.0,1.6,0.0,0.0,0.0,-0.8,0.8,0.8,-1.6,0.0,1.6,0.0,0.0,-0.8,0.0,0.0,-0.8,0.0,0.8,0.0,0.8,0.0,1.6,-0.8,-0.8,0.8,0.0,1.6,-0.8,0.8,2.4000000000000004,0.8,0.8,0.0,0.8,0.0,-0.8,0.8,0.0,0.8,0.0,0.8,1.6,0.0,0.8,0.8,0.8,1.6,0.0,0.8,0.8,1.6,0.0,-0.8,0.0,0.0,1.6,0.0,0.0,0.8,0.0,0.8,0.8,0.0,0.8,0.0,0.8,0.0,0.8,1.6,-1.6,0.0,0.8,-0.8,0.8,0.0,0.8,-0.8,0.0,1.6,-0.8,0.8,-0.8,0.0,0.8,-0.8,0.8,0.8,0.8,0.0,0.0,0.0,0.8,0.0,0.8,0.8,0.8,-1.6,1.6,0.8,0.0,0.8,1.6,0.0,0.8,1.6,0.8,-1.6,1.6,0.8,0.0,0.8,-0.8,1.6,0.0,0.8,-0.8,1.6,0.8,-0.8,0.8,0.8,0.0,0.0,0.0,0.0,2.4000000000000004,0.8,0.0,0.0,0.0,0.8,2.4000000000000004,0.0,1.6,0.8,-1.6,0.0,1.6,-1.6,1.6,1.6,1.6,-0.8,1.6,0.0,1.6,-0.8,0.0,1.6,1.6,0.0,0.0,0.0,0.8,0.8,-0.8,0.8,0.8,0.8,0.0,0.8,0.0,1.6,0.0,-1.6,0.0,0.8,0.0,0.8,0.0,1.6,0.0,0.0,0.8,-0.8,1.6,0.8,0.0,0.0,0.0,1.6,-0.8,0.8,0.0,-1.6,0.8,0.0,0.8,0.8,0.8,1.6,0.0,0.0,0.8,0.0,0.8,0.8,0.0,-0.8,0.8,0.8,-0.8,0.8,1.6,0.0,0.8,0.8,1.6,0.8,0.0,-0.8,0.0,0.0,0.8,0.8,1.6,1.6,0.0,1.6,0.8,0.0,0.0,0.0,0.8,1.6,0.0,0.8,0.8,0.8,0.0,0.8,-0.8,0.0,1.6,-0.8,0.0,0.0,0.8,0.8,0.8,1.6,0.0,0.8,0.8,0.0,0.8,0.8,-0.8,0.8,0.8,1.6,-0.8,0.8,1.6,0.8,0.0,0.8,0.8,2.4000000000000004,0.0,0.8,0.8,0.8,-0.8,0.0,1.6,0.0,0.8,0.0,0.8,0.0,-0.8,0.8,0.8,-0.8,0.8,0.0,1.6,0.0,0.0,0.8,0.8,0.0,-1.6,0.0,0.8,-0.8,0.8,-0.8,0.8,0.8,0.0,0.0,-0.8,0.8,0.8,0.8,0.8,0.8,0.0,0.8,0.0,0.8,-0.8,0.0,0.8,0.8,0.0,-0.8,0.0,0.0,0.0,-0.8,0.0,0.8,0.0,0.8,1.6,0.0,0.0,0.0,-0.8,0.8,2.4000000000000004,0.8,-0.8,0.8,0.0,0.0,0.8,0.0,0.8,0.0,0.0,0.0,1.6,0.0,0.8,0.0,0.8,0.0,-0.8,-0.8,0.8,-0.8,0.8,0.8,1.6,0.0,-0.8,0.8,0.0,0.8,0.0,0.0,0.0,0.8,1.6,0.0,0.0,0.8,0.8,0.8,0.8,0.8,1.6,-0.8,0.0,0.8,-0.8,0.8,0.0,0.8,0.8,0.0,0.0,-0.8,2.4000000000000004,0.0,0.0,0.8,-0.8,-0.8,-1.6,1.6,0.8,0.0,0.8,-0.8,0.8,0.8,-0.8,-0.8,0.0,0.0,-0.8,0.0,1.6,-0.8,0.8,1.6,0.0,0.8,-1.6,2.4000000000000004,0.8,-1.6,0.8,0.8,0.8,0.0,0.8,0.8,0.8,0.0,0.0,1.6,0.8,-1.6,0.0,0.8,0.0,0.0,-0.8,0.8,-0.8,1.6,0.0,0.8,-0.8,-0.8,0.0,0.0,0.8,-0.8,0.0,1.6,-0.8,0.0,0.0,0.0,-0.8,0.8,0.0,0.0,0.0,0.8,-0.8,-0.8,0.0,0.8,0.8,0.0,0.8,-0.8,0.8,0.8,0.0,0.8,0.8,0.8,-0.8,0.0,1.6,0.8,0.0,0.0,0.8,-0.8,-0.8,1.6,-0.8,0.0,0.8,0.0,0.8
event_84,1625266909.4364526,-0.8,0.0,0.8,0.0,0.0,0.8,0.8,0.0,0.0,0.0,0.8,0.8,0.0,-0.8,1.6,0.8,0.8,0.0,1.6,0.8,0.0,0.0,-0.8,1.6,0.0,-1.6,0.0,0.8,0.8,0.0,1.6,1.6,-0.8,0.0,0.8,0.8,0.0,-0.8,1.6,0.0,-0.8,0.8,0.8,1.6,-0.8,0.8,1.6,0.0,2.4000000000000004,0.0,0.8,0.8,0.8,0.0,0.0,0.0,0.8,-0.8,0.8,0.0,1.6,0.0,0.0,0.8,-1.6,0.8,0.8,0.0,1.6,-2.4000000000000004,0.0,-0.8,0.8,0.8,0.0,0.8,0.8,0.8,0.8,0.0,0.8,0.0,-0.8,0.8,0.0,1.6,0.0,0.0,0.8,0.8,0.8,-0.8,0.0,1.6,0.0,1.6,0.8,0.0,-0.8,0.8,2.4000000000000004,0.8,0.0,-28.0,-102.4,-100.8,-47.199999999999996,-15.2,-8.0,-3.2,-4.0,-9.600000000000001,-8.0,-4.800000000000001,-4.800000000000001,-2.4000000000000004,1.6,0.8,-1.6,2.4000000000000004,0.0,0.0,0.0,0.8,0.8,-1.6,0.0,2.4000000000000004,-0.8,-0.8,0.8,0.8,-0.8,-0.8,1.6,0.0,-0.8,-0.8,0.0,0.8,0.0,0.0,0.8,1.6,0.8,-0.8,0.8,0.8,0.8,0.0,0.0,3.2,0.0,0.8,1.6,1.6,0.0,1.6,1.6,0.0,0.8,0.0,-1.6,1.6,-0.8,0.8,0.0,0.0,0.0,-0.8,0.0,0.8,-0.8,2.4000000000000004,-0.8,2.4000000000000004,-0.8,0.0,1.6,0.8,0.8,-0.8,1.6,0.0,0.0,1.6,0.0,0.8,0.8,1.6,0.8,-1.6,1.6,0.0,-1.6,0.8,-0.8,0.0,0.8,-0.8,0.8,0.0,0.8,0.0,-1.6,0.8,1.6,1.6,0.0,0.8,0.8,0.8,1.6,-0.8,0.8,0.8,0.8,0.8,0.0,0.0,0.8,0.0,0.0,0.0,0.0,1.6,0.0,0.8,0.0,0.8,0.0,0.8,0.0,0.8,-0.8,0.0,0.0,0.0,-0.8,1.6,0.0,1.6,0.8,0.0,0.0,0.0,0.8,0.0,0.8,-0.8,2.4000000000000004,0.0,0.8,0.8,0.8,0.0,1.6,0.0,1.6,0.0,0.0,0.0,0.0,0.0,0.0,1.6,0.8,0.0,0.8,0.0,0.8,-0.8,0.8,0.8,0.8,0.8,-0.8,0.8,0.8,0.0,0.8,-0.8,0.0,0.8,0.8,2.4000000000000004,-0.8,0.0,0.8,-1.6,0.0,0.8,0.8,0.0,0.8,1.6,-1.6,1.6,0.8,0.0,1.6,-0.8,1.6,0.0,0.8,0.8,-0.8,0.8,-0.8,-0.8,0.0,1.6,1.6,0.0,0.8,1.6,0.0,0.8,0.0,0.0,0.8,0.8,0.0,-0.8,2.4000000000000004,1.6,0.0,1.6,0.8,0.8,1.6,-0.8,0.8,0.0,0.8,0.0,0.0,0.8,-0.8,0.0,1.6,0.0,0.8,0.0,1.6,0.0,-0.8,0.8,0.8,2.4000000000000004,0.8,0.8,1.6,1.6,-0.8,0.0,0.0,1.6,0.0,-0.8,0.0,0.8,0.8,0.8,0.8,1.6,-0.8,0.0,0.0,0.0,0.0,0.8,0.8,0.8,-0.8,0.8,0.0,0.8,-0.8,0.0,0.0,-0.8,1.6,0.8,0.8,1.6,0.0,1.6,-0.8,0.0,1.6,0.0,-0.8,-0.8,0.0,-0.8,-0.8,0.8,0.0,0.8,0.0,0.0,0.0,-0.8,0.8,0.8,0.8,-0.8,-0.8,0.8,0.8,0.0,0.8,-0.8,1.6,0.0,0.8,0.0,0.0,0.8,-0.8,-0.8,0.8,0.8,0.8,0.0,0.8,1.6,0.0,0.8,0.0,1.6,0.0,-1.6,-0.8,1.6,1.6,0.0,0.8,1.6,0.8,0.8,0.8,-0.8,0.0,-0.8,0.8,1.6,0.0,0.0,1.6,0.8,0.8,0.8,0.0,0.8,0.0,0.0,0.8,-0.8,0.0,0.0,0.8,0.8,0.8,-1.6,0.0,0.0,-0.8,0.0,1.6,0.0,0.8,0.0,0.0,1.6,0.0,0.0,0.0,0.0,0.8,0.0,1.6,-0.8,0.0,0.0,-0.8,0.0,-0.8,0.8,1.6,-0.8,0.8,-1.6,-0.8,0.0,0.0,0.8,0.0,0.8,0.0,-0.8,1.6,-0.8,0.0,0.0,-0.8,0.0,-0.8,1.6,-0.8,-0.8,1.6,0.0,0.8,0.0,-0.8,1.6,0.0,0.8,-1.6,0.0,0.0,-0.8,0.0,0.0,0.8,0.8,-1.6,0.8,-1.6,0.0,0.0,-0.8,0.8,0.0,1.6,0.8,1.6,3.2,0.0,1.6,0.0,0.0,-0.8,-0.8,0.0,0.8,0.0,0.8,0.0,0.8,-1.6,1.6,1.6,0.8,0.0,-0.8,0.0,0.8,-0.8,2.4000000000000004,0.0,0.8,-0.8,0.0,0.0,0.8,0.0,0.0,0.0,1.6,-0.8,0.0,0.0,0.0,0.0,0.0,1.6,0.0,1.6,0.8,0.8,0.0,0.8,0.8,0.0,0.8,0.8,0.0,-0.8,-0.8,0.8,-2.4000000000000004,0.8,0.0,0.8,0.8,0.0,0.8,0.0,0.8,0.8,-0.8,0.8,-0.8,-1.6,0.8,0.0,1.6,0.0,0.0,0.8,0.0,1.6,-0.8,0.8,0.8,-0.8,0.8,0.0,0.0,0.8,0.0,0.8,0.8,-0.8,0.0,0.0,0.8,-0.8,-0.8,0.0,0.0,0.8,-0.8,0.8,0.8,0.0,0.0,0.0,0.8,0.8,0.0,1.6,0.0,1.6,0.0,0.0,0.8,-0.8,0.0,-0.8,0.0,0.8,-0.8,0.8,-0.8,0.0,0.0,0.8,2.4000000000000004,-0.8,-1.6,0.0,0.0,0.8,-1.6,0.0,0.0,0.8,0.8,-1.6,0.8,0.0,-0.8,0.8,-0.8,0.0,1.6,0.8,0.8,0.0,0.8,0.8,0.0,0.0,0.8,0.8,0.8,-0.8,0.0,0.8,0.0,0.0,0.0,0.0,0.0,0.0,0.0,0.8,-0.8,0.0,0.0,-0.8,-1.6,0.0,1.6,0.0,0.0,0.0,0.8,0.0,0.0,1.6,0.8,0.8,0.0,0.8,2.4000000000000004,0.0,0.0,0.0,-0.8,0.8,0.0,0.0,0.0,0.8,0.0,-1.6,0.0,0.8,-0.8,-0.8,0.8,0.0,0.0,-0.8,0.8,-0.8,1.6,-1.6,-0.8,0.8,0.8,0.8,0.0,0.0,0.8,-0.8,2.4000000000000004,-1.6,0.8,-0.8,-1.6,0.8,0.0,0.0,0.8,-0.8,0.0,-1.6,0.0,0.0,0.0,0.0,-1.6,0.8,0.0,0.0,0.8,0.0,1.6,0.8,-0.8,0.0,0.0,0.8,0.0,0.0,0.0,0.8,0.8,0.0,0.0,0.8,0.8,0.0,0.0,0.8,0.0,0.8,-0.8,0.0,-0.8,0.0,0.8,-0.8,0.8,0.0,0.0,1.6,0.0,0.0,-0.8,1.6,0.8,0.0,0.8,0.0,0.0,0.8,-0.8,0.0,0.8,0.8,-1.6,0.0,0.8,0.0,0.8,-0.8,0.0,0.0,0.8,0.8,0.0,0.0,0.0,0.0,0.8,-1.6,0.8,0.0,0.8,1.6,-0.8,0.0,-0.8,0.8,0.8,0.0,0.8,1.6,0.0,0.8,1.6,1.6,-0.8,0.8,1.6,0.8,0.0,-0.8,0.0,0.0,-0.8,1.6,-0.8,0.8,0.8,0.0,0.0,0.8,-0.8,0.0,-1.6,0.8,-0.8,0.0,0.0,0.0,0.0,0.0,0.0,-0.8,2.4000000000000004,0.8,0.0,0.0,-0.8,0.0,0.0,-0.8,0.0,0.8,0.0,1.6,-0.8,0.0,0.0,0.0,0.8,-0.8,0.0,0.8,0.0,0.8,-0.8,0.0,0.0,-0.8,-1.6,0.0,0.0,0.8,0.0,0.0,0.0,0.0,0.8,0.8,-0.8,0.8,-1.6,-1.6,0.0,0.8,1.6,0.0,0.8,0.8,0.0,0.0,0.0,0.0,-1.6,0.0,0.0,-0.8,0.8,0.0,0.8,0.8,0.0,1.6,0.0,0.8,1.6,-0.8,1.6,0.0,1.6,0.0,-0.8,2.4000000000000004,-0.8,1.6,0.8,-0.8,1.6,-1.6,0.8,0.0,-1.6,0.0,0.0,1.6,0.0,-0.8,0.0,-1.6,1.6,-0.8,0.0,0.8,-0.8,0.8,-1.6,1.6,0.8,0.0,0.8,0.0,0.0,0.8,0.8,0.0,-1.6,0.8,-0.8,0.0,0.8,0.0,1.6,-0.8,-0.8,-0.8,-2.4000000000000004,0.8,0.0,0.0,0.0,-0.8,0.0,-0.8,0.8,0.0,0.0,0.8,-0.8,-0.8,0.8,1.6,0.8,0.0,1.6,0.8,1.6,1.6,0.0,0.0,1.6,0.8,-0.8,0.8,0.8,0.0,0.8,0.8,1.6,0.0,0.8,0.0,-0.8,0.0,0.8,-0.8,0.0,-0.8,0.8,0.0,0.8,0.0,0.0,0.8,-0.8,-0.8,-0.8,0.8,0.8,0.0,0.0,0.8,0.0,1.6,-0.8,0.8,-0.8,0.8,0.0,-0.8,0.8,0.0,-0.8,3.2,0.8,-2.4000000000000004,0.0,3.2,-2.4000000000000004,-1.6,2.4000000000000004,0.0,-1.6,0.0,1.6,0.0,-2.4000000000000004,0.8,0.8,0.0,-0.8,0.0,2.4000000000000004,0.8,-0.8,0.0,-0.8,0.0,-0.8,-0.8,0.8,0.0,-0.8,-0.8,0.0,-0.8,-0.8,0.8,0.0,0.0,0.0,-0.8,0.0,0.0,0.0,0.0,0.8,0.0,-1.6,0.0,0.8,0.0,0.8,0.0,1.6,0.8,0.8,0.8,0.0,0.8,0.0,-1.6,0.0,0.0,0.0,0.8,0.0,0.8,0.8,0.8,0.0,1.6,-0.8,-0.8,0.0,0.0,0.8,0.8,0.0,0.8,0.8,0.0,0.8,0.8,0.8,0.8,0.0,0.8,0.0,0.8,0.8,0.0,0.0,0.8,0.8,0.0,0.8,-0.8,-1.6,0.8,0.0,-0.8,0.8,0.0,-1.6,0.0,-0.8,-0.8,0.8,-0.8,0.8,0.0,0.0,-0.8,-1.6,0.8,0.0,1.6,0.0,0.8,0.0,0.0,1.6,-0.8,0.8,0.8,-0.8,0.8,-1.6,0.8,0.8,0.0,0.0,-0.8,0.0,0.0,0.0,0.0,-1.6,0.0,0.0,-0.8,0.8,0.0,0.8,0.8,-0.8,-0.8,-0.8,1.6,0.8,-0.8,0.8,0.0,0.8,0.8,0.0,0.8,0.0,0.8,-0.8,0.0,0.8,0.0,0.0,0.0,0.0,0.0,0.0,0.0,0.8,0.0,-0.8,0.8,0.0,0.8,-0.8,0.8,1.6,0.8,1.6,0.8,0.0,0.0,0.0,1.6,0.0,2.4000000000000004,0.0,0.8,1.6,0.8,0.8,1.6,-0.8,1.6,0.0,0.0,0.0,0.0,0.8,0.8,0.8,0.0,-0.8,1.6,-0.8,0.8,-1.6,1.6,0.0,0.0,-0.8,-0.8,0.0,0.8,0.0,0.8,0.0,0.8,1.6,0.0,0.0,0.8,0.8,1.6,0.0,0.8,0.8,1.6,0.0,1.6,0.0,0.0,1.6,0.0,0.8,0.8,0.8,1.6,-0.8,0.0,0.8,-1.6,1.6,-1.6,-0.8,0.8,0.8,0.8,0.0,0.0,1.6,0.0,1.6,0.0,0.8,0.8,0.0,0.8,-0.8,0.8,0.8,0.0,0.8,-0.8,0.8,-0.8,0.0,0.8,0.0,-0.8,0.0,0.0,0.0,-0.8,0.0,0.8,0.0,0.8,1.6,0.8,0.0,0.0,0.8,0.0,1.6,0.0,0.8,1.6,0.8,0.0,0.0,2.4000000000000004,0.0,-0.8,-0.8,0.0,-0.8,0.0,0.8,0.8,-0.8,-0.8,0.0,-0.8,-0.8,0.0,0.8,0.0,1.6,-0.8,-0.8,0.0,0.8,0.0,-0.8,0.8,-0.8,0.8,0.8,0.0,1.6,-1.6,1.6,-0.8,-1.6,1.6,0.0,1.6,-1.6,0.0,0.8,-2.4000000000000004,0.0,1.6,-0.8,-0.8,0.8,0.0,-1.6,0.8,0.8,-0.8,0.0,-1.6,0.0,1.6,-0.8,0.8,0.0,1.6,-0.8,0.0,1.6,-1.6,1.6,-0.8,0.0,1.6,-1.6,0.8,0.0,-0.8,0.8,0.0,1.6,0.0,0.0,0.0,-0.8,-0.8,-1.6,0.0,0.0,0.0,1.6,0.0,0.0,0.8,0.0,0.8,-0.8,0.8,0.0,1.6,0.0,0.0,0.8,0.8,-0.8,0.8,0.0,0.0,0.0,0.0,0.0,-0.8,0.0,0.0,0.8,0.8,-0.8,0.8,-0.8,0.8,-1.6,0.0,0.8,0.0,-0.8,0.0,0.0,0.0,0.0,0.0,0.0,-0.8,0.0,0.8,0.0,0.0,0.0,0.0,0.8,-0.8,0.8,1.6,0.8,1.6,-1.6,0.0,0.8,0.0,0.0,-0.8,0.8,0.8,-0.8,0.0,0.0,0.0,0.8,-0.8,0.0,-1.6,2.4000000000000004,1.6,-1.6,0.0,0.8,1.6,1.6,0.0,0.8,-0.8,0.8,-0.8,0.0,0.8,0.0,0.8,0.0,0.8,1.6,-0.8,-0.8,-0.8,0.0,-0.8,0.0,0.8,0.0,0.0,0.0,0.8,0.0,-0.8,0.8,1.6,-0.8,0.8,0.0,0.0,0.8,-0.8,0.8,0.8,1.6,-0.8,0.8,0.8,0.8,0.0,-0.8,-0.8,1.6,0.0,1.6,0.8,0.8,0.8,0.0,0.8,0.0,0.0,0.0,0.0,2.4000000000000004,-0.8,-0.8,0.8,0.8,0.8,-0.8,0.8,0.8,1.6,0.8,0.0,0.8,0.8,-0.8,0.0,0.8,1.6,0.8,-0.8,0.8,-0.8,0.0,0.0,0.0,0.8,-0.8,0.0,0.8,0.8,0.0,0.8,0.0,0.8,-0.8,-0.8,-0.8,0.0,0.0,-0.8,0.0,1.6,-0.8,1.6,0.0,-0.8,1.6,-0.8,0.8,0.8,0.8,0.8,0.8,0.8,1.6,0.0,0.0,0.0,0.8,-0.8,0.0,0.8,0.0,0.8,0.0,0.8,1.6,0.0,2.4000000000000004,0.8,1.6,0.0,-0.8,1.6,-0.8,2.4000000000000004,-0.8,0.8,1.6,0.8,1.6,0.0,0.8,1.6,0.0,0.8,-0.8,0.0,0.0,1.6,1.6,0.0,0.8,0.8,0.0,0.8,-0.8,0.0,0.8,0.8,0.0,0.0,0.8,0.8,0.8,0.8,0.8,0.0,0.8,0.8,0.8,0.8,-0.8,0.0,1.6,-0.8,-0.8,0.8,0.8,0.0,-0.8,-1.6,1.6,0.8,0.0,-0.8,0.8,0.8,0.0,1.6,0.0,0.0,0.8,-0.8,-0.8,0.0,1.6,0.8,0.8,0.0,1.6,0.0,0.8,0.8,0.8,0.8,0.0,0.0,1.6,0.8,0.8,0.0,0.8,0.8,0.0,0.8,0.8,0.0,-0.8,-0.8,0.8,0.0,0.0,0.0,-0.8,1.6,0.0,0.8,0.8,0.0,1.6,-0.8,0.8,1.6,0.8,0.0,0.8,0.8,0.0,-1.6,0.8,0.0,0.0,0.0,0.0,0.8,-0.8,0.0,0.8,0.8,0.8,-0.8,1.6,0.0,0.8,0.8,0.0,0.8,0.8,-0.8,0.8,0.0,0.8,-0.8,0.8,1.6,0.0,1.6,0.0,0.0,0.8,-0.8,1.6,0.0,0.8,1.6,1.6,0.8,0.8,0.8,-1.6,0.0,0.8,-0.8,0.8,-0.8,-1.6,0.8,0.8,-2.4000000000000004,-0.8,3.2,-1.6,-2.4000000000000004,1.6,0.8,-0.8,0.8,0.0,2.4000000000000004,0.0,0.0,0.8,1.6,0.0,-0.8,0.8,0.0,0.8,-0.8,-0.8,0.8,-0.8,-0.8,-0.8,0.8,-0.8,-1.6,0.0,0.0,-0.8,0.0,-0.8,0.8,0.8,0.8,0.0,0.8,0.8,-0.8,0.0,0.0,0.0,0.8,0.0,1.6,0.0,2.4000000000000004,-0.8,0.8,0.8,-0.8,0.8,-0.8,-1.6,0.8,-0.8,0.8,0.0,-0.8,0.0,-0.8,0.8,-0.8,-0.8,0.8,-1.6,0.8,-2.4000000000000004,-0.8,0.8,-0.8,0.8,-1.6,0.0,0.0,0.0,1.6,-0.8,0.8,0.8,0.8,0.0,-1.6,0.0,0.8,0.0,1.6,-0.8,0.8,0.0,0.0,1.6,-0.8,0.0,0.0,0.0,0.0,0.0,-0.8,0.8,0.0,-0.8,0.0,2.4000000000000004,-0.8,-1.6,0.0,0.8,0.0,0.8,0.0,2.4000000000000004,-0.8,0.0,0.0,0.0,0.0,0.0,0.8,0.8,0.0,0.8,0.8,0.0,0.8,0.0,0.0,0.0,0.8,1.6,0.0,0.8,0.8,0.8,0.0,0.8,0.0,0.8,0.0,0.8,0.8,0.8,0.0,0.0,2.4000000000000004,0.8,0.0,1.6,0.0,0.8,-0.8,-0.8,0.8,-0.8,0.0,0.8,0.0,0.0,0.0,0.8,0.0,0.8,-0.8,0.8,0.0,0.8,0.8,0.0,0.8,0.0,-0.8,0.8,-0.8,0.0,2.4000000000000004,0.0,0.0,-0.8,0.8,0.0,0.0,0.0,0.0,0.0,0.0,0.0,0.0,-0.8,0.8,0.0,0.8,0.0,-0.8,1.6,-0.8,0.0,0.8,0.0,1.6,-0.8,-0.8,0.0,0.0,0.8,-1.6,0.0,1.6,0.0,0.8,-0.8,-0.8,1.6,0.0,0.0,0.0,0.8,0.8,-0.8,0.8,0.8,0.0,0.0,0.8,0.8,0.0,0.0,0.0,0.8,0.8,0.0,0.8,0.8,0.0,0.8,0.8,0.0,0.8,0.0,0.8,0.8,0.0,0.8,-0.8,0.0,1.6,-0.8,0.0,-0.8,0.0,-0.8,-0.8,-0.8,-0.8,0.0,0.8,-0.8,1.6,-0.8,0.0,0.8,-0.8,1.6,-0.8,0.8,0.0,0.0,0.0,0.0,1.6,0.8,0.0,0.8,0.0,2.4000000000000004,0.8,0.0,0.0,0.0,0.8,-0.8,0.0,0.0,-0.8,0.8,0.0,0.0,0.0,0.0,-0.8,-0.8,0.8,0.8,0.8,2.4000000000000004,-0.8,0.0,0.8,0.8,0.0,-0.8,0.8,2.4000000000000004,0.8,0.0,0.0,1.6,0.0,0.8,0.8,-1.6,1.6,0.0,0.0,1.6,0.8,0.8,0.8,0.8,0.0,0.0,0.8,0.0,0.8,-0.8,0.0,1.6,0.0,0.8,0.0,0.0,1.6,0.8,0.0,0.8,0.0,0.8,-0.8,0.8,-0.8,1.6,-0.8,0.0,0.8,0.0,0.8,0.8,0.0,0.0,0.0,0.0,0.0,0.8,0.0,1.6,0.8,0.0,0.0,0.0,0.0,0.8,-0.8,1.6,0.8,0.0,0.0,0.8,0.8,0.8,0.0,0.8,0.8,1.6,0.8,1.6,0.0,0.0,0.8,0.0,0.0,-1.6,0.0,0.8,-1.6,0.8,-0.8,-0.8,-0.8,-0.8,0.8,-0.8,0.8,0.8,0.0,1.6,0.0,-0.8,0.0,-0.8,-0.8,-0.8,1.6,0.0,0.0,0.8,-0.8,0.0,0.0,0.0,0.0,-0.8,0.0,0.8,-0.8,0.8,-0.8,0.8,-1.6,2.4000000000000004,0.8,-0.8,0.8,0.0,0.0,0.8,-0.8,0.8,-0.8,0.0,-0.8,0.8,1.6,0.0,0.8,0.0,0.0,0.0,0.0,1.6,0.8,0.0,0.0,0.8,0.8,-1.6,0.8,0.0,0.0,0.8,0.0,0.0,0.0,0.0,2.4000000000000004,0.0,-0.8,0.0,0.8,0.0,0.0,0.0,0.0,0.8,0.8,0.0,-0.8,0.8,0.8,0.8,0.8,0.0,-0.8,1.6,0.8,0.8,0.0,0.8,1.6,-0.8,-0.8,0.0,0.8,0.0,-0.8,0.0,-0.8,1.6,0.0,0.8,0.0,0.0,1.6,-0.8,0.0,0.0,-0.8,2.4000000000000004,-0.8,-0.8,2.4000000000000004,0.0,0.8,-0.8,0.0,2.4000000000000004,0.0,1.6,-0.8,0.8,1.6,-0.8,0.8,0.0,0.8,0.0,-0.8,2.4000000000000004,0.8,0.0,0.8,0.0,0.8,-1.6,0.0,-0.8,0.0,0.8,-0.8,0.0,0.8,-0.8,0.0,0.0,1.6,0.0,-0.8,0.8,0.0,1.6,0.8,0.8,0.8,1.6,0.0,0.8,0.0,1.6,-0.8,-1.6,0.0,0.8,0.0,0.8,0.8,0.0,0.0,0.8,0.0,2.4000000000000004,-0.8,0.0,0.8,0.8,0.8,0.0,0.8,0.8,0.8,0.8,1.6,1.6,0.8,0.0,0.8,0.0,1.6,0.8,-0.8,0.0,0.0,0.0,0.0,0.8,0.8,0.0,0.0,0.0,0.8,0.8,1.6,-0.8,0.0,0.8,0.8,0.0,0.8,0.0,0.0,0.0,1.6,0.8,0.0,0.0,1.6,0.8,0.8,0.0,0.0,0.8,0.0,0.0,-0.8,0.0,0.8,0.0,0.8,1.6,0.0,0.0,0.0,0.8,0.8,-0.8,0.0,0.8,0.0,0.8,-0.8,1.6,0.0,0.8,2.4000000000000004,0.0,0.8,-1.6,-0.8,0.0,0.8,0.0,-0.8,0.8,0.8,-0.8,0.0,-0.8,0.0,0.0,0.0,1.6,0.0,0.0,1.6,1.6,0.0,-0.8,0.8,-0.8,1.6,0.0,0.8,0.0,0.0,0.0,0.0,-0.8,-0.8,0.0,0.8,0.8,-0.8,2.4000000000000004,1.6,0.8,0.8,0.8,0.0,0.0,0.0,0.8,0.8,0.8,0.8,-0.8,0.0,-0.8,-0.8,1.6,-1.6,0.0,0.8,0.8,1.6,0.0,0.0,0.8,0.0,-0.8,0.0,3.2,-1.6,0.8,1.6,0.0,1.6,0.0,0.0,0.0,-0.8,0.0
event_85,1625266913.796702,0.0,0.8,0.8,0.8,0.0,0.0,0.0,1.6,0.8,0.0,0.8,0.8,-0.8,0.0,0.8,0.0,0.8,0.0,0.0,0.0,-1.6,0.8,0.0,-0.8,0.0,0.0,0.8,-1.6,0.8,0.8,-0.8,0.8,-0.8,-0.8,0.0,0.8,0.8,-1.6,0.8,0.0,0.0,1.6,0.0,0.8,0.0,0.8,0.0,-1.6,0.0,0.0,-1.6,0.8,0.8,0.8,-0.8,0.0,1.6,-1.6,0.8,0.0,0.0,0.8,-2.4000000000000004,0.8,1.6,0.8,0.8,0.8,0.8,-0.8,-0.8,0.0,-0.8,2.4000000000000004,-0.8,0.8,0.8,0.0,0.8,0.8,1.6,0.8,-0.8,0.8,0.0,0.8,0.0,0.0,0.0,-0.8,-1.6,0.0,0.0,0.8,-0.8,1.6,0.0,0.8,-0.8,-0.8,1.6,0.0,-8.8,-48.800000000000004,-68.8,-44.00000000000001,-17.6,-8.0,-4.0,-0.8,-2.4000000000000004,-5.6,-3.2,-3.2,-0.8,0.8,-1.6,0.0,-0.8,0.0,0.0,-0.8,0.0,0.0,-0.8,-1.6,1.6,0.8,0.8,0.8,1.6,0.0,-1.6,0.0,0.8,-0.8,0.0,0.0,0.8,0.0,0.8,0.8,-0.8,0.8,-0.8,-2.4000000000000004,0.8,0.0,0.8,0.0,-0.8,0.8,-0.8,0.8,0.0,0.0,-0.8,-1.6,0.8,0.0,0.0,0.8,-0.8,1.6,0.0,0.0,0.0,-0.8,0.0,-0.8,0.0,0.8,0.0,0.8,0.0,0.8,0.8,0.8,1.6,-0.8,0.8,-0.8,-1.6,0.0,-0.8,0.8,0.0,0.0,1.6,-0.8,1.6,-0.8,0.8,0.0,1.6,0.8,0.8,-0.8,0.0,0.0,0.8,-0.8,0.0,0.8,-1.6,0.8,0.0,0.0,0.8,-0.8,0.8,-0.8,0.0,0.0,-0.8,0.0,-0.8,0.0,0.0,-0.8,0.8,0.0,0.0,0.0,0.8,0.0,0.0,0.8,-0.8,0.8,-0.8,-0.8,0.8,0.0,0.0,0.8,0.0,0.8,-0.8,0.8,0.0,-1.6,0.8,-1.6,0.8,-0.8,0.0,0.8,1.6,0.0,0.8,0.8,0.0,0.0,1.6,-1.6,-0.8,-1.6,-0.8,0.0,-0.8,0.0,0.8,0.8,-1.6,0.8,1.6,0.0,0.0,0.0,1.6,1.6,0.0,0.0,0.8,2.4000000000000004,-0.8,0.0,0.0,0.8,0.0,0.8,-1.6,-0.8,0.0,1.6,-0.8,0.0,0.0,0.0,0.8,0.0,0.0,0.8,-1.6,0.0,0.0,-0.8,0.0,0.0,1.6,-1.6,-0.8,-0.8,0.8,0.8,-1.6,0.8,0.8,0.0,0.8,-1.6,0.8,1.6,-0.8,0.8,-0.8,0.0,0.0,0.0,0.0,0.0,0.8,0.0,0.0,0.0,0.0,0.0,1.6,-0.8,-0.8,0.0,2.4000000000000004,0.0,-1.6,0.0,1.6,0.0,0.0,0.0,0.8,-0.8,0.8,0.0,0.8,0.0,0.0,0.8,0.0,0.0,-0.8,-0.8,-0.8,-0.8,-0.8,-1.6,-0.8,0.0,0.8,0.0,0.0,0.0,0.0,0.0,0.0,0.8,0.0,-0.8,0.0,-0.8,1.6,-0.8,0.0,0.8,0.0,0.8,0.0,0.0,0.8,-0.8,-0.8,-0.8,0.8,0.0,0.0,0.0,0.0,0.0,0.0,0.0,0.8,0.0,0.0,-0.8,0.8,0.8,-1.6,0.8,0.0,0.8,0.8,-0.8,0.0,0.0,0.8,0.0,0.0,0.8,-0.8,0.0,0.0,-0.8,0.8,-1.6,0.8,0.8,-0.8,0.0,0.0,0.8,-0.8,0.0,1.6,0.0,0.0,0.8,0.0,0.8,0.8,0.0,0.0,0.0,0.0,0.0,0.8,1.6,0.8,0.8,-1.6,-0.8,1.6,0.0,0.0,0.0,0.0,0.0,1.6,0.0,0.8,0.0,-0.8,0.0,0.8,-1.6,-1.6,-0.8,-0.8,0.0,0.0,0.0,1.6,0.0,0.8,0.8,0.8,0.8,-0.8,2.4000000000000004,0.0,1.6,0.8,-0.8,1.6,0.8,1.6,0.0,0.0,0.8,0.8,0.8,0.8,0.0,0.0,0.0,0.8,0.0,-0.8,1.6,0.8,0.0,0.0,0.0,0.8,1.6,0.0,0.0,-0.8,1.6,0.8,0.8,0.8,-0.8,1.6,0.8,0.0,0.8,0.0,1.6,-0.8,0.0,0.8,0.8,0.8,0.0,0.0,-0.8,0.0,0.8,-0.8,0.8,0.0,0.8,0.8,0.8,0.8,0.0,0.8,0.8,-2.4000000000000004,1.6,0.8,0.8,1.6,-0.8,2.4000000000000004,0.0,1.6,0.8,0.0,1.6,-0.8,0.0,0.8,0.0,0.8,-0.8,0.8,0.0,0.0,0.0,0.0,0.8,-0.8,0.0,0.8,0.0,1.6,0.0,0.0,1.6,0.8,1.6,0.8,2.4000000000000004,0.8,0.8,0.8,0.8,2.4000000000000004,0.0,0.8,0.8,0.0,0.8,0.8,1.6,0.8,0.8,0.8,0.8,0.8,-0.8,0.8,1.6,0.8,1.6,-0.8,0.0,0.8,-1.6,0.0,0.0,0.8,-0.8,0.0,0.8,0.0,0.8,0.8,1.6,0.8,0.8,0.8,0.0,1.6,0.0,0.8,0.8,0.0,1.6,0.8,0.0,1.6,-0.8,0.0,0.0,0.8,0.0,-0.8,1.6,0.0,-0.8,1.6,0.8,0.0,-0.8,-0.8,0.0,0.0,2.4000000000000004,-0.8,-0.8,1.6,0.8,1.6,0.0,0.0,0.0,0.8,0.8,0.0,0.0,1.6,0.0,0.8,0.0,0.8,-0.8,0.0,0.8,0.0,-0.8,0.0,0.0,0.8,0.0,0.0,0.0,0.8,0.8,0.0,1.6,-0.8,0.8,0.0,0.8,1.6,0.8,0.8,0.8,0.8,2.4000000000000004,-0.8,1.6,0.8,0.0,0.8,-0.8,0.8,0.8,0.8,2.4000000000000004,0.0,1.6,0.0,0.8,0.8,-0.8,0.8,1.6,0.0,0.8,-0.8,0.0,0.0,1.6,-1.6,0.8,0.8,0.0,0.8,0.8,0.0,1.6,0.0,0.8,0.0,0.0,0.0,0.8,0.0,0.8,0.8,0.0,0.0,0.0,0.8,0.8,0.0,0.8,-0.8,0.8,0.8,-0.8,2.4000000000000004,0.0,-0.8,0.8,0.8,1.6,0.0,0.8,1.6,0.0,1.6,-0.8,0.8,0.8,-0.8,0.8,0.8,0.8,0.8,0.8,1.6,0.0,0.8,0.8,1.6,0.8,-0.8,0.0,-0.8,0.0,0.8,-0.8,1.6,0.8,-0.8,0.0,0.8,0.8,-0.8,0.0,0.8,0.8,1.6,0.0,0.8,1.6,0.8,0.8,1.6,0.0,-0.8,0.8,0.0,0.0,0.8,0.8,0.8,1.6,0.8,0.0,0.0,0.0,0.8,-0.8,1.6,0.0,0.8,1.6,0.8,0.8,0.0,0.8,1.6,0.0,0.0,2.4000000000000004,1.6,1.6,0.0,0.8,0.0,0.0,0.8,0.8,0.8,0.8,0.8,-0.8,-0.8,0.8,0.8,0.0,0.0,2.4000000000000004,1.6,0.0,0.8,0.8,0.0,1.6,0.0,-1.6,0.0,0.8,1.6,0.0,0.0,0.8,0.0,0.8,-0.8,-1.6,0.8,0.8,0.0,0.0,0.0,0.8,0.0,0.8,1.6,-0.8,0.8,0.0,1.6,0.0,0.0,0.8,-0.8,1.6,0.0,0.8,0.8,0.0,1.6,0.8,0.0,0.8,-0.8,1.6,0.0,0.8,0.0,0.8,1.6,0.8,0.0,0.8,0.0,0.8,0.0,0.0,0.0,0.8,-0.8,0.0,0.0,0.8,-0.8,0.8,0.0,0.0,0.0,0.0,1.6,0.0,-0.8,-0.8,0.0,1.6,0.0,0.8,0.8,0.0,0.8,0.0,0.0,0.8,0.0,0.0,-0.8,0.0,0.0,0.8,0.0,0.0,0.8,0.0,0.0,0.0,0.0,0.0,0.0,-0.8,0.8,0.8,0.8,-0.8,0.0,-0.8,-0.8,0.0,0.8,0.0,-0.8,0.8,0.8,0.0,0.0,0.0,-0.8,0.8,-0.8,-1.6,-0.8,0.0,-0.8,1.6,0.8,0.8,-0.8,0.0,0.8,0.0,-0.8,0.0,-0.8,1.6,-0.8,0.8,-0.8,0.8,1.6,-0.8,0.8,0.0,0.8,0.0,-0.8,0.8,0.8,0.0,0.8,0.8,0.8,-0.8,0.0,-0.8,0.0,0.0,-0.8,0.0,0.0,-0.8,0.8,-0.8,2.4000000000000004,-0.8,-0.8,0.8,0.0,-0.8,0.8,0.8,0.0,0.0,0.8,-0.8,1.6,0.0,-0.8,1.6,-0.8,1.6,1.6,-0.8,0.8,-0.8,0.0,-0.8,-1.6,0.8,0.0,0.8,0.0,-0.8,-0.8,0.0,0.0,0.0,-0.8,-0.8,2.4000000000000004,0.8,-2.4000000000000004,0.8,1.6,-1.6,-1.6,1.6,0.0,-0.8,0.0,1.6,-0.8,0.0,0.0,2.4000000000000004,0.8,-0.8,-0.8,0.0,0.0,0.0,0.0,0.8,0.0,0.0,1.6,0.8,0.0,-0.8,0.0,-0.8,0.0,-0.8,0.0,0.0,-1.6,-0.8,-0.8,0.0,0.0,0.0,0.0,0.0,0.0,0.0,0.0,0.8,0.0,0.0,0.0,0.8,-0.8,-0.8,0.0,1.6,-0.8,0.0,-0.8,0.8,0.8,0.0,0.8,-0.8,0.0,-0.8,-1.6,0.8,0.0,0.8,-0.8,0.8,0.8,-0.8,1.6,0.0,0.0,0.8,0.0,1.6,0.8,0.8,0.8,-0.8,1.6,-0.8,-0.8,0.0,0.0,0.0,-0.8,0.0,-0.8,-0.8,0.8,-0.8,0.8,-1.6,0.0,2.4000000000000004,-1.6,0.0,0.0,-0.8,1.6,-0.8,0.0,0.8,0.0,-0.8,-2.4000000000000004,0.0,0.0,0.8,0.8,0.0,0.0,0.8,0.8,0.0,-0.8,0.8,0.0,1.6,0.0,0.0,0.8,-0.8,0.0,0.0,-0.8,-0.8,-0.8,0.8,-0.8,0.0,0.0,0.0,-0.8,0.0,0.0,0.0,0.8,-0.8,0.8,1.6,1.6,0.8,0.8,0.8,0.8,-0.8,0.8,0.0,0.8,-0.8,-0.8,0.8,-0.8,-0.8,0.8,0.8,1.6,-1.6,-0.8,-0.8,-0.8,-0.8,-1.6,0.8,0.0,-0.8,0.0,-1.6,1.6,0.8,0.8,0.0,0.0,1.6,-0.8,0.8,0.0,0.0,0.8,-1.6,0.0,0.0,0.0,0.8,-0.8,0.0,-0.8,-0.8,0.0,-1.6,0.8,0.0,-0.8,0.0,0.0,0.8,-0.8,0.8,0.0,-1.6,0.0,0.8,0.0,-0.8,0.0,1.6,0.0,0.8,0.0,0.0,0.8,0.0,0.0,-0.8,0.8,0.8,0.0,1.6,0.0,0.8,0.8,-0.8,1.6,0.0,-1.6,-0.8,0.0,0.8,-0.8,0.0,0.8,0.8,0.8,1.6,0.8,0.8,-0.8,0.0,0.0,1.6,0.8,0.8,1.6,0.8,0.0,0.8,0.0,0.8,0.8,0.0,0.8,0.8,0.8,1.6,0.8,1.6,0.8,0.8,-0.8,0.8,0.0,0.0,-0.8,0.0,0.8,0.8,0.0,0.0,0.0,0.0,0.8,-0.8,1.6,0.8,-0.8,1.6,0.8,0.0,1.6,0.0,0.8,0.0,0.0,0.0,-0.8,0.0,-1.6,0.0,0.0,0.8,2.4000000000000004,0.0,0.8,1.6,0.0,0.0,1.6,-0.8,-0.8,0.0,1.6,-0.8,0.0,0.0,0.0,1.6,0.0,0.8,-1.6,0.0,0.0,0.0,0.0,0.8,0.8,0.8,0.0,1.6,0.0,0.8,1.6,-1.6,0.0,0.0,0.0,-0.8,2.4000000000000004,0.8,-0.8,2.4000000000000004,0.8,0.0,2.4000000000000004,0.0,0.8,0.0,0.0,1.6,1.6,0.8,0.0,1.6,1.6,0.0,1.6,0.0,0.8,0.0,-0.8,0.8,0.8,-0.8,1.6,0.0,0.8,0.0,0.0,0.0,0.8,0.8,1.6,0.8,0.8,0.0,0.0,0.8,0.8,0.8,0.0,-0.8,0.0,0.0,1.6,0.8,0.8,0.8,0.0,0.0,0.0,0.0,1.6,-0.8,0.8,-0.8,-0.8,1.6,0.8,1.6,0.0,0.8,0.0,-1.6,1.6,0.8,-0.8,1.6,-0.8,0.0,0.0,1.6,1.6,0.0,1.6,0.0,1.6,1.6,0.8,0.0,-0.8,0.0,-0.8,0.0,0.8,0.0,0.0,0.0,0.0,0.8,-2.4000000000000004,1.6,0.8,-0.8,0.8,-0.8,0.8,0.0,0.8,-0.8,1.6,0.8,0.0,0.8,0.0,0.0,0.8,0.8,0.8,0.8,0.0,1.6,0.8,1.6,-0.8,0.8,0.8,0.8,0.0,0.0,0.0,0.8,0.0,2.4000000000000004,0.8,0.8,0.8,0.8,0.0,0.8,0.0,2.4000000000000004,-0.8,0.8,0.0,0.0,-1.6,0.0,0.8,0.8,0.8,0.0,0.8,0.8,0.0,0.8,0.8,0.0,0.0,0.0,0.8,0.8,0.0,0.8,0.8,-0.8,-0.8,0.8,0.0,0.8,0.8,0.0,0.0,0.8,-0.8,0.0,0.8,0.0,-1.6,0.8,0.8,0.0,-0.8,0.0,1.6,-0.8,1.6,-0.8,-0.8,0.8,0.0,0.0,0.8,0.0,0.8,-0.8,0.8,1.6,0.0,0.8,0.0,1.6,-0.8,0.0,0.8,0.0,0.8,0.0,0.0,1.6,-1.6,1.6,0.0,0.0,0.8,-0.8,1.6,-0.8,0.8,0.8,0.0,2.4000000000000004,0.8,0.8,1.6,-0.8,0.8,-0.8,0.8,-0.8,0.0,0.8,0.8,0.8,0.0,-0.8,0.8,-0.8,0.8,0.0,0.0,0.8,0.8,1.6,-1.6,-0.8,1.6,0.8,0.8,0.0,-0.8,2.4000000000000004,0.0,0.0,0.0,0.8,0.0,-0.8,0.0,0.8,0.8,-0.8,0.0,0.8,0.0,-0.8,0.0,-0.8,0.0,0.0,0.0,-0.8,0.8,0.0,0.0,0.8,0.0,0.0,0.0,0.8,0.0,0.8,0.8,0.8,0.8,0.8,-0.8,0.0,0.0,0.8,-1.6,0.0,0.8,-0.8,0.8,0.8,0.8,0.0,0.0,0.0,0.0,0.8,0.0,0.8,0.0,0.0,0.8,0.0,0.0,0.0,0.8,0.8,-0.8,1.6,0.0,-0.8,0.0,0.8,0.0,1.6,0.0,0.0,0.0,0.8,-0.8,0.0,0.0,-1.6,1.6,0.0,0.0,1.6,0.0,0.8,-0.8,-0.8,0.0,0.0,0.8,0.0,-0.8,0.0,0.8,0.0,0.0,0.0,1.6,0.0,0.8,-0.8,0.8,0.8,-0.8,1.6,-0.8,0.8,-0.8,-0.8,0.0,0.0,-0.8,0.8,0.0,-0.8,-0.8,0.8,0.8,-0.8,0.8,0.0,0.8,0.8,-0.8,0.0,0.0,-0.8,-0.8,0.0,2.4000000000000004,0.0,0.8,0.0,0.0,0.0,0.8,0.8,-0.8,0.0,0.8,0.0,0.0,0.8,0.8,0.0,0.8,0.8,0.8,0.0,0.0,0.8,-0.8,0.8,0.0,0.8,0.8,0.0,0.0,-0.8,1.6,0.8,-1.6,1.6,3.2,-1.6,-0.8,2.4000000000000004,2.4000000000000004,0.0,1.6,0.8,1.6,0.8,0.8,1.6,0.8,-1.6,0.0,0.0,1.6,-0.8,0.8,1.6,0.8,0.0,0.0,0.0,1.6,-0.8,1.6,0.0,2.4000000000000004,0.0,-0.8,1.6,0.0,0.8,0.0,0.8,0.0,0.0,0.8,0.0,0.0,0.0,1.6,0.8,0.0,1.6,1.6,-0.8,0.8,0.0,0.0,1.6,-0.8,0.8,0.8,1.6,0.8,-0.8,0.8,0.8,0.8,0.8,0.0,-0.8,0.8,0.8,0.0,0.0,0.8,1.6,0.8,0.8,0.0,0.0,0.0,0.0,-0.8,0.0,0.8,0.0,-0.8,1.6,1.6,0.0,0.0,0.0,0.0,0.0,0.0,0.0,0.0,1.6,0.8,0.0,1.6,-0.8,0.8,0.8,0.0,0.8,0.0,1.6,-0.8,2.4000000000000004,0.0,-0.8,0.8,0.0,0.8,0.0,-0.8,0.8,0.0,0.0,-0.8,0.8,0.8,-0.8,1.6,-0.8,-0.8,0.8,-0.8,1.6,-0.8,0.0,0.0,0.0,0.0,-0.8,1.6,0.8,0.0,1.6,0.0,0.8,1.6,0.0,1.6,-0.8,1.6,0.8,-0.8,0.8,0.8,1.6,0.0,-0.8,1.6,-0.8,1.6,0.0,-0.8,0.0,-0.8,1.6,0.0,0.8,0.0,-0.8,0.8,-0.8,-1.6,0.8,1.6,1.6,-0.8,0.8,1.6,0.0,1.6,-0.8,-0.8,1.6,0.0,0.0,0.0,1.6,0.8,0.0,1.6,1.6,1.6,-0.8,0.0,0.8,0.0,1.6,0.0,0.8,1.6,-1.6,0.0,0.8,0.8,1.6,0.0,0.0,0.0,-0.8,1.6,0.8,1.6,0.8,0.8,1.6,1.6,-0.8,0.8,0.8,0.0,0.0,-0.8,0.0,0.8,0.0,1.6,0.0,0.8,0.0,0.0,1.6,0.0,-0.8,1.6,0.0,1.6,0.0,0.0,0.0,0.8,0.8,-1.6,0.8,0.0,1.6,0.8,-0.8,0.8,0.0,0.0,0.0,-0.8,1.6,0.8,0.0,0.8,0.0,0.8,-1.6,0.8,0.8,0.0,0.0,0.0,0.8,0.0,0.0,0.8,0.8,0.0,-1.6,0.0,2.4000000000000004,0.0,0.8,0.8,1.6,1.6,-0.8,0.8,-1.6,0.8,0.0,-0.8,1.6,0.8,0.8,0.8,0.8,1.6,-0.8,1.6,0.8,0.8,-0.8,-0.8,0.0,0.8,0.0,0.8,-0.8,1.6,0.8,0.0,0.8,0.0,1.6,0.0,0.0,0.8,1.6,0.8,0.8,0.8,0.0,0.0,0.8,0.0,1.6,0.0,-0.8,0.0,0.0,0.8,0.8,0.0,0.8,-0.8,0.8,0.8,0.0,-0.8,0.8,0.0,0.0,0.8,-0.8,0.0,0.8,0.0,0.8,-0.8,0.0,0.8,0.8,0.0,-0.8,-0.8,0.0,0.0,-0.8,0.8,1.6,-0.8,0.8,-0.8,-1.6,0.0,-0.8,0.0,0.0,0.0,0.8,0.0,0.8,0.0,-0.8,-0.8,-0.8,0.0,0.0,0.8,0.8,0.8,0.0,0.8,0.0,0.8,-0.8,0.8,1.6,0.0,0.0,0.0,0.0,0.0,0.8,0.0,0.0,0.8,-0.8,0.0,-0.8,0.0,0.0,-0.8,0.0,0.0,0.0,-0.8,0.8,1.6,0.0,0.8,0.8,-0.8,-0.8,0.0,0.0,1.6,0.0,0.0,0.8,0.8,-0.8,0.0,1.6,0.0,-0.8,0.0,-0.8,0.8,-1.6,3.2,0.8,-0.8,0.8,-1.6,-0.8,0.8,0.0,1.6,-0.8,1.6,-0.8,0.8,0.0,0.0,1.6,-0.8,0.0,1.6,0.8,0.8,0.0,-0.8,0.0,0.0,0.0,0.8,0.0,0.8,-1.6,0.0,1.6,-1.6,0.0,0.0,0.8,-0.8,0.8,0.0,-1.6,0.8,0.8,-0.8,0.8,0.8,-0.8,0.8,1.6,1.6,-0.8,0.0,0.8,-0.8,0.8,0.0,-0.8,0.8,0.0,0.8,0.0,0.0,0.8,0.0,0.8,-0.8,0.0,0.8,0.0,0.8,-0.8,0.0,-0.8,-0.8,0.8,-0.8,0.0,0.0,0.8,0.0,-0.8,0.8,0.0,-1.6,0.0,0.0,1.6,0.0,0.0,0.8,0.0,0.0,0.0,0.0,0.8,0.0,0.8,-0.8,-0.8,0.0,0.8,1.6,-0.8,-0.8,0.0,-0.8,0.8,-1.6,0.0,0.8,0.0,0.0,-0.8,0.8,-1.6,-0.8,0.0,0.0,0.0,0.8,0.8,0.8,1.6,1.6,0.8,0.0,-0.8,0.8,0.8,0.0,0.0,-0.8,0.0,0.0,0.0,0.0,0.8,0.0,0.0,1.6,0.8,0.0,-0.8,0.0,0.8,-1.6,0.0,2.4000000000000004,-0.8,0.8,0.0,1.6,0.0,0.0,0.0,0.0,1.6,0.8,0.0,0.8,0.8,0.8,-0.8,0.8,0.0,-0.8,0.0,0.0,0.0,0.8,-0.8,0.0,0.0,0.0,0.8,0.0,1.6,0.8,0.0,1.6,0.0,0.8,-1.6,0.0,0.0,1.6,0.0,0.0,0.8,1.6,-0.8,0.8,-0.8,0.8,-0.8,-1.6,0.8,-0.8,0.8,0.8,-0.8,1.6,0.0,0.8,-0.8,0.0,0.0,0.0,0.8,0.0,0.0,0.0,-1.6,0.8,-0.8,0.8,0.8,-2.4000000000000004,0.8,-0.8,0.8,0.8,0.0,0.8,-0.8,0.0,0.8,0.8,0.8,0.0,0.0,0.0,0.0,0.8,-0.8,0.0,0.8,0.0,0.0,0.8,0.8,0.0,0.8,0.0,-0.8,0.0,0.8,0.8,0.8,0.0,1.6,0.0,1.6,0.0,0.0,0.0,0.0,0.0,0.0,0.8,1.6,0.0,0.8,0.0,0.8,0.0,0.8,1.6,0.0,0.0,0.8,0.0,0.0,0.0,0.0,0.8,0.8,0.0,0.0,0.0,1.6,0.8,-0.8,0.8,1.6,-1.6,1.6,1.6,1.6,-0.8,0.8,0.8,0.8,0.0,0.0,-0.8,0.0,-1.6,0.8,0.8,-0.8,0.8,-0.8,0.8,0.8,-0.8,0.8,-1.6,1.6,-0.8,-0.8,1.6,-0.8,0.8,0.0,0.0,0.8,-0.8,1.6,-0.8,0.8,0.8,-0.8,0.0,-0.8,0.8,0.8,-0.8,0.8,-1.6,0.0,-0.8,0.8,0.8,-0.8
event_86,1625266915.946825,0.8,-0.8,0.0,1.6,0.0,1.6,0.0,-0.8,0.8,0.8,-0.8,0.8,0.0,0.8,-0.8,0.0,0.8,0.0,0.8,0.8,0.8,0.8,0.8,0.8,0.0,0.8,0.8,1.6,0.0,-0.8,0.8,0.0,0.0,1.6,-0.8,0.0,0.8,0.0,0.0,0.8,0.8,1.6,-0.8,1.6,0.8,-0.8,0.8,-0.8,-0.8,0.0,1.6,0.8,0.8,1.6,2.4000000000000004,0.0,1.6,0.0,-0.8,1.6,0.0,0.8,0.0,0.8,0.8,0.8,0.0,-0.8,0.8,-0.8,0.0,1.6,-1.6,0.0,-0.8,-0.8,0.0,-0.8,0.8,0.8,0.0,0.8,0.8,0.0,-0.8,-0.8,0.8,0.0,1.6,-0.8,0.8,1.6,0.8,0.8,0.0,0.8,0.8,0.8,0.8,0.0,0.8,0.0,-2.4000000000000004,-20.800000000000004,-36.8,-27.200000000000003,-12.0,-6.4,-2.4000000000000004,-2.4000000000000004,0.8,-3.2,-0.8,-2.4000000000000004,-3.2,0.0,0.0,0.0,0.0,-0.8,0.0,0.8,0.8,0.0,0.8,1.6,0.8,0.8,-0.8,-0.8,0.8,-0.8,1.6,0.0,-0.8,0.0,0.0,0.0,0.0,0.0,0.0,0.0,0.8,0.0,-0.8,0.0,0.0,0.0,0.8,0.8,0.0,0.0,0.8,1.6,0.8,0.8,-0.8,-0.8,0.8,0.0,-0.8,0.8,0.8,0.8,0.0,0.8,0.8,0.0,0.8,0.8,0.0,0.0,0.0,-0.8,0.8,-0.8,0.0,0.0,0.8,0.0,-0.8,1.6,-0.8,0.0,-0.8,0.0,0.8,0.0,0.8,-0.8,1.6,0.8,-0.8,1.6,0.0,1.6,0.8,-1.6,0.8,-0.8,0.8,0.0,0.0,1.6,-0.8,0.0,-0.8,1.6,0.8,0.0,1.6,0.0,0.8,0.8,0.8,1.6,0.0,0.0,1.6,0.0,3.2,0.8,0.8,-0.8,0.0,0.8,-0.8,0.0,0.8,-0.8,0.8,-0.8,0.0,0.0,0.0,0.8,0.8,0.8,0.8,0.0,0.8,0.0,0.8,-1.6,0.8,0.0,-1.6,0.0,0.0,1.6,0.0,0.0,2.4000000000000004,0.0,1.6,-0.8,0.0,1.6,0.8,0.0,-0.8,0.0,0.8,-0.8,0.8,0.0,0.0,0.8,0.0,1.6,-0.8,0.0,0.8,0.0,0.0,0.0,0.8,0.0,0.8,3.2,-0.8,-1.6,2.4000000000000004,0.0,0.0,2.4000000000000004,2.4000000000000004,-0.8,0.0,0.8,0.8,0.0,0.0,0.8,0.8,0.8,0.0,-0.8,1.6,0.0,0.8,0.0,1.6,1.6,0.0,0.0,0.0,0.0,1.6,0.8,1.6,-1.6,-0.8,0.0,0.8,0.8,0.0,0.8,-0.8,0.0,1.6,0.0,0.8,0.8,-0.8,0.8,-0.8,0.0,0.0,0.0,0.8,0.0,0.0,0.0,-0.8,0.8,-0.8,0.8,0.8,0.0,1.6,0.0,0.0,0.0,-0.8,-0.8,0.0,1.6,0.0,-0.8,0.8,0.8,0.8,-0.8,0.0,0.0,0.0,0.8,-0.8,0.0,0.0,0.0,0.8,0.0,0.8,-0.8,-0.8,0.8,0.0,-1.6,0.8,0.0,0.8,0.0,0.8,0.0,0.8,1.6,0.8,0.8,0.0,0.0,-0.8,0.0,0.0,2.4000000000000004,0.0,0.0,0.8,0.0,0.0,0.8,0.0,1.6,1.6,-0.8,0.0,0.8,0.0,0.8,0.8,0.0,-0.8,0.0,0.0,0.8,0.0,0.0,0.8,0.0,0.8,0.0,0.0,0.0,-0.8,1.6,0.0,0.0,1.6,0.8,0.8,0.8,0.8,0.8,-0.8,0.0,1.6,0.8,-0.8,0.0,0.8,-0.8,1.6,-0.8,-0.8,0.8,-0.8,0.8,-0.8,0.8,0.8,-0.8,1.6,-1.6,-0.8,-0.8,0.8,2.4000000000000004,0.0,0.8,0.8,0.0,0.8,0.0,0.0,0.0,0.0,0.0,0.0,0.8,-0.8,-0.8,0.0,0.8,0.0,-1.6,-0.8,0.8,-0.8,-0.8,-0.8,0.8,0.0,-0.8,0.0,0.0,0.0,0.8,0.0,0.0,-0.8,0.0,0.8,0.0,0.8,1.6,0.8,1.6,1.6,-0.8,0.8,-0.8,0.8,0.0,-0.8,0.0,0.0,0.0,0.8,0.8,0.8,0.0,1.6,0.0,0.0,0.8,0.0,-0.8,0.8,-0.8,0.0,0.0,0.8,0.8,0.8,0.8,-0.8,0.0,0.0,0.8,0.8,0.0,0.8,-1.6,-0.8,0.8,0.0,0.0,-0.8,0.8,0.0,0.8,0.8,0.0,0.8,0.0,0.8,0.0,-0.8,0.8,0.0,0.8,0.0,-0.8,0.8,0.8,-0.8,0.0,0.0,0.8,0.0,0.0,0.0,0.0,1.6,0.0,0.0,0.0,0.0,0.8,0.8,0.8,0.8,0.8,0.0,0.8,1.6,0.0,0.0,0.8,0.0,0.8,0.8,-0.8,0.0,-0.8,0.8,0.0,0.8,0.8,-0.8,0.0,0.0,1.6,1.6,-0.8,0.8,1.6,0.0,1.6,0.0,0.0,0.0,-0.8,0.8,0.8,0.0,0.8,1.6,1.6,0.0,0.8,-0.8,0.8,-0.8,0.8,0.8,0.8,-0.8,-0.8,1.6,0.8,0.8,0.8,0.8,0.8,0.8,0.0,-0.8,0.0,1.6,1.6,0.0,0.0,0.8,0.0,-0.8,1.6,0.0,-0.8,-0.8,0.0,0.8,0.8,0.8,0.8,-0.8,0.8,0.0,0.0,1.6,0.0,0.8,-0.8,1.6,0.0,-0.8,0.8,0.8,1.6,0.0,0.0,0.8,0.0,0.8,-1.6,0.0,0.8,-0.8,0.0,-0.8,0.8,1.6,-0.8,0.0,0.0,0.0,0.8,-0.8,1.6,-1.6,0.8,0.8,0.8,2.4000000000000004,0.0,1.6,0.8,-0.8,0.0,-0.8,1.6,1.6,-0.8,1.6,0.0,1.6,0.0,0.8,0.0,0.0,0.8,-0.8,0.0,0.8,0.0,2.4000000000000004,0.0,0.0,0.8,-0.8,0.0,0.8,0.0,0.8,0.0,0.8,0.0,0.0,0.0,0.0,0.8,0.8,0.8,0.8,1.6,0.8,0.0,0.0,1.6,0.0,-0.8,0.8,0.8,0.8,-0.8,0.0,0.0,0.8,-0.8,-0.8,1.6,0.0,1.6,0.8,0.8,1.6,0.0,0.8,1.6,-0.8,-0.8,0.0,0.8,0.0,0.8,0.0,0.8,0.8,0.8,0.0,-0.8,0.8,0.0,0.8,0.0,0.0,0.0,0.0,0.0,0.8,-0.8,-0.8,0.0,0.8,-0.8,0.8,0.8,0.0,0.8,-0.8,1.6,0.8,-0.8,1.6,0.0,0.0,1.6,0.0,0.8,0.0,1.6,-0.8,0.0,1.6,1.6,0.8,0.0,-0.8,0.8,-0.8,0.0,0.8,0.0,0.0,0.8,0.8,0.8,0.0,0.0,-0.8,2.4000000000000004,-0.8,0.8,0.0,0.0,0.0,-0.8,1.6,-0.8,0.0,0.8,0.8,0.8,0.0,-0.8,0.8,0.0,0.8,0.0,0.0,0.0,0.8,0.8,-0.8,0.8,-0.8,-0.8,0.8,0.8,0.8,0.8,0.0,0.8,0.0,0.8,0.8,0.0,0.8,-0.8,-0.8,0.0,0.8,0.8,0.8,-0.8,0.8,0.8,1.6,1.6,-0.8,0.0,-0.8,-1.6,0.0,0.8,1.6,0.0,0.0,0.0,0.0,0.0,0.0,1.6,0.0,0.0,1.6,0.0,0.0,0.0,0.0,1.6,-0.8,0.0,0.8,-0.8,0.0,-0.8,0.8,0.8,0.8,0.8,0.8,0.8,0.8,-0.8,0.8,-0.8,0.8,0.0,-0.8,0.8,-0.8,0.8,2.4000000000000004,0.0,1.6,0.0,1.6,0.0,0.8,0.0,0.0,0.8,0.8,0.0,0.0,0.0,0.8,0.8,-0.8,0.8,-1.6,0.8,0.8,0.8,0.8,0.0,0.8,0.8,0.0,0.8,0.0,0.8,0.0,0.0,0.0,0.0,0.8,0.0,0.0,0.8,0.0,0.0,0.8,0.0,-0.8,1.6,0.0,-2.4000000000000004,0.8,0.8,0.8,0.0,-0.8,0.8,0.8,1.6,0.0,-0.8,0.8,0.0,-0.8,0.0,0.0,0.0,0.0,0.0,1.6,0.0,0.0,0.8,0.0,0.0,0.0,0.0,0.8,-0.8,0.8,0.0,1.6,0.0,0.8,0.8,0.0,0.0,0.0,-0.8,0.0,1.6,-0.8,1.6,0.8,1.6,-0.8,0.8,1.6,0.0,0.0,-0.8,-0.8,1.6,0.0,0.8,0.8,-0.8,-0.8,0.0,0.0,1.6,0.0,0.0,0.0,1.6,0.0,0.0,0.0,0.8,0.8,-0.8,0.0,-1.6,1.6,1.6,-2.4000000000000004,1.6,1.6,-1.6,0.0,0.0,0.8,0.0,-0.8,1.6,0.0,0.0,0.0,-1.6,0.8,-1.6,0.8,0.0,-0.8,0.8,0.0,0.0,0.8,0.8,-0.8,-0.8,1.6,0.0,0.0,0.8,0.8,0.8,0.8,-0.8,-0.8,0.0,0.0,-1.6,0.8,0.0,0.0,0.0,0.8,0.8,-0.8,0.0,0.8,0.0,0.0,0.0,0.8,0.8,0.0,0.8,0.0,0.0,0.0,1.6,0.0,0.0,0.8,0.0,0.0,0.0,1.6,0.8,0.8,0.8,0.8,0.8,0.0,0.0,1.6,0.0,0.8,0.0,0.8,0.8,0.8,1.6,0.8,-1.6,0.8,-0.8,0.8,0.0,0.0,0.0,0.8,0.8,-1.6,0.8,0.8,0.0,0.8,0.8,0.0,1.6,1.6,-0.8,0.0,1.6,0.8,-0.8,0.0,0.0,1.6,0.0,0.0,0.0,-1.6,0.0,0.8,0.0,0.8,0.0,2.4000000000000004,0.8,0.8,0.8,0.8,0.8,-0.8,-1.6,0.8,0.0,0.0,0.0,0.8,0.8,0.0,1.6,0.0,-0.8,0.8,-0.8,0.0,-0.8,0.8,0.8,-0.8,0.0,0.0,0.0,0.0,0.0,0.8,-0.8,1.6,0.0,0.0,1.6,-0.8,0.0,0.8,0.8,0.0,0.0,1.6,-0.8,0.0,0.8,0.8,2.4000000000000004,-0.8,0.0,1.6,0.8,-0.8,0.0,0.8,0.8,-0.8,-0.8,-0.8,0.8,0.0,1.6,0.0,0.8,0.0,0.0,0.0,0.0,0.0,1.6,0.0,1.6,0.0,0.0,0.8,0.8,1.6,-0.8,0.8,0.0,0.8,1.6,-0.8,0.0,0.8,1.6,-0.8,0.0,1.6,0.0,-0.8,0.0,0.8,0.8,0.0,0.0,-0.8,0.0,0.8,0.0,0.0,0.8,0.8,0.8,0.0,0.0,-1.6,0.0,1.6,-0.8,0.8,0.0,2.4000000000000004,0.8,-0.8,0.8,-1.6,0.0,0.0,-0.8,0.8,0.0,0.8,0.8,0.0,2.4000000000000004,0.0,0.8,0.0,0.0,0.0,0.0,-0.8,0.0,0.8,1.6,-1.6,0.8,-0.8,0.0,0.8,0.0,0.0,-0.8,0.8,0.0,0.0,0.0,0.0,0.0,0.8,0.8,1.6,0.0,0.8,0.0,-0.8,0.0,0.0,0.8,0.0,0.0,-0.8,-0.8,0.0,0.0,0.8,0.0,0.8,-0.8,0.8,0.0,0.0,-0.8,0.0,2.4000000000000004,-0.8,0.8,0.8,0.0,0.8,0.0,0.8,0.8,-0.8,0.0,0.0,0.0,0.0,-0.8,0.8,0.0,-1.6,0.8,0.0,0.0,0.0,0.0,2.4000000000000004,-0.8,0.8,0.0,0.0,0.8,-1.6,0.0,-0.8,0.8,1.6,-1.6,0.0,0.8,0.8,1.6,0.0,-0.8,1.6,0.8,-1.6,0.0,1.6,0.0,-0.8,1.6,1.6,1.6,-1.6,1.6,0.0,0.0,0.0,-0.8,0.0,0.0,-0.8,0.0,1.6,0.8,-0.8,0.0,-0.8,-0.8,-0.8,0.0,0.8,0.8,-0.8,0.8,0.8,1.6,-0.8,0.8,0.8,0.0,0.8,-1.6,-0.8,0.8,-0.8,0.8,0.8,0.0,-1.6,0.0,0.8,0.8,-0.8,0.8,0.0,0.8,-0.8,-0.8,0.0,0.0,0.0,-0.8,0.0,-0.8,0.0,0.8,0.0,0.0,0.0,0.0,-0.8,-0.8,0.8,0.0,0.0,0.8,0.0,-1.6,0.0,-0.8,0.8,1.6,0.0,0.0,0.8,0.8,0.0,-0.8,1.6,0.0,-1.6,0.8,1.6,1.6,0.8,0.0,1.6,0.0,0.0,-1.6,-0.8,0.8,-1.6,0.0,-0.8,0.8,0.8,-0.8,1.6,0.8,0.0,0.0,0.0,0.8,0.0,0.0,0.0,0.0,0.8,-1.6,0.8,0.0,-0.8,0.8,0.8,0.8,0.0,-0.8,0.0,0.0,0.8,-1.6,0.8,0.8,0.0,0.0,0.0,-0.8,0.0,-0.8,0.0,-1.6,-0.8,0.8,0.8,0.8,0.0,-0.8,0.8,0.0,0.8,-1.6,0.8,-0.8,0.0,0.8,-0.8,0.8,-0.8,0.0,0.8,-0.8,0.0,1.6,0.8,0.0,-1.6,0.0,0.0,-0.8,-0.8,0.0,0.8,-0.8,0.8,-0.8,-0.8,-0.8,0.0,0.8,-0.8,0.0,0.8,0.0,0.0,0.0,0.8,0.0,0.8,-0.8,0.0,0.8,0.0,-0.8,-0.8,0.0,0.0,0.0,0.0,0.8,0.8,0.8,-1.6,0.0,-0.8,0.8,0.0,0.0,0.8,0.0,-0.8,0.8,-0.8,0.8,-0.8,-0.8,-1.6,-0.8,0.8,-0.8,0.8,1.6,0.0,1.6,0.8,0.8,-0.8,0.0,0.8,-0.8,0.8,0.8,0.8,1.6,-2.4000000000000004,1.6,0.0,0.8,0.8,-0.8,0.0,0.0,-0.8,2.4000000000000004,-0.8,0.8,-0.8,-0.8,0.8,0.0,0.0,0.8,0.8,1.6,-1.6,0.8,-0.8,0.0,0.0,-0.8,0.8,-0.8,1.6,0.8,0.0,0.8,-0.8,0.0,-0.8,-0.8,0.8,-0.8,0.0,-1.6,-0.8,-0.8,0.0,1.6,0.0,-0.8,1.6,0.0,-0.8,1.6,0.0,-1.6,0.8,0.0,-2.4000000000000004,1.6,0.8,0.0,-0.8,-0.8,1.6,0.0,1.6,0.0,0.0,0.0,0.0,0.0,0.0,-0.8,0.8,0.8,0.8,0.8,0.8,0.0,0.8,0.8,-1.6,0.0,0.0,0.8,0.0,0.0,0.8,0.8,0.8,0.0,0.0,0.8,0.8,0.0,0.0,-0.8,0.0,-0.8,0.8,0.0,1.6,-0.8,-0.8,0.8,0.8,0.0,0.8,0.0,0.0,-0.8,0.8,1.6,-0.8,0.0,0.0,0.8,0.8,-0.8,0.8,-0.8,0.8,0.8,-0.8,1.6,-0.8,0.8,0.8,0.0,0.0,0.0,1.6,0.8,0.8,0.8,0.0,0.8,0.0,0.8,0.8,-0.8,1.6,0.0,0.0,0.8,-0.8,0.8,-0.8,-0.8,0.8,0.0,0.8,0.0,0.8,0.8,-0.8,0.0,0.0,0.8,0.8,-0.8,-0.8,0.8,0.0,0.8,-0.8,0.0,0.8,0.8,-0.8,1.6,0.8,0.0,0.8,0.0,-0.8,0.0,0.0,0.0,0.8,0.0,0.8,-0.8,0.8,0.0,0.8,0.8,0.8,0.0,0.8,1.6,0.8,0.0,0.8,0.8,0.8,1.6,0.0,0.0,1.6,0.8,-0.8,1.6,0.8,0.8,-0.8,-0.8,0.0,0.0,0.0,0.8,0.8,0.8,-0.8,-0.8,0.0,1.6,-1.6,0.8,0.0,-0.8,0.0,0.0,0.0,0.8,0.0,0.8,1.6,-1.6,1.6,0.0,0.0,-1.6,0.0,0.8,-0.8,0.8,0.0,1.6,0.8,0.0,0.8,0.0,0.8,0.8,0.8,0.0,0.0,1.6,0.8,0.8,0.8,-0.8,2.4000000000000004,0.8,0.0,0.8,0.8,0.0,-0.8,0.8,0.0,-0.8,2.4000000000000004,0.0,-0.8,0.8,0.0,0.0,-1.6,0.8,0.0,-0.8,-0.8,0.0,0.8,0.8,0.0,0.8,-0.8,-1.6,0.8,0.0,-0.8,0.0,0.0,0.8,0.0,0.0,0.8,0.8,1.6,0.0,0.0,1.6,1.6,0.0,1.6,0.0,0.8,-0.8,0.0,0.8,0.8,-0.8,-0.8,0.0,0.0,0.0,2.4000000000000004,0.0,0.8,0.0,0.8,0.8,0.0,0.0,0.0,0.8,0.8,-0.8,0.0,0.8,-1.6,0.0,0.8,0.8,-0.8,2.4000000000000004,0.8,0.0,1.6,-0.8,0.0,-0.8,-0.8,0.0,-0.8,-0.8,0.8,-0.8,0.0,-0.8,-0.8,0.8,0.0,1.6,0.0,1.6,0.8,-0.8,0.8,0.0,0.8,-0.8,-0.8,2.4000000000000004,0.0,1.6,-0.8,2.4000000000000004,0.8,0.0,0.8,-1.6,0.0,0.8,-0.8,1.6,0.0,1.6,0.0,0.0,0.8,-0.8,-0.8,0.0,0.0,0.0,0.0,0.0,-0.8,-0.8,0.8,0.8,0.8,0.0,0.8,0.8,0.0,0.8,-0.8,0.0,1.6,0.8,0.0,0.0,0.0,1.6,0.0,0.8,0.0,1.6,-0.8,0.0,-0.8,0.0,0.0,0.8,0.8,0.0,0.0,0.0,-1.6,0.0,-0.8,-0.8,0.8,-0.8,0.8,0.8,0.0,0.8,0.0,0.8,-0.8,0.0,0.0,0.8,-0.8,-0.8,0.8,-0.8,0.0,0.0,0.0,1.6,-0.8,0.0,0.0,-1.6,0.8,-0.8,0.0,1.6,-0.8,0.8,-0.8,0.8,0.0,0.0,1.6,-1.6,-0.8,-0.8,1.6,1.6,-0.8,0.8,0.8,0.0,1.6,0.0,-0.8,0.8,1.6,0.0,-0.8,1.6,-0.8,0.8,0.0,-0.8,2.4000000000000004,0.0,0.0,0.0,-0.8,0.0,0.0,1.6,-0.8,0.8,0.0,0.0,0.8,0.0,0.0,0.8,-1.6,0.0,0.8,0.0,0.0,0.0,2.4000000000000004,-1.6,-0.8,2.4000000000000004,0.0,-1.6,0.8,0.8,-0.8,-2.4000000000000004,2.4000000000000004,0.8,0.0,0.0,1.6,1.6,-1.6,-2.4000000000000004,0.8,-0.8,0.0,-0.8,1.6,0.0,0.0,-0.8,0.0,0.0,0.0,0.0,0.0,0.0,0.0,-0.8,-0.8,0.0,0.0,-0.8,0.8,1.6,0.0,0.0,0.0,0.0,-0.8,0.0,0.8,0.0,0.8,0.0,0.8,0.0,-0.8,-0.8,-0.8,0.8,-0.8,-1.6,0.0,0.8,-0.8,-1.6,-0.8,2.4000000000000004,-0.8,0.8,0.0,0.0,1.6,0.8,-0.8,0.8,0.0,0.0,0.0,0.8,0.8,0.0,0.8,0.0,1.6,-0.8,0.8,0.0,0.8,0.0,0.0,-0.8,1.6,0.8,2.4000000000000004,0.8,0.0,1.6,-1.6,0.8,0.0,0.8,0.8,0.0,0.0,0.8,0.0,1.6,0.0,1.6,-0.8,-0.8,0.8,-0.8,0.8,1.6,1.6,0.8,-0.8,0.8,0.0,0.8,0.8,0.0,0.0,0.8,0.8,-0.8,-0.8,0.0,0.0,0.8,0.8,-0.8,2.4000000000000004,0.8,0.8,0.8,0.0,0.8,0.0,0.0,0.8,0.8,0.0,0.0,0.0,0.0,0.0,0.8,0.0,0.0,0.8,0.0,0.0,0.8,0.8,0.8,0.8,0.0,-0.8,0.0,1.6,0.8,0.8,0.8,0.0,0.0,0.0,0.0,-1.6,0.0,2.4000000000000004,-0.8,0.8,0.0,0.8,0.8,0.0,1.6,0.0,0.0,0.0,0.0,-0.8,-0.8,0.8,0.0,-0.8,-0.8,0.0,0.8,0.8,0.8,2.4000000000000004,0.0,1.6,0.0,0.0,2.4000000000000004,0.8,-0.8,-0.8,1.6,1.6,-0.8,2.4000000000000004,0.8,-0.8,0.8,-0.8,0.0,0.8,-0.8,1.6,0.8,1.6,-1.6,0.8,0.0,0.8,-0.8,0.8,0.0,0.0,-0.8,0.0,0.8,0.8,0.8,1.6,0.8,-0.8,2.4000000000000004,0.8,-0.8,1.6,0.0,0.8,0.8,0.0,0.8,0.8,0.0,0.8,-0.8,-0.8,1.6,0.0,0.8,0.0,0.0,0.8,0.8,0.8,0.8,0.8,1.6,-0.8,0.0,0.8,0.8,0.0,-1.6,0.0,0.8,0.0,1.6,0.0,-0.8,0.0,0.0,0.0,0.0,1.6,0.8,0.8,0.0,0.0,0.0,-0.8,0.0,1.6,-0.8,0.0,0.0,-0.8,0.8,0.8,0.8,0.8,0.8,0.8,1.6,1.6,-1.6,0.0,0.8,0.0,2.4000000000000004,-0.8,0.8,0.8,0.8,1.6,0.0,1.6,0.8,0.0,0.8,0.0,0.8,0.0,0.8,0.8,0.0,1.6,0.0,0.0,1.6,-0.8,1.6,-0.8,2.4000000000000004,1.6,-0.8,1.6,-0.8,1.6,2.4000000000000004,-0.8,0.0,2.4000000000000004,1.6,-1.6,1.6,2.4000000000000004,-0.8,0.8,0.8,-0.8,1.6,0.8,0.8,-0.8,0.0,0.0,0.0,0.8,0.0,0.8,1.6,-1.6,1.6,0.8,0.0,1.6,-0.8,-0.8,0.8,2.4000000000000004,0.0,0.0,0.8,0.0,0.8,1.6,0.8,-0.8,0.8,0.0,0.0,-0.8,0.8,0.8,1.6,0.0,0.8,0.8,1.6,0.0,0.8,0.0,-0.8,0.0,0.0,0.0,0.0,-0.8,1.6,0.0,0.0,1.6,0.8,0.0,-0.8,0.8,0.8,0.8,0.8,0.8,1.6,1.6,0.0,0.8,0.0,1.6,0.0,0.0,0.0,-0.8,0.8,0.0,-0.8,0.8,-1.6,1.6,0.0,1.6,-0.8,0.8,2.4000000000000004,-0.8,0.0,1.6,0.0,1.6,0.0,0.8,0.0,-0.8,1.6,0.8,1.6
event_87,1625266918.1029482,0.0,0.8,-1.6,0.8,0.8,-0.8,0.8,-0.8,-0.8,0.0,0.0,0.0,-0.8,0.8,2.4000000000000004,0.8,1.6,-0.8,0.0,2.4000000000000004,0.0,0.0,0.0,1.6,0.0,-0.8,0.8,0.0,0.0,0.8,0.0,1.6,-0.8,0.0,0.0,0.8,0.8,0.0,0.0,0.8,0.0,0.0,1.6,0.8,0.8,-0.8,0.0,0.8,1.6,0.0,-0.8,0.8,0.8,0.0,0.8,0.0,0.8,0.0,-0.8,0.0,0.8,-0.8,1.6,0.0,0.8,0.0,0.0,-0.8,0.0,0.0,-0.8,0.0,0.0,0.8,-0.8,0.0,0.8,0.0,0.8,1.6,-1.6,1.6,0.0,0.0,0.8,-0.8,1.6,-0.8,-0.8,0.8,0.0,0.8,0.8,0.0,-0.8,-0.8,0.0,0.8,0.0,0.8,0.0,0.8,0.0,-21.6,-74.4,-78.39999999999999,-43.2,-18.4,-9.600000000000001,-3.2,-2.4000000000000004,-4.800000000000001,-6.4,-2.4000000000000004,-3.2,-2.4000000000000004,-0.8,-1.6,0.0,0.0,-1.6,0.0,-0.8,0.8,0.8,-1.6,0.8,1.6,0.0,0.0,0.8,0.0,-0.8,0.0,0.0,0.0,-0.8,-0.8,1.6,0.8,0.0,0.0,0.0,1.6,0.0,0.0,0.0,1.6,0.8,0.0,0.8,0.8,0.0,0.8,0.8,0.8,0.0,-0.8,-0.8,0.0,0.0,1.6,0.0,0.0,0.8,0.0,0.0,0.0,0.0,1.6,0.0,0.8,0.0,-0.8,-0.8,0.0,0.8,-0.8,0.0,0.0,0.0,0.8,0.0,0.8,0.0,-0.8,0.8,-1.6,1.6,0.0,-0.8,1.6,-0.8,0.8,-0.8,0.8,0.8,0.0,0.8,0.0,-0.8,1.6,-0.8,0.8,0.0,-1.6,-2.4000000000000004,-0.8,0.8,0.8,0.8,0.0,0.8,0.8,0.0,0.8,-0.8,-0.8,0.0,-0.8,0.8,0.8,0.0,0.8,0.0,0.0,-0.8,-0.8,0.0,0.8,0.0,0.0,-0.8,-0.8,0.8,0.0,0.0,1.6,0.0,0.8,0.0,0.0,0.0,-1.6,0.0,1.6,1.6,0.0,0.0,0.8,0.0,0.0,0.8,-0.8,1.6,0.0,0.8,0.0,0.0,0.0,0.0,0.8,0.8,-0.8,0.0,-1.6,0.8,-0.8,0.0,0.0,0.0,0.0,-0.8,0.8,0.8,0.0,1.6,0.0,0.8,0.8,0.0,0.0,-1.6,1.6,0.0,0.0,2.4000000000000004,-0.8,0.0,0.0,-0.8,0.0,-1.6,0.8,0.0,-0.8,0.8,0.0,0.8,-0.8,1.6,0.8,-0.8,2.4000000000000004,0.0,-1.6,0.8,1.6,0.8,0.0,0.8,0.8,0.8,1.6,-0.8,-0.8,0.8,-0.8,1.6,0.0,0.8,0.8,-0.8,1.6,0.8,1.6,-0.8,0.0,0.0,-2.4000000000000004,0.0,0.0,0.0,0.8,0.0,0.0,0.0,0.0,0.8,0.0,0.8,0.0,-0.8,1.6,-0.8,1.6,-0.8,0.8,0.8,0.0,0.0,0.0,0.0,0.0,-0.8,0.0,-0.8,0.8,0.0,1.6,1.6,0.0,0.0,0.0,-1.6,-0.8,-0.8,0.8,0.0,0.8,0.0,0.0,0.8,-0.8,0.8,0.8,-0.8,-0.8,2.4000000000000004,0.8,-1.6,0.8,-1.6,-0.8,0.0,0.0,1.6,0.8,0.0,0.0,-0.8,0.0,0.0,2.4000000000000004,0.8,0.0,0.8,0.8,0.0,-0.8,0.0,0.0,0.0,0.8,-0.8,0.0,1.6,-1.6,1.6,-0.8,0.8,0.8,0.0,0.0,0.0,1.6,1.6,-0.8,0.8,0.0,0.8,0.0,0.0,0.8,0.0,0.8,-0.8,0.8,-0.8,-1.6,0.8,0.0,0.0,0.8,-1.6,1.6,0.0,0.8,0.8,0.0,2.4000000000000004,0.0,0.8,0.0,0.8,0.0,0.0,0.0,0.8,0.0,1.6,0.0,0.8,-0.8,-1.6,0.0,-0.8,0.8,1.6,0.8,0.8,-0.8,0.8,0.0,0.8,-0.8,0.0,0.8,0.8,0.8,-0.8,-0.8,0.0,0.8,1.6,0.8,-0.8,1.6,0.0,0.0,0.0,0.0,0.8,0.8,-0.8,0.0,0.0,0.0,0.8,0.0,0.0,0.8,0.8,0.0,-1.6,0.8,0.0,0.0,0.0,0.0,0.0,0.0,-0.8,0.0,-0.8,0.8,0.8,-0.8,0.0,0.0,1.6,1.6,-0.8,0.8,0.8,0.8,-0.8,-0.8,1.6,0.0,0.0,0.0,0.0,0.8,-0.8,0.0,0.0,-0.8,0.0,0.0,0.8,0.8,-0.8,0.8,0.8,0.8,0.8,0.8,0.0,0.0,0.0,0.0,0.0,1.6,-0.8,0.8,0.8,0.8,0.0,0.8,0.8,0.0,0.0,0.0,0.0,1.6,-0.8,1.6,0.8,0.0,-0.8,-0.8,0.0,0.8,-0.8,1.6,0.0,0.8,0.0,-0.8,0.0,0.8,1.6,0.0,0.0,0.0,1.6,0.8,-0.8,0.8,0.0,0.0,-0.8,0.8,0.0,0.0,0.8,0.0,0.0,0.0,0.8,0.0,0.0,0.0,0.0,0.0,0.0,0.8,0.8,0.0,0.8,-1.6,0.0,0.8,0.0,0.8,0.8,0.8,1.6,-1.6,1.6,1.6,0.0,0.0,0.0,1.6,0.0,0.0,0.8,0.8,1.6,-0.8,0.8,0.8,0.0,1.6,0.0,0.0,-0.8,0.8,0.8,0.0,1.6,0.8,0.0,1.6,0.8,0.8,0.0,0.0,0.0,0.8,2.4000000000000004,-0.8,0.8,1.6,1.6,0.8,0.8,1.6,1.6,0.0,0.0,0.0,0.0,0.0,0.8,1.6,0.0,0.0,0.0,-0.8,0.8,0.0,2.4000000000000004,0.0,0.8,0.8,-0.8,0.8,1.6,0.8,0.8,0.0,0.0,1.6,0.8,0.8,0.8,0.8,0.0,-0.8,-0.8,1.6,0.8,0.0,0.0,-0.8,0.0,0.0,0.0,0.8,0.0,0.0,0.8,-1.6,1.6,1.6,-2.4000000000000004,0.8,3.2,-2.4000000000000004,-0.8,2.4000000000000004,0.0,0.8,0.0,0.8,0.0,1.6,-0.8,0.0,1.6,-0.8,0.0,0.8,0.8,1.6,0.8,0.0,1.6,0.0,0.8,0.0,0.8,0.0,-0.8,0.8,0.8,0.0,0.8,0.8,1.6,0.0,0.8,1.6,-0.8,0.8,0.0,0.0,1.6,0.8,1.6,1.6,0.8,1.6,0.0,1.6,0.0,0.8,0.8,0.0,1.6,0.0,0.8,1.6,0.0,0.0,-0.8,0.8,0.8,0.8,1.6,-0.8,1.6,0.8,-0.8,0.0,-0.8,0.8,0.0,1.6,0.0,-0.8,1.6,0.8,0.8,0.8,0.0,1.6,0.0,0.8,1.6,1.6,0.8,1.6,0.0,-1.6,0.0,0.8,0.0,-0.8,0.8,1.6,0.8,0.8,0.8,0.0,1.6,0.0,0.0,0.0,1.6,1.6,0.0,0.0,2.4000000000000004,0.0,1.6,0.0,0.8,1.6,0.8,-0.8,1.6,1.6,0.8,0.8,0.8,0.8,1.6,0.0,0.0,0.8,-0.8,0.0,0.0,2.4000000000000004,2.4000000000000004,0.8,1.6,0.8,1.6,0.8,1.6,0.0,0.0,0.8,0.8,0.8,1.6,0.0,1.6,0.8,1.6,0.8,0.8,1.6,-0.8,0.8,0.8,0.0,0.8,0.0,0.8,0.8,1.6,0.8,0.0,0.8,0.0,0.0,0.8,-0.8,2.4000000000000004,0.0,0.0,1.6,0.0,1.6,0.8,0.0,0.8,0.8,1.6,0.0,0.0,1.6,-0.8,0.8,0.8,1.6,1.6,0.0,0.8,-0.8,0.0,0.0,0.8,2.4000000000000004,0.0,0.0,0.0,0.0,0.8,0.8,0.8,0.8,0.0,0.8,-0.8,1.6,0.8,0.0,0.8,0.8,0.8,1.6,0.0,-0.8,0.8,1.6,0.0,0.8,0.8,0.8,0.8,0.0,1.6,0.0,0.8,0.0,0.0,-0.8,-0.8,0.0,0.8,-0.8,0.0,1.6,1.6,0.0,0.8,0.8,0.8,0.8,0.0,1.6,0.8,0.8,0.8,0.0,2.4000000000000004,1.6,0.0,0.8,0.8,0.0,0.0,1.6,0.8,0.0,0.0,0.0,0.8,-0.8,0.0,0.8,-0.8,0.0,-1.6,0.0,0.8,1.6,0.8,-1.6,0.8,0.8,0.0,0.8,0.0,0.0,0.8,0.8,0.8,-0.8,0.0,-0.8,0.0,0.0,0.8,0.8,0.0,1.6,0.8,-0.8,2.4000000000000004,0.8,0.0,0.8,0.8,-0.8,-1.6,0.8,0.8,0.0,0.8,0.0,-0.8,0.8,0.8,0.8,0.0,-0.8,0.0,0.8,0.8,0.0,0.8,0.8,0.8,-0.8,0.0,0.8,0.8,0.8,0.0,0.8,0.0,0.0,0.8,0.8,0.0,0.0,0.0,0.8,0.8,1.6,0.0,0.8,0.0,-0.8,0.8,0.0,0.8,0.0,0.0,0.8,0.8,0.0,1.6,0.8,0.8,-0.8,0.8,-0.8,0.0,-0.8,-0.8,1.6,-0.8,0.0,1.6,0.0,1.6,0.0,-0.8,0.0,0.8,0.0,0.0,0.0,0.0,-0.8,0.8,0.0,0.8,0.8,0.0,1.6,0.8,1.6,0.8,0.8,0.8,-0.8,2.4000000000000004,-0.8,0.0,0.8,0.0,0.8,0.8,-0.8,-0.8,0.0,0.8,-1.6,0.0,0.0,0.8,0.0,0.0,0.8,0.0,0.0,-0.8,-1.6,0.0,3.2,0.0,0.8,0.0,0.8,0.0,1.6,0.8,-0.8,3.2,0.0,-0.8,-0.8,0.0,1.6,0.0,0.0,1.6,0.8,-0.8,-0.8,0.8,-0.8,-0.8,0.0,0.0,1.6,-0.8,0.0,1.6,0.0,0.0,0.8,0.0,0.8,-0.8,0.0,0.0,0.8,-0.8,0.8,0.8,0.8,0.0,0.8,0.8,0.8,0.0,-1.6,0.0,0.8,0.0,0.8,0.8,0.8,0.8,0.0,0.8,0.0,-0.8,2.4000000000000004,-0.8,0.8,-0.8,-0.8,0.8,0.0,0.8,0.0,-0.8,1.6,0.8,1.6,-0.8,0.8,1.6,0.8,0.0,-2.4000000000000004,0.8,1.6,-1.6,2.4000000000000004,-0.8,-0.8,0.8,0.8,1.6,-0.8,0.8,0.8,-0.8,0.8,0.0,0.0,0.8,-0.8,-0.8,-0.8,2.4000000000000004,0.8,-0.8,1.6,0.0,0.0,0.8,-0.8,0.8,-0.8,0.0,0.0,0.0,0.0,0.0,0.8,0.8,0.8,0.0,0.0,0.8,-0.8,0.0,0.0,-0.8,0.0,0.0,-0.8,-0.8,0.8,0.0,0.0,0.8,0.0,0.0,0.0,0.0,0.8,1.6,0.8,0.8,0.8,1.6,-0.8,1.6,0.8,0.0,0.0,-0.8,0.0,0.0,0.8,1.6,1.6,0.0,0.0,0.8,0.0,0.8,0.0,0.8,0.0,0.0,0.8,0.8,0.8,1.6,0.0,0.8,0.0,0.8,1.6,0.8,0.8,-1.6,0.8,0.8,-1.6,0.0,0.0,0.0,0.8,0.0,0.8,-0.8,0.8,0.0,0.8,0.8,0.0,0.8,-0.8,0.0,0.8,0.8,2.4000000000000004,0.0,-0.8,0.8,0.8,0.8,0.0,0.8,1.6,0.0,1.6,-1.6,-0.8,1.6,0.0,0.8,-0.8,0.0,1.6,-1.6,1.6,0.8,0.0,0.8,0.0,1.6,-0.8,-0.8,0.8,-0.8,0.8,0.8,0.0,1.6,0.0,0.8,1.6,0.8,0.8,0.0,1.6,0.8,0.8,0.8,0.0,0.8,0.8,0.0,0.0,0.0,0.8,0.0,1.6,0.0,0.0,-0.8,0.0,0.0,1.6,0.0,0.8,0.8,0.0,0.8,0.0,1.6,0.0,-0.8,0.0,0.0,0.8,0.8,0.0,0.8,-0.8,1.6,0.8,0.0,1.6,0.0,0.0,0.0,0.8,0.8,0.0,0.8,0.0,0.8,0.8,0.8,0.8,0.8,0.8,1.6,0.0,1.6,0.8,0.8,0.8,0.0,0.8,-0.8,0.8,0.8,0.0,-0.8,0.8,1.6,0.8,-0.8,0.0,0.0,0.8,0.0,-0.8,0.8,0.0,0.8,0.8,0.8,0.8,-0.8,0.8,0.8,0.0,0.0,0.0,1.6,0.0,0.0,0.8,0.0,2.4000000000000004,0.0,0.8,0.0,-0.8,1.6,-0.8,0.0,1.6,1.6,-0.8,0.8,1.6,-0.8,0.0,1.6,0.0,1.6,0.0,-0.8,0.0,1.6,0.0,0.8,1.6,0.8,0.8,0.8,0.0,1.6,-0.8,0.0,0.8,1.6,0.8,0.0,0.8,0.8,0.0,0.8,0.0,1.6,1.6,0.8,0.8,1.6,-0.8,0.0,1.6,-0.8,0.8,0.0,-0.8,0.0,-0.8,0.0,0.0,0.0,0.8,0.0,1.6,0.0,-0.8,2.4000000000000004,0.0,0.8,0.0,-0.8,0.0,-0.8,2.4000000000000004,1.6,0.8,0.8,0.8,0.8,0.0,0.0,0.0,0.0,0.8,-0.8,0.8,0.8,0.0,0.8,0.0,0.8,0.8,0.0,0.8,-0.8,0.0,0.0,-0.8,1.6,0.0,-0.8,0.0,1.6,0.8,0.0,1.6,0.0,0.8,0.8,0.0,0.8,0.0,0.8,2.4000000000000004,0.8,1.6,-0.8,0.0,0.0,-0.8,0.8,0.0,0.8,0.8,0.0,2.4000000000000004,1.6,0.8,0.0,0.8,-0.8,0.8,0.8,0.8,0.0,0.8,0.0,0.8,0.8,0.8,0.0,0.0,0.0,0.8,1.6,0.8,0.8,0.8,2.4000000000000004,1.6,-0.8,0.0,0.8,0.0,0.0,-0.8,0.8,0.0,0.8,0.8,0.8,1.6,0.0,1.6,0.8,0.0,1.6,-0.8,1.6,0.0,0.0,1.6,-0.8,0.8,0.0,0.0,2.4000000000000004,0.0,0.8,-0.8,-0.8,2.4000000000000004,-0.8,0.0,0.0,0.0,1.6,-0.8,0.8,0.0,0.8,1.6,0.0,2.4000000000000004,-0.8,0.8,0.0,0.8,0.8,0.0,0.8,0.8,0.0,0.8,0.0,1.6,0.0,0.0,1.6,-0.8,3.2,0.8,0.0,2.4000000000000004,0.0,1.6,0.8,0.8,2.4000000000000004,-0.8,0.0,0.0,0.8,0.8,0.8,1.6,0.0,0.8,0.8,0.0,1.6,-0.8,0.8,0.0,0.8,0.0,0.8,0.0,0.8,0.8,0.8,0.0,0.8,1.6,0.0,0.8,0.0,0.8,2.4000000000000004,0.0,0.8,1.6,-0.8,0.0,0.8,0.8,0.0,0.0,0.8,0.0,0.0,1.6,0.8,0.8,0.8,1.6,0.0,0.8,0.0,0.0,0.0,0.8,0.8,0.0,0.0,2.4000000000000004,1.6,1.6,0.8,0.0,1.6,0.8,-0.8,0.8,0.8,0.8,0.8,1.6,1.6,0.0,0.8,1.6,0.8,0.0,-0.8,0.8,0.0,0.8,0.0,0.0,0.8,0.8,1.6,2.4000000000000004,1.6,1.6,-0.8,0.0,0.0,0.8,0.0,0.0,1.6,0.8,0.0,0.8,-0.8,0.8,0.0,-0.8,1.6,-0.8,0.8,2.4000000000000004,0.8,0.8,0.0,0.8,0.0,-0.8,0.0,0.0,-0.8,1.6,0.8,0.8,0.8,-0.8,0.0,0.8,0.8,-0.8,1.6,0.8,-0.8,1.6,1.6,-0.8,0.0,1.6,0.8,0.8,0.0,-0.8,-0.8,-1.6,-0.8,0.0,0.0,0.0,0.0,0.8,0.8,0.8,-0.8,0.0,0.8,-1.6,-0.8,-1.6,0.8,-0.8,-0.8,0.0,0.8,1.6,0.8,0.0,0.0,0.8,0.0,-0.8,0.0,0.8,-0.8,1.6,0.8,1.6,-0.8,-1.6,0.8,0.0,0.0,0.8,0.0,0.8,0.8,0.8,0.0,0.0,2.4000000000000004,-0.8,0.0,0.0,-0.8,0.8,-0.8,0.8,1.6,0.0,1.6,0.8,1.6,0.0,0.0,0.0,0.0,0.0,0.0,0.0,0.8,-0.8,0.8,-0.8,0.8,0.8,0.0,0.8,1.6,-0.8,0.8,-0.8,0.8,-1.6,0.0,0.8,0.8,0.8,-0.8,0.0,0.0,0.8,0.8,-0.8,2.4000000000000004,0.8,0.8,0.0,0.0,0.8,0.0,0.0,0.8,-1.6,0.0,0.8,2.4000000000000004,0.0,0.0,1.6,-0.8,-0.8,0.8,0.8,0.8,0.0,0.0,-1.6,0.0,0.8,0.0,0.0,0.0,0.8,0.8,1.6,0.8,-0.8,0.8,0.0,0.0,0.0,0.0,0.0,-1.6,0.0,0.8,0.8,0.0,-0.8,2.4000000000000004,-0.8,0.0,0.8,-1.6,0.8,-0.8,0.8,1.6,-1.6,0.8,0.0,1.6,0.0,-1.6,1.6,-0.8,0.8,0.0,0.0,1.6,0.8,0.0,0.0,-0.8,1.6,-1.6,0.0,0.8,0.0,0.8,0.8,0.8,0.8,0.0,1.6,-0.8,1.6,-1.6,0.8,0.0,0.0,0.0,-0.8,-0.8,0.8,-0.8,0.8,-0.8,0.0,0.0,0.8,0.8,0.0,0.8,0.0,0.0,0.8,0.0,1.6,-0.8,0.0,1.6,-0.8,0.0,0.8,0.8,0.0,-0.8,0.0,-0.8,0.8,0.8,-0.8,1.6,0.0,-0.8,0.0,0.0,2.4000000000000004,0.0,0.8,0.0,0.8,1.6,0.0,0.8,0.8,0.0,0.0,0.0,0.8,0.8,0.8,0.8,0.0,0.8,-0.8,1.6,0.8,-0.8,0.0,-0.8,0.8,0.0,-0.8,0.0,0.8,0.0,0.0,0.8,1.6,0.8,0.0,0.0,0.0,0.8,0.0,0.8,0.8,1.6,-1.6,2.4000000000000004,0.8,0.0,0.0,-0.8,2.4000000000000004,0.0,0.0,3.2,-0.8,1.6,0.0,-0.8,0.8,0.8,0.8,0.0,0.8,2.4000000000000004,-0.8,0.8,-0.8,0.8,0.8,-0.8,0.8,-0.8,1.6,0.8,0.8,0.8,-0.8,0.8,-0.8,-0.8,1.6,0.0,0.0,0.8,0.0,0.0,0.0,0.8,-0.8,0.8,1.6,0.8,0.0,0.0,0.8,0.8,0.8,0.8,-0.8,-0.8,1.6,0.0,0.8,0.0,2.4000000000000004,1.6,0.8,-0.8,0.0,0.8,0.8,-0.8,0.0,0.8,0.8,0.0,0.0,1.6,0.0,-0.8,0.8,1.6,0.0,0.8,0.8,0.8,0.8,0.0,1.6,1.6,0.8,0.8,0.0,0.8,0.8,0.0,0.0,0.0,1.6,0.0,0.8,0.8,0.8,0.0,0.8,0.0,-0.8,0.0,0.0,-0.8,0.0,0.0,2.4000000000000004,0.8,0.0,0.0,0.8,0.0,0.0,0.0,2.4000000000000004,-1.6,0.8,0.0,-0.8,1.6,0.0,0.8,0.8,-0.8,0.8,0.8,0.8,-1.6,0.8,1.6,0.0,0.8,0.0,0.0,1.6,0.8,1.6,0.0,0.8,-0.8,0.8,0.8,-0.8,0.8,0.8,0.0,1.6,0.8,0.0,1.6,-1.6,-0.8,0.8,0.8,0.0,0.0,0.8,0.0,0.8,0.8,0.8,0.8,0.0,0.0,0.0,0.8,1.6,0.8,0.8,0.0,0.8,-0.8,0.0,0.8,0.0,-0.8,0.0,0.0,0.8,0.0,-0.8,-0.8,0.8,0.8,0.8,0.0,0.0,0.8,-0.8,0.8,0.8,2.4000000000000004,0.8,0.0,0.0,0.8,0.8,0.8,0.8,0.8,0.0,0.8,0.0,0.8,0.0,0.8,1.6,0.8,-0.8,0.0,-1.6,1.6,-0.8,0.8,0.8,0.0,-0.8,-1.6,1.6,0.0,-0.8,0.8,0.8,-1.6,1.6,0.8,0.8,-0.8,1.6,1.6,0.0,0.8,0.0,1.6,0.0,-0.8,0.8,-0.8,0.8,-0.8,0.0,1.6,0.8,1.6,-0.8,0.8,2.4000000000000004,0.0,2.4000000000000004,-0.8,-1.6,0.8,0.8,0.8,-0.8,1.6,1.6,0.0,2.4000000000000004,-0.8,0.0,0.0,0.0,0.8,0.0,1.6,1.6,-0.8,0.8,0.0,0.8,0.8,0.0,1.6,0.0,0.0,0.0,0.0,0.0,1.6,0.8,0.8,0.0,0.0,0.8,0.0,0.0,0.8,0.0,0.0,0.0,0.0,0.0,0.8,0.0,-0.8,0.8,0.0,0.0,0.0,0.0,0.0,0.8,0.8,0.8,0.0,0.0,-0.8,0.0,0.8,1.6,0.0,0.8,-0.8,1.6,-0.8,0.8,-0.8,1.6,0.0,0.8,0.8,0.0,1.6,0.0,0.0,0.0,0.0,0.0,-0.8,-0.8,1.6,-0.8,0.0,0.0,0.0,-0.8,0.0,1.6,-0.8,-0.8,2.4000000000000004,0.8,0.8,0.8,0.8,0.0,0.8,0.0,-0.8,0.0,0.8,0.8,0.8,0.0,1.6,1.6,0.0,0.0,-1.6,2.4000000000000004,0.0,-0.8,0.8,0.8,0.8,1.6,0.8,2.4000000000000004,0.0,0.8,0.0,0.8,1.6,-0.8,0.0,0.0,0.8,0.0,-0.8,2.4000000000000004,0.8,1.6,0.8,0.0,1.6,-0.8,0.8,0.8,0.8,1.6,0.8,1.6,0.8,0.0,0.8,-0.8,0.8,-0.8,-0.8,0.8,0.0,0.8,0.8,0.8,0.8,0.0,0.8,-0.8,0.8,0.0,0.8,0.8,0.8,0.8,-0.8,0.8,1.6,0.0,0.8,0.0,0.0,0.8,1.6,0.0,0.0,0.8,0.0,-0.8,-0.8,0.8,1.6,-1.6,0.8,0.0,-0.8,0.0,0.0,1.6,0.0,0.8,0.0,-0.8,1.6,-0.8,0.0,2.4000000000000004,0.0,0.0,0.0,0.8,-1.6,0.8,2.4000000000000004,-2.4000000000000004,1.6,4.0,-1.6,-2.4000000000000004,1.6,0.8,-2.4000000000000004,0.0,4.0,0.0
event_88,1625266920.2550712,0.0,0.8,-0.8,0.0,0.8,-0.8,0.0,1.6,-0.8,-1.6,-0.8,1.6,0.8,0.0,-0.8,0.0,0.8,-0.8,1.6,0.0,-0.8,0.8,0.0,1.6,0.0,0.0,0.0,0.0,1.6,-0.8,0.8,0.0,0.0,1.6,0.0,0.8,0.8,0.0,0.8,0.0,1.6,-1.6,0.8,0.8,-0.8,0.0,-0.8,-0.8,0.8,-0.8,1.6,0.0,0.8,1.6,0.0,0.8,0.0,0.0,1.6,-0.8,2.4000000000000004,-1.6,0.8,1.6,0.0,0.8,0.0,0.0,-1.6,0.8,2.4000000000000004,0.0,2.4000000000000004,0.0,-1.6,0.8,0.0,0.8,0.8,0.0,0.8,-0.8,0.0,-0.8,0.0,1.6,0.0,0.0,0.8,1.6,0.8,-0.8,0.0,0.8,0.0,-0.8,0.8,1.6,0.0,-0.8,0.8,0.8,-6.4,-25.6,-29.6,-15.2,-4.0,-3.2,-0.8,0.8,-0.8,-0.8,-0.8,0.0,0.0,0.0,-0.8,-0.8,1.6,0.0,0.0,-0.8,0.0,1.6,-1.6,0.0,1.6,0.0,0.0,0.0,1.6,0.0,-0.8,0.8,1.6,2.4000000000000004,0.0,0.0,2.4000000000000004,0.0,0.8,0.0,0.8,0.8,-0.8,0.0,0.0,0.8,0.8,1.6,1.6,0.0,0.0,1.6,0.0,1.6,0.8,0.8,0.8,0.0,-0.8,0.0,0.8,0.8,0.0,1.6,0.8,0.8,0.8,0.8,-0.8,-0.8,0.8,0.0,0.0,-0.8,0.0,0.8,0.0,-0.8,0.0,-0.8,0.0,0.8,0.8,0.0,-0.8,0.8,0.0,0.8,0.8,0.0,0.8,-0.8,-0.8,0.0,1.6,0.8,-0.8,0.0,0.0,0.0,0.8,-0.8,0.0,1.6,-0.8,0.0,0.0,0.8,0.8,0.8,0.8,0.8,2.4000000000000004,0.8,0.0,1.6,-0.8,0.0,0.8,0.0,0.8,0.8,-0.8,1.6,0.0,0.8,0.8,0.0,0.0,-1.6,1.6,0.8,0.8,0.0,0.8,1.6,0.8,-0.8,0.8,0.0,1.6,-0.8,0.0,0.0,-0.8,0.0,0.0,0.8,0.8,-2.4000000000000004,0.0,-1.6,0.0,0.0,0.0,0.8,0.8,0.0,0.8,-0.8,0.8,-0.8,0.8,1.6,0.0,1.6,0.8,0.8,-0.8,0.0,1.6,-1.6,0.8,0.8,-0.8,0.8,-0.8,0.8,-0.8,0.8,0.8,0.0,0.8,0.0,0.0,0.8,0.0,0.0,0.0,1.6,-0.8,-1.6,0.0,0.8,0.0,0.0,0.0,1.6,-0.8,0.8,0.0,0.0,0.8,1.6,0.0,0.8,0.0,0.0,-1.6,1.6,0.0,-0.8,0.8,0.8,0.8,-0.8,0.0,0.0,0.8,1.6,-0.8,0.0,1.6,0.8,0.8,0.0,1.6,0.0,-0.8,0.0,1.6,0.8,-0.8,0.8,0.0,1.6,0.8,1.6,1.6,0.8,0.0,-0.8,0.8,0.0,0.0,1.6,0.8,0.0,-0.8,0.8,0.0,0.0,0.0,0.0,0.0,0.8,-1.6,0.0,-0.8,-0.8,0.8,0.0,0.8,-1.6,0.0,0.8,-0.8,2.4000000000000004,0.0,0.0,0.8,-0.8,1.6,0.0,-0.8,0.8,-0.8,0.0,0.0,0.8,0.0,-1.6,1.6,0.0,0.0,0.8,-0.8,0.8,-0.8,-0.8,-0.8,-0.8,2.4000000000000004,0.8,0.0,0.0,1.6,0.8,0.0,1.6,0.0,0.0,1.6,-1.6,0.0,0.8,0.0,0.8,0.0,0.8,0.0,-0.8,0.8,-0.8,-0.8,-0.8,0.8,0.8,0.0,0.0,0.0,1.6,0.8,0.8,1.6,-0.8,0.0,0.0,0.0,0.8,0.8,-0.8,-0.8,0.8,0.8,0.0,1.6,0.0,0.8,0.8,-1.6,0.8,0.0,0.0,0.8,0.0,0.0,-0.8,0.0,-0.8,0.8,-1.6,0.8,0.8,1.6,0.0,0.0,0.0,0.0,0.0,0.0,-0.8,0.8,1.6,0.8,0.0,-0.8,0.8,0.8,-0.8,0.8,0.8,1.6,-1.6,0.8,0.8,-0.8,0.0,0.0,0.0,1.6,0.0,0.8,-0.8,1.6,1.6,-0.8,1.6,-1.6,-0.8,0.8,0.0,1.6,-0.8,0.0,0.0,0.0,0.8,-0.8,0.8,-0.8,-1.6,-0.8,-1.6,0.0,0.8,0.8,-0.8,-0.8,0.8,-1.6,0.0,0.8,-0.8,-0.8,-1.6,0.8,0.8,0.0,1.6,0.8,0.0,0.0,0.8,0.0,0.8,-0.8,-0.8,0.8,1.6,0.0,0.8,1.6,0.8,0.8,0.8,0.8,0.0,-0.8,-1.6,0.0,-0.8,-0.8,0.0,0.8,0.0,0.0,0.0,-0.8,1.6,0.0,0.8,-0.8,0.0,0.8,-0.8,0.0,0.8,0.0,0.8,-0.8,0.0,1.6,1.6,0.8,0.8,0.8,0.8,-1.6,-0.8,0.0,0.8,0.0,0.0,0.0,-0.8,0.8,0.0,-0.8,0.0,-0.8,0.8,-0.8,0.0,0.8,-0.8,0.8,-0.8,-1.6,0.8,0.8,0.8,0.8,0.0,0.8,-0.8,1.6,0.0,0.0,1.6,-2.4000000000000004,0.0,0.8,0.0,0.8,0.0,0.0,0.8,-1.6,0.8,0.0,1.6,-0.8,0.0,0.8,-0.8,0.8,0.0,0.0,1.6,0.0,0.8,0.8,-0.8,-0.8,-1.6,0.8,0.0,2.4000000000000004,1.6,-0.8,2.4000000000000004,0.8,-0.8,1.6,-1.6,0.0,1.6,0.0,-0.8,0.0,0.0,0.8,0.8,0.0,-1.6,0.0,0.0,0.0,0.0,-0.8,0.8,0.8,-0.8,-0.8,0.8,0.8,0.0,0.8,0.0,0.8,0.0,0.8,0.0,0.0,-0.8,-0.8,0.0,0.0,0.8,0.8,0.0,1.6,0.0,-0.8,0.0,0.0,0.0,-0.8,0.8,0.0,0.0,0.0,0.0,0.0,0.0,0.0,-0.8,-0.8,2.4000000000000004,0.0,0.8,0.8,0.8,1.6,0.0,0.0,0.8,0.8,0.8,-1.6,1.6,0.8,0.0,0.8,0.0,1.6,-0.8,0.8,0.8,-0.8,1.6,-1.6,0.8,0.0,-0.8,1.6,0.0,1.6,1.6,-0.8,1.6,0.0,0.8,0.0,0.0,0.8,-0.8,0.0,0.0,0.8,3.2,-1.6,1.6,0.8,0.8,0.0,-1.6,0.8,0.0,0.0,0.0,-0.8,1.6,0.0,0.0,0.8,0.0,-0.8,0.0,0.0,0.8,0.8,0.0,0.0,1.6,0.0,0.0,0.8,-0.8,0.8,0.0,-0.8,0.8,0.0,-0.8,-0.8,0.0,0.8,0.8,1.6,0.8,0.0,0.8,0.0,0.8,0.8,-0.8,0.8,0.0,0.0,0.0,0.8,0.8,1.6,-0.8,-0.8,-0.8,0.8,0.0,-0.8,0.8,1.6,0.0,0.8,-0.8,-0.8,1.6,-0.8,0.8,-0.8,1.6,0.8,1.6,0.8,1.6,-0.8,-0.8,0.8,0.0,0.0,0.0,-1.6,0.0,-0.8,0.8,0.8,0.0,0.8,0.8,0.0,1.6,0.8,0.0,1.6,0.0,3.2,-1.6,0.8,0.8,0.0,1.6,-0.8,0.0,0.0,0.0,1.6,-0.8,0.0,0.0,2.4000000000000004,2.4000000000000004,-0.8,0.0,0.0,0.0,0.8,-0.8,0.8,-0.8,0.8,0.0,0.0,0.8,0.0,0.0,0.0,0.8,0.8,0.8,0.8,0.8,0.0,0.8,-0.8,0.0,0.0,0.8,0.8,-0.8,0.8,0.0,0.0,1.6,0.0,1.6,0.0,0.8,0.8,-0.8,0.8,-0.8,0.0,0.8,0.0,-0.8,0.0,2.4000000000000004,0.8,-0.8,0.0,1.6,0.8,0.0,0.0,0.0,0.8,0.8,0.0,0.8,1.6,0.8,1.6,0.0,0.0,0.0,0.0,0.0,0.8,-0.8,-0.8,0.8,0.0,0.8,0.8,-0.8,1.6,0.0,0.8,0.0,0.0,1.6,-1.6,0.8,0.8,1.6,0.0,1.6,1.6,0.0,0.0,0.8,0.8,0.8,0.0,0.8,0.8,-0.8,0.8,0.8,1.6,0.0,0.0,0.8,-0.8,0.8,-1.6,0.8,0.0,0.0,0.0,0.0,0.8,0.0,0.0,0.8,0.8,0.8,0.8,0.0,0.8,0.0,0.0,0.0,0.0,0.0,1.6,0.8,0.0,0.0,0.8,-2.4000000000000004,-0.8,0.0,0.0,0.0,0.0,0.8,-0.8,1.6,0.8,-2.4000000000000004,0.0,-0.8,-0.8,0.0,0.0,0.8,0.8,0.0,1.6,0.0,0.8,0.0,-0.8,0.8,-0.8,-0.8,0.8,0.0,1.6,0.0,0.0,0.0,-0.8,0.0,0.8,0.8,0.0,-1.6,0.0,-0.8,0.8,-0.8,-0.8,0.8,0.0,0.0,0.8,0.0,0.8,-0.8,0.0,0.0,-0.8,0.0,0.8,0.8,2.4000000000000004,-0.8,0.8,0.0,1.6,0.8,-0.8,0.8,-0.8,-0.8,0.8,0.0,1.6,-0.8,1.6,0.0,-0.8,0.0,0.8,0.0,0.8,0.0,0.8,-1.6,1.6,-0.8,0.8,0.8,0.0,1.6,0.8,-0.8,1.6,-0.8,1.6,0.0,-1.6,0.8,0.0,0.0,1.6,0.0,-0.8,-0.8,1.6,0.8,0.0,1.6,-1.6,0.8,0.0,0.8,1.6,0.0,0.8,-1.6,0.8,1.6,-0.8,0.8,-0.8,1.6,0.0,0.8,1.6,0.0,0.8,0.0,0.0,0.8,0.0,0.8,0.8,0.8,0.8,0.8,0.8,0.0,1.6,0.0,0.0,-0.8,0.0,0.8,-0.8,0.8,0.8,0.0,0.0,1.6,0.8,0.0,0.0,0.0,1.6,2.4000000000000004,0.0,0.8,2.4000000000000004,0.0,0.0,2.4000000000000004,0.0,0.0,0.8,-0.8,0.0,0.0,-0.8,1.6,1.6,0.8,0.8,0.0,0.8,0.8,0.0,0.8,-0.8,0.8,0.8,0.0,1.6,-0.8,1.6,-0.8,-0.8,0.8,0.8,0.0,0.8,-0.8,0.8,-0.8,-0.8,-0.8,0.0,0.8,-0.8,0.0,-1.6,-0.8,1.6,-0.8,1.6,-0.8,0.8,0.8,-1.6,1.6,-0.8,0.8,0.8,-0.8,-0.8,-1.6,1.6,0.8,-1.6,1.6,0.8,1.6,0.8,-1.6,0.8,0.0,0.8,0.0,0.8,0.0,0.0,1.6,0.8,0.0,0.8,-0.8,1.6,0.0,0.0,0.0,-0.8,0.8,-0.8,0.8,1.6,0.0,0.8,-0.8,0.8,0.0,0.0,0.8,0.8,1.6,0.8,-0.8,0.8,0.0,1.6,-0.8,0.0,0.8,-0.8,-0.8,0.8,0.0,0.8,-0.8,0.0,0.8,0.8,0.0,0.0,0.0,0.0,0.0,0.0,0.8,0.0,-0.8,0.0,0.0,0.8,0.0,-0.8,0.8,-0.8,0.0,0.8,0.0,0.8,0.8,0.0,0.0,-0.8,0.0,0.0,0.8,0.8,0.8,0.0,-0.8,0.0,-0.8,0.0,0.0,-0.8,0.0,-0.8,0.8,-0.8,0.0,0.0,-2.4000000000000004,1.6,0.8,0.8,-0.8,-0.8,0.8,-0.8,0.8,-0.8,-0.8,0.8,-1.6,0.0,-0.8,1.6,1.6,-0.8,2.4000000000000004,0.8,0.0,-0.8,1.6,0.0,-1.6,-0.8,1.6,-0.8,1.6,0.8,0.0,0.0,0.8,0.8,0.0,1.6,-0.8,-0.8,0.8,-0.8,1.6,0.0,0.0,1.6,0.0,0.0,0.8,0.0,0.0,0.8,0.8,-0.8,0.8,0.0,-0.8,1.6,-0.8,0.0,0.8,-0.8,0.0,0.0,0.8,0.8,0.0,0.8,0.8,0.0,0.8,-0.8,0.8,0.0,0.0,2.4000000000000004,0.0,0.0,0.0,0.0,0.8,-0.8,0.0,0.0,1.6,1.6,-2.4000000000000004,0.0,2.4000000000000004,-1.6,-0.8,0.8,0.8,-1.6,-0.8,1.6,0.0,0.8,-0.8,0.8,-0.8,-1.6,0.8,0.8,0.8,0.0,-0.8,0.8,0.8,-0.8,0.0,-0.8,0.0,0.0,-0.8,0.8,0.0,0.8,-1.6,-0.8,0.0,-0.8,0.0,-0.8,0.0,0.0,-0.8,0.8,-1.6,-1.6,0.0,-0.8,1.6,0.0,0.8,0.0,0.0,0.8,-1.6,0.0,0.8,0.0,2.4000000000000004,0.8,0.8,0.8,-0.8,0.8,-0.8,0.8,0.0,-0.8,0.0,-0.8,0.8,0.0,0.8,0.8,-0.8,0.0,-0.8,0.0,0.0,0.8,0.0,0.8,-0.8,0.0,-0.8,0.0,-0.8,0.8,0.8,-0.8,0.8,0.0,0.0,0.8,0.0,0.0,-0.8,0.0,0.8,0.0,-1.6,0.8,0.0,-0.8,0.8,0.0,-0.8,0.0,0.0,0.8,0.8,0.8,0.0,-0.8,0.8,-1.6,0.0,0.0,0.8,0.8,-0.8,0.0,0.8,0.8,0.0,0.0,0.0,-0.8,-0.8,-0.8,0.0,0.8,0.0,2.4000000000000004,0.0,1.6,1.6,-0.8,0.8,-0.8,0.0,0.0,-1.6,0.8,0.0,0.8,0.0,0.0,0.0,-1.6,0.8,0.0,-0.8,0.0,0.0,1.6,0.8,0.0,-0.8,-1.6,1.6,0.0,1.6,0.8,-0.8,0.0,-1.6,0.0,0.0,-0.8,0.8,0.0,0.8,0.0,-0.8,0.8,0.0,0.8,0.8,-0.8,1.6,-0.8,0.8,-0.8,-1.6,0.8,-0.8,0.8,0.8,0.0,0.0,0.0,0.8,0.8,0.0,0.8,-1.6,0.8,0.0,-0.8,0.0,0.0,0.0,-0.8,0.0,0.0,0.0,0.8,-0.8,0.0,0.0,-0.8,-0.8,0.0,-0.8,0.0,-0.8,0.8,0.8,0.0,0.0,0.8,0.8,0.0,0.0,0.0,0.8,0.8,0.0,-0.8,0.0,0.8,-0.8,0.8,0.8,0.0,-0.8,0.8,1.6,0.0,0.8,0.8,0.8,0.0,0.0,1.6,0.0,0.0,0.8,0.8,0.8,0.0,-0.8,0.8,0.0,2.4000000000000004,0.0,0.8,1.6,0.8,1.6,0.8,-0.8,0.0,0.0,0.0,-0.8,0.8,0.8,0.8,1.6,0.0,0.0,0.8,-1.6,2.4000000000000004,0.0,0.0,0.8,0.0,0.0,0.0,0.8,-1.6,0.8,1.6,0.0,0.8,2.4000000000000004,0.0,1.6,0.8,0.0,0.0,-0.8,0.0,0.8,0.8,0.0,0.8,0.0,-1.6,1.6,-0.8,0.8,1.6,0.8,0.8,-0.8,0.8,0.8,-0.8,0.8,-1.6,0.0,0.0,0.8,0.0,0.0,0.0,0.0,0.8,0.8,0.0,0.0,0.0,-0.8,0.0,0.0,2.4000000000000004,-0.8,-0.8,1.6,0.0,-0.8,0.8,1.6,0.8,0.0,0.8,0.0,0.0,1.6,-1.6,-0.8,1.6,0.0,0.0,0.8,0.8,0.0,0.0,0.8,0.0,1.6,0.8,0.0,0.8,0.8,-0.8,1.6,-0.8,0.8,0.0,-0.8,0.8,0.0,0.8,1.6,0.8,0.8,-0.8,0.0,-0.8,0.0,0.0,0.0,0.8,0.8,-0.8,0.8,0.8,0.8,-0.8,0.8,0.8,-0.8,0.8,-0.8,0.0,0.8,-0.8,1.6,0.0,0.8,0.0,0.8,0.8,0.0,0.8,0.0,0.8,1.6,-0.8,-0.8,0.8,0.0,-0.8,0.8,0.8,0.8,0.0,0.0,0.0,0.8,0.8,0.8,0.8,0.0,1.6,0.8,1.6,0.0,-0.8,0.8,0.8,-0.8,0.0,0.0,1.6,-1.6,0.8,0.0,0.0,0.0,0.8,2.4000000000000004,0.0,-1.6,0.0,0.0,0.8,-0.8,0.0,1.6,0.8,-0.8,0.8,0.0,0.0,-0.8,1.6,0.8,0.8,0.8,0.8,0.8,1.6,-0.8,0.8,0.0,0.8,0.0,0.0,0.0,0.0,0.8,0.8,0.8,0.8,0.0,0.0,0.8,0.8,0.8,0.8,-0.8,1.6,-0.8,0.0,-0.8,0.0,0.8,-0.8,0.0,0.0,0.8,0.8,-0.8,0.8,0.8,0.8,0.0,-1.6,0.8,0.8,-0.8,0.0,0.0,0.0,-0.8,0.8,0.8,0.0,2.4000000000000004,0.0,0.8,1.6,-0.8,0.0,0.0,-0.8,-0.8,-0.8,1.6,0.8,0.0,0.0,-0.8,1.6,0.8,0.0,0.0,0.0,0.0,-1.6,0.8,-0.8,0.0,0.8,0.0,2.4000000000000004,0.0,0.0,0.8,0.0,0.0,0.0,-1.6,0.0,0.8,0.8,-0.8,0.8,0.0,0.8,0.8,0.0,1.6,0.0,0.8,0.8,0.8,-0.8,0.0,1.6,0.8,-0.8,1.6,0.0,0.0,-0.8,0.0,0.0,-0.8,0.8,1.6,0.0,0.0,0.0,0.0,-0.8,0.8,-0.8,0.8,0.8,0.8,1.6,-0.8,0.0,0.8,0.0,1.6,-0.8,0.0,0.8,0.8,0.8,0.0,0.8,0.0,-0.8,0.0,0.8,1.6,-0.8,0.8,0.0,0.0,0.8,0.0,0.0,0.8,0.0,1.6,-0.8,0.8,0.0,-0.8,0.8,0.0,0.0,0.8,0.8,0.8,0.0,2.4000000000000004,0.0,0.0,1.6,-2.4000000000000004,-0.8,0.8,0.8,0.0,-1.6,1.6,0.0,0.0,1.6,0.0,0.0,0.0,0.0,1.6,-0.8,0.0,-0.8,0.0,0.8,-0.8,0.8,0.8,0.0,0.8,0.0,0.8,0.0,0.0,0.8,0.0,1.6,-0.8,0.0,0.8,-0.8,0.0,0.0,0.0,0.0,0.0,0.0,-0.8,0.8,-0.8,0.8,0.8,0.0,0.0,-0.8,0.0,0.8,-0.8,1.6,-0.8,0.8,-0.8,-1.6,0.8,0.0,0.8,0.0,0.8,0.0,1.6,0.8,-0.8,0.0,1.6,0.0,0.0,0.0,0.8,0.8,0.0,0.8,0.0,0.0,-0.8,1.6,0.0,0.0,0.0,0.8,1.6,0.8,0.8,0.0,-0.8,-0.8,-1.6,0.8,1.6,0.0,0.0,-0.8,0.8,0.0,0.8,0.8,-1.6,0.8,-0.8,-0.8,0.8,0.0,0.8,0.0,0.8,0.8,0.0,-0.8,0.0,2.4000000000000004,-2.4000000000000004,-1.6,2.4000000000000004,-0.8,-0.8,0.0,0.0,0.8,-0.8,0.0,0.0,0.0,0.0,-0.8,0.8,0.0,0.0,0.0,-0.8,2.4000000000000004,0.8,0.0,1.6,0.0,-0.8,-0.8,-0.8,-0.8,0.0,0.0,0.0,0.0,0.0,-1.6,0.8,-2.4000000000000004,1.6,0.0,0.0,0.0,1.6,0.8,0.0,-0.8,0.0,0.0,-0.8,0.0,0.0,0.8,0.8,0.0,0.0,0.8,2.4000000000000004,0.0,0.0,0.8,0.0,-0.8,0.0,0.0,0.8,0.0,0.0,0.0,-0.8,0.8,0.0,-0.8,0.8,0.8,0.8,0.8,0.0,-1.6,0.0,0.8,0.0,0.0,0.0,0.8,0.8,0.8,0.0,-1.6,0.8,0.0,-0.8,0.8,0.0,0.0,0.0,0.8,1.6,-0.8,0.0,0.0,0.0,1.6,-0.8,0.0,0.8,-0.8,0.8,-0.8,1.6,0.0,-1.6,0.8,0.0,1.6,-0.8,0.8,0.8,0.8,-0.8,0.8,0.0,0.0,-0.8,1.6,0.0,0.0,0.8,-0.8,0.0,0.0,0.0,2.4000000000000004,0.8,0.8,-0.8,0.0,0.8,0.0,0.0,-0.8,0.8,0.8,-0.8,0.8,0.0,0.8,0.0,0.0,0.8,0.0,1.6,0.0,0.0,0.0,0.8,0.0,0.8,-0.8,0.8,-0.8,-1.6,-0.8,0.0,-1.6,0.8,0.8,-0.8,0.0,0.0,0.8,0.8,0.8,0.0,0.0,1.6,0.0,-0.8,0.0,1.6,0.8,-0.8,0.8,0.8,0.0,0.8,-0.8,-0.8,0.8,0.0,0.0,0.0,0.0,0.8,0.8,1.6,1.6,1.6,-0.8,-0.8,0.0,0.0,0.8,-0.8,0.0,0.8,-0.8,0.8,0.8,0.8,0.8,0.0,0.8,0.0,0.0,0.0,0.0,2.4000000000000004,0.0,0.8,0.8,1.6,0.0,0.0,0.8,0.0,0.0,-0.8,-1.6,1.6,-0.8,1.6,0.8,-0.8,0.8,-0.8,0.0,0.8,-1.6,1.6,-0.8,1.6,0.8,-1.6,1.6,0.0,1.6,0.0,0.0,1.6,0.0,0.8,0.0,0.8,0.8,-0.8,0.0,-0.8,0.8,1.6,-0.8,1.6,0.0,-0.8,0.8,-0.8,0.8,0.0,1.6,1.6,0.0,0.8,0.0,0.0,1.6,-0.8,-0.8,0.8,2.4000000000000004,0.0,0.0,0.8,0.0,1.6,0.8,-1.6,0.0,0.0,0.0,-1.6,0.0,1.6,0.8,-0.8,0.0,2.4000000000000004,0.8,0.0,0.8,0.8,0.0,-0.8,-0.8,0.8,0.8,-1.6,0.0,1.6,0.0,0.0,1.6,0.8,0.0,0.0,0.8,0.0,1.6,0.8,0.8,0.8,0.8,0.0,0.8,-0.8,1.6,-0.8,0.0,0.0,-0.8,0.0,0.8,0.0,0.8,-1.6,0.8,0.0,0.0,0.0,0.8,1.6,0.8,0.0,0.0,0.8,0.0,-0.8,0.8,0.0,0.0,1.6,-0.8,0.8,-0.8,-1.6,1.6,-0.8,0.0,0.8,0.8,0.8,-0.8,0.8,-0.8,-0.8,0.0,0.0,0.8,0.0,1.6,0.8,0.8,0.8,0.0,0.8,-0.8,-2.4000000000000004,0.8,0.0,1.6,0.8,0.0,1.6,-1.6,1.6,0.0,-0.8,1.6,-0.8,0.0,0.0,0.0,1.6,0.0,0.8,0.8,0.8,0.0,-0.8,-0.8,0.0,0.0,0.8,-1.6,-0.8
event_89,1625266922.4061944,-0.8,1.6,1.6,0.8,-0.8,-0.8,1.6,0.0,1.6,0.0,0.8,0.8,0.8,0.8,-1.6,0.0,0.0,-1.6,0.8,-0.8,1.6,1.6,0.0,1.6,0.8,0.0,-0.8,1.6,-0.8,0.8,0.8,-0.8,1.6,0.0,0.8,1.6,0.8,0.0,0.0,1.6,0.8,-0.8,0.0,0.8,2.4000000000000004,0.0,0.0,1.6,0.0,0.0,0.8,0.8,0.8,-0.8,0.0,0.0,0.8,0.8,0.8,1.6,0.0,0.0,0.0,0.0,0.8,-0.8,1.6,0.0,0.8,0.0,-0.8,1.6,0.0,0.0,0.8,-0.8,0.8,0.0,0.8,0.0,-0.8,0.8,-0.8,0.8,-0.8,0.0,1.6,-0.8,0.0,-0.8,-0.8,1.6,0.8,0.8,0.0,-0.8,0.0,-1.6,1.6,0.0,0.8,-0.8,-14.400000000000002,-22.4,-15.2,-4.0,-2.4000000000000004,-3.2,0.0,-0.8,-0.8,0.0,-2.4000000000000004,-0.8,1.6,1.6,-0.8,-0.8,1.6,0.0,0.8,0.0,0.0,1.6,0.0,0.0,-0.8,-1.6,0.0,0.0,0.8,0.0,0.8,-0.8,0.8,0.8,0.0,0.8,0.0,-0.8,-0.8,0.0,0.0,0.8,-0.8,1.6,0.0,0.8,-0.8,0.8,0.8,-0.8,-1.6,0.8,0.0,0.8,0.0,0.8,0.0,0.8,0.0,0.8,-1.6,0.0,-0.8,0.8,0.8,0.8,0.0,0.0,0.0,0.0,-0.8,0.8,0.8,-0.8,1.6,0.0,-0.8,0.0,0.0,0.8,0.0,1.6,2.4000000000000004,0.8,0.0,-0.8,0.8,0.0,0.0,1.6,0.0,0.0,0.0,-0.8,-0.8,-0.8,0.8,-0.8,0.8,0.0,-2.4000000000000004,0.0,-0.8,0.8,0.8,-0.8,1.6,-0.8,1.6,0.8,-0.8,1.6,0.0,0.0,0.0,0.0,0.8,-0.8,0.8,0.8,0.8,0.8,-0.8,1.6,-1.6,0.0,0.0,0.8,1.6,-0.8,0.0,0.8,0.0,1.6,0.0,0.8,1.6,-0.8,1.6,0.0,1.6,0.8,-1.6,0.0,0.8,0.8,1.6,0.0,1.6,-0.8,0.0,1.6,0.0,0.0,0.0,0.8,0.8,-0.8,1.6,-0.8,0.0,-0.8,0.0,-0.8,0.8,0.0,0.0,0.0,0.0,-0.8,0.0,0.8,-0.8,1.6,0.0,0.0,0.8,0.0,0.8,0.0,0.0,1.6,0.8,0.8,0.8,0.0,0.8,0.0,0.0,0.0,0.0,0.8,0.0,0.0,0.8,-0.8,1.6,0.8,-1.6,0.0,-0.8,2.4000000000000004,0.8,0.0,0.0,0.0,0.8,0.8,0.8,0.0,0.0,2.4000000000000004,-0.8,0.8,0.8,0.0,0.0,0.8,1.6,0.0,0.0,0.8,-0.8,0.0,-0.8,0.8,0.0,0.0,0.0,0.0,1.6,0.8,0.8,1.6,-0.8,0.0,0.0,0.8,0.0,1.6,0.0,0.8,0.8,1.6,0.0,2.4000000000000004,0.0,0.0,0.0,-1.6,0.0,0.0,-0.8,0.8,0.8,0.0,-0.8,0.0,0.0,0.0,-0.8,0.8,0.8,1.6,-0.8,0.8,0.0,0.0,0.8,0.0,1.6,0.8,1.6,1.6,-0.8,0.0,-0.8,0.8,0.0,0.0,1.6,0.8,-0.8,1.6,0.0,-0.8,0.0,0.0,0.8,0.8,-0.8,0.8,0.0,0.8,0.8,-0.8,1.6,-1.6,0.0,0.8,0.8,0.8,0.0,0.0,0.8,0.0,0.8,0.0,0.0,0.8,0.8,-0.8,0.0,0.0,0.0,0.8,0.8,0.0,1.6,0.0,0.0,0.8,0.0,0.0,-1.6,1.6,-0.8,0.0,0.0,0.0,0.8,-1.6,1.6,0.8,-0.8,1.6,0.0,0.8,1.6,0.0,1.6,0.8,0.8,0.0,0.8,0.8,0.0,0.8,0.0,0.0,-0.8,0.0,1.6,0.0,0.8,-0.8,-0.8,0.8,0.0,0.0,1.6,-0.8,2.4000000000000004,-0.8,-0.8,0.8,0.8,0.8,0.0,0.0,0.0,0.8,0.8,-0.8,1.6,0.8,0.8,-0.8,0.8,0.8,0.8,-0.8,0.8,-0.8,0.0,0.8,0.8,0.8,0.8,0.0,0.8,0.0,0.0,0.8,0.0,0.0,-0.8,-1.6,0.0,0.8,0.8,0.8,0.0,1.6,-0.8,0.8,0.8,-1.6,1.6,0.0,0.0,0.0,0.0,1.6,0.0,0.0,1.6,0.8,1.6,0.0,0.8,-0.8,0.8,0.0,-1.6,1.6,0.0,0.0,1.6,0.0,0.8,0.8,0.8,0.0,0.0,1.6,0.0,2.4000000000000004,0.8,0.8,0.8,0.8,0.8,0.8,0.0,1.6,-0.8,0.0,-0.8,0.0,0.8,0.0,0.0,-0.8,-0.8,1.6,-0.8,0.8,-0.8,0.0,0.8,-0.8,0.0,-1.6,0.0,1.6,0.8,1.6,-0.8,0.0,1.6,0.0,0.0,-1.6,0.8,0.0,-0.8,0.0,0.0,1.6,-0.8,0.0,0.8,0.0,0.8,0.0,0.0,-0.8,-0.8,0.0,0.0,0.0,0.0,0.0,1.6,-1.6,0.0,0.0,0.8,0.8,0.0,0.8,1.6,0.0,0.8,0.0,0.0,0.8,0.0,0.0,0.0,0.0,0.0,1.6,0.8,0.8,0.0,-0.8,0.8,0.8,0.0,-0.8,-0.8,0.0,-0.8,0.0,0.0,0.0,0.0,-0.8,0.8,-0.8,0.0,-0.8,0.0,0.8,0.8,0.8,-0.8,0.8,1.6,-1.6,1.6,0.0,0.0,0.0,-0.8,0.8,0.8,0.0,0.8,0.0,1.6,0.0,0.8,0.8,-0.8,0.0,0.0,0.0,1.6,-0.8,0.8,0.0,0.0,0.8,0.0,1.6,0.0,1.6,0.8,0.0,0.8,0.0,0.0,0.0,0.0,1.6,0.0,0.8,0.8,0.0,0.0,-0.8,1.6,0.0,-0.8,0.0,-0.8,0.8,0.0,0.8,0.0,0.8,0.8,-0.8,-1.6,1.6,0.0,0.0,-0.8,1.6,0.0,0.0,0.8,-0.8,0.8,0.0,0.0,0.0,0.8,0.8,1.6,0.0,1.6,0.0,0.8,0.8,0.8,0.8,-0.8,0.0,-0.8,-0.8,0.8,0.8,0.8,0.0,-0.8,0.8,0.8,0.8,0.0,0.8,0.0,2.4000000000000004,0.0,0.0,0.8,0.8,0.0,0.0,0.0,0.0,0.8,0.0,0.0,0.0,0.0,1.6,0.0,0.0,-1.6,0.8,1.6,-0.8,-2.4000000000000004,3.2,0.8,0.0,0.0,1.6,-0.8,-1.6,0.8,0.8,0.0,-0.8,1.6,1.6,-0.8,0.0,0.0,0.8,0.0,0.0,1.6,1.6,-0.8,0.8,0.0,0.0,0.8,0.0,0.8,0.0,0.8,0.0,-0.8,1.6,-0.8,0.0,0.0,-0.8,0.0,0.0,1.6,0.0,0.0,0.8,0.0,0.8,0.0,0.0,-0.8,0.8,0.8,0.8,0.0,0.8,0.8,1.6,0.0,0.0,0.0,-0.8,0.0,-0.8,-0.8,-0.8,0.0,-0.8,-0.8,0.0,0.0,0.8,0.0,0.0,0.8,0.0,0.8,0.8,1.6,0.0,0.8,-0.8,1.6,0.0,0.8,-0.8,0.8,1.6,0.8,-0.8,0.0,-0.8,0.0,0.8,0.0,2.4000000000000004,0.0,0.0,0.0,0.0,1.6,-0.8,0.0,0.0,0.0,-0.8,-0.8,1.6,0.0,0.0,1.6,0.0,0.0,0.8,-0.8,1.6,0.0,0.0,1.6,-0.8,0.8,0.0,1.6,0.8,0.0,0.8,-1.6,0.8,0.0,-0.8,0.0,-0.8,1.6,-0.8,1.6,1.6,-1.6,1.6,0.0,0.8,0.0,0.8,1.6,0.0,0.0,1.6,0.0,1.6,-0.8,-0.8,0.8,-0.8,0.0,-0.8,0.8,0.8,-0.8,0.8,0.0,0.8,0.0,0.0,0.0,-1.6,0.0,0.0,-0.8,0.0,-0.8,0.8,0.8,0.0,0.0,0.8,0.8,0.0,-0.8,0.0,0.0,0.0,0.0,0.8,0.8,2.4000000000000004,-0.8,1.6,1.6,0.0,0.0,-0.8,-0.8,0.0,0.0,0.8,0.8,1.6,0.8,0.0,-0.8,-0.8,0.0,0.8,0.8,0.8,-0.8,0.0,0.0,0.8,0.0,0.8,0.0,-0.8,1.6,0.8,-0.8,0.8,0.8,1.6,0.0,-1.6,0.8,0.0,0.8,0.8,-0.8,-1.6,-0.8,1.6,0.0,-0.8,0.0,-1.6,0.0,0.0,0.0,0.0,0.0,0.0,-0.8,0.0,1.6,-0.8,0.0,0.0,0.0,0.8,0.0,-0.8,-0.8,0.8,0.0,-0.8,0.0,-0.8,0.8,-0.8,0.0,0.8,-0.8,0.8,0.0,0.0,0.8,-1.6,-0.8,-0.8,-0.8,1.6,-0.8,0.8,-0.8,-0.8,0.8,-0.8,0.0,-0.8,0.8,0.8,0.8,0.8,-0.8,1.6,1.6,-1.6,1.6,0.0,0.0,0.0,-1.6,0.8,-0.8,-0.8,1.6,0.8,0.0,-0.8,0.8,0.0,0.0,0.0,0.0,0.0,0.8,0.0,0.8,1.6,1.6,0.0,0.8,0.0,-0.8,1.6,0.8,0.8,0.0,0.0,0.0,0.0,-0.8,0.8,0.8,-0.8,1.6,0.0,-0.8,1.6,-1.6,-0.8,0.8,0.8,0.0,0.8,0.8,-1.6,0.0,1.6,-1.6,-0.8,0.0,0.0,0.0,-1.6,-0.8,0.8,1.6,0.8,-0.8,0.8,0.0,0.8,0.0,0.8,0.8,-0.8,0.0,0.8,0.0,1.6,0.8,0.8,0.0,-0.8,0.8,0.0,0.8,0.0,0.8,0.8,0.8,1.6,0.0,1.6,0.8,0.8,1.6,0.8,0.8,0.8,0.0,1.6,0.8,1.6,0.0,0.8,0.0,0.0,0.0,0.8,-0.8,0.8,0.0,1.6,0.0,1.6,0.8,0.0,0.0,-0.8,0.0,0.0,-0.8,0.8,-0.8,-1.6,0.8,-0.8,0.0,0.0,0.8,0.0,0.8,0.8,0.0,0.8,0.0,-0.8,0.0,0.8,0.0,0.8,0.0,0.0,0.0,-0.8,0.8,-0.8,0.0,0.0,0.8,0.0,-0.8,0.8,0.8,0.0,0.8,-0.8,-0.8,0.0,0.0,0.8,-0.8,0.8,0.0,0.0,1.6,-0.8,-0.8,0.8,-1.6,0.0,0.8,1.6,0.8,0.8,0.8,1.6,0.8,0.0,0.8,0.0,-1.6,0.8,0.0,0.8,1.6,0.8,0.8,0.0,-0.8,1.6,0.0,0.8,0.0,-1.6,0.8,0.0,3.2,-0.8,0.0,1.6,0.0,0.8,1.6,0.0,1.6,0.0,0.0,0.0,0.0,-0.8,0.8,0.8,0.0,-0.8,0.8,0.0,1.6,-0.8,0.8,0.0,0.8,0.8,0.0,0.0,1.6,0.0,0.8,0.0,0.0,0.8,0.8,-0.8,0.0,0.8,-0.8,0.0,0.0,0.8,0.8,-0.8,0.0,0.0,-0.8,-0.8,0.0,0.0,0.0,-0.8,0.8,-0.8,0.8,0.8,-0.8,-0.8,-0.8,-0.8,-0.8,1.6,0.0,0.0,0.8,1.6,0.0,0.0,0.8,-0.8,0.8,-0.8,-0.8,1.6,0.0,0.0,0.0,0.0,1.6,0.0,-0.8,0.0,0.0,0.0,0.0,0.0,0.0,0.0,0.0,-1.6,1.6,-0.8,0.8,1.6,0.0,0.8,-0.8,1.6,0.0,0.0,0.8,0.0,1.6,1.6,-1.6,0.8,-0.8,1.6,0.0,0.0,0.8,-0.8,0.8,0.0,0.8,0.8,-0.8,0.8,-0.8,0.0,1.6,0.0,1.6,0.8,0.0,0.8,0.8,1.6,-0.8,0.8,0.8,-0.8,1.6,0.0,0.8,0.8,0.0,1.6,-0.8,0.0,0.8,0.0,0.0,-0.8,0.8,-0.8,0.0,0.0,0.8,1.6,0.0,1.6,0.0,0.8,0.8,-0.8,0.8,-0.8,-0.8,0.0,0.0,0.8,-0.8,0.8,1.6,0.0,0.0,0.0,0.0,0.8,0.0,0.0,0.0,1.6,0.0,0.8,0.8,0.0,0.8,-0.8,0.8,0.8,-0.8,0.8,-1.6,0.8,0.0,-0.8,0.8,0.8,0.0,0.0,0.0,0.0,-0.8,0.0,0.0,0.8,1.6,0.0,0.0,0.0,0.8,0.0,0.8,0.8,0.0,0.0,-0.8,0.0,0.0,-0.8,1.6,0.8,0.8,0.8,0.0,0.0,0.0,-1.6,1.6,0.0,1.6,0.0,0.0,1.6,0.0,1.6,0.0,0.0,0.8,0.8,0.8,-0.8,0.8,0.8,-0.8,0.0,-1.6,0.8,0.0,-0.8,1.6,0.0,0.8,-0.8,-0.8,0.0,0.0,0.0,-0.8,-0.8,0.8,0.0,-1.6,0.0,2.4000000000000004,-1.6,-2.4000000000000004,3.2,0.8,-3.2,0.8,0.8,0.8,0.0,-0.8,0.0,0.8,-0.8,-0.8,0.0,0.0,-0.8,0.8,0.8,0.8,-0.8,0.0,0.8,1.6,-0.8,0.0,0.0,0.8,-0.8,0.0,0.0,0.8,0.0,0.8,1.6,0.8,0.0,-0.8,0.8,0.8,0.8,-0.8,0.8,1.6,0.8,0.8,0.8,0.0,1.6,-0.8,0.0,0.0,0.0,-0.8,0.8,0.8,0.0,0.0,1.6,-0.8,0.8,-1.6,0.0,0.8,0.0,0.0,0.0,0.0,-0.8,0.0,0.8,0.0,0.0,0.8,0.8,0.0,0.0,1.6,-0.8,0.0,0.8,0.0,0.8,0.0,0.8,0.0,-1.6,0.8,-0.8,0.0,0.8,0.8,0.8,0.8,1.6,-0.8,0.0,1.6,-1.6,0.8,0.0,1.6,1.6,0.0,0.0,0.0,0.8,1.6,-0.8,-0.8,0.8,0.8,0.0,-0.8,1.6,0.8,0.8,0.0,0.8,0.0,0.0,0.0,0.8,0.0,0.0,0.8,0.0,0.8,0.0,0.0,1.6,0.8,0.0,1.6,0.0,0.0,-1.6,0.8,0.0,1.6,0.0,0.8,1.6,1.6,-0.8,2.4000000000000004,0.0,0.8,0.0,-0.8,0.8,0.8,0.0,0.8,0.0,0.8,-1.6,0.0,-0.8,0.0,-0.8,0.8,0.0,0.8,-0.8,0.8,0.0,0.8,0.8,0.8,0.8,0.0,1.6,0.0,0.0,1.6,-0.8,0.8,0.0,-0.8,0.8,0.0,0.0,0.0,-0.8,-0.8,0.0,1.6,0.0,1.6,1.6,0.0,0.0,1.6,0.8,0.0,1.6,0.8,-1.6,0.0,0.8,0.8,1.6,0.0,1.6,-0.8,1.6,0.0,-1.6,0.8,0.0,0.8,-0.8,0.0,1.6,-0.8,1.6,0.0,-0.8,0.8,0.8,2.4000000000000004,-0.8,-0.8,0.8,-0.8,0.8,0.0,0.0,2.4000000000000004,0.0,0.8,0.0,1.6,0.0,-0.8,1.6,-0.8,1.6,0.0,0.0,1.6,0.0,0.8,1.6,0.0,0.8,0.0,-0.8,-0.8,0.0,0.0,2.4000000000000004,0.0,0.8,0.0,0.8,0.8,0.8,0.0,0.8,-0.8,0.8,-1.6,-1.6,0.0,0.0,0.8,0.8,1.6,-0.8,1.6,0.8,0.0,0.8,0.0,0.0,0.8,-0.8,1.6,0.0,-0.8,1.6,-0.8,-0.8,0.0,0.8,0.8,-1.6,1.6,0.0,-0.8,2.4000000000000004,0.0,0.8,0.8,0.8,-0.8,-0.8,1.6,0.0,0.8,1.6,0.0,2.4000000000000004,0.0,0.0,-1.6,0.0,1.6,-0.8,0.8,0.8,0.8,0.0,0.0,1.6,0.8,0.8,2.4000000000000004,0.8,0.0,0.0,0.0,0.8,-0.8,0.8,-0.8,1.6,0.8,0.0,1.6,0.0,-0.8,0.0,0.0,1.6,1.6,-0.8,0.8,0.8,0.8,-0.8,1.6,1.6,0.0,1.6,0.0,0.0,0.8,0.0,1.6,0.0,0.8,0.0,0.0,0.0,0.8,0.8,0.0,0.0,1.6,0.0,-0.8,0.0,0.8,1.6,0.0,1.6,0.0,1.6,0.8,0.8,0.8,0.8,0.8,-0.8,0.0,0.8,0.8,0.0,0.0,0.8,0.0,0.0,1.6,0.0,0.8,0.0,0.8,0.0,0.0,0.8,-0.8,2.4000000000000004,0.0,0.0,0.8,0.8,1.6,0.0,0.8,1.6,0.0,0.8,-1.6,1.6,0.0,-0.8,0.0,-0.8,0.0,0.0,0.0,0.8,0.0,1.6,0.8,-1.6,1.6,0.0,0.0,0.0,0.8,0.0,0.0,1.6,0.0,0.0,1.6,0.0,1.6,0.8,-0.8,1.6,-0.8,3.2,0.8,0.8,1.6,0.8,0.8,-0.8,0.8,0.0,-1.6,-0.8,0.8,0.8,0.0,1.6,0.8,1.6,0.0,-0.8,0.0,0.8,0.0,2.4000000000000004,0.0,1.6,0.8,0.0,1.6,-0.8,0.8,0.0,-0.8,0.0,1.6,1.6,0.8,0.0,1.6,0.8,-0.8,0.8,0.0,0.8,0.8,0.8,0.0,-1.6,-0.8,0.8,0.0,0.8,-0.8,0.0,0.8,0.0,0.8,0.8,-0.8,-0.8,-1.6,0.8,1.6,0.8,-0.8,-0.8,0.8,0.0,0.8,0.0,0.0,0.8,0.0,0.0,0.8,0.0,0.8,-0.8,1.6,0.0,0.0,0.0,0.0,0.8,-0.8,-0.8,0.0,0.0,0.8,0.0,-0.8,1.6,0.8,0.8,0.0,1.6,0.8,-0.8,0.8,1.6,2.4000000000000004,0.0,-0.8,0.0,1.6,0.0,0.8,-0.8,1.6,-0.8,0.0,-0.8,0.8,0.8,0.8,0.8,0.0,0.0,0.8,-0.8,1.6,0.0,1.6,0.8,0.8,0.0,0.0,0.0,0.8,0.0,0.0,0.8,0.0,1.6,0.0,0.0,0.8,0.8,3.2,0.0,0.8,0.8,0.0,-0.8,-0.8,0.0,-0.8,0.0,-0.8,0.0,0.8,0.8,0.8,-1.6,0.8,0.8,0.0,0.8,0.8,-0.8,1.6,1.6,0.8,0.8,0.8,0.8,0.8,0.8,0.0,0.0,0.0,0.0,-0.8,0.0,0.0,0.0,0.8,-0.8,0.0,0.0,0.0,0.0,1.6,0.8,-0.8,-0.8,1.6,-0.8,1.6,0.0,1.6,0.0,-0.8,1.6,0.0,0.8,0.8,-0.8,1.6,0.0,0.8,1.6,0.0,1.6,-1.6,0.0,0.8,-0.8,0.8,0.0,0.0,0.0,0.0,1.6,-0.8,0.8,-0.8,0.0,0.8,0.0,0.0,0.0,-0.8,2.4000000000000004,0.0,0.0,0.0,0.8,0.8,0.0,0.0,-0.8,1.6,0.0,-0.8,0.8,0.0,0.8,0.0,-0.8,0.8,-0.8,0.0,0.8,-0.8,-0.8,-0.8,0.0,-0.8,-0.8,0.8,0.8,0.0,1.6,0.0,-0.8,0.8,0.0,-1.6,-0.8,1.6,1.6,-0.8,-0.8,1.6,0.0,0.0,0.8,-0.8,0.8,0.0,-0.8,1.6,0.0,0.8,0.8,0.8,0.8,0.8,0.0,0.0,0.8,-0.8,0.8,-0.8,0.0,1.6,0.0,0.8,0.0,0.0,0.0,0.0,0.8,0.0,-1.6,1.6,0.8,1.6,0.8,0.8,2.4000000000000004,0.8,0.0,0.8,0.8,0.8,0.0,-0.8,-0.8,1.6,1.6,0.8,1.6,-0.8,0.0,0.0,-0.8,0.8,-0.8,1.6,0.0,0.8,0.8,-0.8,0.8,1.6,0.8,0.0,-0.8,-0.8,0.8,1.6,0.8,0.8,2.4000000000000004,0.0,0.0,0.8,0.0,2.4000000000000004,-1.6,1.6,0.8,-1.6,1.6,-1.6,1.6,0.8,0.0,1.6,-0.8,0.8,0.8,0.0,0.8,0.0,0.0,0.8,0.8,0.8,-0.8,0.8,0.0,0.8,0.8,-0.8,0.8,0.8,0.0,0.0,0.8,1.6,0.0,0.0,0.8,-0.8,0.8,2.4000000000000004,-0.8,0.0,2.4000000000000004,0.8,-3.2,1.6,0.8,-0.8,0.0,1.6,1.6,0.8,0.0,0.0,0.8,-0.8,-0.8,0.8,1.6,0.8,0.8,1.6,1.6,0.8,0.8,-1.6,1.6,0.0,-0.8,0.0,0.0,0.8,0.8,0.8,1.6,-1.6,1.6,0.0,1.6,0.0,0.0,0.0,-0.8,0.8,0.0,0.0,1.6,-0.8,0.0,0.8,-0.8,2.4000000000000004,0.8,0.8,0.8,-0.8,0.8,0.0,0.0,0.0,0.0,0.0,0.0,0.8,-0.8,0.0,0.8,-0.8,0.8,0.0,0.0,0.0,0.0,0.0,-0.8,0.0,0.0,-1.6,0.0,0.8,0.8,0.0,-0.8,0.0,0.8,0.8,0.0,0.0,0.8,0.0,0.0,0.8,-0.8,0.0,0.8,0.8,0.8,0.0,0.8,0.8,0.0,0.0,0.0,0.8,-0.8,0.8,0.0,0.0,1.6,0.0,0.8,0.8,0.0,0.8,0.0,0.0,0.8,1.6,0.0,0.0,1.6,2.4000000000000004,0.0,0.8,0.8,0.8,0.0,0.0,0.0,0.0,0.8,2.4000000000000004,0.0,1.6,0.8,0.0,0.8,0.8,0.8,1.6,0.0,1.6,-1.6,0.0,0.0,0.8,0.8,-0.8,1.6,0.8,1.6,0.8,0.8,1.6,0.0,0.0,0.8,0.0,0.8,-0.8,-0.8,0.0,0.0,-0.8,0.0,0.8,0.8,0.0,1.6,0.8,0.0,0.8,0.8,0.0,0.0,0.0,-0.8,0.8,2.4000000000000004,0.0,0.8,0.0,0.0,1.6,0.0,0.8,-0.8,0.0,0.8,0.0,0.8,0.0,0.8,0.8,0.0,1.6,0.0
event_90,1625266924.6113205,0.8,0.0,0.8,-1.6,-0.8,0.8,0.0,0.0,0.0,0.0,1.6,0.0,1.6,0.8,-0.8,-0.8,-0.8,2.4000000000000004,0.0,0.0,-0.8,1.6,0.0,0.0,0.8,0.0,0.8,0.0,0.0,1.6,0.0,0.0,1.6,-0.8,0.8,0.0,0.8,0.0,0.0,-0.8,0.0,0.0,0.0,0.0,0.0,-0.8,1.6,-0.8,0.0,1.6,0.0,0.0,-0.8,0.8,0.8,2.4000000000000004,0.8,0.8,0.8,0.8,0.8,2.4000000000000004,0.0,0.8,0.0,0.0,0.0,0.0,0.8,0.8,-0.8,-0.8,0.0,0.8,0.0,0.8,-0.8,-0.8,0.0,0.0,-1.6,0.0,0.8,-0.8,0.0,1.6,0.0,0.8,0.0,0.0,0.8,0.0,0.8,0.0,0.0,0.0,0.0,2.4000000000000004,0.0,0.8,0.0,0.0,-1.6,-27.200000000000003,-56.0,-41.60000000000001,-17.6,-6.4,-6.4,-2.4000000000000004,-1.6,-5.6,-3.2,-2.4000000000000004,-3.2,0.0,0.8,0.8,-1.6,0.8,0.8,0.0,1.6,-0.8,0.8,-0.8,0.0,0.0,-0.8,0.8,0.0,0.8,0.0,-0.8,1.6,0.0,0.0,0.0,-0.8,1.6,-1.6,0.8,0.8,0.0,0.8,0.0,0.8,1.6,0.8,0.8,0.0,0.8,0.8,0.0,2.4000000000000004,0.8,-0.8,1.6,1.6,0.0,0.8,1.6,1.6,0.0,-0.8,-0.8,1.6,0.0,0.0,1.6,0.8,0.0,0.0,0.8,0.8,-0.8,0.8,-0.8,0.8,0.0,-0.8,1.6,0.8,0.0,0.0,0.0,0.0,0.8,0.8,0.0,0.8,0.8,0.0,0.0,0.8,0.0,0.8,0.8,0.0,0.8,-0.8,0.0,1.6,1.6,0.0,0.8,0.8,0.8,0.0,1.6,0.8,0.0,0.0,-1.6,0.0,0.8,0.0,0.8,-0.8,1.6,0.8,0.8,0.8,-0.8,1.6,0.0,-0.8,0.0,0.0,1.6,0.8,0.8,0.8,0.0,1.6,0.0,0.0,0.0,-0.8,0.8,-0.8,0.0,0.0,0.8,2.4000000000000004,-0.8,0.8,0.8,0.8,2.4000000000000004,-1.6,0.8,-0.8,1.6,0.8,0.0,2.4000000000000004,0.8,0.8,0.8,0.0,1.6,0.0,0.0,0.8,-0.8,0.8,0.8,0.8,0.0,-0.8,0.0,0.0,0.8,-0.8,0.8,1.6,1.6,0.0,-0.8,0.8,0.8,-0.8,0.8,0.8,-1.6,0.8,0.8,-0.8,0.0,-0.8,0.0,-0.8,-1.6,1.6,0.8,-0.8,0.8,-0.8,-0.8,0.8,0.8,0.0,-1.6,0.8,0.0,-0.8,0.8,0.0,0.0,-0.8,-0.8,-1.6,0.0,2.4000000000000004,-0.8,0.0,-0.8,0.0,0.0,0.0,0.0,0.0,0.0,0.8,-0.8,0.8,0.0,0.0,1.6,0.0,0.8,0.8,0.0,0.0,0.0,0.0,-0.8,0.0,0.0,0.0,0.8,0.0,1.6,0.8,0.0,1.6,0.0,0.8,0.0,1.6,0.8,1.6,0.0,0.8,0.0,1.6,-0.8,0.8,0.8,0.8,-0.8,0.0,0.0,0.0,0.0,0.8,1.6,0.8,0.0,0.0,0.0,0.8,-0.8,0.8,0.0,0.8,-0.8,0.0,0.8,0.8,0.8,0.8,0.8,0.8,1.6,0.0,-0.8,0.0,0.0,1.6,0.8,0.0,0.8,0.8,0.0,0.0,0.0,-0.8,0.0,0.8,0.8,0.0,0.8,1.6,0.0,0.0,1.6,0.8,0.0,-0.8,0.8,0.0,0.8,1.6,0.0,0.0,1.6,0.0,1.6,0.8,0.0,0.8,0.0,0.8,-0.8,1.6,0.8,0.8,1.6,0.0,0.8,0.0,-0.8,1.6,0.0,0.8,0.0,0.0,1.6,-1.6,0.8,0.8,0.8,0.8,0.0,0.8,0.0,0.0,1.6,0.8,1.6,-0.8,2.4000000000000004,1.6,1.6,0.8,0.0,2.4000000000000004,1.6,-0.8,0.0,-1.6,1.6,0.0,0.0,0.8,0.0,1.6,0.8,0.8,0.0,-0.8,0.8,-0.8,0.8,-0.8,-0.8,1.6,0.0,-0.8,0.8,0.0,0.8,0.8,1.6,0.8,0.0,1.6,0.0,0.8,-0.8,0.8,1.6,0.0,1.6,0.0,-0.8,0.8,0.8,0.8,0.0,0.8,0.8,0.8,0.8,0.8,0.0,0.0,0.0,-0.8,0.8,2.4000000000000004,1.6,0.0,-0.8,0.0,0.8,0.8,0.0,0.0,0.0,0.0,0.0,0.8,0.0,0.8,0.0,0.0,0.8,0.0,1.6,0.0,0.8,0.0,-0.8,0.8,0.0,0.8,0.0,-1.6,0.8,0.0,0.0,0.8,0.0,0.8,0.8,0.8,0.0,1.6,1.6,-0.8,1.6,0.0,0.0,2.4000000000000004,0.0,0.8,0.8,0.0,0.8,0.0,0.0,0.8,0.0,0.8,-0.8,0.8,-0.8,0.0,0.8,0.8,0.8,0.0,0.0,0.0,0.0,0.8,0.0,0.0,0.0,0.0,1.6,0.8,0.0,0.0,0.0,0.0,-0.8,0.0,0.0,0.0,0.8,0.0,0.0,0.0,0.0,1.6,1.6,0.8,0.0,1.6,0.8,0.8,0.0,0.8,0.8,0.0,-0.8,0.0,2.4000000000000004,0.8,0.0,0.0,1.6,0.0,0.8,-0.8,-1.6,0.8,0.0,0.0,0.0,0.0,0.0,-0.8,1.6,1.6,-0.8,0.0,0.0,1.6,0.0,-0.8,0.8,0.8,0.0,0.0,0.8,0.8,0.0,0.8,1.6,0.0,0.8,0.8,0.8,1.6,0.8,0.0,0.8,0.8,1.6,0.8,0.8,0.8,0.0,0.0,0.0,0.0,0.8,-0.8,0.8,0.8,0.8,0.0,0.0,1.6,-0.8,-0.8,0.8,0.8,1.6,-0.8,0.0,0.0,0.0,0.8,0.0,1.6,-0.8,0.8,1.6,0.0,1.6,0.0,0.0,0.8,-1.6,1.6,0.8,0.0,1.6,0.0,0.0,0.0,0.8,0.0,0.0,0.8,-0.8,1.6,0.8,1.6,0.0,0.0,0.0,-0.8,0.0,1.6,1.6,0.0,0.8,0.8,-0.8,0.8,0.0,0.0,1.6,0.0,-0.8,0.0,0.8,0.8,0.8,0.0,0.0,0.0,0.0,0.8,0.0,-0.8,-0.8,0.8,1.6,1.6,0.0,0.8,0.8,0.8,1.6,0.8,1.6,0.8,-0.8,1.6,-0.8,2.4000000000000004,0.8,0.8,1.6,-0.8,0.0,1.6,0.0,0.8,-0.8,0.8,-0.8,-0.8,-0.8,1.6,0.8,0.8,0.0,0.8,0.0,0.8,-0.8,0.8,0.8,0.8,0.8,0.0,0.8,0.8,0.8,1.6,0.0,1.6,0.0,1.6,0.8,0.0,0.8,-0.8,0.8,0.8,0.0,0.8,-0.8,0.8,0.8,-0.8,0.8,0.8,0.0,0.0,0.0,1.6,0.0,0.8,0.8,1.6,0.8,-3.2,-0.8,1.6,-1.6,0.8,1.6,0.0,0.0,0.8,0.8,0.8,0.0,-0.8,-0.8,0.0,0.0,0.0,0.0,0.8,0.0,1.6,2.4000000000000004,-0.8,0.0,0.0,0.0,0.8,-0.8,0.8,0.0,-0.8,0.0,1.6,0.8,0.8,0.8,0.8,0.8,0.0,0.8,0.8,1.6,0.8,0.8,0.8,0.8,-1.6,0.0,0.0,0.8,0.0,-0.8,0.8,0.0,0.8,2.4000000000000004,0.8,0.0,0.0,1.6,0.0,0.8,0.8,0.0,0.8,0.8,-0.8,0.8,0.0,0.8,0.8,0.0,2.4000000000000004,-1.6,1.6,0.0,1.6,1.6,0.0,0.8,-1.6,-0.8,0.8,0.0,0.8,-0.8,0.8,-0.8,-0.8,2.4000000000000004,0.8,0.0,-1.6,0.8,0.8,0.0,1.6,0.0,1.6,0.0,-1.6,1.6,0.8,0.0,0.8,-1.6,1.6,-0.8,0.0,0.0,-0.8,1.6,0.0,0.8,0.8,-0.8,0.8,0.8,0.8,0.8,0.0,1.6,0.0,0.8,0.8,-0.8,0.0,0.8,0.8,0.8,0.0,2.4000000000000004,0.0,0.0,0.0,0.8,0.8,-1.6,0.8,0.0,1.6,0.0,0.0,0.0,1.6,-0.8,0.8,0.8,1.6,-0.8,-0.8,0.0,0.8,0.0,0.8,0.8,0.8,-0.8,0.0,0.0,0.8,0.8,0.8,0.0,0.8,0.0,0.8,0.8,-0.8,0.8,0.0,0.0,0.8,0.8,0.8,0.8,0.0,0.8,0.0,0.0,0.0,1.6,0.0,-0.8,0.8,-0.8,0.8,-0.8,0.0,-0.8,-0.8,1.6,0.0,0.0,0.8,-0.8,0.0,0.8,-0.8,0.0,-0.8,1.6,0.0,-0.8,0.8,1.6,1.6,0.0,0.0,0.0,0.0,0.0,-1.6,-0.8,0.0,0.8,0.8,0.0,0.8,0.0,-1.6,0.0,0.0,-0.8,0.0,-0.8,0.0,-0.8,0.8,0.0,1.6,0.8,0.0,1.6,0.0,0.0,0.0,-0.8,0.0,1.6,-0.8,1.6,0.8,1.6,0.0,0.0,1.6,1.6,0.8,-0.8,0.0,-0.8,0.0,0.8,1.6,0.8,0.0,0.0,0.0,0.8,0.0,0.0,-0.8,0.0,0.0,0.0,1.6,0.0,0.8,1.6,0.8,0.8,0.8,0.8,0.0,0.8,0.8,0.0,-0.8,0.0,0.0,0.8,-0.8,0.8,0.8,-1.6,0.0,0.0,0.8,0.0,-0.8,0.8,0.0,0.0,0.0,-0.8,0.8,-0.8,0.0,-0.8,0.8,0.8,-0.8,0.8,0.0,0.8,0.8,-0.8,0.0,0.0,-1.6,0.8,-0.8,1.6,0.0,0.8,1.6,0.0,-0.8,-0.8,0.8,0.8,-0.8,0.8,0.8,0.0,0.0,-0.8,0.8,0.0,0.8,0.8,1.6,0.8,-0.8,-0.8,0.0,0.0,1.6,0.0,0.8,0.8,1.6,-0.8,0.8,0.0,0.0,0.0,-0.8,0.8,0.0,0.0,1.6,-0.8,0.8,-0.8,0.0,0.8,-0.8,0.0,0.8,-0.8,0.8,-0.8,0.0,0.0,0.0,0.8,0.0,0.0,0.0,0.8,0.0,0.8,1.6,-0.8,0.0,-0.8,-0.8,0.0,0.0,0.0,0.8,0.8,-0.8,0.0,1.6,0.0,1.6,0.8,0.0,0.0,-0.8,0.8,0.0,0.8,0.8,-1.6,0.0,0.8,0.0,1.6,-0.8,1.6,0.0,0.8,0.8,-0.8,0.0,0.0,-0.8,-0.8,0.0,0.0,-0.8,0.8,0.0,-0.8,0.8,0.8,0.8,0.0,-0.8,0.8,0.0,0.8,0.8,0.0,1.6,-0.8,0.8,0.0,-0.8,0.8,0.0,1.6,0.0,0.8,0.8,0.0,1.6,1.6,0.8,0.8,0.0,1.6,-0.8,0.8,0.0,0.0,0.0,0.0,0.0,0.0,0.0,0.8,0.0,0.8,0.8,0.0,0.0,1.6,0.0,-0.8,0.8,0.8,0.0,0.8,-0.8,-0.8,1.6,0.8,0.0,0.0,0.8,0.8,-0.8,0.0,0.8,0.8,-0.8,0.0,0.8,-0.8,0.0,0.8,-0.8,0.0,0.0,0.8,0.0,1.6,0.0,1.6,1.6,-0.8,-0.8,-0.8,0.8,1.6,1.6,1.6,0.8,0.8,0.8,0.0,0.8,-0.8,1.6,0.8,0.0,0.8,0.0,0.8,0.8,0.8,1.6,-0.8,1.6,0.8,0.0,0.0,-0.8,1.6,0.0,0.8,0.8,0.8,0.8,0.0,0.0,1.6,-0.8,0.0,0.0,1.6,1.6,0.0,1.6,0.0,0.8,-1.6,0.8,1.6,0.0,1.6,0.8,-0.8,0.0,0.0,2.4000000000000004,0.8,0.8,0.0,-0.8,0.0,0.8,0.8,1.6,0.0,2.4000000000000004,0.8,0.0,0.0,0.8,0.8,0.0,0.8,0.0,1.6,0.8,-0.8,1.6,-0.8,0.0,-0.8,-0.8,1.6,1.6,-0.8,0.8,0.0,-0.8,0.8,0.0,0.0,0.8,0.8,1.6,-0.8,0.8,0.8,0.0,0.0,0.0,-0.8,0.0,2.4000000000000004,0.8,0.0,0.8,0.8,0.0,1.6,0.0,0.8,0.8,-0.8,0.0,0.0,0.8,-0.8,0.0,0.8,1.6,0.0,0.0,1.6,2.4000000000000004,0.0,0.0,0.8,0.0,0.8,0.0,0.8,0.8,0.8,1.6,0.0,0.8,0.8,-0.8,0.8,0.0,1.6,0.8,1.6,0.8,0.8,0.0,0.8,0.8,1.6,-0.8,0.0,-0.8,0.0,0.8,1.6,1.6,0.8,-0.8,-0.8,-0.8,0.8,-0.8,0.0,0.8,0.8,0.8,-0.8,0.8,1.6,0.0,0.8,0.0,0.8,2.4000000000000004,0.8,0.0,0.8,0.8,0.8,0.0,0.8,-0.8,0.8,0.0,1.6,0.0,-0.8,-0.8,1.6,0.0,0.0,0.0,0.0,0.8,0.8,0.0,0.8,0.0,-1.6,-0.8,0.8,0.8,0.0,0.8,0.0,0.0,1.6,1.6,0.8,0.0,1.6,0.8,-0.8,0.0,0.0,1.6,0.0,0.0,0.8,0.8,0.8,0.0,0.0,0.0,0.0,0.0,0.0,0.8,0.8,0.0,0.8,0.8,0.0,0.8,0.8,0.8,0.0,0.0,0.8,0.8,1.6,-0.8,0.8,2.4000000000000004,0.8,1.6,0.0,1.6,0.0,0.0,0.8,0.0,1.6,0.0,-0.8,0.8,-1.6,1.6,-0.8,0.8,0.8,2.4000000000000004,0.8,-0.8,0.8,0.8,0.0,0.8,-0.8,0.8,0.0,-0.8,1.6,0.0,-0.8,0.8,1.6,1.6,-0.8,0.0,1.6,0.0,0.0,-0.8,0.0,0.0,0.8,0.0,-1.6,0.0,0.0,0.8,-0.8,0.8,1.6,-0.8,1.6,0.0,-0.8,1.6,1.6,0.0,0.0,1.6,0.8,0.8,1.6,-0.8,0.0,-0.8,0.0,0.0,0.0,1.6,0.8,0.0,0.8,0.8,0.8,0.0,0.0,0.8,0.0,0.0,0.0,0.0,-0.8,2.4000000000000004,0.0,0.8,1.6,-0.8,0.0,0.0,0.8,0.0,-0.8,0.8,0.8,0.0,1.6,0.0,0.8,0.0,0.0,0.8,0.0,0.8,1.6,-0.8,0.8,0.0,1.6,0.8,0.0,0.0,-0.8,0.8,0.8,-0.8,0.8,-0.8,1.6,0.0,-0.8,0.8,0.0,1.6,0.8,0.8,0.8,0.8,0.8,-0.8,0.8,0.0,-0.8,0.8,-0.8,1.6,0.0,-1.6,1.6,-0.8,-0.8,0.8,0.0,0.8,-0.8,1.6,0.8,-0.8,1.6,0.0,0.8,0.0,-1.6,0.0,-0.8,1.6,0.8,0.0,0.8,0.8,0.8,1.6,-0.8,-1.6,0.0,0.8,-1.6,1.6,0.0,0.8,0.8,0.8,2.4000000000000004,0.8,0.0,0.0,0.0,0.8,0.0,0.0,-0.8,0.8,0.0,0.0,0.8,0.8,0.8,0.8,0.0,0.0,-1.6,0.8,0.8,1.6,0.8,0.8,1.6,0.8,-0.8,0.8,0.0,2.4000000000000004,0.0,0.0,0.0,1.6,0.8,0.8,1.6,0.8,0.0,0.8,0.0,0.8,-0.8,0.8,1.6,0.8,1.6,-0.8,0.0,0.0,0.0,0.8,0.0,0.0,1.6,0.8,1.6,0.0,0.8,0.0,0.0,0.8,0.0,2.4000000000000004,0.0,0.8,0.8,-0.8,0.8,0.0,0.8,0.8,0.0,0.8,0.8,0.8,1.6,-0.8,1.6,0.0,0.0,0.0,1.6,1.6,0.0,0.8,1.6,1.6,1.6,-0.8,0.0,0.8,0.0,0.0,1.6,0.8,0.0,0.8,0.8,1.6,0.8,0.8,0.0,1.6,-0.8,0.0,0.8,1.6,0.0,0.0,0.8,0.8,0.8,0.8,0.8,0.0,0.8,-0.8,0.0,0.8,1.6,-0.8,0.8,2.4000000000000004,0.8,0.8,1.6,0.0,1.6,0.0,-1.6,0.0,0.0,0.0,1.6,0.0,1.6,-0.8,0.8,0.8,0.0,0.0,0.0,1.6,0.0,0.0,0.8,0.0,0.0,0.0,0.0,0.0,0.8,0.8,1.6,1.6,-0.8,-0.8,0.8,0.8,-0.8,1.6,0.0,0.8,0.8,0.0,0.0,0.0,0.8,-0.8,0.8,0.8,-0.8,0.0,0.8,0.0,0.0,0.0,0.8,-0.8,1.6,1.6,0.0,0.8,0.0,0.8,0.0,0.8,0.0,0.0,1.6,0.0,-0.8,-0.8,0.0,1.6,0.0,0.8,1.6,0.0,0.0,0.0,0.8,0.8,-1.6,0.8,-0.8,0.0,0.0,0.0,1.6,0.0,0.0,0.8,1.6,0.8,0.0,1.6,0.8,1.6,0.0,0.8,0.8,1.6,-0.8,0.0,0.8,0.8,0.8,0.0,-0.8,0.8,-0.8,1.6,0.0,0.0,0.8,0.0,0.8,0.0,-0.8,1.6,-0.8,2.4000000000000004,0.0,0.0,0.8,0.0,0.8,0.0,0.0,0.0,0.8,0.8,0.0,0.0,0.8,0.0,0.8,0.0,0.8,1.6,-0.8,0.8,0.0,-0.8,0.8,0.8,1.6,-1.6,1.6,0.0,0.0,1.6,0.0,0.0,0.0,-0.8,-0.8,0.0,2.4000000000000004,0.8,0.8,0.8,-0.8,1.6,-0.8,0.0,0.8,-0.8,1.6,0.0,0.0,-0.8,0.8,1.6,0.0,1.6,0.0,-0.8,0.8,0.0,0.0,-1.6,0.8,0.8,0.0,-0.8,0.0,0.8,1.6,0.0,0.8,0.0,0.0,0.0,0.0,0.0,0.0,0.0,0.8,0.8,1.6,0.0,0.8,0.0,0.8,0.0,0.0,0.0,0.0,0.0,0.8,1.6,0.8,0.0,0.8,0.8,1.6,0.0,0.0,0.0,1.6,1.6,0.0,1.6,0.8,0.0,0.8,1.6,-0.8,0.8,0.8,0.8,0.8,0.8,0.0,-0.8,0.0,0.8,0.8,0.0,0.0,0.8,0.0,0.8,1.6,-0.8,0.8,0.0,0.8,0.8,0.8,0.8,0.0,1.6,-1.6,-0.8,0.0,0.8,0.8,0.0,0.0,1.6,0.0,1.6,0.8,0.0,1.6,0.8,0.0,0.0,0.0,1.6,0.0,1.6,0.0,0.8,1.6,0.0,1.6,-0.8,0.8,0.0,0.0,2.4000000000000004,-0.8,0.8,1.6,0.8,1.6,0.8,2.4000000000000004,0.8,0.0,0.8,0.0,2.4000000000000004,0.0,0.8,2.4000000000000004,0.8,0.8,1.6,0.8,1.6,0.0,0.0,0.0,1.6,0.8,1.6,0.8,0.0,0.8,1.6,-0.8,0.8,0.0,0.8,-0.8,0.0,1.6,-0.8,-0.8,0.8,0.0,0.0,0.8,0.0,0.8,0.8,0.0,0.0,0.8,0.8,0.0,0.0,1.6,1.6,-0.8,1.6,0.0,0.8,0.8,0.0,0.8,0.0,0.0,0.8,0.0,0.0,0.8,0.8,0.8,0.0,-0.8,0.0,1.6,0.8,1.6,0.0,0.8,0.0,0.8,0.8,0.0,0.8,0.8,-0.8,0.8,0.0,0.8,0.0,0.0,0.8,0.8,0.0,0.8,1.6,0.0,0.0,1.6,0.0,-0.8,0.0,-0.8,1.6,0.8,0.0,0.8,-0.8,1.6,-0.8,0.8,0.8,1.6,0.8,0.0,0.8,0.8,-0.8,0.8,0.0,0.8,0.0,-0.8,0.0,0.0,0.8,0.8,0.0,0.8,0.0,0.0,0.8,0.8,0.0,0.8,0.0,0.8,-0.8,0.0,0.8,0.0,-0.8,-0.8,0.8,0.0,0.8,0.8,0.8,0.0,0.0,0.0,0.0,0.0,1.6,0.0,0.0,1.6,-0.8,0.0,-0.8,0.8,0.8,0.0,1.6,1.6,0.0,0.8,0.0,1.6,0.8,-0.8,0.0,0.0,1.6,0.8,-0.8,0.8,0.8,1.6,0.8,0.8,0.0,-0.8,0.0,-0.8,0.0,0.8,0.8,1.6,0.0,1.6,0.8,-1.6,0.0,0.8,0.0,0.0,-0.8,0.8,0.8,0.0,1.6,0.8,1.6,-0.8,0.0,0.8,0.0,0.0,-0.8,1.6,1.6,0.0,1.6,0.8,0.8,0.8,0.8,0.8,0.8,0.0,0.0,0.8,0.8,-0.8,2.4000000000000004,0.0,0.8,-0.8,0.0,0.0,0.8,-0.8,0.0,-0.8,0.8,-0.8,0.8,0.0,0.8,1.6,0.0,0.8,0.8,0.8,0.8,-0.8,0.8,0.0,0.0,0.8,0.0,0.8,0.8,0.0,0.8,0.8,0.0,0.0,0.8,-0.8,0.0,0.0,0.0,0.0,0.0,0.8,0.0,0.8,0.0,-1.6,0.0,0.8,0.8,0.0,0.0,0.8,-0.8,0.8,-0.8,-1.6,1.6,0.0,0.0,0.8,0.0,1.6,0.0,0.8,0.0,0.8,0.8,0.0,1.6,-0.8,-0.8,0.0,0.0,1.6,0.0,0.0,0.8,0.0,0.8,0.0,-0.8,-0.8,-0.8,0.8,0.0,1.6,-0.8,0.0,1.6,-0.8,0.8,0.0,0.0,1.6,-2.4000000000000004,0.8,0.0,0.8,0.0,0.0,1.6,0.0,-0.8,0.8,-1.6,0.8,-0.8,0.8,0.0,0.8,0.8,-0.8,0.0,0.0,-0.8,0.8,-0.8,0.0,0.8,0.8,0.0,-0.8,0.0,0.0,0.0,0.8,0.8,2.4000000000000004,0.0,0.0,0.0,-0.8,0.8,0.8,0.8,0.0,0.8,0.8,-1.6,0.0,0.8,-0.8,0.8,-0.8,-0.8,-0.8,0.8,0.8,0.8,0.0,0.8,0.0,0.8,-0.8
event_91,1625266926.770444,0.0,0.0,0.8,0.8,-1.6,0.0,0.0,0.8,0.0,0.0,0.0,-0.8,0.0,0.8,0.0,1.6,0.0,0.0,0.0,0.0,0.8,-0.8,0.8,0.8,-0.8,0.0,0.8,0.8,0.8,-0.8,1.6,-0.8,2.4000000000000004,0.8,-1.6,0.8,0.8,-0.8,-0.8,0.8,0.8,0.0,1.6,0.0,0.0,0.0,0.8,2.4000000000000004,0.0,-0.8,0.8,-0.8,0.8,0.0,0.0,1.6,-0.8,-0.8,0.8,0.0,0.0,-1.6,1.6,0.0,0.8,0.0,0.8,1.6,0.8,0.8,0.8,-0.8,0.8,-0.8,-0.8,0.8,0.0,0.8,0.8,0.0,0.8,-0.8,0.8,0.8,0.8,-0.8,0.8,-0.8,1.6,0.0,0.0,0.0,0.0,0.8,0.0,0.0,-0.8,1.6,0.8,0.0,1.6,0.8,-0.8,-25.6,-86.4,-92.0,-54.400000000000006,-20.800000000000004,-11.2,-5.6,-1.6,-7.200000000000001,-4.800000000000001,-4.0,-3.2,0.0,0.0,0.0,-0.8,0.0,0.0,0.8,0.0,-0.8,0.8,0.0,0.8,2.4000000000000004,-0.8,0.8,1.6,1.6,0.8,-2.4000000000000004,0.8,1.6,-0.8,0.8,0.0,0.8,0.0,0.0,2.4000000000000004,0.0,0.0,0.8,0.8,0.0,0.0,0.8,-0.8,0.0,0.8,0.0,0.8,0.0,2.4000000000000004,0.8,0.8,2.4000000000000004,0.0,1.6,0.0,1.6,0.8,1.6,0.8,0.8,-0.8,0.0,0.8,1.6,0.0,0.8,-0.8,1.6,0.8,1.6,0.8,0.8,0.0,0.8,0.8,0.8,0.0,1.6,-0.8,1.6,0.8,-0.8,0.8,0.0,0.8,0.8,0.0,0.8,0.8,0.8,0.8,-0.8,0.8,0.0,0.0,-1.6,0.0,1.6,0.0,0.8,0.0,0.8,1.6,0.0,2.4000000000000004,0.8,0.8,0.8,0.0,1.6,0.0,0.8,1.6,0.0,1.6,0.0,2.4000000000000004,0.8,0.0,1.6,0.8,1.6,0.8,0.0,0.8,0.0,1.6,0.8,0.0,0.8,-0.8,0.8,0.8,0.8,1.6,-0.8,0.8,0.0,1.6,0.8,-2.4000000000000004,0.8,1.6,0.8,0.0,1.6,1.6,0.0,0.0,0.8,1.6,-0.8,-0.8,0.8,2.4000000000000004,0.0,0.8,0.0,1.6,0.8,0.0,0.0,0.8,0.8,-0.8,0.0,0.0,0.0,1.6,0.0,0.8,1.6,0.0,0.0,1.6,0.0,0.8,0.8,2.4000000000000004,0.0,0.0,0.8,0.0,2.4000000000000004,0.8,0.8,-0.8,1.6,1.6,-0.8,0.8,0.8,0.8,-0.8,0.8,1.6,0.8,0.8,0.8,1.6,-1.6,0.0,0.8,0.0,0.8,0.0,0.8,1.6,1.6,0.8,0.8,1.6,-0.8,-1.6,0.8,1.6,1.6,0.0,0.8,0.8,-0.8,1.6,0.0,-0.8,1.6,0.0,0.8,0.0,-1.6,0.8,-0.8,1.6,0.0,0.0,1.6,-1.6,1.6,-0.8,-0.8,0.8,0.0,1.6,-0.8,0.8,1.6,-0.8,0.8,0.0,1.6,0.8,0.0,0.8,0.0,2.4000000000000004,-0.8,0.0,3.2,0.0,0.8,0.8,0.8,2.4000000000000004,-0.8,0.0,0.8,1.6,0.8,0.8,0.8,0.8,0.0,0.8,0.0,1.6,-0.8,1.6,0.0,0.8,0.8,0.0,0.8,1.6,-0.8,0.8,1.6,0.8,0.8,0.0,0.0,0.8,0.8,0.8,0.0,0.8,0.8,0.8,-0.8,0.0,0.8,0.0,-0.8,0.8,0.0,0.8,0.8,0.0,-0.8,0.8,1.6,0.0,0.0,0.0,-0.8,0.8,2.4000000000000004,0.0,0.8,0.8,1.6,0.0,0.8,0.8,0.0,0.0,0.0,0.0,0.0,0.0,0.8,0.8,0.8,1.6,0.0,0.8,0.0,0.8,0.0,0.0,-0.8,0.0,0.8,1.6,0.0,2.4000000000000004,0.0,0.0,0.8,0.0,0.8,-0.8,0.8,0.8,0.8,0.8,0.8,0.0,0.8,0.0,1.6,0.0,0.8,0.8,-0.8,0.0,0.8,0.8,0.8,0.8,0.8,-0.8,0.8,0.0,0.0,0.0,-0.8,0.0,1.6,0.0,0.0,0.0,1.6,0.8,0.0,0.8,0.0,3.2,0.0,0.8,0.8,0.0,0.0,-1.6,-0.8,0.8,0.8,0.0,0.8,0.8,0.0,0.8,1.6,-0.8,0.0,0.8,0.8,0.0,0.8,0.8,0.0,1.6,-0.8,-0.8,-0.8,1.6,1.6,0.0,0.8,0.0,1.6,0.8,0.0,0.0,0.8,0.8,0.0,0.0,0.8,0.8,2.4000000000000004,0.8,2.4000000000000004,1.6,-0.8,0.8,0.8,-0.8,0.8,-0.8,0.8,0.0,0.8,0.8,0.8,1.6,0.8,1.6,0.0,0.0,0.8,0.0,2.4000000000000004,2.4000000000000004,0.8,0.8,0.8,2.4000000000000004,-0.8,0.0,1.6,0.0,0.8,-0.8,0.0,1.6,-0.8,2.4000000000000004,1.6,0.8,0.8,0.0,1.6,0.0,-0.8,2.4000000000000004,0.8,1.6,0.0,-0.8,0.8,1.6,1.6,-0.8,1.6,-0.8,0.8,2.4000000000000004,0.0,0.8,1.6,0.0,-1.6,-0.8,1.6,0.0,-0.8,1.6,0.0,0.0,0.8,0.0,1.6,0.0,-0.8,0.0,0.8,0.8,0.8,0.0,0.8,0.0,-0.8,0.0,2.4000000000000004,0.8,-0.8,0.8,1.6,0.8,1.6,-0.8,0.8,1.6,-0.8,0.0,2.4000000000000004,1.6,0.8,0.0,0.8,0.8,0.8,1.6,0.8,1.6,-0.8,0.0,0.8,0.0,0.8,0.0,0.8,0.8,0.8,0.8,0.8,0.0,0.0,0.0,1.6,0.8,2.4000000000000004,-0.8,1.6,1.6,0.0,0.8,0.8,0.0,1.6,-0.8,0.0,-0.8,0.0,0.8,0.8,0.8,0.8,-0.8,0.8,-0.8,0.8,0.0,1.6,0.0,-0.8,2.4000000000000004,-0.8,0.8,1.6,0.0,0.8,-0.8,0.0,2.4000000000000004,0.8,1.6,-0.8,0.8,-0.8,0.0,1.6,0.0,0.8,-0.8,1.6,0.0,-2.4000000000000004,0.0,0.0,0.0,0.0,-0.8,2.4000000000000004,0.0,0.8,0.0,0.0,0.8,-1.6,0.0,0.8,0.0,0.0,-0.8,0.0,0.8,-0.8,0.8,-0.8,0.0,1.6,-0.8,0.0,-0.8,0.8,0.8,0.0,0.0,0.8,0.0,-1.6,-0.8,0.8,0.0,0.0,0.8,-0.8,0.8,0.0,0.8,0.8,0.8,0.8,0.8,0.8,0.8,0.0,0.8,0.8,1.6,0.0,0.0,0.8,0.8,-0.8,1.6,0.8,0.8,0.0,-0.8,0.0,0.8,-0.8,1.6,0.8,1.6,0.0,0.8,-0.8,0.8,0.8,0.8,0.8,1.6,0.0,1.6,-0.8,0.0,0.8,-0.8,0.8,0.0,1.6,0.8,0.8,0.8,0.0,1.6,0.0,-0.8,1.6,0.0,0.0,-0.8,0.0,-1.6,0.0,0.8,0.0,-0.8,0.8,0.8,0.8,0.0,1.6,0.0,-0.8,0.8,-2.4000000000000004,0.8,2.4000000000000004,0.8,0.0,-0.8,1.6,1.6,0.8,0.8,-0.8,0.0,0.8,0.0,0.8,0.0,0.8,0.0,1.6,0.8,-0.8,0.0,0.0,0.8,0.0,-0.8,0.8,-0.8,0.8,0.8,0.8,0.8,0.0,0.0,0.8,0.0,0.0,-0.8,0.8,0.0,0.8,0.0,0.0,0.8,0.8,0.0,1.6,0.0,0.8,0.8,0.0,0.0,0.0,0.8,0.8,0.8,0.8,0.0,0.0,0.0,0.0,0.0,0.0,-0.8,0.8,0.0,0.0,-0.8,-0.8,1.6,0.0,-0.8,0.8,0.8,0.8,0.0,0.8,0.0,0.0,0.8,0.0,1.6,1.6,0.0,1.6,0.0,0.8,0.8,1.6,0.8,0.0,0.8,0.0,0.0,0.8,-0.8,0.8,0.0,-1.6,0.0,-1.6,1.6,0.8,0.0,0.0,0.8,0.8,0.0,1.6,0.0,0.0,0.8,0.0,0.8,1.6,0.0,0.0,-0.8,1.6,0.0,0.0,0.8,0.0,0.8,0.0,0.0,1.6,0.0,0.8,0.0,1.6,1.6,0.0,1.6,0.8,1.6,0.0,0.0,1.6,1.6,0.0,0.0,0.8,1.6,0.0,1.6,0.8,0.8,0.8,-1.6,0.8,0.8,0.0,1.6,0.8,0.8,0.0,0.8,0.0,0.8,0.0,1.6,0.8,0.0,0.0,-1.6,0.0,0.8,0.0,0.8,0.8,0.0,0.8,-0.8,0.0,0.0,1.6,0.8,-0.8,0.8,0.0,1.6,-0.8,0.8,0.8,-1.6,2.4000000000000004,-0.8,0.0,0.0,0.0,1.6,-0.8,1.6,0.8,-0.8,2.4000000000000004,-1.6,-0.8,-0.8,0.8,0.8,0.0,0.8,0.8,0.8,0.0,-0.8,0.8,0.8,0.8,0.0,0.0,1.6,0.8,0.8,0.0,-0.8,1.6,0.0,0.8,1.6,-0.8,1.6,0.0,0.8,0.0,-0.8,1.6,0.8,0.8,0.8,0.0,1.6,0.8,0.0,0.8,0.0,2.4000000000000004,0.0,0.0,1.6,0.0,-0.8,0.0,0.8,0.8,0.0,0.0,0.0,1.6,0.0,1.6,0.8,0.8,1.6,0.8,0.8,0.8,-0.8,0.8,0.0,1.6,0.0,-0.8,1.6,0.8,0.0,0.8,0.8,0.8,1.6,0.8,0.0,0.8,0.0,0.0,0.0,-0.8,0.0,0.8,0.8,0.8,0.0,0.0,0.0,0.8,1.6,1.6,0.8,0.8,0.8,1.6,0.0,0.0,0.8,-0.8,-2.4000000000000004,0.8,1.6,0.0,1.6,-0.8,1.6,0.8,0.8,1.6,-1.6,1.6,0.0,0.0,2.4000000000000004,0.0,1.6,0.8,-0.8,0.8,0.0,0.8,0.0,1.6,0.0,-0.8,2.4000000000000004,-0.8,1.6,0.8,0.0,2.4000000000000004,0.0,0.8,0.8,0.0,1.6,-1.6,1.6,0.8,0.8,1.6,-0.8,2.4000000000000004,1.6,0.8,0.8,0.0,1.6,0.0,0.0,0.8,0.0,1.6,0.8,0.8,1.6,-0.8,1.6,-1.6,0.8,0.0,-1.6,1.6,0.8,0.8,1.6,-0.8,1.6,0.0,0.8,0.8,0.0,2.4000000000000004,0.8,0.0,0.0,0.0,0.8,0.0,0.0,-0.8,1.6,0.8,0.0,0.8,-0.8,0.8,0.8,-0.8,0.0,0.0,0.8,0.0,0.8,0.8,0.0,0.8,0.0,-1.6,0.0,1.6,0.0,-0.8,0.8,0.8,0.8,0.8,0.0,-0.8,0.8,0.8,-0.8,1.6,0.8,0.8,0.0,0.8,0.8,0.8,0.8,0.0,0.0,-0.8,0.8,0.8,0.8,-0.8,0.8,0.0,0.8,0.8,0.0,0.8,0.0,-0.8,-0.8,0.0,0.8,0.0,0.0,0.8,0.8,1.6,-1.6,0.8,0.0,0.0,-0.8,-0.8,0.0,0.8,0.0,0.8,0.0,0.8,-0.8,0.8,0.0,0.0,-1.6,0.8,0.0,1.6,0.0,0.8,0.0,-0.8,0.0,0.0,0.0,0.8,0.8,1.6,-0.8,0.8,0.8,-0.8,0.0,0.0,2.4000000000000004,0.8,-1.6,0.0,-0.8,-0.8,0.0,0.8,0.8,0.0,0.8,0.0,-0.8,0.8,-0.8,0.8,1.6,-0.8,-1.6,0.0,2.4000000000000004,0.8,0.8,0.8,1.6,1.6,0.8,0.0,0.0,0.8,2.4000000000000004,-0.8,0.0,1.6,-1.6,0.0,0.8,0.0,0.8,0.0,0.0,0.8,0.0,0.0,-1.6,0.8,0.0,0.8,0.0,0.0,0.0,0.8,0.0,1.6,0.8,0.8,0.0,0.8,2.4000000000000004,0.8,0.0,1.6,0.8,1.6,0.8,1.6,0.8,-0.8,0.0,0.0,1.6,0.0,0.0,1.6,0.0,0.0,0.0,-0.8,0.8,-0.8,0.8,0.0,0.0,0.8,-0.8,0.8,0.0,-0.8,1.6,1.6,0.8,0.8,1.6,0.0,0.8,0.8,0.0,0.8,0.0,0.8,0.8,-0.8,0.8,0.8,0.0,0.8,0.0,0.0,-1.6,0.8,0.0,0.0,0.8,0.8,0.0,0.8,0.0,-0.8,-0.8,1.6,2.4000000000000004,0.8,0.8,0.8,0.0,1.6,0.0,-0.8,0.0,0.8,-0.8,-0.8,0.8,-0.8,-0.8,0.8,0.8,0.8,0.0,0.0,0.8,-1.6,0.0,0.8,-0.8,0.0,-0.8,0.0,0.8,0.8,0.8,0.8,0.0,0.0,0.0,0.0,0.0,1.6,0.0,-0.8,0.8,0.0,0.8,1.6,0.0,1.6,0.0,0.0,-0.8,-0.8,0.8,0.8,0.8,0.8,-0.8,0.8,-0.8,0.8,-1.6,0.0,1.6,0.8,-0.8,0.0,0.0,0.8,-0.8,0.8,0.0,-1.6,0.8,0.0,0.0,0.8,0.0,0.8,-1.6,0.0,0.8,0.8,0.8,-0.8,1.6,-0.8,0.0,1.6,0.0,1.6,0.0,0.8,0.8,0.8,1.6,-0.8,1.6,-0.8,-0.8,0.8,0.0,2.4000000000000004,0.8,0.0,1.6,0.0,0.8,0.0,0.0,0.8,-0.8,0.0,0.0,0.0,1.6,0.0,1.6,0.0,0.8,1.6,0.0,1.6,0.0,-0.8,-0.8,0.0,1.6,0.0,0.8,1.6,-0.8,1.6,1.6,0.8,0.0,0.0,0.8,0.8,1.6,0.0,1.6,1.6,0.8,0.0,0.8,1.6,0.8,0.8,-0.8,0.0,0.0,0.8,1.6,0.8,0.8,0.0,0.0,-0.8,0.8,0.8,1.6,0.0,1.6,-0.8,-0.8,0.0,0.8,0.8,0.0,0.8,0.0,0.8,0.0,-0.8,2.4000000000000004,-0.8,0.0,0.0,-0.8,1.6,0.0,0.0,0.8,-1.6,0.8,-0.8,0.0,0.8,-0.8,1.6,0.0,0.8,0.8,0.8,0.8,-0.8,0.0,0.0,0.0,2.4000000000000004,0.8,1.6,0.0,1.6,0.8,0.8,2.4000000000000004,-0.8,0.0,0.8,0.0,0.8,0.0,0.8,0.8,0.8,1.6,0.0,1.6,0.8,0.8,0.0,0.0,0.0,0.0,0.8,0.8,0.0,1.6,0.8,-0.8,2.4000000000000004,0.0,0.0,0.0,0.8,1.6,-0.8,0.8,1.6,0.8,-1.6,0.8,2.4000000000000004,-2.4000000000000004,0.0,2.4000000000000004,0.0,-1.6,0.8,0.8,0.8,-0.8,0.8,0.0,0.8,0.0,1.6,1.6,0.0,0.0,0.8,0.0,-0.8,0.0,0.8,0.0,1.6,-0.8,0.8,1.6,0.8,-0.8,0.0,0.0,0.8,1.6,0.0,0.8,0.8,-0.8,0.8,0.0,-0.8,0.0,0.0,0.8,0.0,0.0,0.0,0.0,0.0,0.8,-0.8,1.6,-0.8,0.0,0.8,1.6,0.8,-0.8,0.0,0.8,0.8,1.6,0.0,0.8,0.8,0.0,-0.8,0.0,0.8,0.0,-0.8,0.0,0.8,1.6,0.8,0.8,0.8,-0.8,0.8,-1.6,0.8,0.8,-0.8,1.6,0.0,0.0,0.8,0.8,0.0,0.0,0.0,0.0,0.0,0.8,-0.8,2.4000000000000004,0.8,1.6,0.8,0.8,0.8,0.8,-0.8,0.0,-0.8,0.0,0.8,0.0,1.6,1.6,-1.6,0.8,0.8,0.0,0.8,0.0,0.0,1.6,0.0,-0.8,0.8,0.8,0.8,0.0,0.0,0.0,0.8,1.6,0.8,0.0,0.8,0.0,-0.8,0.8,0.8,0.8,0.0,0.0,0.0,-1.6,0.0,0.8,0.0,-0.8,0.0,0.8,1.6,0.0,1.6,0.0,0.8,0.0,-0.8,0.0,0.0,0.8,0.0,-0.8,1.6,0.0,1.6,0.0,-0.8,1.6,-0.8,1.6,0.0,0.8,0.8,0.0,0.8,1.6,0.0,0.0,-0.8,1.6,-0.8,0.0,0.0,0.0,0.8,0.0,0.8,2.4000000000000004,-0.8,0.8,0.8,0.8,0.8,-1.6,1.6,-0.8,1.6,0.8,0.0,2.4000000000000004,0.8,0.8,0.8,0.0,0.0,-0.8,0.0,-0.8,0.0,0.0,1.6,0.8,-0.8,0.0,0.0,0.0,0.0,-0.8,1.6,0.0,0.8,0.0,-0.8,0.0,0.8,-0.8,0.0,0.0,0.0,1.6,0.0,0.0,0.0,0.0,0.0,-0.8,0.0,1.6,0.8,0.0,0.8,0.0,-0.8,0.8,1.6,-0.8,0.0,0.8,-0.8,-1.6,0.8,0.0,0.0,0.0,-0.8,-0.8,0.0,0.8,0.0,0.0,-0.8,0.0,0.0,0.8,0.8,0.0,1.6,0.0,-0.8,0.8,0.8,0.8,0.8,-0.8,0.0,-0.8,0.0,0.0,0.0,0.0,-0.8,0.0,0.0,-0.8,1.6,0.0,2.4000000000000004,0.8,-0.8,1.6,0.8,0.8,-0.8,0.8,0.8,0.8,0.8,1.6,0.0,1.6,-1.6,0.8,0.0,0.8,-0.8,-0.8,1.6,-0.8,0.8,1.6,0.0,1.6,-0.8,0.0,0.0,0.0,0.0,-0.8,0.0,0.8,-0.8,0.8,0.0,0.8,0.0,0.8,2.4000000000000004,-1.6,2.4000000000000004,1.6,-0.8,0.8,1.6,-0.8,-1.6,1.6,0.8,0.0,1.6,0.0,0.0,0.0,-0.8,0.8,-0.8,0.0,0.0,0.8,0.8,0.0,1.6,-0.8,0.0,0.0,-0.8,0.8,1.6,-0.8,0.0,0.0,1.6,0.0,0.8,0.8,-0.8,0.8,0.0,0.8,0.8,0.8,0.8,0.8,0.8,0.0,1.6,0.0,0.0,0.8,-0.8,0.0,0.0,0.0,0.8,-0.8,0.0,0.8,0.8,0.8,0.0,0.0,0.0,-0.8,0.0,0.8,1.6,0.0,1.6,0.0,1.6,0.0,0.8,1.6,0.0,0.0,-0.8,-0.8,0.8,0.0,1.6,0.0,0.8,1.6,-1.6,1.6,0.0,0.0,2.4000000000000004,0.0,0.8,-1.6,-0.8,0.0,-0.8,0.8,0.8,0.0,0.8,0.0,1.6,0.0,0.0,1.6,0.8,0.8,-0.8,-0.8,0.8,-0.8,0.8,-0.8,-1.6,0.8,0.0,0.0,0.0,0.0,0.0,-0.8,0.8,0.0,0.0,0.8,0.0,0.8,0.8,2.4000000000000004,0.8,-0.8,0.8,0.8,0.8,1.6,-0.8,0.0,0.0,0.0,-0.8,0.8,0.8,0.8,0.0,0.8,0.0,0.0,0.0,0.0,0.0,-1.6,0.0,-0.8,0.8,0.8,-0.8,0.8,0.8,-0.8,-0.8,0.8,0.8,0.0,-1.6,0.0,0.8,1.6,0.0,-0.8,1.6,0.0,-0.8,1.6,-0.8,0.0,0.0,0.0,-0.8,-0.8,0.0,0.8,0.8,0.0,0.8,0.0,-0.8,1.6,-0.8,1.6,0.8,0.8,0.0,0.0,1.6,0.8,-0.8,1.6,0.0,0.8,1.6,0.0,0.8,0.0,0.0,-0.8,-1.6,0.8,-0.8,0.8,0.0,0.8,0.0,-0.8,1.6,0.8,1.6,0.0,0.0,0.8,-0.8,-0.8,0.0,0.0,1.6,-0.8,-0.8,0.0,1.6,0.8,-1.6,0.0,1.6,0.0,1.6,-1.6,0.0,1.6,0.8,0.0,0.0,0.0,1.6,1.6,0.8,1.6,0.0,-0.8,0.0,0.0,0.0,0.0,0.8,0.8,0.8,0.0,0.0,0.8,0.8,0.0,0.0,0.0,0.0,-0.8,0.8,0.8,0.8,-0.8,0.8,0.0,1.6,-0.8,0.8,0.0,0.8,-0.8,0.0,0.8,0.8,0.0,0.8,-0.8,1.6,0.0,0.0,0.0,-0.8,0.8,-0.8,1.6,0.8,-1.6,0.0,-0.8,-0.8,0.0,0.8,2.4000000000000004,-1.6,1.6,0.0,-0.8,0.8,-0.8,0.8,0.0,0.0,0.8,0.0,0.0,0.0,0.0,0.0,0.0,0.0,0.0,0.0,1.6,0.0,2.4000000000000004,0.0,0.8,0.0,0.8,0.0,-1.6,0.8,0.8,0.0,0.8,-0.8,0.8,0.8,0.0,0.8,-1.6,0.8,-1.6,-0.8,2.4000000000000004,0.0,0.8,0.0,0.8,0.8,0.8,1.6,0.0,0.0,-1.6,-0.8,0.8,0.0,0.0,0.8,-0.8,1.6,0.0,0.8,0.0,0.0,0.8,-0.8,-0.8,-0.8,0.8,-0.8,0.8,1.6,0.8,0.0,1.6,0.0,0.8,0.8,0.8,-0.8,0.0,0.0,0.8,0.8,0.0,0.8,0.8,0.0,1.6,-0.8,0.0,-0.8,0.8,0.8,0.8,0.8,0.8,0.8,0.8,0.0,0.8,1.6,0.8,0.8,0.0,0.8,0.8,-0.8,-0.8,2.4000000000000004,1.6,-3.2,1.6,2.4000000000000004,-1.6,0.0,1.6,1.6,-0.8,0.8,0.0,-0.8,0.8,-1.6,0.0,0.8,-2.4000000000000004,0.0,0.0,2.4000000000000004,0.8,-1.6,1.6,0.0,0.0,0.0,-0.8,0.8,-0.8,0.0,0.0,0.8,0.0,-0.8,0.8,0.0,1.6,1.6,-0.8,0.8,0.8,0.8,0.0,-0.8,0.0,-0.8,0.8,0.8,0.8,0.8,0.0,1.6,0.8,-0.8,0.8,0.0,1.6,0.8,0.0,1.6,-0.8,2.4000000000000004,-1.6,0.0,0.8,0.0,1.6,-0.8,0.0,0.0,0.0,1.6,0.0,-0.8,0.8,1.6,0.8,1.6,0.0,0.0,0.8,1.6,0.0,0.0,0.8,0.8,-0.8,0.8,0.8,-0.8,0.8,1.6,0.0,-0.8,1.6,0.0,-0.8,-0.8,0.8,2.4000000000000004,-0.8,-0.8,0.8,0.0,0.8,-0.8,0.8,0.8,0.0,0.8,0.0,0.0,0.0,-0.8,1.6,-0.8,0.0
event_92,1625266928.940568,0.0,0.0,0.0,0.0,0.8,0.8,-0.8,0.8,0.0,0.0,0.0,0.0,1.6,0.0,1.6,0.0,-0.8,1.6,0.0,2.4000000000000004,-0.8,0.0,1.6,0.0,0.8,0.0,-0.8,-1.6,-0.8,0.8,0.0,-0.8,0.8,0.8,0.0,0.0,0.8,-0.8,0.0,0.8,-1.6,-0.8,1.6,-0.8,0.0,-0.8,0.8,0.8,1.6,0.0,-0.8,0.0,0.8,0.0,0.8,0.8,0.0,0.8,0.8,0.0,0.0,0.0,-0.8,-0.8,-0.8,-0.8,0.0,-0.8,1.6,0.0,0.0,1.6,0.8,0.0,1.6,-0.8,0.0,-0.8,0.8,0.8,0.8,-0.8,0.8,0.0,1.6,-0.8,0.0,0.0,0.0,0.0,0.0,-0.8,0.8,-0.8,0.8,0.8,0.0,-0.8,-0.8,1.6,-0.8,-0.8,-9.600000000000001,-53.6,-66.4,-41.60000000000001,-18.4,-11.2,-7.200000000000001,-0.8,-1.6,-5.6,-4.0,-2.4000000000000004,-0.8,-0.8,0.8,0.8,0.8,0.0,-2.4000000000000004,0.8,0.8,-0.8,1.6,0.8,0.8,0.0,0.0,0.8,-0.8,1.6,-0.8,0.0,0.8,-0.8,-1.6,0.8,-0.8,-0.8,0.0,1.6,0.8,-0.8,0.0,0.0,0.0,0.8,-0.8,-0.8,0.0,0.0,0.0,0.0,0.0,0.8,0.0,-0.8,0.8,0.0,-0.8,1.6,0.8,0.0,0.8,-2.4000000000000004,0.0,0.0,-0.8,-0.8,1.6,0.0,-0.8,1.6,0.8,0.0,-1.6,0.0,0.0,1.6,0.0,-0.8,1.6,0.0,0.0,1.6,0.0,0.0,0.0,0.0,0.0,-0.8,0.0,0.8,0.8,-0.8,-0.8,0.0,0.0,0.8,-1.6,1.6,0.0,0.0,0.8,0.0,1.6,0.8,0.0,1.6,0.0,-0.8,1.6,0.8,0.8,-0.8,0.0,0.8,-0.8,0.8,-0.8,0.8,-0.8,0.0,0.0,-0.8,1.6,0.0,0.0,0.0,-1.6,1.6,-1.6,0.0,0.8,-0.8,3.2,-1.6,-0.8,0.0,0.8,0.8,-1.6,0.8,0.8,1.6,1.6,-0.8,0.8,0.8,-0.8,0.0,0.0,0.8,0.0,-0.8,1.6,0.8,0.0,0.0,0.0,1.6,0.0,0.0,0.0,1.6,0.0,-0.8,1.6,0.0,0.0,0.0,0.8,0.8,0.0,-0.8,0.0,0.0,1.6,0.0,0.8,0.0,0.8,0.0,0.0,0.8,0.0,0.0,-0.8,-0.8,0.0,0.0,0.0,-0.8,0.8,-0.8,0.0,0.0,0.0,0.8,0.0,-0.8,0.8,-0.8,0.0,0.0,0.0,0.0,0.0,0.8,-0.8,1.6,0.8,-0.8,0.8,0.0,-0.8,0.8,0.0,0.8,-1.6,0.0,0.8,-0.8,0.0,0.0,0.0,0.0,-0.8,0.8,0.0,0.8,-0.8,-0.8,0.0,-0.8,0.0,-1.6,0.8,0.8,-0.8,0.8,-0.8,0.8,0.8,0.8,1.6,-0.8,0.8,0.8,-0.8,1.6,0.0,0.0,0.0,0.0,0.8,-1.6,0.8,0.8,0.0,-0.8,-1.6,0.8,0.0,-0.8,0.8,-0.8,2.4000000000000004,-0.8,0.8,0.0,0.0,0.8,-1.6,0.8,0.0,1.6,0.8,0.0,1.6,0.0,-0.8,1.6,0.0,1.6,0.0,0.8,0.0,0.0,0.0,0.8,0.0,1.6,-0.8,0.8,0.0,0.0,-0.8,0.8,0.8,0.0,0.0,-0.8,0.0,0.8,-0.8,0.8,0.0,0.0,1.6,0.8,-0.8,0.0,0.0,0.8,0.0,0.0,0.8,0.8,0.0,0.0,0.0,0.8,0.0,0.8,-0.8,0.0,0.8,1.6,0.0,0.8,0.0,-0.8,0.0,-0.8,0.0,0.0,0.8,0.8,0.0,0.8,0.0,0.0,0.8,0.8,0.0,0.0,-0.8,-0.8,0.8,0.8,-1.6,0.8,-0.8,0.8,0.8,-1.6,0.8,0.0,-0.8,0.0,-1.6,0.8,-1.6,-0.8,-0.8,-0.8,0.0,0.8,0.8,0.0,-0.8,0.0,0.0,0.8,0.8,0.0,0.8,0.0,1.6,0.0,0.0,0.8,-0.8,0.0,-0.8,0.0,0.8,0.0,1.6,0.0,0.0,0.0,0.0,0.8,0.8,0.0,0.8,0.0,0.8,-0.8,-0.8,0.8,0.0,0.8,0.8,0.8,0.8,1.6,0.8,0.8,0.8,1.6,0.0,0.0,0.0,0.0,0.8,-0.8,0.0,0.8,-0.8,0.8,0.0,0.0,0.8,0.8,1.6,0.0,0.8,0.8,0.0,0.8,0.0,0.0,1.6,0.8,1.6,0.0,0.8,0.8,0.8,1.6,-0.8,0.0,0.8,0.0,0.0,0.0,0.8,0.8,0.0,0.8,0.8,0.8,0.8,0.8,0.8,-0.8,0.8,0.0,0.8,0.8,0.0,0.8,1.6,-1.6,1.6,0.0,0.0,0.0,-0.8,1.6,-0.8,2.4000000000000004,0.0,-0.8,0.8,0.8,1.6,0.8,0.0,1.6,-0.8,0.0,0.0,1.6,0.8,0.0,0.8,0.0,0.0,0.0,-0.8,1.6,0.0,0.0,0.8,1.6,0.0,-0.8,1.6,0.0,0.8,0.8,0.8,1.6,1.6,0.8,1.6,0.0,0.0,0.0,0.0,0.8,0.8,0.0,0.0,0.8,0.0,-0.8,0.0,0.0,0.8,0.0,0.8,0.0,0.0,0.8,0.8,-0.8,-0.8,0.0,-0.8,0.0,1.6,-0.8,-0.8,0.0,0.8,1.6,0.8,0.0,-0.8,0.8,0.0,-1.6,0.8,0.8,0.0,0.0,0.0,1.6,-0.8,0.8,0.0,0.0,-0.8,-0.8,0.0,-0.8,0.0,0.8,0.0,1.6,0.0,0.8,1.6,-0.8,0.8,-1.6,0.0,0.8,0.8,0.8,0.8,1.6,1.6,0.0,1.6,-0.8,1.6,0.0,-0.8,0.8,-0.8,1.6,0.8,0.8,0.8,-1.6,0.8,-0.8,0.8,0.8,0.0,0.0,0.8,0.8,0.8,0.0,0.8,0.0,0.0,0.8,0.0,1.6,0.8,0.8,0.8,0.0,0.8,0.0,0.8,0.0,0.8,1.6,0.0,-0.8,0.0,-0.8,0.0,-0.8,0.0,0.0,0.0,1.6,0.8,0.0,0.0,0.8,-0.8,0.0,-0.8,0.8,0.0,0.0,0.8,0.8,0.8,0.8,0.0,0.0,0.8,-0.8,0.0,0.0,0.0,-0.8,0.0,0.8,1.6,-0.8,-0.8,0.0,0.8,0.0,0.8,0.0,0.0,0.0,-0.8,0.0,1.6,0.8,0.8,0.0,0.8,0.8,-0.8,0.0,0.0,1.6,0.0,0.0,0.8,1.6,0.0,0.0,0.0,0.0,0.8,-1.6,0.0,0.8,0.0,1.6,0.0,0.8,0.8,-0.8,0.8,0.0,-0.8,1.6,0.0,2.4000000000000004,-0.8,0.0,0.8,-0.8,0.8,-0.8,0.8,0.8,-0.8,1.6,0.0,0.8,0.8,0.0,0.8,-0.8,0.8,0.0,-1.6,1.6,-1.6,0.0,0.0,1.6,0.8,0.0,2.4000000000000004,-0.8,-0.8,1.6,0.0,0.8,0.8,0.0,-0.8,-0.8,2.4000000000000004,0.0,0.0,0.0,0.8,1.6,0.0,0.8,0.0,0.0,1.6,0.0,-0.8,0.0,0.0,-0.8,-0.8,0.8,0.0,0.0,1.6,0.0,0.0,0.0,0.8,-0.8,0.0,1.6,0.0,0.8,0.0,0.8,1.6,0.0,0.0,-0.8,1.6,-0.8,0.8,-0.8,-0.8,0.8,0.0,0.0,0.8,0.0,1.6,-0.8,0.0,-0.8,-0.8,0.8,0.8,0.8,0.0,-0.8,1.6,-0.8,0.8,1.6,2.4000000000000004,-2.4000000000000004,0.0,0.8,-1.6,-1.6,0.0,1.6,0.0,-0.8,0.8,1.6,0.0,0.0,0.0,1.6,-0.8,-0.8,-0.8,0.0,1.6,0.0,0.0,0.8,-0.8,0.0,0.8,-0.8,0.8,0.0,0.0,0.8,0.8,-0.8,-0.8,0.8,-0.8,-0.8,1.6,0.8,0.0,0.8,0.0,0.8,0.0,0.8,-0.8,-1.6,0.8,-0.8,0.0,0.8,0.8,0.8,-0.8,1.6,0.8,0.8,0.8,0.0,0.8,0.0,-1.6,0.0,0.8,1.6,0.0,0.0,1.6,-0.8,0.8,0.8,0.8,0.8,0.0,0.0,0.0,1.6,0.8,0.8,1.6,0.0,0.0,1.6,-0.8,0.0,0.0,0.0,0.0,0.0,-0.8,1.6,0.0,0.8,-0.8,0.8,-0.8,0.0,0.0,0.8,0.8,0.8,0.8,0.0,0.0,0.8,0.0,0.8,0.0,-0.8,1.6,0.8,0.8,0.8,0.0,1.6,-0.8,-0.8,1.6,0.8,0.8,0.0,0.8,0.0,-0.8,1.6,0.0,0.0,0.8,0.8,0.0,0.0,0.8,0.8,0.0,0.0,-0.8,0.0,0.8,0.0,0.8,0.0,1.6,-0.8,0.8,-0.8,0.0,1.6,0.0,0.0,0.0,0.8,0.8,-0.8,1.6,0.8,0.0,0.8,0.8,1.6,0.0,0.0,0.8,0.0,0.8,0.0,0.8,0.8,-0.8,0.0,0.0,0.8,1.6,0.0,0.0,0.0,0.8,0.0,0.8,0.8,0.8,0.8,0.8,1.6,0.0,0.0,0.8,0.0,0.0,-0.8,0.8,1.6,0.0,-0.8,0.0,0.0,0.0,-0.8,1.6,-0.8,1.6,0.0,0.8,0.8,-0.8,1.6,0.0,-0.8,0.0,0.8,0.8,-1.6,3.2,0.0,0.0,-0.8,0.0,0.0,1.6,-0.8,0.8,-0.8,-1.6,0.0,0.0,0.8,-1.6,0.0,0.0,0.0,0.8,0.0,0.8,0.8,-1.6,0.0,-0.8,2.4000000000000004,0.0,0.0,0.8,0.0,0.8,-0.8,0.8,0.0,0.0,1.6,0.0,0.0,0.8,0.8,0.8,-0.8,0.8,0.8,0.0,0.0,0.0,-0.8,0.0,-0.8,0.8,-0.8,0.0,-0.8,-0.8,1.6,-0.8,0.0,1.6,0.8,-0.8,-0.8,2.4000000000000004,1.6,0.8,0.0,0.8,1.6,-1.6,0.8,0.8,0.0,-0.8,-0.8,0.8,0.8,-0.8,1.6,0.8,0.8,0.0,0.0,-0.8,1.6,0.0,0.8,0.0,0.8,0.0,0.0,0.8,0.0,0.8,0.0,0.8,-0.8,1.6,-0.8,0.0,0.0,-0.8,1.6,0.0,0.0,0.0,0.8,0.8,0.0,0.8,0.8,0.8,-1.6,0.8,1.6,-0.8,0.0,1.6,0.0,1.6,0.8,0.8,0.0,0.8,1.6,0.8,0.8,-0.8,0.0,3.2,0.0,0.8,0.0,0.0,0.0,-1.6,1.6,-1.6,0.8,1.6,0.0,1.6,0.8,0.0,2.4000000000000004,0.0,1.6,-0.8,0.0,0.0,-0.8,1.6,0.0,0.0,1.6,-0.8,1.6,0.0,0.8,0.8,-0.8,0.8,-0.8,2.4000000000000004,-1.6,0.8,0.8,0.8,1.6,0.0,1.6,1.6,0.0,0.8,-0.8,0.8,0.8,0.8,0.8,-0.8,-0.8,0.8,0.0,2.4000000000000004,-1.6,0.0,-0.8,0.8,0.8,-0.8,0.8,0.8,0.8,0.8,-0.8,0.8,0.8,0.0,0.8,-0.8,0.0,0.0,1.6,-0.8,0.8,0.8,-1.6,-0.8,0.0,-0.8,0.0,0.8,-0.8,-0.8,0.0,-0.8,-0.8,0.8,0.0,0.0,0.8,-0.8,-0.8,0.0,0.8,1.6,0.0,0.0,2.4000000000000004,0.0,0.8,0.0,-0.8,1.6,0.0,-0.8,1.6,0.0,0.8,0.0,0.8,2.4000000000000004,0.0,0.0,0.0,0.0,0.0,0.0,0.0,0.0,0.8,-0.8,0.0,2.4000000000000004,0.0,0.8,0.8,0.0,0.8,-0.8,0.8,0.8,1.6,1.6,0.0,1.6,0.8,-0.8,0.8,0.0,1.6,0.8,-0.8,0.0,0.0,0.8,1.6,1.6,1.6,-1.6,0.8,0.8,0.0,0.8,0.0,0.0,1.6,-0.8,0.8,0.0,1.6,0.0,0.0,0.8,-0.8,2.4000000000000004,1.6,0.0,0.8,0.0,1.6,0.8,0.0,1.6,0.8,-0.8,0.8,0.8,-0.8,0.0,0.0,0.8,0.0,0.8,0.8,1.6,0.8,0.8,0.8,1.6,0.0,0.0,0.0,1.6,1.6,0.8,0.8,0.8,1.6,0.8,-0.8,0.0,0.0,0.0,0.0,0.8,0.8,0.0,0.0,0.8,2.4000000000000004,0.8,-0.8,1.6,0.8,0.8,0.8,-1.6,2.4000000000000004,0.0,0.0,1.6,0.0,0.8,0.0,1.6,1.6,-0.8,0.8,0.0,1.6,1.6,0.0,2.4000000000000004,0.8,1.6,0.0,0.8,0.8,0.0,0.8,0.0,0.0,1.6,0.0,2.4000000000000004,0.0,0.8,0.8,0.0,0.8,0.0,0.8,0.8,0.0,1.6,0.0,0.0,0.0,0.8,0.8,0.0,0.8,0.0,0.0,0.8,0.0,0.0,0.0,0.0,1.6,0.0,0.8,0.8,0.0,0.0,-0.8,0.0,0.8,0.0,-0.8,-0.8,0.0,0.0,0.8,0.8,0.8,0.0,0.0,1.6,-0.8,-0.8,0.8,0.0,0.0,0.0,0.8,0.8,0.8,0.0,0.0,0.8,-0.8,-0.8,0.0,0.0,1.6,0.0,0.8,0.0,0.8,0.0,0.0,0.8,-1.6,0.0,0.0,-0.8,0.8,-0.8,0.0,0.8,0.0,0.8,0.8,1.6,0.0,-0.8,0.8,0.0,1.6,0.0,0.8,1.6,0.0,0.0,0.0,0.8,1.6,0.0,0.0,0.0,0.8,0.0,0.8,1.6,0.0,0.0,0.8,-0.8,0.8,-0.8,0.8,0.0,1.6,0.8,0.0,1.6,0.8,-0.8,0.8,0.0,0.8,0.8,0.0,0.0,-0.8,1.6,-0.8,0.0,0.8,0.0,0.8,-1.6,-0.8,0.8,-1.6,1.6,0.0,0.0,0.0,-1.6,2.4000000000000004,-0.8,0.8,0.8,-1.6,2.4000000000000004,0.0,-4.0,2.4000000000000004,3.2,0.0,-0.8,1.6,0.8,0.0,1.6,0.0,1.6,0.0,0.0,1.6,0.8,0.0,0.8,1.6,0.8,0.0,0.0,-1.6,0.0,0.8,-0.8,0.8,2.4000000000000004,0.8,0.8,0.8,0.0,0.8,0.8,0.8,0.8,0.0,0.8,0.0,0.8,0.8,0.8,0.0,0.8,0.0,0.8,-0.8,1.6,-0.8,0.8,0.0,0.0,1.6,-0.8,0.0,2.4000000000000004,0.0,0.8,-0.8,0.8,0.0,0.0,-0.8,-0.8,0.0,0.8,0.0,0.0,0.0,0.0,-0.8,0.0,1.6,-1.6,1.6,1.6,0.0,0.8,0.0,1.6,0.0,0.0,0.8,-0.8,1.6,-0.8,0.8,0.8,-0.8,0.8,-0.8,0.8,0.0,0.8,2.4000000000000004,0.0,0.0,0.8,0.0,0.8,-1.6,0.0,1.6,0.0,0.0,-0.8,0.8,0.8,0.0,0.0,0.0,0.8,-0.8,0.0,1.6,1.6,1.6,0.0,0.8,0.0,-0.8,0.8,-0.8,0.0,0.0,0.0,0.0,0.8,0.0,0.0,0.0,0.8,0.8,0.8,2.4000000000000004,0.0,1.6,0.0,0.0,0.8,1.6,0.0,0.0,0.8,1.6,-0.8,0.8,-0.8,0.0,-0.8,-2.4000000000000004,0.0,0.8,-0.8,1.6,0.8,-0.8,-0.8,0.0,0.0,0.8,-0.8,0.8,0.8,0.8,0.0,0.0,-0.8,0.8,0.8,0.0,0.8,0.0,0.0,-0.8,0.0,0.0,0.0,0.0,0.8,-0.8,0.8,0.8,0.0,0.8,-0.8,-0.8,0.0,-0.8,0.0,-0.8,0.8,1.6,-0.8,0.8,0.0,0.8,0.8,-0.8,0.0,-0.8,0.8,0.0,-0.8,0.0,0.0,0.0,0.8,0.0,0.0,0.0,0.0,-0.8,0.0,1.6,0.0,0.0,-0.8,-0.8,0.8,-0.8,1.6,0.0,-0.8,0.0,0.0,0.0,-0.8,0.0,0.8,0.8,0.8,-0.8,0.0,0.0,0.0,0.8,0.0,0.0,1.6,0.8,0.0,1.6,0.8,-0.8,1.6,0.0,0.8,0.0,-0.8,0.0,0.0,0.0,0.8,0.0,0.0,0.8,0.8,-0.8,0.8,-0.8,0.8,-0.8,0.0,0.0,-0.8,0.8,-0.8,0.0,0.0,0.0,0.8,1.6,0.0,0.8,0.0,0.0,0.0,-0.8,0.8,0.0,0.8,-0.8,0.0,-0.8,-0.8,-0.8,-0.8,0.8,0.8,0.0,0.0,0.0,1.6,0.0,-0.8,1.6,-1.6,0.0,0.0,0.8,1.6,-0.8,0.0,0.8,0.8,0.8,-0.8,0.0,-0.8,-0.8,0.8,-0.8,2.4000000000000004,0.8,0.0,1.6,0.0,1.6,-1.6,-0.8,1.6,-0.8,0.8,-0.8,-0.8,0.8,-0.8,0.8,1.6,0.0,0.8,0.0,0.0,0.0,0.0,0.8,0.8,0.8,0.0,0.0,0.8,0.8,0.8,0.8,0.0,1.6,0.0,-0.8,0.0,0.8,0.8,0.8,0.8,0.0,-0.8,0.8,-0.8,0.8,0.0,0.8,0.8,0.8,-0.8,0.0,0.0,0.8,0.8,0.8,0.8,0.0,0.8,0.0,-0.8,0.0,0.0,0.0,-0.8,0.0,0.8,0.0,0.0,-0.8,0.0,-0.8,0.0,0.8,-0.8,0.0,0.8,0.0,0.0,0.0,0.0,0.0,-0.8,0.0,-1.6,0.8,1.6,0.0,0.8,0.0,1.6,0.8,0.8,1.6,-1.6,0.8,-0.8,0.0,1.6,-0.8,0.8,0.8,0.0,2.4000000000000004,2.4000000000000004,0.8,0.0,0.8,0.0,-1.6,1.6,-0.8,-0.8,0.8,-1.6,1.6,0.0,0.0,0.8,0.0,0.8,-1.6,0.8,0.8,0.8,1.6,0.0,2.4000000000000004,1.6,-2.4000000000000004,0.8,0.0,0.8,-1.6,0.0,1.6,0.0,0.0,0.8,1.6,1.6,-0.8,1.6,0.0,-0.8,0.0,0.8,1.6,0.8,1.6,0.8,-0.8,1.6,0.0,0.8,0.8,0.0,0.8,0.8,0.0,0.0,0.0,0.8,0.0,0.8,0.8,0.8,0.0,0.8,0.8,-0.8,0.8,0.0,0.0,0.0,0.0,0.8,-1.6,1.6,0.0,-0.8,1.6,-1.6,-1.6,-0.8,1.6,0.8,0.0,0.8,0.8,0.8,0.8,0.8,0.8,0.0,0.0,0.0,-0.8,0.8,0.0,1.6,0.8,0.8,0.8,-0.8,1.6,0.8,-0.8,0.0,0.0,0.8,0.0,0.8,0.0,0.8,1.6,0.8,0.8,0.8,0.0,0.8,-0.8,0.0,1.6,0.8,1.6,0.0,2.4000000000000004,0.8,0.8,0.0,0.8,0.8,0.0,0.8,1.6,0.8,2.4000000000000004,0.8,0.0,0.8,0.8,0.0,1.6,0.8,0.8,0.0,0.8,0.8,0.0,0.0,0.8,1.6,0.0,0.0,0.0,0.8,1.6,0.0,0.8,0.8,0.0,0.8,-0.8,1.6,0.0,0.0,1.6,0.0,-0.8,0.8,0.0,-0.8,-0.8,0.0,0.8,0.0,0.8,0.8,0.0,1.6,-0.8,-0.8,-1.6,0.8,0.8,0.0,0.8,0.8,0.0,0.8,0.0,0.0,-1.6,0.8,-0.8,0.0,1.6,0.8,0.0,0.8,0.0,0.0,0.0,0.0,0.0,-0.8,0.0,0.8,-0.8,0.0,-0.8,0.0,0.8,0.0,1.6,0.8,0.0,0.8,0.0,0.0,-0.8,1.6,0.0,0.8,1.6,0.8,0.8,0.8,0.0,0.8,0.0,0.8,-0.8,0.0,0.8,0.8,1.6,0.8,-0.8,0.8,0.0,0.8,-0.8,0.8,1.6,0.8,0.0,0.0,0.8,0.8,0.8,1.6,0.0,0.8,1.6,0.8,0.8,0.0,1.6,0.8,-0.8,0.0,0.0,0.8,-0.8,0.0,0.0,-0.8,0.8,-0.8,0.0,0.0,0.0,0.0,0.0,1.6,0.8,0.0,1.6,-1.6,-0.8,0.8,2.4000000000000004,0.8,0.8,0.8,0.8,-0.8,0.0,0.8,-1.6,0.8,-0.8,-0.8,0.0,0.0,0.8,0.8,0.0,0.0,0.0,0.8,0.0,0.8,-0.8,-0.8,0.0,0.8,0.8,0.8,0.8,1.6,-0.8,0.8,1.6,-0.8,0.8,0.0,0.0,0.8,0.0,0.8,0.8,0.8,0.8,-0.8,1.6,0.0,1.6,0.8,-0.8,0.8,-0.8,0.8,0.8,0.0,1.6,-1.6,0.8,-1.6,0.8,0.8,0.0,1.6,0.0,-0.8,0.8,0.0,0.8,0.0,0.8,0.8,-0.8,1.6,0.8,0.8,0.0,0.0,0.8,-1.6,0.8,0.8,0.8,0.0,0.0,0.8,-0.8,-0.8,0.8,-0.8,0.0,-0.8,0.8,0.0,0.8,0.8,0.0,0.8,0.0,-0.8,0.8,0.8,0.0,0.0,0.0,0.8,0.0,1.6,0.0,-0.8,0.0,-0.8,0.8,0.8,0.0,0.8,0.8,-0.8,-1.6,1.6,0.8,-1.6,0.8,0.8,-2.4000000000000004,-0.8,0.8,0.0,-1.6,0.8,0.0,0.8,0.8,0.8,1.6,0.0,0.0,0.8,0.0,2.4000000000000004,0.8,0.0,0.8,1.6,0.0,0.0,0.8,0.0,-0.8,0.0,-1.6,0.8,-0.8,1.6,0.8,0.0,0.8,0.0,0.0,0.8,-1.6,0.0,-0.8,0.8,-0.8,-0.8,1.6,-1.6,0.0,0.0,0.0,0.8,0.0,1.6,-1.6,0.0,0.0,-0.8,0.8,-1.6,1.6,1.6,-0.8
event_93,1625266931.0946913,0.0,0.8,0.8,0.0,0.0,0.0,0.8,0.8,-0.8,0.0,0.8,-0.8,0.0,0.0,1.6,1.6,0.0,1.6,1.6,2.4000000000000004,0.0,0.8,0.8,1.6,0.8,0.0,0.0,0.8,0.0,0.8,0.8,0.8,0.0,0.0,0.8,0.0,0.0,2.4000000000000004,-0.8,0.0,-0.8,0.0,0.0,0.8,-0.8,0.8,0.0,-0.8,0.8,0.8,0.8,0.0,1.6,0.8,-0.8,-0.8,0.8,0.8,0.0,0.8,0.8,-0.8,0.0,1.6,0.0,1.6,0.0,0.8,0.8,0.0,0.8,-0.8,0.8,0.0,-0.8,0.0,0.8,0.8,-0.8,-0.8,1.6,0.0,1.6,-0.8,-0.8,2.4000000000000004,0.0,0.0,0.8,0.8,0.0,-0.8,1.6,0.0,0.8,1.6,0.8,1.6,-0.8,0.0,0.0,-0.8,-11.2,-63.2,-82.4,-47.199999999999996,-20.0,-8.0,-4.0,-0.8,-3.2,-6.4,-4.0,-3.2,-1.6,0.8,0.8,0.8,0.0,-0.8,0.8,-1.6,0.0,1.6,-0.8,-0.8,1.6,0.8,-0.8,0.0,0.8,-0.8,0.0,0.0,1.6,-0.8,-0.8,0.0,0.8,0.0,0.0,0.0,1.6,0.0,-0.8,0.0,0.0,2.4000000000000004,0.8,0.0,0.8,0.8,-0.8,0.0,0.0,0.8,1.6,0.8,0.0,-0.8,0.0,0.8,0.0,0.8,0.0,1.6,0.8,-0.8,0.0,0.0,0.0,1.6,0.0,-0.8,-0.8,0.8,0.8,0.0,0.8,2.4000000000000004,0.8,0.8,0.8,0.0,0.8,0.8,0.0,0.8,0.8,1.6,1.6,0.0,1.6,0.0,1.6,0.0,0.0,1.6,-1.6,0.8,0.8,-0.8,0.8,0.8,0.0,0.8,0.0,2.4000000000000004,0.0,1.6,0.8,0.8,1.6,0.8,1.6,0.8,0.8,2.4000000000000004,0.0,0.8,0.0,0.8,0.0,0.0,0.8,0.0,0.0,2.4000000000000004,0.0,0.8,0.0,0.8,0.8,0.8,0.8,-0.8,1.6,0.0,-0.8,0.8,-0.8,0.8,1.6,0.0,0.8,-0.8,1.6,0.8,-0.8,0.0,0.0,0.0,-0.8,0.0,0.8,0.8,-1.6,-0.8,0.0,0.0,-0.8,-0.8,0.0,0.0,0.8,0.0,1.6,0.0,0.0,0.0,0.8,-0.8,-0.8,0.8,0.8,0.8,0.0,0.0,0.0,-0.8,0.8,-0.8,0.0,0.8,-0.8,0.0,-0.8,0.8,-0.8,0.0,1.6,-1.6,0.8,-0.8,0.0,0.8,-1.6,0.8,-0.8,0.0,0.0,0.0,0.8,0.0,0.8,0.8,-0.8,0.8,0.0,-0.8,0.0,0.0,2.4000000000000004,-0.8,0.8,0.8,-0.8,0.8,0.0,0.0,0.8,0.0,0.0,-2.4000000000000004,0.8,-0.8,-0.8,0.8,-0.8,0.8,0.0,-1.6,0.8,-0.8,1.6,0.0,0.0,0.8,-0.8,0.0,0.0,0.0,0.8,0.0,0.0,0.8,1.6,0.0,0.8,0.0,0.0,0.8,0.0,0.8,0.8,0.0,0.8,0.0,-0.8,0.0,0.0,0.8,0.0,0.8,0.8,-1.6,0.0,0.8,-0.8,0.8,-0.8,-0.8,-0.8,0.0,0.0,-0.8,0.0,0.0,0.0,0.8,-0.8,-0.8,0.0,-0.8,0.0,0.0,0.8,0.0,0.0,0.0,1.6,0.8,-0.8,-0.8,0.8,0.0,0.0,-0.8,0.0,0.0,0.0,-0.8,0.0,-0.8,0.8,0.8,0.8,-0.8,0.0,0.8,0.0,1.6,0.8,0.0,1.6,1.6,0.0,0.0,-0.8,0.8,-0.8,0.0,0.8,0.0,0.8,0.0,1.6,0.8,-0.8,0.8,-0.8,0.8,0.0,-0.8,0.8,0.8,0.0,-0.8,0.0,0.8,0.0,1.6,0.0,0.8,0.0,0.0,0.8,0.0,0.8,0.0,-0.8,0.8,0.0,0.0,0.0,-0.8,1.6,-0.8,-0.8,1.6,0.0,-0.8,0.0,0.8,-0.8,0.0,0.8,0.0,0.8,-1.6,0.0,0.8,0.0,0.0,-0.8,-0.8,0.8,-0.8,0.0,-0.8,0.0,0.8,-0.8,0.0,0.8,0.8,0.8,0.8,0.0,0.8,0.8,0.0,0.8,0.8,-0.8,-0.8,0.0,0.0,0.8,0.0,-0.8,1.6,0.0,0.0,1.6,0.0,-0.8,-0.8,0.8,0.0,0.0,0.8,0.0,0.0,2.4000000000000004,-0.8,1.6,0.8,0.0,1.6,-0.8,-0.8,0.8,0.0,1.6,0.0,2.4000000000000004,0.0,0.0,0.0,0.0,0.0,0.8,0.0,1.6,-0.8,0.0,0.0,1.6,0.8,-0.8,1.6,0.8,1.6,0.8,-0.8,0.8,0.8,0.8,0.0,-0.8,0.8,-0.8,0.8,0.8,0.0,0.0,-0.8,0.8,0.0,0.0,0.8,0.0,-0.8,0.0,0.0,0.0,0.8,-0.8,-0.8,0.0,0.8,0.0,0.0,0.0,1.6,1.6,0.0,0.0,-0.8,0.0,0.0,-0.8,0.0,0.0,0.8,0.0,0.8,0.8,0.0,0.0,-0.8,0.8,0.0,0.0,0.0,0.0,0.0,0.8,0.8,0.0,0.0,0.8,0.8,0.8,0.8,-0.8,0.8,0.0,2.4000000000000004,0.8,0.8,0.8,0.8,0.8,0.0,0.8,1.6,-0.8,0.0,0.0,0.8,0.0,1.6,0.8,-0.8,0.0,0.0,0.0,0.8,-0.8,1.6,0.0,0.8,0.0,-0.8,0.8,0.0,0.8,0.8,-0.8,2.4000000000000004,0.0,2.4000000000000004,0.0,0.8,1.6,-1.6,0.0,0.8,0.8,1.6,0.0,1.6,-0.8,0.0,0.8,-0.8,1.6,0.8,0.8,1.6,0.0,1.6,-0.8,0.0,0.8,-0.8,0.8,-0.8,0.8,0.0,-0.8,0.8,0.8,1.6,1.6,-0.8,0.0,-0.8,0.0,0.0,-0.8,2.4000000000000004,0.0,1.6,0.0,1.6,0.8,-0.8,1.6,0.0,0.0,0.0,0.8,0.8,0.0,0.0,0.8,0.8,1.6,0.0,1.6,0.0,0.0,0.0,1.6,1.6,0.8,0.0,0.8,2.4000000000000004,2.4000000000000004,0.0,1.6,0.8,0.8,0.0,-0.8,0.8,0.8,0.8,1.6,0.8,2.4000000000000004,0.8,0.8,0.0,0.8,0.0,1.6,0.8,0.8,0.0,1.6,1.6,0.0,0.8,1.6,0.8,0.0,1.6,0.0,0.8,0.8,-0.8,0.8,-0.8,0.0,1.6,1.6,0.8,0.0,0.8,-0.8,1.6,2.4000000000000004,0.8,0.8,1.6,0.8,0.0,0.8,0.8,0.0,0.8,0.0,-1.6,0.8,1.6,0.8,1.6,0.0,1.6,0.8,2.4000000000000004,0.0,-1.6,0.8,0.0,-0.8,0.0,0.8,0.8,-1.6,1.6,0.0,0.0,0.0,0.8,2.4000000000000004,-0.8,0.0,0.8,-0.8,1.6,-0.8,0.0,1.6,-0.8,0.0,0.8,0.0,0.0,-0.8,1.6,0.0,1.6,0.8,0.8,0.8,0.8,0.0,0.8,0.0,1.6,-1.6,0.0,0.8,0.0,0.8,1.6,1.6,0.0,0.0,1.6,-0.8,0.8,0.0,1.6,0.8,1.6,0.0,0.0,0.0,0.0,1.6,0.0,0.0,0.8,0.8,0.8,0.8,0.8,1.6,0.8,0.8,-0.8,0.8,1.6,0.0,0.8,-0.8,-0.8,-0.8,1.6,0.0,-0.8,1.6,0.0,0.8,0.8,0.8,1.6,1.6,0.0,-0.8,0.8,1.6,0.0,0.0,0.0,1.6,1.6,0.8,0.0,-0.8,1.6,0.8,-0.8,0.0,0.0,0.8,-0.8,0.0,2.4000000000000004,0.0,0.8,0.0,0.8,0.8,0.0,0.8,0.8,0.8,0.8,-0.8,2.4000000000000004,-0.8,1.6,0.8,0.0,0.8,-0.8,1.6,0.8,0.8,0.8,0.8,1.6,0.8,-0.8,1.6,0.8,1.6,0.0,0.0,0.0,0.0,0.0,2.4000000000000004,0.0,1.6,0.0,0.0,0.0,0.8,0.0,0.0,0.8,1.6,0.0,0.0,0.8,1.6,0.0,0.8,0.0,-0.8,1.6,0.8,0.8,0.8,-0.8,0.0,0.8,-0.8,0.8,1.6,-0.8,0.8,-0.8,-0.8,0.8,0.0,0.8,0.0,0.0,0.8,0.0,0.0,-0.8,2.4000000000000004,1.6,-1.6,0.8,2.4000000000000004,-0.8,0.0,1.6,1.6,0.8,1.6,2.4000000000000004,-1.6,0.0,0.0,1.6,0.0,-1.6,0.8,0.0,0.0,0.8,0.0,0.8,0.0,0.8,0.8,0.8,0.0,-1.6,1.6,0.0,0.0,0.8,0.0,1.6,0.8,0.0,1.6,0.0,0.8,-0.8,0.0,2.4000000000000004,0.0,1.6,0.8,0.8,0.0,0.8,0.8,0.0,-0.8,0.0,-0.8,0.8,-0.8,1.6,0.8,0.0,0.8,0.0,0.0,0.0,0.0,0.8,-0.8,1.6,0.0,0.0,0.8,0.0,0.8,0.0,0.8,0.0,0.8,0.8,-1.6,0.8,0.8,0.0,0.0,0.0,1.6,0.8,0.0,1.6,-0.8,-1.6,0.0,0.8,0.8,-0.8,-0.8,0.8,0.8,0.8,0.0,0.8,0.0,-1.6,-1.6,0.8,0.8,0.0,0.0,0.0,0.0,0.0,0.8,0.8,-0.8,1.6,0.8,-0.8,0.0,-1.6,1.6,0.0,0.8,0.8,0.0,0.8,-0.8,0.8,-1.6,0.0,1.6,-0.8,1.6,0.0,0.0,0.8,0.0,0.8,0.0,0.8,0.8,-0.8,0.8,0.8,2.4000000000000004,0.0,0.0,1.6,0.0,0.0,0.8,-0.8,1.6,-1.6,0.0,-1.6,0.8,0.0,-0.8,1.6,0.0,0.0,0.0,-1.6,0.8,-0.8,0.8,0.8,0.0,0.8,0.0,0.0,0.8,-0.8,1.6,0.0,0.0,0.0,0.8,-0.8,-0.8,1.6,0.8,-0.8,0.8,0.8,0.8,-0.8,-0.8,0.8,-0.8,0.0,0.0,0.0,0.8,0.0,0.0,0.0,0.8,0.8,0.0,0.8,0.0,-1.6,0.8,0.8,0.0,-0.8,0.0,1.6,0.0,0.8,-0.8,0.8,0.8,-0.8,0.8,0.0,0.0,0.8,0.0,0.8,1.6,0.0,0.8,0.0,0.8,0.0,-0.8,-0.8,0.0,0.0,0.8,0.0,1.6,-0.8,-0.8,0.8,0.0,1.6,-0.8,0.8,0.0,1.6,0.8,0.0,0.8,1.6,0.0,1.6,0.8,0.8,0.0,-0.8,0.8,0.8,0.8,1.6,0.0,0.8,-0.8,0.0,0.8,0.8,-0.8,0.8,0.0,0.8,0.0,0.0,0.0,0.0,1.6,0.0,1.6,-0.8,1.6,0.0,0.0,0.0,0.0,1.6,0.0,-0.8,0.8,-0.8,1.6,0.0,0.8,-0.8,-0.8,1.6,0.0,0.0,0.8,2.4000000000000004,0.8,0.0,0.8,0.8,0.8,0.0,-0.8,0.0,2.4000000000000004,0.8,0.0,1.6,0.8,0.8,0.8,0.0,-0.8,0.8,0.8,0.0,0.8,1.6,1.6,0.8,1.6,0.8,1.6,0.0,-0.8,0.8,0.0,0.0,0.0,-0.8,1.6,0.8,0.0,0.8,2.4000000000000004,0.0,-0.8,1.6,0.0,-0.8,0.8,0.0,2.4000000000000004,1.6,0.8,0.8,1.6,-0.8,0.0,1.6,0.0,0.8,-0.8,0.0,2.4000000000000004,-0.8,0.8,1.6,0.8,0.0,-0.8,0.8,0.0,-0.8,2.4000000000000004,-0.8,2.4000000000000004,0.0,0.8,1.6,0.0,0.8,-0.8,0.0,-0.8,0.0,2.4000000000000004,0.0,0.8,-0.8,-0.8,0.0,-0.8,1.6,1.6,-0.8,2.4000000000000004,-0.8,0.0,0.8,-0.8,1.6,0.0,0.8,0.8,1.6,0.8,0.8,0.8,0.8,0.8,0.0,0.0,1.6,0.8,0.0,1.6,0.0,1.6,0.0,0.0,-0.8,0.8,0.8,0.0,0.8,1.6,0.8,1.6,0.8,0.8,0.0,0.8,0.8,0.8,0.0,0.8,-0.8,1.6,0.8,0.0,0.0,0.0,0.8,0.8,1.6,0.8,1.6,-1.6,0.8,0.8,1.6,-0.8,0.8,1.6,0.0,0.8,0.8,-0.8,2.4000000000000004,-0.8,0.0,0.8,0.0,0.8,0.8,1.6,1.6,-0.8,1.6,0.0,0.8,-0.8,0.8,0.8,0.0,1.6,0.0,1.6,0.8,-0.8,0.8,0.8,0.8,1.6,0.8,2.4000000000000004,-1.6,0.0,0.8,0.0,0.8,0.0,1.6,0.8,-0.8,0.8,-1.6,0.0,0.0,0.0,0.8,0.0,1.6,0.8,0.8,0.8,-0.8,0.8,0.0,-1.6,0.8,0.0,2.4000000000000004,0.8,0.0,1.6,0.0,2.4000000000000004,0.0,0.0,1.6,0.0,0.8,-1.6,0.8,0.8,-0.8,1.6,0.0,0.0,0.0,0.0,1.6,0.0,0.8,1.6,0.0,0.8,0.0,1.6,1.6,0.0,1.6,0.8,0.8,0.0,0.0,1.6,0.8,0.0,-0.8,0.8,0.8,0.8,0.0,0.8,1.6,0.0,0.8,0.8,0.0,0.8,0.0,1.6,1.6,0.8,0.0,0.0,0.0,0.8,0.0,0.0,0.0,2.4000000000000004,-0.8,0.8,-0.8,0.0,0.8,0.0,0.8,0.0,0.8,0.8,0.0,0.8,0.0,0.8,-0.8,-0.8,1.6,0.8,0.8,-0.8,0.8,-0.8,0.0,0.0,0.0,-0.8,0.8,-0.8,0.0,0.0,0.8,-0.8,-0.8,-0.8,-1.6,0.8,1.6,0.0,0.0,-0.8,1.6,0.8,0.8,0.8,0.0,0.0,0.0,0.0,1.6,-0.8,0.8,0.8,0.0,1.6,-0.8,0.8,0.8,0.0,0.0,0.0,0.8,0.8,0.0,0.8,-0.8,1.6,1.6,0.0,0.8,0.0,0.0,-0.8,0.0,0.0,0.8,0.8,0.8,1.6,1.6,-0.8,0.8,-0.8,1.6,2.4000000000000004,0.0,0.0,0.0,-0.8,1.6,0.8,0.0,0.0,0.0,0.8,0.8,0.0,0.0,0.0,0.8,0.8,-0.8,0.8,0.8,0.0,0.0,0.0,0.0,0.8,0.8,0.0,0.0,0.8,-0.8,0.8,-0.8,0.8,0.8,-0.8,0.8,0.0,0.0,0.8,0.0,0.0,-0.8,-0.8,0.8,0.8,0.8,-0.8,-0.8,0.0,-1.6,0.0,0.0,1.6,0.0,-1.6,0.0,-0.8,0.0,0.8,-0.8,0.0,0.0,0.8,0.0,0.8,1.6,-0.8,0.8,0.0,0.0,1.6,-0.8,1.6,0.0,-0.8,0.0,-0.8,0.8,0.0,0.8,0.8,0.8,0.8,0.0,2.4000000000000004,-1.6,1.6,2.4000000000000004,-2.4000000000000004,0.8,3.2,-1.6,-0.8,1.6,1.6,-0.8,1.6,-0.8,0.0,0.0,-2.4000000000000004,0.8,1.6,-1.6,0.8,0.8,0.8,-0.8,0.0,-0.8,1.6,0.8,0.0,0.8,0.8,0.0,-0.8,0.0,1.6,0.0,0.0,0.0,0.0,0.8,0.0,0.0,0.0,0.0,0.8,-0.8,0.0,0.0,0.8,0.8,0.0,0.8,-0.8,0.0,0.0,0.0,0.0,0.0,0.0,-0.8,0.0,0.8,0.0,1.6,0.0,-0.8,0.8,0.0,0.8,0.8,0.8,0.8,0.0,1.6,0.8,0.0,0.8,-0.8,0.8,0.8,0.8,1.6,-0.8,1.6,0.0,0.0,1.6,0.8,2.4000000000000004,-0.8,0.8,0.8,-0.8,1.6,-0.8,-0.8,1.6,0.8,0.8,-0.8,0.0,0.8,0.8,1.6,-0.8,2.4000000000000004,0.0,0.0,0.8,0.8,0.0,0.8,0.0,0.8,-0.8,0.0,-0.8,0.8,0.0,1.6,1.6,0.0,0.8,0.8,0.0,2.4000000000000004,-0.8,1.6,0.0,0.8,0.8,-0.8,0.8,0.0,0.0,0.0,-0.8,0.8,1.6,0.8,0.0,0.0,0.8,-0.8,0.0,0.0,0.0,0.0,-0.8,0.8,0.0,-0.8,0.0,0.0,0.8,0.0,0.8,0.0,-0.8,1.6,0.8,0.8,0.8,0.8,-0.8,0.0,1.6,0.0,0.8,0.0,0.8,0.8,0.8,0.0,-0.8,1.6,0.0,0.0,0.8,0.8,1.6,0.0,0.0,1.6,0.8,0.0,0.8,-0.8,0.0,-0.8,0.8,0.0,-0.8,0.8,-0.8,1.6,0.8,0.0,1.6,0.0,0.8,-0.8,0.0,0.8,0.0,1.6,0.0,0.8,1.6,0.8,1.6,-0.8,1.6,0.8,-0.8,0.8,-0.8,0.0,1.6,0.0,1.6,-0.8,0.8,0.8,0.0,0.8,0.0,1.6,0.0,0.0,0.8,0.0,1.6,0.0,0.0,0.8,0.0,1.6,0.0,0.0,0.8,-0.8,0.8,0.0,0.8,0.0,0.0,0.8,-0.8,-0.8,-0.8,0.0,0.8,-0.8,0.8,0.0,0.0,0.0,0.8,0.0,0.0,1.6,-0.8,-0.8,0.0,2.4000000000000004,0.8,0.0,0.0,0.8,0.8,1.6,0.0,0.0,0.8,0.8,-0.8,0.8,0.8,0.8,1.6,0.0,0.8,0.8,0.8,0.8,0.0,-0.8,0.0,0.8,0.8,-0.8,1.6,0.0,0.0,0.8,0.8,0.8,0.8,0.0,-1.6,0.0,2.4000000000000004,0.8,0.0,0.8,0.0,1.6,-0.8,0.0,0.0,0.8,0.0,0.8,0.8,2.4000000000000004,0.0,1.6,0.8,0.8,0.8,0.0,0.0,0.0,0.0,1.6,0.8,1.6,0.0,0.0,0.8,0.0,0.0,0.8,0.0,0.8,0.8,0.8,0.0,0.0,0.8,0.0,0.8,0.0,2.4000000000000004,1.6,0.0,0.8,0.0,-0.8,0.8,0.0,0.8,0.8,0.8,0.8,-1.6,0.0,0.8,0.0,0.8,0.0,0.0,0.0,1.6,1.6,0.0,0.0,1.6,0.8,0.8,-0.8,0.0,1.6,0.8,-0.8,0.8,-0.8,0.0,0.0,0.0,0.8,0.0,0.0,0.0,0.8,0.0,0.0,0.8,0.8,0.8,0.8,0.8,1.6,0.0,1.6,0.0,1.6,0.8,-1.6,1.6,-0.8,1.6,0.0,-0.8,1.6,0.8,0.0,0.0,0.0,1.6,-0.8,0.0,0.8,1.6,1.6,0.0,2.4000000000000004,-0.8,0.0,2.4000000000000004,-1.6,0.0,-0.8,1.6,-1.6,0.8,1.6,-0.8,0.0,1.6,0.0,1.6,-1.6,0.8,1.6,0.0,0.8,0.0,1.6,-0.8,-0.8,0.8,0.0,1.6,-1.6,0.0,0.0,-1.6,0.0,0.0,0.8,0.0,0.0,1.6,-1.6,1.6,0.0,-0.8,0.8,-0.8,-0.8,-0.8,0.8,0.8,-0.8,0.8,0.8,0.0,0.8,0.0,0.8,0.0,0.8,-0.8,0.0,1.6,0.8,0.0,0.0,0.8,0.8,0.0,0.8,0.0,-0.8,0.0,0.8,0.8,0.0,-0.8,0.0,0.8,0.8,0.8,0.8,-0.8,0.8,0.8,0.0,0.0,2.4000000000000004,-0.8,0.0,1.6,0.8,-0.8,1.6,0.0,0.0,0.8,-1.6,0.8,0.8,-0.8,0.0,-0.8,0.8,-0.8,-0.8,0.0,0.8,-0.8,0.8,0.8,0.8,-0.8,0.8,0.8,0.0,0.8,-0.8,1.6,-1.6,1.6,1.6,-0.8,1.6,-0.8,2.4000000000000004,-0.8,0.8,0.8,0.0,0.8,0.8,0.0,-0.8,-0.8,1.6,-0.8,0.0,0.8,0.0,1.6,0.0,1.6,0.0,0.0,0.8,-1.6,0.8,1.6,0.0,0.8,-0.8,0.8,0.0,0.8,0.8,-0.8,0.8,0.0,-0.8,0.8,0.0,0.8,0.0,-0.8,0.8,-0.8,0.8,0.0,0.0,0.0,-0.8,0.8,0.8,0.8,0.0,0.0,0.8,0.0,0.0,0.8,0.0,1.6,-0.8,0.8,1.6,1.6,1.6,0.8,0.8,0.8,-0.8,1.6,1.6,0.8,0.8,0.0,0.8,0.0,0.0,1.6,0.0,1.6,-0.8,0.0,0.0,0.0,0.8,1.6,0.0,1.6,0.0,-0.8,0.8,0.8,0.0,1.6,0.8,0.0,1.6,1.6,0.8,0.8,0.8,0.8,0.8,0.0,0.0,1.6,-0.8,1.6,0.0,0.8,0.8,-0.8,0.0,-0.8,0.8,0.8,-0.8,0.0,0.0,0.8,0.8,-1.6,0.0,-1.6,1.6,0.0,0.8,0.8,0.8,0.8,0.8,0.8,0.0,0.8,0.8,0.8,0.0,0.8,0.8,0.8,-0.8,0.8,-0.8,0.0,0.0,0.8,-0.8,0.0,-0.8,0.0,0.8,0.0,0.0,1.6,0.0,-0.8,0.8,0.0,0.0,-0.8,0.8,0.8,0.8,0.8,0.0,0.8,1.6,-0.8,0.8,1.6,0.8,0.0,0.8,0.0,0.0,0.0,0.8,0.8,0.0,0.0,0.0,0.0,1.6,-1.6,0.8,0.8,0.0,0.0,-0.8,1.6,0.8,0.0,0.0,0.8,0.0,0.8,0.0,0.8,-0.8,0.8,0.0,-1.6,0.0,0.8,2.4000000000000004,0.0,0.8,0.8,-0.8,0.8,0.0,0.0,0.8,0.8,0.8,-0.8,0.8,1.6,-1.6,2.4000000000000004,-1.6,0.0,0.0,0.8,0.8,0.0,0.8,1.6,0.8,2.4000000000000004,0.0,0.8,0.8,0.0,0.0,0.0,0.8,0.8,0.8,1.6,-0.8,0.8,0.8,-0.8,1.6,0.0,0.8,0.0,0.0,0.8,0.0,1.6,0.8,0.8,0.8,0.0,0.8,0.0,0.0,0.8,-0.8,1.6,-0.8,0.8,1.6,1.6,0.0,0.8,0.0,0.8,0.0
event_94,1625266935.3969374,0.8,-1.6,0.8,0.8,-0.8,0.8,-0.8,0.8,-0.8,0.0,0.8,0.0,0.0,1.6,0.8,0.8,0.0,0.8,-0.8,0.8,0.8,0.0,0.0,-0.8,1.6,0.8,0.0,0.8,0.0,0.0,-0.8,0.0,0.8,0.8,0.8,0.0,0.8,-0.8,0.8,1.6,1.6,0.0,0.8,0.0,-0.8,1.6,0.8,0.8,1.6,-0.8,-0.8,0.0,0.8,0.8,0.8,1.6,0.8,0.0,0.8,-0.8,-0.8,0.8,-0.8,0.8,0.0,1.6,0.0,0.8,0.8,0.8,0.8,0.0,0.0,1.6,0.0,0.8,-1.6,0.8,0.8,-1.6,1.6,0.0,0.0,0.8,0.8,1.6,-0.8,0.0,0.8,1.6,2.4000000000000004,-0.8,1.6,1.6,0.8,1.6,-0.8,0.8,0.8,0.0,0.0,-0.8,-5.6,-51.2,-79.2,-48.0,-19.200000000000003,-8.0,-4.800000000000001,-2.4000000000000004,-2.4000000000000004,-7.200000000000001,-1.6,-4.0,-2.4000000000000004,-0.8,-1.6,0.8,-1.6,0.0,0.0,-0.8,0.8,0.0,1.6,-0.8,0.0,0.8,-1.6,0.0,-0.8,0.0,0.0,-1.6,0.8,-0.8,-2.4000000000000004,0.0,0.0,0.8,-0.8,0.0,0.8,0.0,0.8,-0.8,0.8,0.0,-2.4000000000000004,-0.8,-0.8,0.0,1.6,0.8,0.0,-0.8,0.0,0.0,-0.8,0.0,0.8,0.0,-0.8,-1.6,0.0,1.6,0.0,0.0,0.8,0.0,-1.6,0.0,0.0,0.0,-1.6,0.8,-1.6,0.8,0.8,-0.8,1.6,0.0,0.0,0.8,0.0,0.0,-1.6,0.8,0.8,0.0,0.0,0.0,0.8,0.0,-1.6,1.6,0.0,0.8,0.0,0.0,-0.8,0.0,0.0,1.6,0.8,0.0,-0.8,0.8,0.0,0.8,-0.8,0.8,0.0,0.8,0.0,0.8,0.0,1.6,-0.8,0.0,0.8,0.0,0.8,0.8,0.0,0.0,0.8,0.8,0.0,0.0,0.0,0.0,-1.6,-0.8,0.8,-2.4000000000000004,0.0,0.8,0.0,0.8,-0.8,0.8,0.0,0.8,0.8,-0.8,1.6,0.0,-1.6,0.8,1.6,0.8,-0.8,-0.8,1.6,0.0,0.8,0.8,-0.8,1.6,0.0,0.0,0.8,-0.8,1.6,-0.8,0.0,0.8,0.0,0.8,0.8,2.4000000000000004,0.0,0.0,0.0,0.0,1.6,0.8,-0.8,1.6,0.8,-0.8,0.8,-0.8,0.0,0.0,-0.8,0.0,1.6,0.0,0.0,0.0,1.6,0.0,0.8,-0.8,1.6,-0.8,-0.8,-0.8,0.0,-0.8,0.8,0.0,0.0,-0.8,0.0,0.0,0.0,-0.8,0.0,-0.8,0.8,-0.8,-0.8,0.0,0.0,0.8,0.0,0.8,-1.6,0.8,0.8,-0.8,0.0,0.0,0.0,-0.8,-1.6,1.6,-0.8,0.0,0.0,-1.6,0.0,0.0,0.8,0.0,-0.8,0.0,0.0,0.0,0.8,-0.8,0.0,0.0,-0.8,-1.6,0.8,1.6,-0.8,0.8,-0.8,0.0,0.8,0.0,0.0,-0.8,0.8,0.0,-0.8,1.6,0.0,0.0,0.8,-0.8,1.6,0.8,0.0,0.8,0.8,-0.8,-0.8,0.0,0.0,0.0,0.0,0.8,1.6,0.8,0.0,1.6,1.6,0.0,-0.8,-0.8,0.8,1.6,0.8,1.6,0.0,1.6,0.8,0.8,0.0,0.0,-0.8,0.0,-0.8,1.6,0.0,0.8,0.8,0.0,0.8,0.0,-0.8,1.6,-0.8,0.8,-0.8,0.0,0.0,-0.8,0.8,0.8,1.6,0.0,0.0,0.8,0.0,0.8,-0.8,0.0,0.8,0.0,0.8,-0.8,0.0,1.6,-0.8,1.6,0.0,-0.8,1.6,-0.8,0.8,-1.6,0.0,0.8,-1.6,1.6,0.0,0.8,1.6,-0.8,0.8,-0.8,1.6,0.8,-0.8,1.6,-0.8,0.0,1.6,-0.8,0.8,0.8,0.8,-0.8,0.8,1.6,0.0,0.0,-0.8,0.0,0.8,0.0,0.8,0.8,0.0,0.0,0.0,0.8,-0.8,0.0,0.8,0.8,0.0,0.0,0.8,0.8,0.8,0.0,0.0,0.0,1.6,0.8,0.0,0.8,0.8,0.0,0.8,0.8,0.8,0.0,-0.8,-0.8,0.8,0.0,1.6,0.8,0.8,0.8,0.0,-0.8,0.8,-0.8,0.8,0.0,0.0,-0.8,0.0,0.8,0.8,0.0,0.8,0.8,0.0,2.4000000000000004,0.8,0.0,0.8,0.0,0.0,-0.8,0.0,1.6,0.8,0.0,0.0,0.0,0.0,-0.8,0.8,0.0,0.8,0.0,1.6,0.8,0.8,1.6,0.0,0.8,0.8,-0.8,1.6,0.0,0.8,0.8,-0.8,2.4000000000000004,0.0,1.6,0.8,-1.6,0.8,-0.8,-0.8,0.8,0.8,0.8,-0.8,1.6,0.8,-1.6,0.8,-1.6,1.6,-0.8,-0.8,0.8,-0.8,1.6,-0.8,0.8,0.8,-0.8,1.6,0.0,1.6,0.0,-1.6,0.0,0.8,2.4000000000000004,0.8,-0.8,1.6,0.8,0.8,0.8,0.8,2.4000000000000004,0.0,0.0,0.8,0.8,-0.8,0.8,1.6,0.0,-0.8,0.8,0.0,0.8,0.0,0.0,0.8,0.8,0.0,-0.8,0.8,1.6,0.8,0.0,0.8,0.8,1.6,-0.8,-0.8,0.0,0.0,-0.8,0.8,-0.8,0.0,0.0,0.8,0.0,-1.6,-0.8,0.0,0.0,-0.8,0.8,0.0,0.0,-0.8,0.0,0.0,0.8,0.0,-1.6,-0.8,0.0,1.6,-0.8,0.0,0.8,0.8,1.6,0.8,0.0,-1.6,0.8,0.8,-0.8,1.6,0.0,0.8,0.8,-0.8,1.6,0.0,0.8,0.0,0.0,0.0,-0.8,0.8,-0.8,-0.8,0.8,-0.8,0.8,0.0,0.8,1.6,0.0,0.8,-0.8,0.8,2.4000000000000004,0.0,-0.8,0.8,1.6,0.8,-0.8,0.8,-0.8,0.8,-0.8,-0.8,0.0,0.0,0.0,2.4000000000000004,0.8,0.8,-0.8,0.8,0.0,-0.8,0.0,1.6,0.8,0.8,-0.8,0.0,0.0,-0.8,0.0,0.0,0.8,0.0,0.0,0.0,0.0,0.8,0.0,0.0,-0.8,0.8,0.8,1.6,0.0,0.8,0.0,0.0,0.8,1.6,0.8,0.8,0.8,0.8,-1.6,0.8,-0.8,0.0,1.6,0.0,-0.8,0.0,1.6,0.0,0.0,0.0,0.8,0.8,0.8,-0.8,0.0,0.8,0.8,-0.8,0.0,0.0,0.0,0.8,0.0,0.8,1.6,-0.8,0.8,0.8,-0.8,0.8,0.8,2.4000000000000004,0.8,0.0,1.6,0.8,1.6,0.8,0.8,0.8,-0.8,0.8,0.8,0.0,1.6,0.0,1.6,0.8,0.8,0.0,1.6,0.8,0.8,0.8,-0.8,0.0,1.6,0.0,0.8,0.8,0.8,0.0,0.8,0.0,1.6,0.0,0.0,0.0,0.8,-0.8,-0.8,0.0,0.0,1.6,-0.8,0.8,-0.8,1.6,0.0,-0.8,1.6,0.8,0.0,0.8,0.0,1.6,-0.8,0.0,0.8,0.0,0.0,0.0,0.0,-0.8,0.0,0.0,0.0,0.0,0.8,1.6,0.0,0.8,-1.6,-0.8,0.0,0.8,0.8,0.0,1.6,1.6,0.0,1.6,0.0,0.0,0.8,0.8,0.0,-0.8,0.0,0.0,-0.8,0.8,0.0,0.0,0.0,-0.8,0.8,-0.8,0.0,0.8,0.0,0.8,-1.6,0.8,1.6,0.0,2.4000000000000004,-0.8,-0.8,0.8,-0.8,0.8,-0.8,3.2,-0.8,0.0,2.4000000000000004,0.0,0.8,0.8,0.8,0.8,-0.8,0.0,0.0,0.0,0.8,0.0,1.6,-0.8,-1.6,0.0,0.0,0.8,-1.6,0.8,0.8,0.0,0.0,0.0,0.8,0.8,-0.8,0.8,-0.8,-0.8,1.6,0.8,-0.8,0.8,1.6,0.0,0.0,0.8,0.0,2.4000000000000004,-0.8,0.0,0.0,0.0,0.0,0.0,0.8,0.0,0.8,1.6,-0.8,0.8,0.8,-0.8,3.2,-1.6,-1.6,0.8,0.8,0.8,0.0,0.8,0.8,0.0,0.8,0.0,0.8,-0.8,-0.8,0.0,0.0,0.0,-0.8,1.6,0.0,0.8,0.0,0.0,0.8,0.8,-0.8,-0.8,-0.8,0.0,0.0,0.0,0.0,0.0,0.0,0.8,1.6,-0.8,0.0,0.8,0.0,1.6,0.8,0.8,0.8,0.8,1.6,-1.6,1.6,1.6,0.8,0.0,-0.8,1.6,0.0,0.0,1.6,0.0,0.8,-0.8,0.0,0.8,0.0,0.8,0.8,0.0,1.6,-1.6,0.0,0.0,0.8,0.0,0.0,1.6,-0.8,0.8,0.8,0.0,1.6,0.0,1.6,-1.6,-0.8,1.6,0.0,0.0,-0.8,-0.8,0.0,-1.6,0.8,0.0,0.0,0.0,0.0,0.0,0.8,0.8,0.0,0.8,-0.8,-0.8,0.0,1.6,0.8,0.0,0.0,0.8,0.8,0.8,0.8,-1.6,0.8,0.0,0.8,0.8,0.0,1.6,1.6,0.0,0.8,0.0,0.8,0.0,1.6,-0.8,0.0,-0.8,-0.8,0.0,0.0,-0.8,1.6,0.0,0.0,0.8,0.8,-0.8,0.8,0.0,0.0,1.6,-0.8,0.8,0.0,1.6,-0.8,0.0,0.0,0.8,0.8,0.0,0.0,0.0,-1.6,0.8,0.0,0.0,0.0,0.0,0.0,0.8,-0.8,0.8,0.8,0.8,-0.8,-1.6,0.8,-0.8,0.0,0.0,0.0,0.0,0.0,0.8,-0.8,-0.8,0.0,-1.6,0.0,-0.8,0.8,1.6,-0.8,1.6,0.8,0.8,1.6,0.8,0.8,-0.8,0.0,0.8,-0.8,0.8,0.0,0.0,1.6,-0.8,0.0,0.8,2.4000000000000004,0.8,-0.8,0.8,1.6,1.6,1.6,-1.6,0.8,-0.8,0.8,0.0,0.0,1.6,0.0,0.0,0.0,0.0,0.0,0.0,0.0,0.0,0.0,0.0,-0.8,0.0,-0.8,-0.8,0.0,0.8,0.8,0.0,0.8,0.0,-0.8,0.0,0.0,0.0,0.8,0.0,0.0,1.6,1.6,0.8,0.8,0.0,0.8,-0.8,0.0,0.0,0.8,0.0,0.0,1.6,0.8,-0.8,0.0,0.0,1.6,-0.8,0.0,0.0,0.8,0.0,-1.6,0.0,1.6,0.8,0.8,0.0,0.8,0.8,0.8,1.6,-1.6,0.8,0.0,-0.8,0.8,0.0,0.8,0.0,-1.6,0.0,-1.6,0.8,0.8,1.6,0.8,0.0,0.8,-0.8,0.0,1.6,-0.8,0.8,-0.8,0.0,-0.8,-0.8,1.6,-0.8,0.8,0.8,0.0,1.6,-1.6,-0.8,0.8,0.0,0.0,0.8,0.8,0.0,0.0,0.0,0.0,0.0,-1.6,0.0,1.6,-0.8,0.0,0.8,-0.8,0.0,0.0,1.6,2.4000000000000004,0.0,0.8,0.8,0.0,0.8,-0.8,0.8,0.8,1.6,0.0,0.0,0.8,0.8,0.0,0.8,0.0,0.0,0.8,0.0,0.8,0.0,0.0,1.6,0.0,-0.8,-0.8,0.0,-0.8,0.0,-0.8,0.0,0.8,0.8,-1.6,0.0,-0.8,0.8,0.0,-0.8,0.0,-0.8,0.8,0.8,-0.8,1.6,-1.6,0.0,-0.8,0.0,1.6,0.0,0.8,0.8,-0.8,0.0,-0.8,1.6,-0.8,-1.6,1.6,0.0,-0.8,0.8,0.0,-0.8,-0.8,0.8,-1.6,-0.8,1.6,0.0,1.6,-0.8,2.4000000000000004,0.8,-0.8,0.8,-0.8,1.6,-0.8,-0.8,0.8,-0.8,0.8,0.8,0.0,1.6,-1.6,0.0,0.0,0.0,-0.8,-0.8,0.0,0.0,-0.8,-0.8,-1.6,2.4000000000000004,-0.8,-0.8,0.8,1.6,0.8,-1.6,2.4000000000000004,0.8,0.0,-1.6,0.0,0.8,-0.8,-0.8,0.8,0.0,0.0,-1.6,0.0,0.0,-0.8,0.0,0.0,2.4000000000000004,1.6,-0.8,0.0,-0.8,0.8,0.0,-0.8,0.0,0.8,-1.6,-0.8,0.0,0.8,0.0,0.0,0.0,0.8,2.4000000000000004,-0.8,0.0,0.0,0.8,-0.8,0.0,-0.8,0.8,1.6,-1.6,0.8,-0.8,-1.6,-0.8,0.0,0.0,-0.8,0.8,0.0,-1.6,0.8,0.8,0.0,0.8,-0.8,0.8,-1.6,1.6,0.0,0.0,0.0,0.0,0.0,0.8,0.0,0.0,-0.8,0.0,0.0,0.0,0.8,0.0,1.6,0.8,0.0,0.8,-0.8,0.8,0.0,0.0,0.0,-1.6,0.0,-0.8,-0.8,0.8,0.8,2.4000000000000004,-0.8,0.8,0.0,-0.8,0.0,-1.6,0.8,0.8,0.0,1.6,0.0,1.6,0.0,0.8,0.8,0.8,0.0,0.0,0.0,0.0,0.0,0.8,0.0,0.0,0.0,0.8,0.8,0.0,0.0,1.6,0.0,0.8,0.0,0.0,0.8,0.8,0.0,0.8,0.0,0.0,0.8,1.6,0.0,0.8,0.8,0.8,0.8,-0.8,0.8,0.8,0.0,1.6,0.8,-0.8,0.8,1.6,1.6,0.0,0.8,0.8,-0.8,0.8,0.8,0.0,1.6,-0.8,0.0,0.8,1.6,1.6,-0.8,0.8,0.8,1.6,1.6,0.0,0.8,0.0,0.0,0.8,0.8,1.6,0.0,0.0,0.0,0.0,0.8,0.0,0.8,1.6,0.0,0.8,-0.8,0.0,0.8,0.8,0.8,0.8,0.0,0.8,0.8,1.6,0.8,-1.6,0.8,0.0,1.6,0.8,0.8,1.6,0.0,0.0,0.8,0.8,0.0,-0.8,0.0,-1.6,0.0,0.0,0.8,0.8,0.8,0.0,0.0,0.0,0.0,-1.6,0.8,0.8,0.0,1.6,0.0,0.8,1.6,0.0,0.8,0.0,1.6,0.8,0.8,0.8,0.0,0.8,-0.8,0.0,0.8,0.0,0.8,1.6,0.0,0.0,0.0,-0.8,0.0,1.6,0.0,0.8,0.0,-0.8,0.0,0.8,0.0,0.8,0.8,-0.8,0.0,1.6,0.8,0.0,0.0,2.4000000000000004,1.6,0.0,0.0,-0.8,1.6,0.0,-0.8,0.8,-1.6,3.2,0.8,-2.4000000000000004,1.6,2.4000000000000004,0.0,-1.6,1.6,1.6,-2.4000000000000004,0.8,0.8,0.8,0.0,-0.8,2.4000000000000004,-0.8,0.0,1.6,0.8,2.4000000000000004,-0.8,1.6,0.8,0.0,0.8,-0.8,1.6,0.0,-1.6,0.0,-0.8,0.0,0.0,0.8,0.0,0.0,0.0,-0.8,0.8,1.6,-0.8,0.8,0.0,0.0,0.8,0.0,1.6,0.0,0.0,0.0,0.0,0.8,-0.8,0.0,0.8,0.0,1.6,0.8,0.8,0.8,0.8,0.0,0.0,0.0,0.0,0.0,0.8,0.0,0.0,-0.8,0.8,0.0,-0.8,0.0,0.8,0.0,0.8,0.0,0.8,0.0,0.0,-1.6,-0.8,0.8,0.8,0.8,-0.8,0.8,1.6,0.8,0.8,-0.8,0.0,0.8,-0.8,0.8,0.0,0.8,0.0,0.8,0.8,0.0,0.8,0.0,0.8,0.0,-0.8,0.0,0.0,1.6,0.8,0.0,0.0,0.0,0.8,0.8,0.8,0.8,0.0,-0.8,0.0,0.8,2.4000000000000004,0.0,0.8,0.0,0.0,0.8,0.8,0.8,-0.8,0.8,0.0,0.0,0.8,-1.6,1.6,0.0,0.8,0.8,0.8,0.8,0.0,-0.8,0.8,-0.8,1.6,0.0,0.0,0.0,0.0,0.8,0.0,0.8,0.8,1.6,1.6,-1.6,0.0,0.0,0.8,0.8,-1.6,2.4000000000000004,0.0,-0.8,0.8,-1.6,0.0,0.8,0.0,0.8,0.0,0.8,0.0,0.0,0.0,0.0,0.0,0.8,0.0,-0.8,-0.8,1.6,0.0,0.8,1.6,0.8,0.0,0.0,0.0,0.0,0.0,0.0,0.0,0.0,0.8,0.0,0.8,-0.8,0.8,0.0,0.0,0.8,0.8,0.0,-0.8,0.0,0.0,0.0,0.0,0.0,1.6,0.0,0.8,0.8,0.0,0.8,0.0,1.6,0.0,1.6,0.8,0.0,0.8,0.8,0.8,0.0,0.0,0.8,0.0,0.8,-0.8,0.0,0.0,0.8,1.6,-0.8,-0.8,0.8,0.0,1.6,0.0,0.8,0.8,0.8,0.0,0.0,0.8,0.0,-0.8,0.8,-0.8,0.8,0.8,0.0,1.6,-0.8,2.4000000000000004,0.8,-0.8,1.6,0.8,0.8,-0.8,-0.8,0.8,-1.6,1.6,0.8,0.8,0.0,0.0,1.6,-0.8,0.8,0.0,0.0,0.8,-0.8,0.0,0.8,0.8,0.8,-0.8,0.8,1.6,0.8,0.8,0.8,0.8,-0.8,-1.6,0.0,-0.8,-0.8,0.8,0.8,0.0,1.6,0.8,0.0,0.8,0.8,0.0,0.0,-1.6,0.0,0.0,-0.8,0.0,0.8,0.0,0.0,0.0,0.8,0.0,-0.8,0.8,0.0,2.4000000000000004,0.0,-0.8,0.0,0.8,1.6,0.8,0.0,1.6,0.0,-1.6,2.4000000000000004,-0.8,-1.6,2.4000000000000004,1.6,0.0,0.0,0.8,-0.8,0.8,0.0,-0.8,0.8,0.0,0.0,0.8,0.0,0.8,0.0,0.0,0.8,0.8,1.6,0.8,0.0,0.8,0.0,1.6,-1.6,0.0,0.8,0.0,1.6,-0.8,0.8,0.0,-1.6,0.8,-1.6,1.6,0.8,-0.8,0.8,-1.6,0.8,0.0,0.8,0.0,-1.6,0.0,0.0,0.0,0.0,0.0,1.6,0.8,0.8,-0.8,0.0,1.6,-0.8,0.0,0.0,0.0,0.8,-0.8,0.8,1.6,-0.8,0.8,0.0,2.4000000000000004,-0.8,0.8,1.6,0.0,0.0,-0.8,0.0,0.8,0.0,1.6,1.6,0.8,0.8,0.0,0.0,0.0,2.4000000000000004,0.0,0.8,0.0,0.8,0.8,0.8,-0.8,1.6,1.6,-0.8,0.8,0.8,0.0,1.6,0.0,0.8,0.8,-0.8,0.8,0.0,0.0,0.0,0.0,0.8,-0.8,0.0,0.0,-0.8,0.8,0.0,1.6,0.0,0.0,2.4000000000000004,-0.8,0.8,1.6,-0.8,0.8,-0.8,1.6,0.0,-0.8,0.0,-0.8,0.8,-1.6,-0.8,1.6,-0.8,1.6,0.0,0.0,0.8,0.0,1.6,0.0,0.0,0.0,-0.8,2.4000000000000004,-1.6,0.8,0.8,-0.8,1.6,-0.8,0.8,-0.8,0.8,0.8,-0.8,0.0,0.8,0.0,0.8,-0.8,1.6,-0.8,-0.8,1.6,0.0,0.0,0.0,0.8,0.8,-0.8,0.8,0.0,0.8,1.6,-0.8,2.4000000000000004,0.0,0.8,0.0,0.0,1.6,0.8,0.0,0.8,0.8,0.8,-0.8,1.6,0.8,0.8,0.0,0.0,0.0,0.0,-0.8,1.6,0.0,1.6,0.0,0.0,0.8,0.0,0.0,0.0,0.0,0.0,-0.8,0.0,0.8,0.0,0.0,0.0,0.0,0.0,0.8,0.8,0.8,0.0,0.0,0.8,0.0,0.8,0.0,1.6,0.0,0.0,0.8,0.0,0.8,1.6,0.8,0.0,0.8,0.8,-0.8,0.8,0.0,-1.6,0.8,-0.8,-0.8,0.0,0.8,1.6,0.0,0.0,0.8,-0.8,1.6,0.0,-0.8,1.6,0.8,0.0,-0.8,0.8,0.0,-0.8,0.8,-0.8,0.8,-0.8,0.0,0.8,-0.8,0.8,0.0,-0.8,0.8,-1.6,0.8,0.0,0.0,0.8,0.8,1.6,-1.6,-0.8,1.6,-0.8,2.4000000000000004,0.0,1.6,0.8,0.8,0.8,0.0,1.6,0.8,-0.8,0.8,0.0,0.8,0.0,0.0,1.6,0.0,0.0,0.8,-0.8,1.6,0.0,0.8,-0.8,0.8,0.0,0.0,1.6,0.8,1.6,1.6,0.8,0.0,0.8,0.8,0.8,0.8,1.6,0.8,0.8,0.0,0.8,0.0,0.0,0.0,0.8,-0.8,-0.8,0.8,0.0,0.8,0.8,0.8,0.8,0.0,0.0,0.0,0.8,0.0,-1.6,0.0,0.8,0.0,0.0,0.0,0.8,0.8,1.6,0.8,-1.6,0.8,0.0,0.0,0.0,0.0,0.8,-0.8,0.8,0.8,-0.8,0.8,0.0,1.6,-0.8,-0.8,0.8,0.8,0.0,0.8,0.0,1.6,-1.6,0.8,0.8,0.0,0.8,0.0,0.8,0.8,1.6,0.8,0.0,1.6,0.8,-1.6,1.6,0.0,1.6,0.0,0.0,0.0,0.0,1.6,0.8,1.6,2.4000000000000004,-1.6,-1.6,3.2,0.8,-2.4000000000000004,2.4000000000000004,0.8,0.0,0.8,0.0,0.8,1.6,0.0,0.8,1.6,-0.8,0.8,0.8,0.8,0.8,-0.8,0.0,0.0,0.0,0.0,0.8,0.0,0.0,0.0,0.0,0.0,0.0,0.8,0.0,0.8,0.0,0.8,0.8,0.0,0.8,0.8,0.0,-0.8,0.0,1.6,0.8,0.8,0.8,1.6,1.6,1.6,0.0,0.0,0.0,0.8,-0.8,0.8,0.8,0.0,0.8,0.0,0.8,0.0,0.8,0.8,0.0,0.0,0.8,0.0,1.6,-0.8,0.8,0.0,0.8,0.8,0.0,1.6,0.0,0.0,0.0,0.0,1.6,1.6,1.6,1.6,-0.8,2.4000000000000004,-1.6,0.8,0.8,0.8,0.8,-1.6,1.6,0.0,-0.8,3.2,-0.8,1.6,-0.8,-1.6,-0.8,0.0,0.8,0.0,-0.8,0.8,0.0,0.0,0.0,0.8,0.8,0.0,0.8,-1.6,0.8
event_95,1625266937.6090639,0.8,0.8,0.8,0.8,0.0,1.6,0.8,0.0,0.0,0.0,1.6,0.0,0.0,1.6,0.8,0.8,0.8,-0.8,1.6,-0.8,0.0,0.0,0.8,0.0,1.6,1.6,0.8,0.0,0.0,-0.8,0.8,-0.8,0.8,0.0,0.0,0.0,-0.8,0.0,0.8,0.0,0.8,0.8,-0.8,0.8,-0.8,-0.8,0.0,0.8,0.0,-1.6,0.8,0.8,0.8,0.8,0.8,0.0,0.0,0.0,0.0,0.8,0.0,0.8,0.0,0.0,0.0,0.8,0.8,0.0,0.0,-1.6,0.0,1.6,0.0,0.8,0.0,0.8,0.8,0.8,0.8,-0.8,0.8,0.0,-0.8,0.8,0.0,0.8,0.0,0.0,0.8,-0.8,0.8,0.8,1.6,0.0,-0.8,0.8,0.0,0.0,0.8,-0.8,2.4000000000000004,0.0,-4.0,-27.200000000000003,-40.800000000000004,-25.6,-11.2,-4.0,-1.6,0.0,-0.8,-2.4000000000000004,-1.6,-1.6,-2.4000000000000004,0.8,-0.8,0.8,-0.8,0.0,0.8,-0.8,-0.8,0.0,0.0,0.0,0.0,0.8,0.8,0.0,-0.8,0.8,-0.8,1.6,-0.8,0.8,0.0,-0.8,0.0,-0.8,-0.8,-0.8,0.8,1.6,-0.8,0.8,0.8,0.0,0.0,-0.8,0.8,1.6,0.0,0.8,-1.6,-0.8,0.0,0.0,0.8,0.0,0.8,0.8,0.8,0.8,-0.8,0.8,0.8,-1.6,-0.8,0.0,1.6,0.8,0.0,1.6,0.8,0.8,0.8,1.6,-0.8,-0.8,0.8,0.0,0.0,1.6,0.0,0.8,0.8,0.0,0.8,-0.8,0.8,0.0,0.0,0.0,-0.8,0.0,0.0,0.0,0.8,0.8,0.8,0.8,1.6,0.8,0.8,-0.8,0.0,0.0,0.0,0.8,0.8,0.8,1.6,0.0,0.8,0.0,0.0,0.0,-0.8,0.8,0.0,-0.8,0.8,0.0,1.6,0.0,0.0,0.0,-0.8,-0.8,0.0,0.0,0.0,0.0,0.0,0.0,0.0,0.0,0.8,0.8,-0.8,0.8,0.8,-0.8,0.0,-0.8,-0.8,-0.8,-0.8,0.0,0.0,0.0,0.0,-0.8,-1.6,0.0,0.0,0.0,0.8,0.0,-0.8,-0.8,0.0,0.8,0.0,1.6,-0.8,-0.8,0.0,1.6,0.8,0.0,0.0,0.0,0.8,0.0,0.0,-0.8,0.8,0.0,0.0,0.0,0.0,0.8,0.0,1.6,0.8,0.8,0.0,-0.8,0.8,-1.6,0.8,0.0,0.0,0.8,-0.8,0.0,0.0,-0.8,0.8,0.0,0.8,-0.8,-0.8,0.8,0.0,1.6,-0.8,0.0,0.8,-0.8,0.8,0.8,0.0,1.6,-1.6,0.8,-0.8,0.8,0.8,0.8,1.6,0.0,0.0,0.0,-1.6,1.6,-1.6,0.8,-1.6,0.0,1.6,-0.8,0.0,0.0,-0.8,0.8,-0.8,0.0,0.0,0.0,0.8,0.0,1.6,0.0,0.0,0.8,0.0,2.4000000000000004,-0.8,0.0,0.0,-0.8,0.8,0.0,0.8,0.0,0.0,0.8,-1.6,0.8,0.0,0.0,1.6,-0.8,0.0,-0.8,1.6,1.6,0.8,1.6,0.8,0.8,1.6,0.0,0.0,0.8,1.6,0.8,0.0,0.8,0.8,0.0,-0.8,1.6,0.8,0.8,0.0,0.8,0.0,0.0,0.0,0.8,0.0,0.8,-0.8,1.6,0.8,0.8,1.6,0.0,0.8,0.8,1.6,0.0,0.8,0.8,0.0,0.8,0.8,0.0,2.4000000000000004,0.0,1.6,0.0,-0.8,1.6,0.0,0.8,1.6,0.0,0.8,-1.6,0.8,0.0,0.8,0.8,0.0,-0.8,0.8,0.8,1.6,0.0,1.6,0.0,0.8,0.8,-1.6,2.4000000000000004,0.0,-0.8,0.8,-0.8,1.6,-0.8,0.8,1.6,0.0,0.8,-0.8,0.0,-0.8,-1.6,1.6,-0.8,0.0,1.6,0.0,0.8,0.8,0.8,0.8,1.6,0.0,-0.8,0.0,0.8,0.8,0.8,0.0,0.8,1.6,1.6,0.8,0.8,0.8,1.6,0.0,0.0,0.0,0.8,-0.8,0.8,1.6,0.0,0.0,0.0,0.8,0.0,0.0,2.4000000000000004,-0.8,0.0,0.8,-0.8,1.6,1.6,0.8,0.8,0.0,0.8,0.0,0.8,0.0,1.6,0.0,0.0,0.0,1.6,0.0,1.6,0.8,0.0,1.6,0.0,0.0,1.6,-0.8,0.8,0.0,0.0,0.8,0.0,0.0,0.0,-0.8,1.6,0.0,0.8,0.0,0.8,0.8,0.8,0.8,0.0,0.8,0.0,0.8,2.4000000000000004,-1.6,0.8,0.8,0.0,0.0,0.0,0.8,0.8,-0.8,1.6,-0.8,-0.8,-0.8,0.8,0.8,-0.8,1.6,0.8,-0.8,0.8,0.0,0.8,0.8,0.8,-0.8,-0.8,1.6,0.8,0.8,0.0,0.8,0.0,0.8,-0.8,-1.6,0.0,0.0,-1.6,0.0,0.0,-0.8,1.6,-0.8,0.8,1.6,-1.6,0.0,0.0,0.8,-0.8,-0.8,0.0,0.0,0.0,0.0,0.0,0.8,0.0,0.8,0.0,0.0,0.0,0.0,0.8,1.6,0.0,0.0,1.6,0.8,-0.8,0.8,1.6,0.0,0.0,-0.8,0.8,0.0,0.0,0.8,0.8,0.0,0.0,0.0,-0.8,0.8,-1.6,1.6,-0.8,0.8,0.8,-0.8,1.6,0.0,0.0,0.8,0.0,0.0,1.6,0.8,0.8,0.8,1.6,0.0,0.0,0.0,0.0,0.8,0.0,0.0,0.0,-1.6,0.8,0.0,0.8,0.8,0.0,1.6,-0.8,0.8,0.8,0.0,1.6,-1.6,0.8,0.0,0.8,1.6,0.0,1.6,2.4000000000000004,0.0,2.4000000000000004,-0.8,-0.8,0.0,-0.8,0.8,-0.8,0.8,0.8,0.8,0.8,0.8,0.8,1.6,0.8,0.8,-0.8,0.8,0.0,0.0,-0.8,0.0,0.8,0.8,0.8,0.8,0.0,0.8,0.0,0.8,1.6,0.8,1.6,0.0,0.8,0.0,1.6,0.8,1.6,1.6,0.8,0.0,0.0,-0.8,0.8,0.0,0.8,0.8,0.0,-0.8,0.8,0.0,0.0,0.0,-0.8,0.0,0.8,0.0,0.0,0.0,0.8,0.8,0.0,0.0,0.0,0.8,0.0,0.0,1.6,-0.8,0.0,0.0,0.0,1.6,0.8,0.8,0.8,0.0,0.0,-0.8,1.6,0.0,-0.8,0.8,-0.8,0.0,-0.8,0.0,0.0,0.8,0.0,-2.4000000000000004,0.8,0.8,0.0,0.0,-1.6,2.4000000000000004,0.0,0.0,0.8,-0.8,2.4000000000000004,-1.6,-0.8,0.8,-0.8,0.0,0.0,0.0,0.8,-0.8,1.6,-0.8,0.8,0.8,-1.6,0.8,-0.8,0.8,0.0,-0.8,0.8,-0.8,0.8,0.8,-0.8,0.8,-0.8,0.8,0.8,1.6,0.8,-0.8,2.4000000000000004,0.0,0.0,2.4000000000000004,0.0,1.6,0.0,0.0,0.0,-0.8,-0.8,2.4000000000000004,0.0,0.8,-0.8,0.0,0.0,0.8,-0.8,0.8,1.6,0.8,0.0,0.0,0.0,0.8,1.6,0.0,0.0,0.0,1.6,1.6,0.0,0.0,0.0,0.8,-0.8,-0.8,0.0,0.0,0.0,0.0,-0.8,0.0,0.0,0.8,0.0,0.0,0.0,0.8,0.0,0.8,0.0,0.0,0.0,0.0,0.0,0.0,0.8,0.8,0.0,0.8,0.8,0.8,0.8,0.0,-0.8,-0.8,0.0,-0.8,1.6,0.8,1.6,2.4000000000000004,0.0,1.6,0.0,0.0,0.8,-0.8,-0.8,-0.8,-0.8,0.8,-0.8,1.6,1.6,0.8,1.6,-0.8,0.8,0.8,0.0,0.8,0.0,1.6,1.6,0.0,0.8,0.0,0.8,0.8,0.8,0.8,-0.8,1.6,-0.8,0.0,0.0,-0.8,2.4000000000000004,0.0,-0.8,0.0,-0.8,0.8,-0.8,0.0,0.8,0.0,2.4000000000000004,0.0,0.0,-0.8,0.0,0.8,-0.8,0.8,0.0,0.8,0.8,-0.8,0.8,-0.8,-0.8,0.8,0.0,0.8,0.0,-0.8,0.8,-0.8,-0.8,0.8,0.8,0.0,0.0,0.0,0.8,-0.8,0.8,-0.8,0.0,0.0,-0.8,-0.8,0.8,0.0,0.0,0.0,0.0,0.8,0.0,1.6,0.0,0.0,0.8,0.0,-0.8,0.0,0.8,0.0,0.0,0.8,0.0,0.0,-0.8,0.0,0.8,-1.6,-0.8,0.0,0.8,0.0,0.8,0.0,0.0,0.8,0.8,0.8,0.8,0.0,0.0,0.0,-0.8,3.2,-0.8,0.8,1.6,0.0,0.0,-0.8,0.0,0.8,-1.6,0.8,-0.8,0.0,0.0,1.6,1.6,0.0,0.0,-0.8,0.0,0.8,-0.8,1.6,0.0,0.0,-0.8,-1.6,1.6,0.0,0.0,1.6,1.6,0.0,0.8,0.0,0.8,1.6,0.8,0.8,0.0,0.0,0.8,0.8,-0.8,0.8,-0.8,-0.8,0.0,0.0,0.0,0.0,0.0,0.0,-0.8,0.8,1.6,-0.8,0.0,0.0,0.0,0.0,1.6,0.0,0.0,0.0,0.8,-0.8,0.8,-0.8,-0.8,1.6,-0.8,0.0,0.8,-0.8,1.6,1.6,0.0,0.8,0.0,0.8,0.0,0.0,-0.8,-0.8,0.0,-1.6,0.0,0.0,0.0,0.8,0.0,0.0,0.8,0.8,0.8,-0.8,1.6,0.8,0.8,0.8,0.0,0.8,1.6,-0.8,1.6,-0.8,0.0,0.8,-0.8,-0.8,0.0,1.6,0.8,0.0,1.6,0.0,1.6,-0.8,0.0,0.8,0.8,0.0,0.0,0.0,0.8,0.0,1.6,0.0,0.8,0.0,-1.6,1.6,0.0,0.0,0.8,1.6,1.6,-1.6,0.0,0.0,0.8,0.8,0.0,1.6,-1.6,0.0,0.8,0.0,1.6,0.0,0.0,0.0,-0.8,0.8,0.0,0.8,0.0,-1.6,0.8,1.6,0.8,-0.8,0.8,1.6,0.8,0.8,0.0,0.8,0.0,0.8,0.0,0.0,0.0,0.8,0.8,0.8,1.6,1.6,0.8,1.6,0.8,-0.8,-0.8,-0.8,2.4000000000000004,0.0,0.8,1.6,-0.8,0.8,0.0,0.8,0.8,0.0,0.8,0.0,0.8,2.4000000000000004,0.0,1.6,0.8,1.6,0.8,0.8,0.8,0.0,0.8,-0.8,-0.8,0.8,-0.8,1.6,0.0,0.8,0.0,0.0,0.8,-0.8,0.0,1.6,-0.8,1.6,0.8,0.8,0.0,1.6,1.6,-1.6,0.8,0.8,0.8,1.6,-0.8,0.0,0.8,0.0,0.8,-0.8,1.6,0.8,0.8,0.8,-1.6,0.0,0.0,0.8,0.8,0.0,0.8,0.0,0.8,0.8,-0.8,0.8,0.8,0.0,0.0,0.0,1.6,0.0,0.0,0.0,0.8,1.6,0.0,0.0,0.0,0.8,1.6,-0.8,0.0,0.8,0.0,0.0,0.0,0.8,0.8,0.0,0.8,0.0,0.0,0.0,0.8,0.8,-0.8,0.8,0.8,1.6,0.8,0.0,0.8,0.0,0.8,-0.8,0.8,0.0,0.0,0.0,0.0,0.8,1.6,0.8,0.0,0.0,0.8,-0.8,0.8,-0.8,0.8,0.0,0.8,-0.8,0.8,-0.8,-0.8,0.0,0.0,-0.8,0.8,0.8,0.8,0.8,-1.6,0.8,0.0,0.0,0.8,0.0,0.8,0.8,0.8,0.0,0.0,1.6,0.8,0.0,0.8,-0.8,0.8,0.0,-0.8,0.0,-1.6,0.8,0.0,0.8,0.0,-1.6,0.8,-0.8,0.0,0.8,0.0,1.6,-0.8,-0.8,0.8,0.8,1.6,0.0,0.8,0.8,0.0,0.8,-0.8,0.0,0.8,0.0,-0.8,0.0,0.8,0.8,0.0,0.8,-0.8,0.0,0.0,0.0,0.8,-1.6,0.0,0.0,0.0,0.8,0.8,0.0,1.6,0.8,0.8,0.0,0.0,0.0,-0.8,0.0,0.0,1.6,0.0,0.0,0.0,-0.8,0.0,0.8,0.0,0.8,0.8,0.0,-0.8,0.0,0.0,0.0,0.0,0.0,-0.8,0.8,-0.8,0.8,-0.8,-0.8,0.8,0.0,-0.8,0.0,-0.8,1.6,-0.8,0.8,0.8,0.0,1.6,0.8,0.8,0.8,-0.8,1.6,-0.8,0.8,0.0,0.0,0.8,-0.8,0.8,0.0,-1.6,0.0,-0.8,0.8,0.0,0.8,0.0,0.8,0.8,-1.6,0.8,-0.8,-1.6,0.0,0.0,1.6,0.0,0.0,0.8,-1.6,0.8,0.0,-0.8,0.8,-0.8,0.8,0.8,0.0,0.8,-0.8,0.0,1.6,0.8,0.8,0.0,0.8,0.0,0.8,0.8,0.0,0.8,0.8,0.0,1.6,-0.8,0.0,0.8,0.8,0.0,-0.8,1.6,0.8,0.8,0.8,0.0,0.8,1.6,-1.6,0.8,0.8,0.0,0.0,0.8,-0.8,0.0,1.6,1.6,0.0,-0.8,0.0,0.0,-0.8,1.6,0.0,-0.8,0.0,0.8,0.0,0.8,0.0,0.8,0.0,0.0,1.6,-0.8,0.8,0.8,0.8,1.6,0.8,0.0,0.8,-1.6,1.6,0.0,-0.8,0.0,0.0,-1.6,0.8,0.0,0.8,0.0,-1.6,0.0,1.6,0.8,-2.4000000000000004,3.2,0.8,-2.4000000000000004,0.0,1.6,0.0,-1.6,1.6,1.6,0.8,0.8,0.8,0.8,-0.8,0.8,0.8,0.0,0.8,0.0,0.0,1.6,0.0,0.8,0.8,0.0,0.8,-0.8,0.8,0.0,-0.8,0.8,0.0,0.8,-0.8,0.8,0.0,-0.8,0.8,-0.8,0.0,0.0,0.8,1.6,1.6,1.6,0.0,0.0,1.6,-0.8,0.8,0.0,1.6,0.8,-0.8,0.8,-0.8,-0.8,1.6,0.8,0.8,-0.8,0.8,-0.8,0.0,-0.8,0.0,0.8,0.8,-0.8,-0.8,0.0,0.8,0.0,0.8,0.8,0.8,0.8,0.0,0.8,0.0,0.0,0.0,0.0,0.8,1.6,0.0,0.0,0.8,0.0,-0.8,0.0,-0.8,0.8,1.6,0.0,0.8,0.8,0.8,1.6,-0.8,0.8,0.0,-1.6,-0.8,1.6,0.8,-0.8,0.8,1.6,-0.8,0.8,-1.6,0.0,0.0,0.0,-0.8,-0.8,0.8,-0.8,0.0,1.6,0.0,1.6,0.0,0.0,1.6,-0.8,-0.8,-1.6,0.0,-0.8,-0.8,0.8,0.0,1.6,0.8,1.6,0.8,-0.8,0.0,-0.8,-0.8,1.6,-0.8,0.8,0.0,0.0,0.8,0.0,0.8,-0.8,-0.8,0.8,0.0,0.8,-0.8,1.6,1.6,0.0,0.8,0.0,0.0,0.8,-0.8,0.8,-0.8,0.8,-0.8,-0.8,0.8,-0.8,0.0,0.8,0.8,0.8,0.8,1.6,0.0,0.8,1.6,-0.8,0.0,0.0,0.8,0.0,0.0,0.0,0.8,-0.8,0.0,0.8,0.8,0.8,1.6,0.8,0.8,1.6,0.0,0.8,0.8,-0.8,-1.6,-0.8,0.0,0.0,0.0,0.0,0.8,0.8,0.8,0.8,-0.8,0.8,0.0,-0.8,0.8,0.0,0.8,1.6,0.8,2.4000000000000004,-0.8,-0.8,0.0,0.0,0.0,0.0,0.8,0.0,0.8,0.0,0.0,0.8,0.0,0.8,1.6,0.0,0.8,-1.6,0.8,0.8,1.6,0.0,0.0,1.6,0.8,-0.8,1.6,-0.8,0.8,0.8,-0.8,0.8,0.8,0.0,0.0,0.0,0.8,0.0,0.0,-1.6,0.0,0.0,0.0,0.0,0.8,-0.8,0.0,0.0,0.8,0.0,0.0,0.0,-0.8,0.8,0.0,0.0,0.8,-0.8,0.0,-0.8,0.8,0.8,1.6,0.0,-0.8,-0.8,-0.8,0.8,0.8,0.0,0.8,0.0,0.0,-1.6,1.6,0.8,-0.8,0.0,-0.8,-0.8,0.0,0.8,0.8,-0.8,0.8,0.0,0.0,0.8,0.0,-0.8,0.0,0.0,-0.8,-0.8,0.0,0.8,0.0,-0.8,0.0,0.0,-0.8,0.8,0.8,0.0,0.0,0.0,-1.6,0.8,1.6,-2.4000000000000004,1.6,1.6,-1.6,0.0,0.8,-0.8,-1.6,0.8,0.0,0.8,0.8,0.0,0.8,1.6,-1.6,0.8,0.0,0.8,0.0,-0.8,1.6,0.8,0.0,2.4000000000000004,0.0,1.6,-0.8,0.8,0.8,0.8,0.0,-0.8,0.0,0.8,-0.8,0.0,0.0,0.0,0.0,-0.8,0.0,-0.8,0.8,0.8,0.0,0.0,0.8,0.0,0.8,0.0,1.6,1.6,-0.8,0.8,0.0,0.0,0.8,0.0,0.0,0.0,0.8,0.0,0.8,0.8,-0.8,-0.8,3.2,0.0,-1.6,0.0,0.8,-1.6,0.8,1.6,0.0,1.6,1.6,-0.8,-0.8,0.8,0.0,-0.8,0.8,0.8,0.0,0.0,0.8,0.8,-0.8,-0.8,0.8,1.6,-0.8,-0.8,-0.8,0.0,0.8,0.0,0.8,0.8,0.0,0.0,0.8,1.6,0.8,0.0,0.8,0.0,2.4000000000000004,0.0,0.8,0.8,0.0,0.0,0.8,0.8,0.0,0.0,0.8,-0.8,0.8,0.8,0.8,1.6,0.0,0.0,0.0,-0.8,1.6,-0.8,1.6,0.0,1.6,0.0,-0.8,1.6,0.0,0.8,0.8,0.0,0.8,0.8,0.8,0.8,0.0,0.8,0.0,0.8,0.0,0.8,1.6,-1.6,0.8,-1.6,-0.8,0.8,-0.8,0.0,-1.6,0.8,0.8,-0.8,1.6,-0.8,0.0,0.8,-0.8,0.0,-0.8,1.6,0.8,0.8,1.6,1.6,0.8,0.8,-0.8,0.8,1.6,1.6,-0.8,0.0,0.8,0.0,0.8,0.8,0.8,-0.8,-0.8,0.8,0.8,-0.8,0.0,0.0,1.6,0.0,0.8,0.0,0.8,0.0,0.8,0.8,0.8,1.6,0.8,0.0,0.8,1.6,0.8,0.8,1.6,0.8,0.8,0.8,0.0,0.0,0.0,-0.8,0.8,0.8,0.8,0.8,0.0,0.8,-0.8,0.8,-0.8,0.0,0.0,0.0,0.0,0.0,0.8,0.8,0.0,0.8,0.8,0.8,0.0,-0.8,2.4000000000000004,0.8,-0.8,0.0,0.0,0.8,-0.8,0.8,0.0,0.0,0.8,0.8,0.0,-1.6,0.0,0.8,0.0,1.6,-0.8,0.8,0.8,0.0,0.8,0.8,0.0,-1.6,-1.6,1.6,0.8,1.6,0.0,-0.8,0.8,0.8,2.4000000000000004,0.8,-1.6,1.6,0.8,0.8,-0.8,1.6,0.8,-0.8,1.6,0.8,0.0,0.8,-0.8,0.0,-1.6,-0.8,0.0,-0.8,0.0,-0.8,0.0,1.6,-0.8,0.8,0.8,0.8,0.8,0.0,0.8,0.8,2.4000000000000004,0.0,0.0,1.6,1.6,0.8,1.6,0.0,0.0,-0.8,0.0,-0.8,0.0,-0.8,0.8,0.8,0.8,0.0,0.0,-0.8,0.8,0.0,0.0,0.0,0.8,0.0,0.0,0.8,0.0,1.6,0.0,1.6,-0.8,0.8,0.8,-0.8,-0.8,0.0,0.8,0.0,0.0,0.8,0.8,0.0,0.0,0.0,0.0,0.0,-1.6,0.0,-0.8,0.0,0.0,0.0,0.8,0.0,0.0,0.8,0.8,-0.8,0.8,1.6,-0.8,1.6,0.8,0.8,1.6,0.0,0.0,0.0,0.8,0.8,0.0,0.8,0.8,0.0,0.8,0.0,0.8,0.0,0.8,0.0,0.0,0.0,-0.8,0.0,0.8,0.0,2.4000000000000004,0.8,0.8,-0.8,1.6,0.0,-3.2,3.2,0.8,-1.6,0.0,1.6,-0.8,-0.8,0.0,0.0,0.8,0.8,-0.8,0.8,-0.8,-1.6,0.0,0.8,0.8,0.8,0.8,0.8,0.0,-0.8,-0.8,0.8,-1.6,0.0,-0.8,0.8,0.0,-1.6,2.4000000000000004,1.6,0.0,0.0,-0.8,0.0,0.0,0.0,0.0,-1.6,0.8,-0.8,0.8,0.0,0.8,0.0,-0.8,0.0,0.8,-0.8,0.0,0.0,0.0,0.0,0.8,1.6,-0.8,0.8,0.0,0.0,1.6,-0.8,0.0,-1.6,0.8,0.8,-0.8,0.8,0.8,0.8,0.0,-0.8,0.0,0.0,0.0,0.0,0.8,1.6,0.0,1.6,0.0,0.0,0.8,-1.6,0.8,0.0,-0.8,0.8,0.0,-1.6,0.8,0.0,0.0,0.0,1.6,0.8,0.8,0.0,-0.8,0.8,0.8,0.0,1.6,1.6,0.8,0.8,2.4000000000000004,-0.8,0.8,0.8,0.0,0.8,-1.6,-0.8,0.8,0.0,0.8,0.8,1.6,0.8,0.0,0.8,0.8,-0.8,0.0,0.0,1.6,0.0,0.8,0.0,0.8,0.8,0.0,0.0,-0.8,0.8,0.8,1.6,0.8,0.8,0.0,-0.8,0.0,1.6,0.8,0.0,-0.8,0.0,0.0,0.0,0.8,0.0,0.0,0.8,0.0,0.8,0.0,0.0,0.0,0.8,0.0,-2.4000000000000004,0.8,0.8,0.0,0.8,0.0,0.8,-0.8,0.8,-0.8,-0.8,1.6,-1.6,0.0,0.8,0.8,1.6,-0.8,0.8,0.8,-0.8,0.8,-1.6,1.6,0.0,0.0,1.6,0.0,0.8,-0.8,0.0,0.8,0.0,0.8,0.8,0.8,0.8,-1.6,1.6,0.0,2.4000000000000004,0.0,0.0,2.4000000000000004,0.0,0.0,0.8,-0.8,1.6,-1.6,0.0,0.0,-0.8,-0.8,1.6
event_96,1625266941.9163103,-0.8,0.8,0.0,0.8,0.0,0.8,1.6,0.0,0.8,0.0,0.8,0.0,-0.8,1.6,1.6,0.0,0.8,0.0,1.6,-0.8,0.0,1.6,0.0,-3.2,0.8,1.6,-0.8,0.0,2.4000000000000004,0.0,0.0,0.0,-0.8,0.0,1.6,-1.6,1.6,0.8,-0.8,-0.8,0.8,0.0,0.8,0.0,0.8,0.8,-0.8,0.0,0.8,0.0,0.8,0.8,0.0,-0.8,0.0,0.8,1.6,0.0,0.8,1.6,-0.8,1.6,0.0,0.8,-0.8,0.8,2.4000000000000004,0.0,0.0,0.8,0.0,2.4000000000000004,-0.8,-0.8,0.0,0.8,0.8,-0.8,1.6,0.0,0.0,2.4000000000000004,0.0,0.0,0.8,0.0,0.0,0.0,0.8,0.8,0.8,0.0,0.0,0.0,0.8,0.8,1.6,0.0,0.8,1.6,0.8,0.0,-2.4000000000000004,-22.4,-40.800000000000004,-29.6,-12.8,-5.6,-3.2,-1.6,-0.8,-1.6,-1.6,0.8,-1.6,0.0,2.4000000000000004,0.8,-0.8,0.0,0.0,0.0,-1.6,0.8,0.0,-0.8,0.0,1.6,0.0,0.8,0.0,0.0,-0.8,0.8,-0.8,0.8,0.0,1.6,0.0,0.0,0.8,-1.6,-0.8,0.8,-0.8,-0.8,2.4000000000000004,0.8,0.0,0.0,0.0,0.8,-0.8,0.0,0.0,0.0,-0.8,0.0,0.0,-0.8,-0.8,0.8,-0.8,0.8,0.0,0.8,0.8,0.0,0.0,0.0,0.0,0.8,-1.6,1.6,0.8,0.8,0.8,-0.8,0.8,0.0,1.6,2.4000000000000004,-1.6,0.8,0.0,-0.8,0.8,0.0,1.6,-0.8,0.8,0.0,0.0,0.8,-0.8,1.6,0.0,0.0,1.6,-1.6,1.6,-0.8,0.0,1.6,0.0,0.8,0.8,0.0,0.8,0.0,0.8,0.8,1.6,1.6,0.0,0.8,0.8,0.8,0.0,-0.8,1.6,-0.8,0.8,0.0,-0.8,0.8,0.0,0.8,0.8,-1.6,0.8,0.0,0.8,0.0,0.0,0.0,-0.8,0.0,0.0,-0.8,0.0,0.0,0.8,0.0,0.0,1.6,0.8,-0.8,-0.8,0.0,0.0,0.0,0.0,0.8,0.8,0.0,-0.8,-0.8,-0.8,0.0,-0.8,0.0,0.8,-0.8,0.0,0.0,0.8,0.0,0.0,0.8,-0.8,0.0,-0.8,1.6,0.8,-0.8,0.0,0.0,0.0,0.0,-0.8,0.0,0.0,0.0,-1.6,0.0,0.0,0.0,0.0,-0.8,1.6,0.8,0.0,0.8,-0.8,0.0,-0.8,0.0,0.8,-0.8,0.8,-0.8,0.0,0.0,-0.8,0.8,-0.8,-0.8,0.0,-0.8,0.0,0.8,-0.8,0.0,-0.8,1.6,-1.6,0.0,0.0,-0.8,0.0,0.0,0.0,0.8,-0.8,2.4000000000000004,0.0,0.0,-1.6,-0.8,-0.8,-0.8,-0.8,0.8,0.8,1.6,-1.6,0.0,-0.8,0.0,-0.8,0.8,0.8,-0.8,0.0,0.0,-0.8,0.8,-1.6,-0.8,0.0,0.8,0.8,1.6,0.0,0.8,0.0,0.0,0.0,1.6,0.8,0.0,0.0,-0.8,0.0,0.0,0.0,0.8,0.8,0.0,-0.8,0.8,0.0,0.0,0.0,0.0,1.6,0.0,0.0,0.0,-0.8,0.8,0.0,0.0,0.0,0.8,0.8,-0.8,0.8,0.8,0.0,0.8,-0.8,0.8,-0.8,0.0,0.8,1.6,0.8,-0.8,0.8,0.0,0.8,1.6,0.0,1.6,0.0,0.0,1.6,-0.8,2.4000000000000004,0.0,0.8,1.6,0.0,1.6,0.8,0.0,0.8,-0.8,-0.8,-0.8,0.8,0.0,0.0,0.8,0.0,-0.8,-0.8,0.0,1.6,-1.6,0.0,-0.8,0.8,0.8,-2.4000000000000004,0.8,0.0,0.8,1.6,0.0,-0.8,0.8,0.8,0.8,0.0,0.0,0.0,0.0,0.0,0.8,0.8,0.0,0.0,-0.8,-0.8,0.0,0.8,0.0,0.8,0.0,0.8,0.0,0.8,0.0,0.0,1.6,-1.6,-0.8,-0.8,0.8,0.8,0.0,0.8,0.8,0.0,1.6,0.0,-1.6,0.0,0.8,-0.8,0.0,-0.8,0.0,-0.8,0.0,0.8,0.0,0.0,0.8,1.6,-0.8,0.0,0.0,-0.8,0.8,0.0,0.0,1.6,0.8,0.8,0.8,0.8,0.0,0.0,0.0,0.0,1.6,0.0,0.8,0.8,0.8,-0.8,0.8,0.0,0.8,-0.8,0.0,0.0,-0.8,0.0,0.8,0.0,0.0,-0.8,0.8,0.0,0.0,-0.8,1.6,0.8,0.0,-0.8,0.8,0.0,0.0,0.0,0.8,0.0,-0.8,1.6,0.0,-0.8,0.0,0.0,2.4000000000000004,-0.8,0.8,0.8,0.8,0.0,-0.8,0.8,0.0,0.0,1.6,0.0,-0.8,-0.8,0.0,1.6,0.0,0.8,0.0,0.8,-1.6,-0.8,0.8,0.0,0.0,0.0,0.8,0.8,0.8,1.6,0.0,-0.8,0.0,0.0,-0.8,0.0,0.0,0.8,0.0,0.0,0.0,0.0,0.0,0.8,0.0,0.0,-0.8,-0.8,0.0,0.8,0.0,-0.8,0.8,0.0,0.8,1.6,0.0,0.0,0.8,0.0,0.8,0.8,0.0,0.8,1.6,1.6,-0.8,0.8,1.6,0.8,0.8,-0.8,0.8,-0.8,-0.8,1.6,-0.8,0.8,0.0,0.0,0.8,-0.8,0.0,0.0,-0.8,1.6,-0.8,0.8,0.0,0.0,0.8,-0.8,0.8,0.0,0.8,1.6,0.0,0.8,0.8,0.0,0.0,-1.6,1.6,0.0,0.0,0.0,-0.8,0.8,-0.8,0.0,0.0,0.0,0.0,0.0,0.0,0.0,0.8,0.8,0.0,-0.8,-0.8,0.0,1.6,-0.8,0.8,0.8,0.8,0.0,0.8,0.8,-1.6,0.8,0.0,0.0,0.8,0.0,0.8,1.6,0.0,0.0,-1.6,0.8,0.8,0.8,0.0,0.0,-0.8,0.0,0.0,0.8,0.8,0.8,0.8,0.0,0.8,0.8,0.0,-0.8,0.8,0.0,1.6,0.0,-0.8,0.8,0.8,0.0,0.0,0.0,1.6,0.8,0.0,0.0,0.0,0.0,0.8,0.8,0.0,0.0,0.8,-1.6,1.6,-0.8,0.0,0.8,0.8,0.0,-0.8,0.0,-0.8,-0.8,0.8,-1.6,-0.8,1.6,0.8,0.0,0.0,0.8,-0.8,-0.8,0.0,0.8,1.6,-0.8,1.6,0.0,-1.6,1.6,0.8,0.0,-0.8,0.8,0.8,-2.4000000000000004,0.8,1.6,-0.8,3.2,-1.6,0.0,0.8,0.8,0.8,-0.8,0.8,0.8,0.0,2.4000000000000004,0.0,0.8,0.0,0.0,0.8,-0.8,0.8,0.0,0.0,0.0,0.8,0.8,-0.8,-0.8,0.8,0.0,0.0,-1.6,0.0,0.8,0.0,0.8,0.8,1.6,-0.8,0.8,0.8,-0.8,0.8,-0.8,0.0,1.6,-0.8,0.0,0.8,1.6,0.8,0.8,0.8,0.8,-0.8,-0.8,0.0,1.6,0.8,1.6,2.4000000000000004,1.6,0.0,0.0,0.0,-0.8,0.0,0.8,0.0,1.6,0.0,0.0,0.0,0.8,0.8,0.0,0.0,-1.6,1.6,0.0,0.0,0.0,0.0,0.0,0.0,0.0,0.0,1.6,0.0,0.0,0.8,0.0,0.0,1.6,0.8,0.0,0.0,0.0,0.8,0.0,1.6,-0.8,0.8,0.8,-0.8,0.0,0.8,0.0,0.8,-0.8,0.8,0.8,1.6,0.0,-1.6,1.6,-0.8,0.0,1.6,0.8,1.6,0.8,0.0,1.6,0.0,0.8,0.0,0.8,0.0,-0.8,0.0,0.0,0.0,0.0,0.0,2.4000000000000004,0.0,1.6,0.8,0.8,1.6,-0.8,0.0,0.0,1.6,0.8,0.0,0.8,0.8,0.0,0.8,0.0,1.6,0.8,0.0,0.0,-0.8,0.8,0.8,0.8,0.8,-1.6,0.0,-0.8,0.8,-0.8,-0.8,1.6,0.8,0.0,0.0,-0.8,2.4000000000000004,0.0,0.0,0.8,-0.8,1.6,0.0,-0.8,0.8,0.0,0.8,0.0,0.0,0.8,1.6,-0.8,0.8,-0.8,0.0,1.6,0.8,0.8,0.0,0.0,0.0,-0.8,0.0,0.0,0.8,0.8,0.0,-0.8,0.0,1.6,0.0,0.8,0.0,0.8,0.8,0.0,0.8,0.8,0.8,0.8,0.0,0.0,0.8,0.0,1.6,-0.8,0.0,0.0,0.0,0.8,0.0,0.8,0.0,-0.8,0.8,-0.8,0.0,0.0,1.6,1.6,0.0,0.8,0.0,0.8,0.0,0.0,1.6,0.8,0.0,1.6,0.0,0.8,-1.6,0.8,0.0,0.0,0.8,-0.8,0.0,0.8,0.8,1.6,0.8,0.8,0.0,0.0,0.0,0.0,-0.8,0.8,0.0,0.8,-0.8,0.0,0.8,0.0,0.8,0.8,0.0,0.0,1.6,1.6,0.0,1.6,0.8,0.0,-0.8,0.8,0.8,0.8,0.0,1.6,-0.8,-0.8,0.8,-0.8,0.8,-0.8,0.0,0.8,-0.8,1.6,1.6,-0.8,0.0,0.0,0.8,-0.8,1.6,0.0,0.8,1.6,0.8,0.0,1.6,-0.8,0.0,0.0,0.8,0.0,1.6,0.8,0.0,0.8,0.0,-0.8,0.8,-0.8,1.6,1.6,-1.6,-0.8,0.0,-0.8,-0.8,0.0,0.8,0.0,1.6,0.0,0.0,0.8,-0.8,-0.8,0.0,0.0,1.6,-0.8,1.6,0.8,0.8,0.8,0.0,0.0,0.0,0.0,0.0,-0.8,-0.8,0.8,1.6,0.8,0.8,0.8,0.8,0.8,-0.8,0.0,1.6,0.0,1.6,-0.8,-0.8,0.8,0.0,0.0,0.8,0.0,0.0,1.6,1.6,0.0,0.8,1.6,0.8,0.0,0.0,0.0,0.8,-0.8,1.6,0.8,-0.8,0.0,0.8,0.8,0.0,0.8,0.0,0.0,0.8,0.0,0.0,0.8,0.0,-0.8,0.0,2.4000000000000004,0.8,-0.8,0.0,1.6,0.0,0.8,-0.8,0.0,0.8,0.8,-0.8,1.6,0.0,0.8,0.8,0.0,0.8,0.0,1.6,-0.8,0.0,0.0,0.0,0.8,-0.8,1.6,0.8,0.0,1.6,0.0,0.8,0.8,0.8,1.6,-0.8,0.8,0.8,1.6,0.8,0.0,2.4000000000000004,1.6,0.0,2.4000000000000004,0.0,1.6,0.0,-1.6,0.8,0.0,0.8,0.8,0.0,0.8,-0.8,0.8,-0.8,0.8,0.0,0.0,0.0,0.0,0.8,0.0,0.0,1.6,0.0,0.8,0.8,0.0,2.4000000000000004,0.8,1.6,-0.8,0.8,0.0,-1.6,1.6,0.8,0.0,0.8,0.0,0.8,0.0,1.6,0.8,0.8,0.8,0.8,0.8,0.0,0.0,1.6,0.0,2.4000000000000004,0.0,-1.6,0.0,0.8,0.8,0.0,0.0,2.4000000000000004,0.8,1.6,0.0,0.0,0.8,0.0,0.0,-0.8,0.0,1.6,0.8,0.8,1.6,2.4000000000000004,0.8,-0.8,1.6,0.0,0.0,0.8,0.0,0.8,0.0,0.0,1.6,0.0,0.0,1.6,0.8,1.6,0.0,0.8,1.6,0.8,0.8,0.8,0.0,0.8,0.8,1.6,0.8,0.0,0.8,0.0,0.0,0.8,-0.8,0.8,0.0,1.6,0.0,0.0,0.8,-0.8,0.0,0.8,0.0,0.8,0.0,0.0,0.0,0.0,0.8,0.0,0.8,-0.8,1.6,1.6,-0.8,1.6,0.0,-0.8,0.0,-0.8,1.6,0.8,0.0,0.8,0.8,0.0,-0.8,0.0,0.0,-1.6,0.8,-0.8,0.0,0.0,0.0,0.8,0.0,-0.8,-0.8,0.0,1.6,0.0,0.0,0.0,-0.8,0.8,-0.8,0.8,-0.8,0.0,0.0,0.0,0.0,0.8,0.8,0.0,-0.8,0.8,-0.8,0.8,0.8,-1.6,0.0,0.0,0.8,0.0,-0.8,1.6,-0.8,1.6,1.6,0.0,0.0,-0.8,0.8,0.0,0.0,0.8,2.4000000000000004,-0.8,0.0,0.8,0.0,0.8,0.8,0.0,0.8,0.8,0.0,0.0,0.8,-0.8,0.0,0.0,0.8,-0.8,0.0,0.0,1.6,0.0,0.8,0.0,0.8,0.0,-0.8,0.0,0.8,0.0,0.8,0.8,2.4000000000000004,0.8,0.8,0.0,0.8,0.8,-0.8,0.8,-0.8,0.8,1.6,-1.6,0.8,0.0,0.0,0.0,0.8,0.0,0.0,0.0,0.8,0.0,0.0,0.8,-0.8,0.0,-1.6,0.0,0.0,0.0,1.6,-0.8,0.8,0.8,0.8,0.8,0.0,0.0,-0.8,-0.8,0.0,0.0,0.0,-0.8,-0.8,0.0,0.8,0.0,-0.8,0.8,0.8,0.0,0.8,0.8,0.0,0.0,0.0,0.0,1.6,1.6,0.0,0.0,0.0,0.0,-0.8,2.4000000000000004,0.8,0.8,0.8,0.0,0.8,0.8,0.0,0.0,0.8,0.0,0.0,1.6,0.8,0.0,1.6,1.6,1.6,0.0,0.0,1.6,0.8,0.0,0.0,0.8,0.8,0.8,-0.8,0.0,0.0,0.0,0.8,1.6,0.8,-0.8,1.6,0.0,0.8,0.8,2.4000000000000004,0.8,-0.8,0.0,0.0,-0.8,-0.8,-0.8,1.6,-0.8,0.8,0.8,0.0,0.8,0.0,0.8,0.0,0.0,1.6,-0.8,0.8,-0.8,0.0,0.8,0.8,0.0,-0.8,-0.8,1.6,0.0,1.6,0.0,0.0,1.6,-0.8,1.6,0.0,0.8,1.6,0.0,0.0,0.0,0.8,0.8,0.0,1.6,-0.8,0.0,0.8,0.8,1.6,0.0,0.0,1.6,0.8,0.8,0.0,0.8,0.8,-0.8,1.6,0.8,2.4000000000000004,0.8,0.0,0.8,0.0,0.0,0.8,0.0,1.6,-0.8,0.0,0.0,0.0,-0.8,1.6,0.0,0.0,-0.8,0.0,-0.8,0.8,-0.8,0.8,0.8,0.8,0.8,0.0,0.0,0.0,0.8,-0.8,0.0,0.8,1.6,0.8,-0.8,0.0,0.0,0.0,0.8,-0.8,1.6,0.0,-0.8,0.8,-0.8,0.0,-0.8,0.8,0.8,0.0,0.8,-0.8,0.0,0.8,0.0,-0.8,0.0,0.0,-0.8,-0.8,2.4000000000000004,0.0,0.0,0.0,1.6,0.8,-0.8,0.0,0.0,1.6,0.0,-1.6,0.0,-0.8,0.0,0.8,-0.8,1.6,-0.8,0.0,0.0,-0.8,0.8,-0.8,0.0,0.8,-0.8,0.8,0.0,1.6,0.8,-0.8,1.6,0.0,0.0,-0.8,0.0,0.8,1.6,0.0,0.0,0.0,1.6,-1.6,0.0,0.0,0.0,0.0,-0.8,1.6,0.0,0.0,2.4000000000000004,0.0,1.6,0.0,0.8,0.0,0.0,0.8,0.0,0.0,1.6,-1.6,0.0,0.0,0.0,0.0,0.0,0.8,-0.8,0.8,1.6,0.0,0.8,0.0,-0.8,0.0,1.6,0.8,0.8,0.0,-0.8,0.8,0.0,-0.8,0.0,0.8,0.0,0.8,0.0,0.8,1.6,0.0,0.0,0.8,0.0,0.0,0.0,0.8,0.0,0.0,0.0,0.0,0.0,0.8,-0.8,-1.6,-0.8,0.0,0.0,0.0,0.8,0.0,0.0,0.8,0.0,1.6,-0.8,0.8,2.4000000000000004,-0.8,0.0,0.8,1.6,0.8,-0.8,1.6,0.8,0.8,0.8,0.0,1.6,0.0,-0.8,0.8,0.0,2.4000000000000004,0.0,1.6,1.6,0.8,0.8,0.8,0.8,0.8,0.0,0.0,0.8,1.6,0.0,0.0,0.0,3.2,1.6,-4.0,1.6,2.4000000000000004,-2.4000000000000004,1.6,1.6,1.6,-2.4000000000000004,0.0,2.4000000000000004,-0.8,0.8,0.8,1.6,0.0,-0.8,1.6,1.6,0.8,0.0,0.0,0.0,0.0,0.8,0.8,0.8,1.6,-0.8,-0.8,0.8,0.0,0.0,0.0,0.8,0.0,-1.6,1.6,0.8,0.0,0.8,-0.8,0.0,0.0,0.8,1.6,0.0,0.0,0.8,0.8,1.6,0.0,-0.8,0.8,0.8,-0.8,0.0,0.8,0.8,0.8,0.8,0.8,0.8,0.0,0.8,0.8,-0.8,-0.8,0.8,0.0,0.8,0.8,0.8,2.4000000000000004,0.0,0.0,0.0,0.0,0.8,0.0,0.8,0.0,0.8,0.0,0.0,1.6,0.8,-0.8,-0.8,0.8,0.8,-0.8,0.0,0.0,0.0,0.8,0.8,0.0,1.6,0.0,1.6,0.0,0.8,0.0,0.0,-0.8,0.8,0.0,0.0,1.6,1.6,-0.8,0.8,0.8,0.0,0.8,0.0,0.8,0.8,0.8,0.8,-0.8,-0.8,1.6,0.8,-0.8,0.0,0.8,-0.8,0.8,0.8,0.0,0.8,0.0,1.6,0.0,0.8,1.6,-0.8,0.8,0.0,-0.8,0.8,0.8,0.8,0.8,1.6,0.0,0.8,1.6,-0.8,0.0,1.6,0.0,0.8,0.8,0.8,1.6,-0.8,0.8,2.4000000000000004,0.8,0.0,0.8,0.8,0.0,0.8,0.0,0.8,0.0,0.0,-0.8,1.6,0.0,0.0,0.8,0.0,1.6,0.8,0.8,1.6,0.8,0.8,0.8,0.0,1.6,-0.8,1.6,0.0,0.0,0.0,-0.8,0.0,0.0,0.0,0.8,-0.8,1.6,-0.8,0.0,0.8,0.0,0.0,0.0,0.8,1.6,-0.8,0.0,0.0,0.8,0.8,0.8,0.8,-1.6,0.8,0.8,0.0,0.8,-0.8,1.6,-0.8,-1.6,1.6,0.0,0.8,0.8,0.0,0.0,-0.8,0.8,0.0,0.8,1.6,0.0,0.0,0.0,0.0,0.0,0.0,0.0,-0.8,0.0,0.8,0.0,0.8,-0.8,1.6,0.8,0.0,0.0,-0.8,1.6,0.8,-0.8,0.0,0.0,0.0,0.8,0.0,0.8,-0.8,0.8,0.8,1.6,0.0,0.8,0.0,0.8,0.8,0.8,0.0,0.8,0.0,0.8,0.8,1.6,1.6,0.0,0.0,0.8,0.8,0.0,0.0,1.6,0.0,0.8,0.8,0.0,0.8,0.8,0.0,0.0,0.8,0.0,1.6,0.0,0.8,0.0,0.8,-0.8,0.8,-0.8,2.4000000000000004,-0.8,-0.8,1.6,0.0,1.6,0.8,1.6,0.8,0.8,0.8,1.6,1.6,0.0,0.8,1.6,-0.8,0.0,0.8,0.0,0.8,0.0,1.6,0.0,-2.4000000000000004,0.8,1.6,0.8,-1.6,0.8,-0.8,-0.8,3.2,0.0,-0.8,1.6,-0.8,0.0,0.0,0.0,0.0,0.8,0.8,-0.8,0.0,0.8,0.0,0.8,0.8,0.0,0.0,0.0,0.8,-0.8,0.8,0.8,0.8,1.6,-0.8,0.8,0.8,0.0,0.0,-0.8,0.8,0.0,0.0,0.0,0.8,0.0,0.0,1.6,1.6,0.8,0.0,-0.8,0.8,1.6,-0.8,0.0,0.8,0.8,0.0,0.8,0.8,0.0,0.0,-1.6,-0.8,0.8,-0.8,0.8,0.0,0.0,-1.6,-0.8,-1.6,0.0,0.0,0.8,0.0,0.0,0.0,0.8,0.8,0.0,-0.8,0.0,0.8,0.0,0.8,0.0,-0.8,0.0,0.0,1.6,-0.8,0.8,0.0,0.0,0.8,0.0,0.8,-0.8,0.0,0.8,0.0,0.8,0.0,0.0,0.0,0.0,1.6,0.8,1.6,-0.8,-0.8,1.6,0.8,0.0,0.0,0.8,2.4000000000000004,0.0,0.8,-0.8,-1.6,0.8,-0.8,1.6,-0.8,-0.8,0.8,-0.8,0.8,0.8,-0.8,0.8,0.0,1.6,0.0,0.0,1.6,0.0,0.8,1.6,0.0,1.6,0.0,0.8,0.0,0.0,0.0,-0.8,1.6,0.0,2.4000000000000004,0.8,0.0,0.8,0.8,0.0,0.0,0.0,0.8,0.0,0.0,0.0,0.0,0.8,0.8,0.8,0.8,0.8,0.8,0.0,1.6,-0.8,0.8,0.8,1.6,0.8,0.0,0.0,0.0,0.8,1.6,0.8,0.8,2.4000000000000004,0.8,0.8,1.6,0.8,0.8,0.0,0.0,0.8,0.8,0.0,0.0,0.8,-0.8,0.8,0.8,0.0,0.0,0.0,1.6,-0.8,1.6,0.8,0.0,0.8,0.0,-0.8,0.0,0.8,1.6,0.0,0.0,1.6,0.8,0.8,0.0,-0.8,0.0,0.8,-0.8,0.8,0.8,0.8,1.6,0.8,1.6,0.0,0.0,0.8,0.0,0.8,0.0,0.8,0.0,0.8,0.8,-1.6,1.6,0.8,0.0,0.8,-0.8,0.8,0.0,0.0,1.6,0.8,0.8,0.0,0.8,1.6,-1.6,0.8,-0.8,0.0,0.8,-0.8,0.0,0.8,-0.8,0.8,0.8,0.8,-1.6,0.0,0.8,0.8,0.0,0.8,0.0,0.8,-0.8,0.0,0.0,0.8,0.8,-0.8,0.8,-0.8,1.6,1.6,0.0,0.0,0.0,0.8,-1.6,0.0,1.6,0.8,-0.8,1.6,0.0,-1.6,0.0,-0.8,1.6,0.0,0.0,0.8,0.0,0.8,0.8,0.8,0.8,-0.8,-0.8,0.8,1.6,0.0,0.0,1.6,0.8,1.6,0.8,0.8,0.0,0.0,0.0,0.0,0.0,2.4000000000000004,0.0,0.8,0.0,1.6,0.0,0.8,0.0,0.8,0.0,0.0,-1.6,1.6,0.0,0.0,0.8,0.8,1.6,0.8,0.8,0.8,0.0,1.6,0.8,0.8,2.4000000000000004,0.0,2.4000000000000004,0.0,0.8,1.6,0.0,0.0,0.0,0.0,0.8
event_97,1625266944.067433,0.8,-0.8,0.0,1.6,0.8,0.0,-0.8,0.0,1.6,0.8,0.0,0.0,1.6,2.4000000000000004,-0.8,1.6,0.8,0.0,0.8,-0.8,0.8,0.0,-0.8,2.4000000000000004,0.0,1.6,-0.8,0.0,0.8,0.0,0.0,0.8,-0.8,2.4000000000000004,0.0,0.8,0.8,0.0,0.8,0.0,0.8,-0.8,1.6,1.6,-0.8,1.6,0.0,0.0,-0.8,-0.8,1.6,-0.8,0.0,0.0,-0.8,0.8,0.0,1.6,1.6,-0.8,1.6,0.0,-0.8,0.8,0.8,0.8,0.8,1.6,-1.6,-0.8,1.6,-0.8,0.0,0.0,1.6,0.8,0.0,0.0,-0.8,1.6,0.0,0.0,0.0,-0.8,0.8,-0.8,-0.8,1.6,0.0,0.0,1.6,0.8,0.0,-0.8,0.8,0.8,0.0,0.0,0.0,1.6,-0.8,0.8,0.0,-25.6,-116.8,-141.6,-86.4,-32.0,-17.6,-9.600000000000001,-0.8,-5.6,-10.400000000000002,-8.8,-6.4,-6.4,-1.6,0.0,-2.4000000000000004,-2.4000000000000004,0.0,-1.6,-1.6,0.8,1.6,-2.4000000000000004,-0.8,0.8,0.0,-2.4000000000000004,0.8,0.8,0.0,-1.6,-1.6,2.4000000000000004,1.6,-2.4000000000000004,0.8,1.6,0.8,0.0,0.0,0.8,0.0,0.0,-1.6,0.8,0.8,-1.6,0.0,0.0,2.4000000000000004,0.0,-0.8,1.6,-1.6,0.0,-1.6,0.0,0.8,-1.6,0.0,0.8,-0.8,0.8,-0.8,-0.8,-0.8,0.0,2.4000000000000004,-1.6,0.8,0.0,0.8,1.6,-0.8,0.8,0.0,0.0,-0.8,-0.8,2.4000000000000004,-0.8,0.8,0.0,-0.8,1.6,-0.8,-0.8,0.0,-0.8,0.0,-0.8,0.8,0.0,0.8,0.8,0.0,0.8,0.8,0.0,0.0,0.8,0.0,-0.8,-0.8,1.6,-0.8,0.8,0.8,0.8,0.0,1.6,1.6,0.8,0.8,0.0,0.0,0.8,0.0,0.8,0.0,0.0,0.0,0.0,0.0,-0.8,0.0,0.8,0.0,-0.8,0.0,-0.8,0.0,0.8,0.8,1.6,0.8,0.0,1.6,0.8,0.0,-0.8,0.0,1.6,-0.8,-0.8,1.6,0.0,0.0,0.0,0.0,-0.8,-0.8,0.0,-1.6,0.0,0.0,0.8,0.0,0.0,0.8,-1.6,-0.8,-0.8,-2.4000000000000004,0.8,0.8,0.8,0.0,0.0,1.6,-0.8,0.8,0.0,-0.8,0.8,-1.6,0.8,0.8,0.0,0.0,-0.8,-0.8,0.8,0.0,-0.8,-0.8,1.6,0.0,0.0,-0.8,0.0,0.0,-0.8,0.0,0.8,-0.8,0.8,0.0,0.0,0.0,0.0,1.6,0.8,0.8,1.6,0.0,0.8,0.8,-0.8,0.8,-0.8,0.8,-0.8,0.8,0.0,0.0,0.8,0.8,0.8,0.0,0.0,1.6,0.0,0.0,0.0,0.0,0.0,0.0,-0.8,-0.8,0.0,0.8,0.8,0.0,0.0,-0.8,0.8,0.0,0.0,0.8,0.0,0.0,-0.8,-0.8,0.8,-0.8,0.0,-0.8,0.0,0.0,0.8,0.0,0.0,-0.8,0.0,0.0,0.0,0.8,-0.8,0.0,0.8,0.0,0.0,0.8,0.8,-0.8,-0.8,0.0,1.6,1.6,0.0,0.8,-0.8,1.6,0.8,-1.6,0.8,0.0,0.0,1.6,-0.8,2.4000000000000004,-0.8,0.0,0.8,-0.8,0.8,-0.8,0.0,1.6,-0.8,0.0,0.0,0.8,0.0,-0.8,0.8,0.0,1.6,-0.8,0.0,0.8,1.6,0.8,0.0,0.0,0.8,0.0,1.6,0.0,0.8,0.0,-2.4000000000000004,0.0,0.0,0.8,0.8,0.0,0.8,-0.8,1.6,-0.8,0.0,0.0,0.0,0.0,0.8,0.0,-0.8,0.0,0.8,0.0,-0.8,0.8,0.8,1.6,0.0,0.8,0.0,0.8,0.8,0.0,0.0,0.8,0.0,-1.6,0.8,0.0,-1.6,0.0,0.0,-0.8,0.8,0.0,0.0,-0.8,0.8,0.0,-0.8,0.0,-0.8,0.8,0.0,0.8,0.8,-0.8,0.0,0.0,1.6,0.8,-1.6,0.0,0.0,0.0,-0.8,-2.4000000000000004,0.8,0.8,0.0,-0.8,0.0,1.6,-1.6,0.8,0.8,-1.6,0.8,-0.8,0.0,0.0,0.0,0.0,0.0,1.6,1.6,1.6,1.6,0.0,0.8,-0.8,-0.8,2.4000000000000004,-0.8,0.0,0.8,1.6,0.0,0.0,-0.8,0.0,0.8,-1.6,0.0,0.8,0.0,1.6,0.8,0.8,0.0,-0.8,0.8,1.6,-0.8,0.0,-0.8,0.8,0.0,0.0,0.0,-0.8,0.0,0.0,0.8,0.0,0.0,1.6,-0.8,0.8,0.0,-0.8,0.8,0.0,0.8,0.8,0.8,0.8,-0.8,0.0,-0.8,-0.8,0.0,0.8,1.6,0.8,0.8,1.6,0.0,0.0,0.8,-1.6,0.0,0.0,0.0,-0.8,0.8,0.0,0.8,2.4000000000000004,0.8,-0.8,0.0,0.8,0.0,-0.8,0.0,0.8,0.8,0.8,0.8,2.4000000000000004,-0.8,-0.8,0.0,1.6,0.0,0.0,0.8,0.0,0.8,0.0,-0.8,1.6,0.0,0.0,1.6,0.0,0.8,-1.6,0.8,0.8,1.6,0.0,0.0,1.6,0.8,0.0,1.6,-0.8,1.6,-0.8,0.0,0.8,0.0,0.0,0.0,0.0,1.6,-0.8,1.6,-1.6,0.8,0.0,0.8,0.8,0.0,0.8,0.0,1.6,0.8,-0.8,0.8,0.0,-0.8,1.6,0.0,0.8,0.8,0.8,0.8,-0.8,0.8,0.8,0.8,0.0,0.0,0.8,-0.8,0.8,0.0,-0.8,0.0,0.8,0.8,-0.8,0.8,0.8,-0.8,0.8,0.0,-1.6,-0.8,0.8,1.6,0.8,0.8,1.6,0.0,1.6,0.0,0.0,1.6,0.8,-0.8,0.0,0.8,0.8,0.0,0.0,0.8,0.0,0.0,1.6,2.4000000000000004,0.0,0.0,0.8,-0.8,0.0,0.8,-0.8,1.6,-0.8,0.8,0.8,0.0,0.0,-0.8,0.8,0.8,0.8,0.8,1.6,0.8,1.6,-0.8,0.0,-0.8,0.8,0.0,0.0,1.6,0.8,0.0,1.6,0.0,1.6,-0.8,0.0,0.0,0.8,0.8,0.8,0.0,1.6,-0.8,0.0,0.0,0.8,0.8,-0.8,0.8,-0.8,0.8,0.8,0.0,0.8,0.0,-0.8,0.0,-0.8,1.6,0.8,0.8,1.6,0.0,-0.8,-0.8,0.8,0.0,0.0,1.6,0.0,0.8,0.8,0.0,0.8,0.0,0.8,-0.8,0.0,2.4000000000000004,0.0,0.8,1.6,0.8,1.6,2.4000000000000004,0.0,-0.8,2.4000000000000004,0.8,-0.8,1.6,0.8,0.8,-0.8,0.8,1.6,1.6,0.0,0.8,1.6,-0.8,0.0,0.0,0.0,0.0,0.0,0.8,0.8,0.0,0.8,0.0,1.6,0.0,0.0,1.6,0.0,1.6,0.8,0.8,0.8,1.6,0.0,1.6,2.4000000000000004,0.0,0.8,1.6,0.0,0.8,0.8,2.4000000000000004,0.0,0.0,1.6,-0.8,0.8,0.0,-0.8,2.4000000000000004,0.0,2.4000000000000004,0.8,-0.8,1.6,0.8,1.6,0.8,-0.8,-0.8,1.6,1.6,0.0,0.0,0.8,0.0,0.0,-0.8,1.6,0.8,-0.8,2.4000000000000004,-0.8,-0.8,0.0,0.8,1.6,-0.8,1.6,0.0,-0.8,1.6,0.0,0.8,1.6,-0.8,0.0,0.8,2.4000000000000004,0.8,0.8,1.6,1.6,1.6,1.6,0.8,0.8,0.8,0.8,-0.8,0.0,1.6,0.0,0.0,0.0,0.8,0.0,0.0,1.6,0.8,0.0,0.0,0.8,1.6,0.8,0.8,0.8,1.6,0.8,1.6,0.0,0.8,1.6,-0.8,0.0,-0.8,1.6,0.8,0.0,0.8,0.8,0.0,0.0,0.0,0.0,-0.8,0.0,0.8,0.0,0.8,0.8,0.0,0.8,-0.8,0.8,0.0,1.6,1.6,0.0,-0.8,-0.8,1.6,0.0,0.8,0.8,0.0,2.4000000000000004,0.0,-0.8,1.6,0.0,0.0,0.0,1.6,0.8,-0.8,0.8,0.8,0.8,0.0,0.8,0.0,-1.6,0.0,1.6,0.0,0.8,0.8,1.6,0.0,0.0,0.8,0.0,0.8,-0.8,-0.8,0.8,0.8,0.8,0.0,0.8,0.8,-0.8,2.4000000000000004,-0.8,-0.8,1.6,0.0,0.8,-0.8,1.6,0.0,-0.8,1.6,0.0,0.8,0.8,-0.8,1.6,-0.8,0.8,0.0,-0.8,0.8,-1.6,0.8,0.8,0.0,0.8,-0.8,2.4000000000000004,0.8,0.0,0.8,0.8,1.6,0.0,0.8,1.6,1.6,0.0,0.0,1.6,0.8,-0.8,0.0,-1.6,0.8,-1.6,0.0,0.8,0.8,0.0,0.0,-0.8,1.6,0.0,1.6,0.8,0.8,0.0,1.6,1.6,0.0,0.8,-0.8,0.8,0.0,0.8,1.6,-0.8,1.6,0.0,1.6,0.0,0.0,1.6,0.0,0.0,-0.8,-0.8,0.0,-0.8,0.0,0.0,0.0,0.8,0.8,0.8,0.8,0.8,1.6,0.8,0.8,-1.6,0.8,1.6,-0.8,1.6,0.8,1.6,0.8,0.0,0.0,0.0,0.8,0.0,-0.8,1.6,0.0,1.6,0.8,0.0,1.6,-0.8,1.6,0.0,0.0,0.0,-1.6,-0.8,0.0,-0.8,1.6,0.0,0.8,-0.8,0.8,0.8,-1.6,0.8,0.0,0.8,0.8,0.8,0.0,0.0,0.0,1.6,0.0,1.6,0.0,0.8,0.0,-0.8,0.0,0.8,0.0,1.6,0.0,0.0,-0.8,0.0,0.0,1.6,0.0,0.8,0.0,1.6,0.0,0.8,0.0,0.0,0.0,0.0,1.6,0.8,0.8,0.8,0.0,0.8,0.0,0.0,0.0,-0.8,0.8,0.8,-0.8,0.0,0.8,-0.8,0.8,0.8,0.0,0.0,0.0,0.8,0.0,0.8,0.8,-0.8,1.6,-0.8,-0.8,0.8,0.8,1.6,-0.8,0.8,0.8,0.8,1.6,-0.8,0.8,0.8,0.8,-0.8,0.0,0.8,0.8,0.8,0.0,0.8,1.6,0.0,0.8,0.0,-0.8,0.8,-0.8,0.0,0.8,0.0,0.8,0.8,1.6,0.0,0.0,0.0,0.0,0.0,0.0,0.8,1.6,0.8,2.4000000000000004,1.6,1.6,-1.6,0.0,0.0,-0.8,0.8,-1.6,-0.8,0.8,0.0,0.8,1.6,0.8,-0.8,0.0,0.8,0.8,0.0,1.6,0.0,1.6,0.0,-0.8,-0.8,0.8,-0.8,0.0,1.6,-0.8,1.6,0.8,0.8,0.8,0.0,-0.8,0.0,0.8,1.6,1.6,0.8,-0.8,0.8,-0.8,0.8,0.0,0.0,0.8,0.8,0.8,0.0,0.8,1.6,0.0,0.8,0.8,-1.6,0.8,0.8,0.8,0.0,0.8,1.6,0.8,2.4000000000000004,-1.6,0.0,1.6,0.0,0.8,0.0,1.6,0.8,0.0,1.6,0.0,0.8,0.8,0.0,1.6,-0.8,0.0,0.0,0.0,0.8,-1.6,0.8,0.8,-0.8,1.6,0.8,0.8,0.0,-0.8,0.8,0.0,1.6,0.0,0.8,1.6,0.8,0.8,0.8,0.8,0.8,-0.8,1.6,-0.8,0.8,0.0,0.8,0.8,0.0,-1.6,0.8,-0.8,1.6,0.0,0.8,0.0,0.8,0.8,-0.8,1.6,0.0,-0.8,0.8,0.0,0.8,1.6,0.8,0.8,-0.8,0.0,0.0,0.0,-0.8,0.8,0.8,-0.8,0.0,-0.8,-1.6,-0.8,0.8,0.8,0.0,0.8,0.0,0.0,0.8,0.0,0.0,0.0,-0.8,-0.8,0.0,1.6,0.0,0.0,0.0,0.0,0.8,-0.8,-0.8,-0.8,0.8,-0.8,-0.8,0.8,0.0,0.8,0.8,0.0,1.6,0.0,-0.8,0.8,-0.8,0.8,0.0,0.8,0.0,0.0,0.8,-0.8,0.8,1.6,0.0,1.6,0.0,0.8,0.0,0.8,0.8,0.0,0.0,0.0,1.6,1.6,-1.6,1.6,0.8,0.0,0.0,-1.6,0.8,0.0,-0.8,2.4000000000000004,0.0,1.6,-0.8,0.8,0.8,0.0,-0.8,0.0,0.0,1.6,-0.8,0.8,-0.8,0.8,0.8,0.0,0.8,-0.8,2.4000000000000004,0.0,0.8,0.8,0.0,0.8,0.0,0.0,0.8,0.8,0.0,-0.8,0.8,-0.8,0.0,0.8,0.0,0.0,0.0,0.0,1.6,0.0,0.8,-0.8,0.0,0.0,-1.6,0.0,0.8,0.0,-0.8,0.0,1.6,0.8,0.8,0.0,0.8,0.0,-0.8,0.8,0.0,0.0,0.0,0.0,0.8,0.8,0.8,0.0,0.8,0.8,-0.8,0.0,0.8,0.8,0.8,0.0,0.8,0.0,0.8,0.0,0.0,0.0,0.0,-0.8,0.0,-0.8,1.6,0.0,0.0,0.0,0.8,-0.8,0.0,0.8,0.8,0.0,0.0,-0.8,0.0,-0.8,1.6,0.0,0.0,0.0,0.0,1.6,0.8,-0.8,0.0,0.0,0.8,0.0,0.0,1.6,-1.6,0.8,0.0,-0.8,-0.8,0.0,0.8,-0.8,0.0,2.4000000000000004,-0.8,-2.4000000000000004,0.8,0.8,-2.4000000000000004,1.6,2.4000000000000004,-3.2,-1.6,3.2,-1.6,-0.8,-0.8,1.6,0.8,-1.6,0.8,0.0,-0.8,0.0,-0.8,0.0,-0.8,2.4000000000000004,0.0,0.0,0.8,0.8,1.6,0.8,0.0,-0.8,0.0,0.8,-0.8,0.8,1.6,0.0,0.8,0.8,1.6,0.8,0.0,0.8,0.8,0.0,0.8,1.6,0.0,0.0,0.0,0.8,1.6,0.8,0.8,1.6,0.8,0.8,0.8,0.0,0.0,2.4000000000000004,0.0,0.0,1.6,0.8,0.0,1.6,0.0,0.8,0.0,0.0,-0.8,0.0,0.0,0.8,0.8,0.8,0.0,1.6,0.0,1.6,-0.8,0.8,0.8,0.8,1.6,0.0,0.8,1.6,0.0,0.0,0.0,0.0,0.8,0.0,0.8,-1.6,1.6,0.8,-0.8,1.6,0.0,0.8,0.8,0.8,0.8,-1.6,0.8,-0.8,0.8,0.0,0.0,0.8,-0.8,0.8,0.8,0.0,1.6,-0.8,-0.8,0.8,0.8,0.0,0.0,0.8,0.8,0.0,1.6,-0.8,0.0,0.8,0.0,0.8,0.0,0.8,0.8,0.0,-0.8,0.0,0.8,0.0,0.8,0.8,0.0,-0.8,0.8,0.0,-0.8,0.0,0.0,0.8,0.8,0.0,0.8,0.0,0.8,0.0,1.6,0.0,0.0,0.8,0.0,0.8,0.8,-1.6,1.6,-0.8,0.8,0.0,-1.6,0.0,0.0,1.6,1.6,0.0,0.8,0.0,0.8,0.0,0.8,0.0,0.0,-1.6,0.0,-1.6,0.0,-0.8,0.0,-0.8,-0.8,0.0,-0.8,2.4000000000000004,0.8,-0.8,0.8,-0.8,0.0,-1.6,-1.6,0.8,0.0,0.8,0.8,0.8,0.0,-0.8,0.8,-0.8,0.0,0.8,0.0,1.6,0.8,-0.8,0.0,0.0,0.0,-2.4000000000000004,1.6,1.6,0.0,0.8,-0.8,1.6,0.0,0.8,1.6,-1.6,1.6,-1.6,0.0,0.8,0.0,1.6,0.0,0.8,1.6,-0.8,0.8,-0.8,0.8,-0.8,-0.8,0.8,-0.8,0.8,0.0,0.0,1.6,0.0,0.0,0.8,0.8,0.8,-1.6,0.0,0.8,1.6,0.8,0.0,1.6,0.0,0.8,0.8,-0.8,1.6,-0.8,0.8,0.0,-0.8,0.0,0.8,0.0,0.0,-0.8,0.0,0.0,0.0,-1.6,0.0,0.8,0.8,0.0,-0.8,1.6,-0.8,0.8,0.8,0.0,0.8,0.8,0.8,-0.8,0.0,0.8,-2.4000000000000004,1.6,-1.6,0.0,0.8,-0.8,0.8,-0.8,-0.8,0.0,0.0,0.8,-0.8,0.0,0.0,-0.8,0.8,0.0,0.8,0.8,-1.6,0.0,-0.8,1.6,-0.8,0.0,0.8,-0.8,0.8,0.0,-0.8,0.0,-1.6,1.6,0.8,-0.8,-0.8,1.6,0.8,-0.8,2.4000000000000004,0.0,0.0,0.8,-1.6,0.0,0.0,-0.8,0.8,0.0,1.6,-1.6,0.8,0.0,-0.8,0.8,0.0,0.8,-0.8,-0.8,0.8,1.6,-0.8,0.8,0.8,0.8,-0.8,0.0,0.8,0.0,-0.8,-0.8,-0.8,0.8,-0.8,0.0,1.6,1.6,-0.8,0.8,0.0,0.0,0.0,0.0,-0.8,0.8,0.0,0.0,-0.8,0.0,0.0,0.0,0.8,0.0,0.0,0.0,0.0,0.0,0.8,0.0,0.0,0.8,0.8,0.8,-0.8,0.0,0.8,-0.8,0.8,0.0,0.8,0.0,0.0,0.8,-0.8,0.0,0.8,-1.6,1.6,0.0,-1.6,0.0,1.6,0.0,-0.8,0.8,0.0,0.0,1.6,-0.8,0.0,0.0,-0.8,0.0,0.8,0.0,0.0,0.8,0.8,0.0,0.0,0.8,0.8,0.8,-1.6,0.0,0.8,0.8,0.8,-0.8,0.0,0.8,1.6,1.6,0.0,0.8,0.0,0.0,1.6,0.0,2.4000000000000004,-0.8,0.0,0.0,0.8,1.6,1.6,0.0,0.8,-0.8,0.0,0.8,1.6,1.6,0.8,1.6,-0.8,0.0,0.8,-0.8,0.8,0.0,0.0,0.8,0.0,0.8,-0.8,0.0,1.6,0.0,0.0,0.8,-0.8,1.6,0.0,0.0,0.0,-0.8,0.0,0.0,0.0,1.6,1.6,0.0,-0.8,0.0,0.0,-0.8,0.8,0.0,0.8,0.8,0.0,0.8,0.0,1.6,-0.8,0.8,0.0,-1.6,0.8,0.8,0.8,0.0,0.0,1.6,0.0,0.8,0.0,-1.6,0.8,0.0,-0.8,0.8,0.0,0.8,-0.8,0.8,0.8,0.0,0.8,0.0,0.8,-0.8,-1.6,1.6,-0.8,0.0,0.0,0.0,1.6,0.0,1.6,0.8,0.0,0.0,0.0,1.6,-0.8,1.6,-0.8,-0.8,1.6,0.8,0.8,1.6,-0.8,0.8,-0.8,-0.8,0.0,-0.8,0.0,0.0,0.0,0.8,-0.8,0.0,0.0,0.8,-0.8,0.8,0.8,0.8,-0.8,0.0,0.0,0.0,0.0,0.0,0.8,0.0,1.6,0.0,-0.8,0.0,0.8,0.8,0.0,0.0,0.0,0.8,-0.8,0.8,0.0,0.8,0.0,0.8,0.8,-0.8,0.8,0.8,-0.8,0.8,0.0,-0.8,1.6,-0.8,0.8,-0.8,1.6,0.8,-0.8,0.0,0.8,0.0,0.8,0.0,0.0,-0.8,0.8,-0.8,0.8,0.8,0.0,0.8,0.8,0.0,0.8,-0.8,0.8,0.0,0.0,0.0,-1.6,0.8,-0.8,0.8,0.8,0.0,0.8,0.0,1.6,0.0,0.8,0.8,-0.8,1.6,1.6,0.0,1.6,0.0,1.6,-0.8,0.8,1.6,0.0,0.8,0.0,0.0,0.0,0.8,1.6,0.0,1.6,-0.8,-0.8,0.8,0.0,0.8,1.6,-0.8,2.4000000000000004,-0.8,0.8,1.6,0.8,0.8,0.0,0.8,-0.8,0.8,0.8,-0.8,1.6,0.0,0.8,0.0,-0.8,1.6,0.0,0.8,0.8,0.0,0.8,-0.8,0.8,0.0,-0.8,0.8,0.8,0.8,0.8,0.8,0.8,0.8,-0.8,-0.8,0.8,1.6,1.6,0.8,0.8,0.8,-0.8,0.0,0.0,0.0,0.8,0.0,0.0,0.8,0.8,0.8,0.8,0.8,-0.8,1.6,2.4000000000000004,-2.4000000000000004,2.4000000000000004,1.6,-1.6,-1.6,0.0,0.8,-1.6,0.8,1.6,0.8,0.8,0.0,2.4000000000000004,0.8,-0.8,1.6,0.0,1.6,0.0,0.0,1.6,0.8,0.0,0.0,0.8,1.6,-0.8,0.0,0.0,0.8,0.0,0.8,1.6,-0.8,0.0,0.8,-0.8,2.4000000000000004,-0.8,0.8,0.8,0.8,0.8,-1.6,0.8,0.0,0.0,1.6,0.0,0.0,0.8,0.8,0.0,-0.8,0.8,-0.8,0.0,0.0,0.0,1.6,0.0,0.8,0.8,-0.8,0.8,-0.8,0.0,0.8,0.0,0.8,-0.8,1.6,0.0,-1.6,2.4000000000000004,-0.8,0.0,0.8,1.6,1.6,0.0,-0.8,0.8,0.8,0.8,-0.8,0.8,0.0,-0.8,0.0,-0.8,0.8,0.0,0.8,0.8,0.8,0.8,0.8,-0.8,0.0,0.0,0.8,-0.8,0.0,0.8,0.0,0.0,0.8,0.8,0.0,0.8,-0.8,0.8,-0.8,0.0,0.8,1.6,0.0,0.0,1.6,0.8,0.8,0.8,0.8,0.8,0.8,-0.8,0.8,0.0,0.8,1.6,0.8,1.6,0.0,0.8,0.8,0.0,1.6,0.0,0.0,1.6,-0.8,0.8,0.0,0.8,0.0,0.8,0.8,-1.6,2.4000000000000004,0.8,0.0,0.0,0.0,1.6,-0.8,0.0,1.6,0.0,0.8,0.0,0.8,0.0,0.0,0.0,0.8,0.0,-0.8,0.8,1.6,0.0,1.6,0.0,0.0,0.0,-0.8,0.0,0.0,0.0,-0.8,-0.8,1.6,1.6,0.8,-0.8,-1.6,1.6,0.0,0.0,1.6,0.8,1.6,1.6,0.8,0.8,0.0,0.0,0.0,0.8,0.0,-0.8,0.8,0.8,0.8,0.8,1.6,1.6,0.0,0.0,1.6,0.0,1.6,0.0,0.0,0.8,1.6,0.0,0.8,-0.8,0.8,0.0,0.8,0.0,-0.8,1.6,0.0,0.8,0.8,0.0,1.6,0.0
event_98,1625266946.2165563,1.6,0.0,0.8,0.8,1.6,0.0,0.0,0.8,-0.8,0.8,0.0,-0.8,0.8,0.0,0.8,-0.8,0.8,2.4000000000000004,0.0,1.6,0.0,-0.8,1.6,1.6,2.4000000000000004,0.0,0.8,1.6,0.0,0.8,-1.6,0.0,0.8,-0.8,0.0,-0.8,0.8,1.6,0.0,1.6,0.8,0.0,0.8,0.0,0.8,-1.6,0.0,0.0,0.0,1.6,0.0,0.0,1.6,-0.8,0.0,0.0,0.8,0.0,0.0,1.6,-0.8,0.8,0.8,0.8,0.8,0.0,0.8,0.8,0.8,0.0,-0.8,1.6,0.8,1.6,0.0,1.6,1.6,0.0,0.0,0.0,0.0,0.8,-0.8,0.8,-0.8,1.6,0.0,0.0,0.0,0.0,1.6,0.8,0.0,-0.8,1.6,1.6,-0.8,1.6,0.8,0.0,0.8,-0.8,-8.8,-48.800000000000004,-64.8,-40.800000000000004,-19.200000000000003,-8.0,-3.2,-0.8,-4.800000000000001,-5.6,-3.2,-2.4000000000000004,-0.8,1.6,0.0,-1.6,0.0,0.8,-0.8,-0.8,0.8,0.0,0.8,-1.6,2.4000000000000004,0.8,0.0,0.8,-0.8,0.8,0.8,-1.6,0.8,-0.8,0.0,0.8,0.8,2.4000000000000004,0.0,0.0,0.0,0.0,0.0,-0.8,0.0,0.8,0.0,0.0,-1.6,1.6,-0.8,0.8,1.6,0.0,1.6,-0.8,0.8,0.0,0.8,0.8,0.0,1.6,1.6,-0.8,0.8,-0.8,1.6,0.0,-1.6,0.8,-0.8,0.0,1.6,0.0,1.6,-1.6,0.0,0.8,-0.8,0.8,0.8,0.8,1.6,0.0,-0.8,0.8,1.6,0.8,0.0,0.0,-0.8,0.8,1.6,0.8,1.6,0.0,0.8,-0.8,0.0,0.8,0.0,0.8,0.0,0.8,-1.6,0.8,0.8,0.8,0.0,0.0,0.8,0.8,0.8,0.0,0.0,0.8,0.0,-0.8,0.8,2.4000000000000004,1.6,0.8,1.6,1.6,0.8,0.8,0.0,-1.6,0.0,0.0,-0.8,0.0,1.6,0.8,0.0,0.8,1.6,1.6,0.0,2.4000000000000004,2.4000000000000004,-1.6,0.8,0.0,0.8,0.0,0.0,2.4000000000000004,0.0,0.0,1.6,1.6,1.6,-0.8,0.0,0.8,0.8,0.8,0.0,3.2,0.8,0.0,1.6,0.8,0.8,0.0,-0.8,0.0,0.0,0.0,-2.4000000000000004,2.4000000000000004,1.6,1.6,-0.8,0.8,0.8,1.6,-0.8,0.0,-0.8,0.0,0.8,-0.8,0.8,0.0,0.8,0.0,-0.8,0.8,0.8,0.8,-0.8,-0.8,0.0,-0.8,0.8,-1.6,2.4000000000000004,1.6,-0.8,0.8,-1.6,0.0,-0.8,-0.8,0.0,-0.8,0.8,0.8,-0.8,0.8,0.0,0.0,0.0,0.8,-0.8,0.8,1.6,0.8,1.6,0.8,0.8,0.0,0.8,-0.8,0.8,0.8,0.0,0.0,-0.8,0.0,0.8,0.0,0.8,0.8,0.0,0.0,0.0,0.0,-0.8,-0.8,0.0,-0.8,0.0,-0.8,0.0,1.6,0.0,1.6,0.0,1.6,1.6,0.0,0.0,0.0,1.6,0.0,0.0,0.8,0.0,0.8,0.0,0.8,0.8,0.0,0.8,-0.8,0.8,-0.8,1.6,1.6,0.0,0.0,1.6,-0.8,0.8,0.0,1.6,-0.8,1.6,0.0,-0.8,0.0,1.6,-0.8,0.0,0.0,0.8,0.8,0.0,0.8,0.0,0.0,0.0,0.0,0.8,0.0,0.8,0.0,0.8,0.0,-2.4000000000000004,0.8,0.8,0.0,0.0,0.0,0.8,0.0,0.8,1.6,-0.8,0.0,0.0,-0.8,0.8,0.8,0.8,-0.8,0.0,0.8,0.8,1.6,0.0,0.0,0.0,0.0,0.8,0.8,0.0,0.8,-0.8,0.8,0.8,0.0,0.0,0.0,1.6,0.0,-0.8,0.8,1.6,0.0,0.8,0.0,1.6,1.6,0.0,0.8,0.0,0.8,0.0,0.8,1.6,1.6,0.0,0.0,0.8,0.8,-1.6,2.4000000000000004,0.0,1.6,0.8,-0.8,0.8,0.0,0.0,0.8,0.0,0.8,-0.8,0.8,0.8,0.8,0.8,0.0,0.0,1.6,0.8,0.8,0.8,0.0,0.0,0.0,0.8,-0.8,2.4000000000000004,0.0,0.0,1.6,0.0,1.6,-0.8,-1.6,1.6,0.0,1.6,0.0,0.8,0.0,0.8,1.6,0.0,0.8,0.0,0.0,0.8,0.0,0.8,0.0,0.8,0.8,-2.4000000000000004,0.8,0.8,0.0,0.0,-0.8,0.8,-0.8,0.0,0.8,-0.8,0.8,-0.8,0.0,1.6,0.8,0.8,-0.8,0.0,0.8,0.0,0.0,0.0,0.8,0.0,0.0,0.0,0.0,1.6,0.0,0.0,2.4000000000000004,0.8,0.0,0.8,0.8,0.8,-0.8,0.0,0.8,1.6,0.8,0.0,1.6,1.6,0.0,1.6,0.8,0.0,0.0,-0.8,0.0,1.6,-0.8,1.6,0.0,0.8,0.8,-1.6,0.8,1.6,-0.8,0.8,0.0,1.6,0.8,0.0,0.8,0.0,0.0,0.0,0.0,0.8,0.8,0.0,0.0,-0.8,0.8,0.0,0.0,0.8,0.8,1.6,-0.8,0.8,-0.8,0.0,0.8,-1.6,0.8,-1.6,0.0,0.0,-0.8,0.8,-0.8,0.8,0.8,-0.8,0.8,-0.8,1.6,0.8,0.8,1.6,-0.8,0.8,0.8,0.0,0.0,0.8,0.8,0.0,0.0,0.8,0.0,0.0,-0.8,0.0,0.0,-0.8,0.0,0.8,0.0,0.0,-0.8,0.0,-0.8,0.8,-0.8,0.0,0.8,-0.8,0.8,0.0,0.0,0.0,0.0,0.8,1.6,0.8,0.0,0.8,2.4000000000000004,-1.6,0.0,2.4000000000000004,0.0,-0.8,-0.8,1.6,-0.8,0.0,0.8,-0.8,0.8,1.6,0.0,0.0,0.8,-0.8,0.0,-0.8,0.8,-0.8,-0.8,0.0,0.0,-0.8,0.0,0.0,-0.8,2.4000000000000004,0.8,0.8,-0.8,0.8,0.8,-0.8,0.0,0.8,0.0,0.8,-1.6,0.8,1.6,-2.4000000000000004,-0.8,3.2,0.0,-3.2,1.6,1.6,0.8,-0.8,0.0,2.4000000000000004,-2.4000000000000004,-2.4000000000000004,1.6,0.8,0.0,0.0,0.8,1.6,0.0,1.6,0.0,0.0,0.8,-1.6,0.0,0.8,0.8,0.0,0.0,1.6,0.0,0.8,0.0,0.0,1.6,0.0,0.0,-0.8,0.0,0.0,-1.6,0.0,0.8,0.8,0.0,0.0,0.8,0.8,-1.6,0.8,0.0,1.6,0.8,0.8,1.6,0.8,0.8,0.8,0.0,0.8,0.0,0.0,0.8,-0.8,0.0,1.6,0.8,0.8,0.0,0.8,0.0,0.8,0.0,-0.8,0.8,0.8,-0.8,0.8,0.0,1.6,0.0,0.8,0.8,-0.8,2.4000000000000004,0.8,-0.8,0.8,0.0,0.0,0.8,0.8,0.8,0.8,0.8,-1.6,0.8,0.8,-0.8,0.8,0.0,0.8,0.8,0.0,0.8,0.8,0.0,0.0,0.0,1.6,-1.6,1.6,0.8,0.0,0.8,-1.6,1.6,0.0,0.8,0.8,-0.8,1.6,0.8,0.0,1.6,-0.8,0.0,0.0,-0.8,1.6,0.8,0.8,-0.8,0.0,0.0,0.0,1.6,0.0,0.0,1.6,-1.6,1.6,0.0,0.8,0.8,0.0,0.8,-0.8,0.0,0.8,0.8,-0.8,0.8,1.6,1.6,-1.6,0.8,-0.8,1.6,-0.8,0.8,0.0,0.8,0.8,0.8,1.6,0.0,-0.8,0.8,-0.8,0.0,0.0,0.8,0.0,0.8,0.0,0.0,0.0,0.0,0.0,0.8,0.0,-0.8,0.8,0.0,0.0,-0.8,0.8,0.0,-1.6,0.8,0.8,1.6,-0.8,0.0,-0.8,0.0,1.6,0.0,0.8,0.0,0.8,1.6,-1.6,0.8,-0.8,0.0,2.4000000000000004,-0.8,-0.8,-0.8,1.6,0.8,0.0,1.6,0.0,1.6,0.8,-0.8,0.0,0.0,1.6,0.0,0.8,0.8,-0.8,1.6,0.0,1.6,0.0,-0.8,0.8,0.8,0.0,0.8,0.0,1.6,0.0,0.8,0.8,0.8,1.6,0.0,0.8,-0.8,-0.8,0.0,0.8,0.8,0.8,-0.8,0.8,-0.8,2.4000000000000004,0.8,1.6,0.8,0.0,0.0,-0.8,1.6,0.0,-0.8,1.6,0.8,0.8,-0.8,0.0,0.0,0.8,0.8,0.8,0.0,0.0,0.0,0.0,0.8,1.6,1.6,0.0,1.6,0.0,1.6,0.8,0.0,0.8,0.0,0.8,0.0,-0.8,1.6,0.8,0.0,0.8,0.0,0.0,0.8,0.0,0.0,0.0,0.8,0.8,0.8,0.8,0.8,0.8,0.8,-0.8,-0.8,0.8,1.6,0.8,0.0,0.0,2.4000000000000004,0.0,1.6,0.0,0.0,0.0,0.8,-0.8,0.0,2.4000000000000004,0.0,-0.8,2.4000000000000004,0.8,-1.6,0.8,0.8,-0.8,0.8,0.8,0.8,0.0,0.0,-0.8,0.8,0.8,0.0,1.6,0.8,0.8,0.8,0.0,0.0,-0.8,2.4000000000000004,0.8,0.8,1.6,0.8,0.0,0.8,0.8,2.4000000000000004,0.0,-0.8,0.8,0.0,-0.8,0.0,2.4000000000000004,0.8,-0.8,0.0,-0.8,1.6,-1.6,0.8,1.6,0.0,0.0,-0.8,0.0,0.8,0.0,0.8,0.0,0.8,2.4000000000000004,1.6,0.0,0.0,0.8,0.8,-0.8,-0.8,0.0,1.6,-0.8,0.0,0.0,0.0,0.8,-0.8,-0.8,0.0,0.0,0.0,-0.8,1.6,0.8,-0.8,1.6,0.0,-1.6,0.8,1.6,0.0,0.8,0.0,1.6,0.8,0.8,0.0,-0.8,-0.8,-0.8,-0.8,0.8,0.8,0.0,0.8,0.0,0.8,0.0,-0.8,0.0,-0.8,0.0,-0.8,0.8,0.0,0.8,0.8,-0.8,1.6,0.0,0.0,0.8,0.0,0.0,0.0,0.8,1.6,0.8,1.6,0.8,1.6,1.6,-0.8,1.6,0.0,0.8,0.0,0.0,0.8,0.0,1.6,0.8,0.0,0.0,-1.6,1.6,0.0,0.8,0.8,0.0,0.8,0.0,0.0,0.0,0.8,1.6,0.8,0.0,0.0,0.0,1.6,0.8,0.8,1.6,-0.8,1.6,-0.8,0.0,0.8,0.8,0.8,0.0,0.0,-0.8,0.0,0.0,0.0,0.0,0.0,0.0,0.0,-0.8,0.8,-0.8,1.6,-0.8,-0.8,0.0,0.0,0.8,0.8,0.8,0.8,-0.8,1.6,0.0,-0.8,0.8,0.0,0.0,0.8,0.8,0.8,1.6,0.0,1.6,0.0,0.0,0.0,0.8,-0.8,0.0,0.0,0.8,0.8,0.0,0.8,0.8,0.8,0.0,0.8,0.0,-0.8,0.0,0.0,0.0,0.8,0.0,0.0,0.0,1.6,-0.8,0.0,0.8,-0.8,0.0,0.0,-0.8,0.8,-1.6,1.6,0.8,0.0,0.0,-0.8,0.8,0.8,-0.8,0.8,-1.6,0.8,-2.4000000000000004,0.0,0.0,-0.8,1.6,-0.8,0.0,0.0,0.0,1.6,-0.8,0.0,0.8,-0.8,0.8,-1.6,1.6,1.6,0.0,0.8,-1.6,0.0,-0.8,0.0,0.8,-0.8,1.6,0.0,0.0,0.8,0.0,0.0,0.8,0.0,-0.8,-0.8,1.6,0.0,0.0,0.0,-0.8,0.8,0.8,-0.8,0.0,0.8,0.0,-1.6,0.8,0.0,0.0,0.8,0.0,0.8,0.0,0.8,0.0,0.8,0.0,-0.8,0.0,0.0,-0.8,-0.8,0.0,1.6,0.0,0.0,0.8,0.0,0.0,-0.8,0.0,0.0,0.8,0.0,0.8,2.4000000000000004,0.0,0.8,0.8,0.8,0.8,-0.8,0.0,-0.8,0.0,1.6,0.0,0.8,0.0,-0.8,0.8,-0.8,0.8,-0.8,0.0,0.0,0.8,0.0,-0.8,0.8,1.6,0.0,0.8,0.0,0.0,1.6,0.8,0.8,0.0,0.8,0.0,-0.8,0.0,0.0,1.6,-0.8,0.0,-0.8,0.0,0.8,0.0,0.8,1.6,0.0,1.6,0.0,0.0,0.8,-0.8,1.6,0.0,-0.8,0.0,0.0,0.8,-0.8,0.0,1.6,0.0,1.6,-0.8,-0.8,1.6,-0.8,0.8,0.0,0.0,0.8,0.8,0.8,0.0,0.8,1.6,0.0,0.8,-0.8,0.0,0.8,-2.4000000000000004,0.0,1.6,0.0,-1.6,1.6,3.2,-0.8,0.0,1.6,0.8,1.6,-0.8,2.4000000000000004,1.6,0.8,0.0,0.8,1.6,0.0,0.0,1.6,1.6,0.8,-0.8,0.0,0.8,1.6,0.8,0.8,0.0,0.0,0.0,0.8,0.8,-0.8,0.0,2.4000000000000004,0.8,0.0,-0.8,0.8,0.0,0.0,1.6,0.0,1.6,0.0,0.0,0.8,0.0,0.8,-0.8,0.0,1.6,0.0,0.0,0.8,-0.8,0.0,0.0,0.8,0.8,0.0,1.6,-0.8,0.8,0.8,0.0,0.8,0.0,1.6,-1.6,0.8,0.8,0.8,0.8,-0.8,1.6,0.8,0.8,0.8,-1.6,1.6,0.0,0.0,-0.8,0.0,0.0,0.8,1.6,0.0,-0.8,0.8,0.0,0.8,-0.8,-0.8,0.0,0.0,-0.8,0.0,0.0,0.8,0.0,0.8,1.6,0.0,0.0,-0.8,1.6,0.8,1.6,0.0,1.6,1.6,1.6,0.0,0.0,1.6,0.8,-0.8,-0.8,0.0,0.8,0.0,1.6,1.6,0.8,0.8,0.8,0.8,1.6,0.8,0.8,0.0,0.8,-0.8,0.0,0.0,0.0,0.8,0.0,1.6,0.8,0.8,0.0,-0.8,1.6,0.8,0.8,0.8,0.0,1.6,0.0,0.0,0.8,0.0,0.0,0.0,0.8,0.0,-0.8,0.8,0.0,0.0,1.6,0.8,-0.8,0.0,0.0,0.8,-0.8,2.4000000000000004,0.0,0.8,0.8,0.0,2.4000000000000004,0.0,0.0,0.0,0.0,0.8,-0.8,0.0,1.6,0.0,0.8,0.0,0.0,-0.8,-0.8,0.8,-0.8,-0.8,0.0,0.0,1.6,-0.8,0.0,0.0,0.8,0.8,-0.8,0.8,0.8,0.8,0.0,0.0,0.8,0.8,0.0,1.6,0.0,1.6,-0.8,0.8,0.8,0.0,0.8,0.0,0.0,0.0,0.0,0.8,0.0,0.8,0.0,0.0,0.0,-0.8,0.0,0.8,0.8,1.6,0.0,0.0,-0.8,0.8,0.0,0.8,-0.8,-0.8,0.8,0.8,0.0,0.8,1.6,1.6,0.8,0.0,0.8,0.8,0.0,0.8,1.6,-0.8,0.8,1.6,0.0,0.8,0.0,-0.8,0.0,0.0,0.0,-0.8,0.8,0.0,-0.8,0.8,1.6,1.6,-1.6,0.0,0.8,-0.8,2.4000000000000004,-1.6,0.8,0.8,-0.8,0.8,-0.8,1.6,0.8,-0.8,2.4000000000000004,0.8,0.8,0.8,0.8,1.6,-1.6,0.8,0.8,-0.8,0.8,-1.6,0.8,0.8,0.0,0.8,0.8,1.6,-0.8,0.0,1.6,0.8,2.4000000000000004,0.8,0.8,1.6,0.0,0.0,1.6,0.8,0.0,0.8,0.8,-0.8,-0.8,0.0,0.8,0.0,0.8,0.0,0.8,0.0,1.6,0.0,1.6,0.0,1.6,1.6,0.0,1.6,1.6,0.8,0.8,0.0,0.8,0.8,0.8,0.8,0.0,0.0,-0.8,-0.8,0.0,0.8,0.0,0.0,0.8,0.0,0.0,-0.8,0.0,0.8,-0.8,0.8,0.8,-0.8,0.8,0.0,0.8,0.8,-0.8,-0.8,-0.8,0.8,0.8,0.0,0.0,1.6,0.8,0.0,-0.8,-0.8,1.6,0.8,-0.8,-0.8,-0.8,0.8,-0.8,0.8,0.8,0.0,0.8,-0.8,0.8,0.0,-1.6,0.0,-0.8,0.8,0.8,-0.8,0.8,0.8,0.0,0.8,-0.8,0.8,-0.8,0.0,0.8,-0.8,0.8,0.0,0.0,1.6,-0.8,0.8,0.8,0.8,-1.6,0.0,1.6,-0.8,0.0,0.8,-1.6,1.6,0.0,0.0,-0.8,-0.8,0.8,0.0,1.6,0.0,-1.6,0.0,-1.6,0.0,-0.8,0.0,1.6,-0.8,0.8,1.6,0.8,-0.8,0.0,0.8,0.8,0.0,0.8,0.0,-0.8,0.0,-0.8,0.0,-0.8,0.0,0.0,-0.8,0.8,0.0,0.0,0.8,0.8,-0.8,0.0,0.0,-1.6,-0.8,0.8,0.0,-0.8,0.8,0.0,0.8,0.8,-0.8,0.0,0.8,0.0,-0.8,0.0,0.0,0.0,0.0,0.0,0.0,0.0,-0.8,0.8,-0.8,-1.6,0.8,-1.6,0.8,0.0,1.6,0.8,0.0,1.6,0.0,0.0,0.0,0.8,-0.8,0.8,0.0,0.8,0.0,0.0,0.0,0.8,0.0,1.6,0.0,0.0,1.6,0.0,-0.8,0.0,-0.8,1.6,0.0,0.8,0.0,0.0,0.8,0.0,0.8,0.8,-0.8,0.8,0.0,-0.8,0.0,0.8,-0.8,0.0,0.8,0.0,0.8,1.6,0.0,1.6,0.0,-0.8,-0.8,-0.8,0.8,0.8,-0.8,0.0,0.0,0.0,0.0,0.0,0.0,0.0,0.8,0.8,-0.8,0.8,-0.8,0.0,0.0,0.0,-0.8,0.0,0.8,1.6,0.8,0.8,1.6,-0.8,1.6,0.0,-0.8,0.0,0.0,0.8,0.0,0.8,-0.8,0.0,0.0,0.8,1.6,-0.8,-0.8,0.8,-0.8,-0.8,-0.8,0.0,0.0,-0.8,0.8,0.8,0.8,1.6,-0.8,0.8,-0.8,-0.8,1.6,0.0,0.8,-0.8,0.0,1.6,0.0,-0.8,-0.8,0.0,0.8,-0.8,0.8,-0.8,-0.8,0.0,0.0,1.6,-0.8,-0.8,0.8,-0.8,0.8,-0.8,0.8,0.0,0.0,0.0,-0.8,0.0,0.8,0.0,0.8,0.0,-0.8,0.8,-0.8,0.8,0.0,1.6,-0.8,-1.6,0.0,0.0,0.0,-0.8,-0.8,0.8,-0.8,0.8,-0.8,0.0,0.0,-0.8,2.4000000000000004,-0.8,0.0,0.0,-0.8,1.6,-2.4000000000000004,0.8,0.8,0.8,0.8,-1.6,0.8,0.8,1.6,0.8,-0.8,0.8,0.8,0.0,0.0,0.0,1.6,-0.8,0.8,0.8,0.0,0.8,0.0,0.0,0.8,0.0,0.0,0.0,1.6,0.0,0.0,0.8,1.6,0.0,0.0,0.8,0.0,0.8,0.0,1.6,0.8,1.6,1.6,0.8,0.0,2.4000000000000004,0.8,1.6,0.8,0.0,0.0,-0.8,0.8,0.0,-0.8,1.6,0.0,1.6,-0.8,1.6,0.0,0.0,0.8,-0.8,0.8,0.0,-0.8,0.8,-0.8,0.0,0.0,-0.8,0.8,0.0,2.4000000000000004,0.0,0.0,0.8,0.0,0.8,-1.6,-0.8,1.6,0.0,0.0,-0.8,0.0,0.0,-0.8,0.8,0.0,0.8,1.6,-0.8,0.8,0.0,0.8,0.0,0.0,0.8,-1.6,0.0,1.6,-0.8,0.8,0.0,2.4000000000000004,1.6,0.0,0.0,-0.8,1.6,0.0,-0.8,0.8,0.8,0.8,0.8,1.6,0.8,0.8,0.8,0.0,1.6,0.0,0.0,0.8,0.0,0.0,0.0,0.0,0.8,0.0,0.0,0.8,0.0,0.8,-1.6,0.0,0.0,0.8,0.0,0.0,1.6,0.8,0.8,0.8,0.0,3.2,-1.6,-2.4000000000000004,3.2,0.0,-1.6,2.4000000000000004,1.6,0.0,0.0,0.8,0.0,1.6,-1.6,0.8,0.8,0.0,-1.6,0.0,0.8,0.0,0.0,0.0,0.8,0.8,0.8,1.6,-0.8,0.0,0.0,-1.6,0.8,0.8,0.0,0.8,-0.8,0.8,-0.8,-0.8,0.0,0.0,1.6,-0.8,0.8,0.0,0.8,1.6,0.0,0.8,0.8,-0.8,0.0,-0.8,1.6,-0.8,-0.8,-0.8,-0.8,1.6,0.0,0.0,-0.8,0.0,0.8,-0.8,0.8,0.0,-0.8,0.8,-0.8,2.4000000000000004,-0.8,-1.6,0.8,0.0,0.0,0.0,0.0,0.0,0.0,0.0,0.0,0.8,0.0,0.0,1.6,0.0,0.0,-0.8,0.8,-0.8,1.6,0.8,-0.8,0.8,0.8,-0.8,0.0,-0.8,0.8,0.8,-1.6,0.8,0.0,0.0,0.8,0.0,0.8,0.0,0.0,-0.8,0.8,0.0,1.6,0.0,0.8,0.0,0.0,0.8,0.0,0.0,0.0,-0.8,-0.8,0.0,0.8,0.8,0.0,0.8,-0.8,0.0,-0.8,0.0,1.6,-0.8,0.8,-0.8,-1.6,1.6,0.0,0.8,0.0,0.0,0.8,-1.6,1.6,0.8,-0.8,0.8,-0.8,-0.8,0.0,0.8,0.8,-0.8,0.0,0.0,-1.6,1.6,0.0,0.0,-0.8,0.8,0.0,-0.8,1.6,0.8,0.0,0.0,-0.8,0.8,-1.6,0.0,0.8,0.0,1.6,-0.8,0.0,0.8,-0.8,0.0,0.8,0.0,0.0,0.0,0.8,-0.8,-0.8,1.6,0.0,0.8,-0.8,0.8,1.6,0.8,0.8,0.0,0.0,1.6,0.0,0.0,0.8,0.8,0.0,0.8,0.8,1.6,0.0,0.8,0.0,0.0,0.0,0.8,-0.8,1.6,-0.8,-0.8,0.8,0.0,1.6,0.0,0.8,-0.8,0.8,0.8,0.0,0.0,0.0,0.8,0.0,-0.8,1.6,0.8,0.0,0.0,0.0,0.0,-0.8,1.6,-0.8,0.0,1.6,0.0,0.8,0.8,0.0,0.0,0.0,-0.8,-1.6,0.0,0.0,0.0
event_99,1625266948.3666792,-0.8,-0.8,1.6,-0.8,0.0,0.0,1.6,0.0,0.0,0.8,0.0,0.0,-0.8,0.0,0.8,1.6,1.6,-0.8,0.0,1.6,-0.8,1.6,0.8,1.6,0.8,-1.6,0.8,-0.8,-0.8,1.6,0.0,1.6,0.0,0.0,0.8,0.8,0.8,0.8,-0.8,1.6,-0.8,0.0,0.0,0.0,0.8,0.0,1.6,0.8,2.4000000000000004,0.0,0.0,1.6,0.8,0.0,-0.8,-0.8,1.6,-0.8,0.0,0.8,-0.8,-0.8,-0.8,0.8,0.0,0.0,1.6,0.0,0.0,0.0,1.6,-1.6,-0.8,0.0,-2.4000000000000004,0.0,0.8,0.0,0.0,0.0,1.6,1.6,0.0,-0.8,-0.8,0.8,0.8,0.0,-0.8,0.0,0.8,0.0,0.8,0.0,0.0,0.0,0.0,1.6,-1.6,0.0,-0.8,-0.8,-12.8,-87.2,-120.00000000000001,-70.4,-28.800000000000004,-12.8,-4.800000000000001,-0.8,-6.4,-9.600000000000001,-4.800000000000001,-4.800000000000001,-1.6,-1.6,-0.8,-0.8,-0.8,0.0,0.0,-0.8,-0.8,0.0,-1.6,-2.4000000000000004,1.6,0.0,0.0,2.4000000000000004,0.0,0.0,-0.8,-2.4000000000000004,2.4000000000000004,-0.8,0.0,-0.8,0.8,0.0,-0.8,0.0,0.0,0.0,0.0,-0.8,0.8,0.8,0.8,-1.6,-0.8,0.8,0.0,0.8,0.0,0.0,1.6,-0.8,0.8,-0.8,0.0,0.8,-0.8,0.8,-0.8,0.8,0.8,0.0,1.6,-0.8,0.0,0.8,-0.8,0.8,-0.8,0.8,0.0,-0.8,0.0,0.0,0.0,0.0,0.0,-0.8,0.0,0.8,0.8,-0.8,0.0,0.0,0.8,0.0,0.8,0.0,-0.8,0.0,0.0,-0.8,0.0,0.8,-0.8,0.0,-0.8,-0.8,0.8,0.8,0.0,0.8,0.0,0.0,0.0,0.0,0.8,1.6,0.8,-1.6,1.6,1.6,-0.8,0.8,0.8,-0.8,-0.8,-2.4000000000000004,0.8,-0.8,0.0,0.8,-0.8,0.8,-0.8,0.0,0.0,0.8,-0.8,0.8,0.0,0.0,0.0,0.8,-0.8,0.8,0.8,0.0,0.0,0.0,1.6,0.0,1.6,0.0,-0.8,2.4000000000000004,0.0,0.0,1.6,-0.8,0.0,0.0,0.0,-0.8,0.0,0.8,0.0,0.8,0.0,0.8,0.0,-0.8,0.0,0.0,-0.8,0.0,-1.6,0.0,1.6,0.0,1.6,0.0,0.8,0.0,1.6,0.0,-1.6,0.8,0.0,0.0,0.0,0.8,1.6,0.0,0.8,0.8,0.8,0.0,0.8,0.8,0.0,0.0,0.8,0.0,0.0,0.0,0.0,1.6,0.0,0.8,1.6,0.8,0.0,-0.8,0.8,0.0,0.8,0.0,1.6,1.6,0.8,-0.8,0.8,0.0,0.0,-0.8,-1.6,-0.8,-0.8,-0.8,2.4000000000000004,0.0,1.6,0.0,0.0,0.0,0.0,-0.8,0.8,-0.8,1.6,-0.8,-1.6,-0.8,0.8,0.0,0.0,0.8,-0.8,0.8,0.8,0.0,-0.8,-0.8,0.0,0.0,-0.8,1.6,0.0,-0.8,0.0,0.0,-1.6,-1.6,2.4000000000000004,-0.8,-0.8,2.4000000000000004,0.0,-0.8,0.8,0.0,0.8,0.0,0.0,-0.8,0.0,0.8,-0.8,0.8,0.0,0.0,0.0,0.8,-0.8,-1.6,0.8,0.8,-0.8,0.8,0.8,1.6,-0.8,0.0,0.8,0.0,-0.8,0.0,0.8,-0.8,0.0,-0.8,0.8,0.8,-0.8,-0.8,0.8,0.0,0.8,0.0,0.8,0.0,0.0,0.8,0.0,1.6,0.0,0.8,0.8,0.0,0.0,1.6,0.0,1.6,-0.8,0.0,0.0,0.8,0.8,1.6,0.0,0.0,-0.8,0.8,-0.8,0.8,0.0,0.8,0.0,0.8,0.8,-0.8,0.0,0.0,0.8,0.0,0.0,0.0,2.4000000000000004,0.8,0.8,0.0,0.0,0.0,0.0,0.0,0.8,1.6,-0.8,0.8,0.0,-0.8,0.8,0.0,0.0,0.0,-0.8,1.6,0.0,1.6,-0.8,-0.8,1.6,-0.8,0.0,-0.8,0.8,2.4000000000000004,0.0,0.8,0.8,0.0,1.6,-1.6,0.8,0.8,-0.8,-0.8,-0.8,0.8,0.0,-0.8,0.8,0.8,0.8,-1.6,0.8,0.8,0.0,0.0,-0.8,0.8,0.0,-0.8,0.8,0.0,0.0,0.0,0.8,0.8,0.8,0.8,0.8,0.0,0.0,0.0,0.8,0.0,0.0,0.0,0.8,0.8,-0.8,0.0,0.0,0.0,0.8,0.8,2.4000000000000004,-0.8,1.6,-1.6,-0.8,0.0,0.0,0.0,0.8,-0.8,0.8,-0.8,0.0,0.0,0.8,1.6,0.0,0.0,-1.6,1.6,0.0,-1.6,0.8,0.0,0.8,-0.8,0.0,0.0,0.0,0.0,0.8,0.0,-0.8,-1.6,0.8,-0.8,0.8,-0.8,0.0,1.6,0.8,0.8,0.0,-0.8,-1.6,-2.4000000000000004,1.6,0.8,0.0,0.8,-0.8,1.6,-0.8,0.8,0.0,-2.4000000000000004,1.6,0.0,0.8,0.8,0.0,0.0,-0.8,0.8,0.8,0.0,0.8,0.0,0.8,-0.8,0.0,0.8,0.0,0.8,0.0,0.0,1.6,0.0,0.8,0.0,0.8,0.8,-0.8,0.8,0.8,0.8,0.0,-0.8,0.8,0.8,0.0,0.8,0.0,1.6,0.0,-0.8,0.0,0.8,-0.8,0.0,0.8,0.8,-0.8,0.0,-0.8,1.6,0.0,0.8,0.8,0.8,-0.8,-0.8,0.8,0.8,0.8,0.0,0.0,0.0,0.8,-0.8,-0.8,0.8,-0.8,0.0,0.0,0.0,0.0,0.8,0.0,0.0,0.0,0.0,0.8,-0.8,0.0,0.0,0.8,0.0,0.0,0.8,0.8,0.8,0.0,0.8,0.0,1.6,0.8,0.0,0.8,1.6,0.0,0.8,1.6,-0.8,0.0,-1.6,-0.8,1.6,-0.8,-2.4000000000000004,1.6,1.6,-2.4000000000000004,0.0,2.4000000000000004,0.0,0.0,0.8,1.6,-0.8,-0.8,1.6,0.0,0.8,0.0,1.6,0.8,-0.8,0.8,0.0,0.0,0.8,0.0,0.8,2.4000000000000004,0.0,0.8,0.8,1.6,0.0,0.8,1.6,0.8,0.0,-0.8,0.0,0.8,0.0,1.6,0.8,0.8,0.0,0.8,1.6,0.8,-0.8,0.8,0.0,1.6,0.8,-0.8,0.0,0.0,1.6,0.8,0.8,0.0,0.8,0.8,0.8,0.0,0.8,0.0,0.0,0.8,0.8,0.0,-0.8,0.0,0.8,-0.8,1.6,0.0,0.0,0.8,0.0,2.4000000000000004,-0.8,0.8,0.8,-1.6,1.6,-0.8,-0.8,0.8,0.8,0.8,0.0,0.0,1.6,0.8,1.6,0.0,1.6,0.8,-0.8,0.8,0.0,2.4000000000000004,0.8,0.8,1.6,1.6,1.6,-0.8,0.0,1.6,0.0,1.6,-0.8,0.8,0.8,0.0,0.8,1.6,1.6,0.8,0.0,0.8,0.8,0.8,0.8,0.0,2.4000000000000004,0.0,2.4000000000000004,0.8,1.6,0.0,0.8,0.0,0.0,0.0,0.8,-0.8,0.8,0.0,0.8,0.8,0.0,-0.8,0.0,0.0,0.0,0.0,1.6,0.8,1.6,0.0,0.0,0.8,0.0,0.8,0.0,0.8,-0.8,1.6,1.6,0.8,1.6,0.0,0.0,0.8,0.0,0.0,1.6,0.0,0.8,0.0,-0.8,0.0,0.0,0.8,0.8,0.0,1.6,1.6,0.8,0.8,0.8,2.4000000000000004,0.0,-0.8,0.8,1.6,0.8,0.8,1.6,1.6,1.6,1.6,0.0,-1.6,0.8,0.0,-0.8,0.8,1.6,0.8,0.0,0.8,1.6,0.8,0.0,0.0,0.8,0.8,-0.8,0.8,0.8,0.8,0.8,0.0,2.4000000000000004,0.0,0.8,0.8,0.0,1.6,-0.8,0.8,0.8,0.0,1.6,0.0,1.6,0.8,0.0,2.4000000000000004,-0.8,0.8,-0.8,-0.8,0.0,0.0,1.6,1.6,0.8,0.8,-1.6,2.4000000000000004,-0.8,0.8,0.0,0.0,1.6,0.0,0.8,0.0,-0.8,1.6,-1.6,0.8,-0.8,0.0,2.4000000000000004,0.8,0.8,-1.6,0.0,0.8,-0.8,0.8,0.0,0.8,0.8,-0.8,-0.8,-1.6,0.0,0.0,0.0,0.8,0.8,0.8,0.8,0.0,0.0,0.0,0.8,-0.8,-0.8,-0.8,1.6,0.0,-0.8,0.8,0.8,-0.8,0.8,-0.8,1.6,0.0,0.0,0.0,-0.8,0.0,0.0,0.8,0.0,0.8,1.6,0.0,0.8,0.0,0.0,0.0,-0.8,0.0,0.0,-0.8,0.0,0.8,1.6,0.0,0.0,0.0,0.0,0.0,-0.8,2.4000000000000004,1.6,0.0,0.0,-0.8,2.4000000000000004,0.0,0.0,0.8,0.8,-0.8,-1.6,0.8,0.8,-1.6,3.2,0.0,0.0,0.0,-0.8,1.6,0.8,0.0,1.6,-0.8,0.8,-1.6,0.8,0.8,0.8,0.0,-1.6,0.8,0.8,0.8,1.6,0.0,0.8,-0.8,0.0,0.0,0.0,0.8,0.0,-0.8,0.0,-0.8,0.0,0.8,0.0,0.8,-0.8,0.0,0.8,-0.8,1.6,0.8,0.8,0.0,-0.8,-0.8,0.8,1.6,0.0,0.0,-0.8,0.8,1.6,0.0,0.8,-1.6,-0.8,0.0,0.0,0.8,0.0,0.0,0.0,0.8,0.8,0.0,0.0,0.8,0.8,0.0,-0.8,0.0,0.8,0.0,0.8,0.0,0.8,0.0,0.0,1.6,0.0,0.8,0.0,0.8,0.0,0.8,-0.8,0.8,0.8,0.8,0.0,0.0,-0.8,1.6,0.0,0.8,0.0,0.0,0.8,0.8,1.6,0.0,-0.8,0.0,0.0,1.6,-1.6,0.8,0.0,0.8,0.8,-1.6,1.6,-0.8,0.0,0.0,-0.8,0.8,0.0,0.0,0.8,-0.8,0.8,-0.8,0.0,0.0,0.0,1.6,0.0,0.8,0.0,-0.8,0.8,0.0,0.8,0.0,-0.8,0.0,-0.8,0.8,0.0,-1.6,0.0,-0.8,-0.8,-0.8,0.0,0.8,0.8,0.0,0.8,0.8,0.8,-0.8,0.8,0.8,0.0,0.8,0.8,0.8,0.0,0.0,0.0,0.0,0.0,0.8,0.8,0.0,-0.8,0.0,0.0,0.0,0.8,0.0,0.0,0.8,-0.8,0.8,1.6,-0.8,1.6,0.0,0.0,0.8,1.6,0.8,-0.8,1.6,2.4000000000000004,0.8,1.6,-0.8,1.6,0.0,-0.8,0.0,0.0,0.0,0.8,0.8,0.8,-0.8,1.6,-0.8,1.6,0.8,0.0,0.8,0.8,1.6,0.8,-0.8,1.6,0.0,0.8,0.8,-0.8,2.4000000000000004,0.0,0.8,0.0,-0.8,0.8,-1.6,0.8,0.0,0.8,0.0,0.8,1.6,0.0,0.8,0.0,0.0,0.8,0.8,0.8,0.8,0.0,0.8,0.8,0.8,0.8,-1.6,0.0,0.8,0.0,0.8,0.0,0.8,0.0,1.6,0.0,-1.6,1.6,0.0,0.0,0.8,0.8,1.6,0.8,0.0,-0.8,0.0,0.0,0.8,1.6,-0.8,0.0,0.8,-0.8,0.0,0.8,0.0,2.4000000000000004,0.0,-0.8,0.0,1.6,1.6,-0.8,0.8,0.0,0.8,1.6,0.0,0.8,0.8,0.0,0.8,0.0,-0.8,-0.8,-0.8,-0.8,0.8,0.0,1.6,0.0,0.0,0.8,0.8,0.0,0.8,0.0,0.0,-0.8,0.8,-0.8,-0.8,0.8,-0.8,-0.8,-0.8,0.0,0.0,1.6,1.6,0.0,0.0,0.0,-1.6,0.0,-1.6,0.8,-0.8,-0.8,2.4000000000000004,-0.8,0.8,-0.8,0.0,0.8,0.0,1.6,0.0,0.0,1.6,-0.8,0.8,0.0,0.8,0.0,0.0,1.6,0.0,0.8,0.8,0.0,1.6,0.8,0.8,0.0,0.0,0.8,-0.8,0.8,0.0,0.8,0.8,0.8,1.6,-0.8,0.0,0.8,0.0,0.0,-0.8,0.8,-0.8,0.0,0.0,0.0,0.8,0.8,0.0,0.8,0.8,0.8,-0.8,0.0,0.8,1.6,0.0,-0.8,0.0,0.8,0.0,1.6,-0.8,2.4000000000000004,-0.8,-0.8,-1.6,0.8,0.0,-1.6,0.8,3.2,-3.2,-0.8,0.8,0.0,-0.8,-0.8,0.0,0.0,0.0,-2.4000000000000004,-0.8,0.8,-1.6,0.8,0.0,-0.8,0.8,-0.8,-0.8,-0.8,0.0,-0.8,0.0,0.0,-1.6,0.0,0.0,0.0,0.0,-1.6,0.8,0.0,-0.8,0.8,0.0,0.0,-1.6,0.8,0.0,0.0,1.6,-0.8,-0.8,0.8,0.8,0.0,0.0,0.0,0.0,0.8,1.6,-0.8,-0.8,0.8,0.0,0.0,-0.8,0.0,0.0,-0.8,0.8,-0.8,1.6,0.0,-0.8,1.6,-1.6,0.8,0.0,0.8,0.0,0.0,-0.8,0.8,0.0,0.0,0.0,0.8,-0.8,-1.6,0.8,0.8,0.0,0.0,0.8,0.0,0.0,-0.8,0.0,-0.8,0.0,-1.6,0.8,-0.8,1.6,0.0,0.0,0.8,0.0,-0.8,-0.8,-1.6,0.0,-1.6,0.8,0.0,0.8,0.8,-0.8,0.0,0.0,-0.8,0.8,0.0,0.0,0.0,0.0,-0.8,-0.8,-0.8,0.0,0.0,0.0,0.8,0.8,0.8,0.8,0.0,-0.8,0.0,0.8,-0.8,-0.8,0.0,0.0,-0.8,0.0,0.0,-1.6,0.8,-0.8,-1.6,0.8,0.8,-0.8,0.0,0.0,0.8,0.0,1.6,0.0,-0.8,1.6,0.0,-0.8,0.8,-0.8,0.8,0.0,0.0,0.8,-0.8,0.8,-0.8,0.8,0.0,-2.4000000000000004,0.0,0.0,0.0,0.0,-0.8,1.6,-0.8,0.8,0.0,0.8,0.8,-0.8,0.8,0.0,0.8,0.8,0.0,1.6,0.8,0.0,1.6,-0.8,1.6,-0.8,-0.8,0.8,0.8,0.0,0.0,0.8,0.8,-0.8,0.0,-0.8,0.8,-0.8,0.0,-0.8,0.8,0.0,-0.8,0.0,0.8,0.8,-0.8,0.8,-0.8,1.6,0.0,-0.8,0.0,0.0,0.0,0.0,-0.8,0.8,0.0,-0.8,0.8,-1.6,-0.8,-0.8,0.8,0.0,-1.6,0.8,0.0,-1.6,0.8,0.0,0.0,0.0,0.0,-0.8,0.0,1.6,0.0,0.0,0.8,0.0,0.8,0.0,0.8,0.0,-0.8,1.6,-0.8,0.0,0.0,0.0,0.0,0.0,1.6,0.8,0.0,0.0,-0.8,0.8,0.0,0.8,1.6,-0.8,0.0,0.0,0.8,0.8,0.0,1.6,-0.8,0.0,0.8,0.0,0.0,1.6,-0.8,0.0,0.8,0.8,0.0,1.6,0.8,0.8,0.8,-1.6,0.0,0.0,-0.8,0.8,-1.6,0.0,0.0,0.0,0.0,0.0,-0.8,0.0,0.0,0.8,-2.4000000000000004,0.0,-0.8,1.6,0.0,-1.6,0.0,0.0,1.6,1.6,-0.8,0.0,0.0,0.8,0.8,0.0,0.8,0.8,-0.8,0.0,-0.8,-0.8,0.8,0.0,0.0,0.0,0.0,0.0,0.8,0.8,0.8,0.0,1.6,-0.8,-1.6,0.0,0.8,0.0,0.8,0.0,0.8,0.0,0.8,0.0,-0.8,0.8,-0.8,0.0,-0.8,0.0,0.8,-0.8,0.0,-0.8,0.0,-0.8,0.0,1.6,-1.6,-0.8,-1.6,-0.8,0.8,0.0,0.8,0.8,0.0,0.0,0.0,0.0,-0.8,0.0,0.0,0.0,1.6,-1.6,0.0,1.6,0.8,0.8,0.0,0.8,1.6,-0.8,0.0,-0.8,0.0,0.0,0.0,1.6,-0.8,0.0,0.0,-0.8,1.6,-0.8,0.0,-0.8,0.8,0.0,-0.8,2.4000000000000004,0.0,-0.8,0.0,0.8,-0.8,0.8,0.8,-0.8,-0.8,1.6,-0.8,-0.8,0.0,0.8,0.0,0.0,0.8,-1.6,0.0,-0.8,-0.8,0.8,-0.8,-0.8,0.8,0.0,0.8,0.8,-0.8,0.0,-0.8,0.0,0.0,0.8,0.0,-1.6,0.8,1.6,-0.8,0.8,0.0,-0.8,1.6,0.0,0.8,0.0,0.0,0.0,0.8,0.0,0.8,0.8,0.8,0.0,0.8,0.0,0.0,0.0,-0.8,0.0,0.0,0.0,1.6,0.0,0.0,0.0,0.0,0.0,0.8,0.8,0.0,0.8,0.0,0.0,0.8,0.0,-0.8,0.8,0.0,-0.8,0.8,-0.8,0.0,-0.8,0.0,0.8,0.0,0.0,-0.8,0.8,-0.8,0.0,-0.8,-0.8,0.0,-0.8,-1.6,0.0,0.8,0.0,0.8,0.0,0.0,0.0,1.6,0.0,0.0,0.0,-0.8,0.0,0.0,-0.8,0.0,0.8,0.8,0.0,-0.8,0.0,-0.8,0.0,0.0,-0.8,0.8,0.8,1.6,0.0,0.8,-0.8,0.0,-0.8,-0.8,1.6,1.6,0.8,0.0,-0.8,1.6,0.0,0.8,0.0,0.0,0.8,0.0,-0.8,0.8,0.0,0.0,-0.8,0.0,0.8,0.8,0.0,-0.8,0.0,-0.8,-0.8,0.0,0.8,0.0,-0.8,0.8,0.0,1.6,0.0,0.8,0.0,0.0,0.8,0.0,0.0,0.8,-0.8,0.0,0.8,1.6,-0.8,0.8,0.8,0.0,0.8,-1.6,0.0,1.6,0.0,1.6,0.0,1.6,0.0,-0.8,0.8,-0.8,0.8,0.8,0.0,2.4000000000000004,-0.8,0.0,0.8,0.0,1.6,-0.8,0.0,-0.8,0.0,0.8,-0.8,0.0,0.0,-0.8,0.0,0.8,1.6,0.8,0.0,0.8,-0.8,0.8,0.0,1.6,0.8,-0.8,0.8,0.8,0.0,0.0,0.0,0.8,0.8,-0.8,-0.8,-0.8,0.8,0.0,-0.8,0.0,0.8,0.0,0.8,0.0,-0.8,0.8,-0.8,0.0,1.6,0.8,1.6,0.0,0.0,0.8,0.0,1.6,1.6,0.8,0.0,0.0,0.8,0.0,-0.8,-0.8,0.8,1.6,0.0,0.8,0.0,0.8,1.6,-1.6,1.6,0.0,2.4000000000000004,0.0,0.0,0.8,0.0,0.8,-0.8,0.8,0.0,0.0,0.8,-0.8,0.8,0.0,1.6,0.8,0.0,0.0,0.0,0.0,1.6,-1.6,0.8,0.8,0.8,0.8,-0.8,0.8,0.8,-1.6,0.8,-0.8,0.8,1.6,0.0,1.6,0.0,0.8,0.0,0.0,0.0,0.0,1.6,-0.8,0.8,0.0,-0.8,0.8,-0.8,0.0,0.0,0.0,1.6,-0.8,0.8,0.0,-0.8,0.8,-0.8,-1.6,0.8,0.0,0.8,-0.8,0.0,0.8,0.0,0.8,-0.8,0.8,0.8,0.0,0.8,-0.8,0.8,0.0,0.8,0.0,-0.8,0.8,0.0,0.0,0.0,-1.6,0.0,-0.8,0.8,0.0,0.0,-0.8,0.8,0.8,0.0,0.8,0.8,0.0,0.0,0.8,0.8,1.6,0.0,0.8,0.0,0.8,-0.8,1.6,0.0,0.8,0.0,0.0,0.0,0.0,0.0,1.6,0.8,0.8,0.0,0.8,0.0,0.8,0.0,-0.8,0.0,0.8,-1.6,0.8,0.0,0.0,0.0,0.0,2.4000000000000004,-0.8,0.0,2.4000000000000004,0.8,-1.6,0.8,3.2,-2.4000000000000004,-0.8,2.4000000000000004,-0.8,0.0,0.0,0.0,-0.8,-0.8,0.0,-1.6,0.8,0.8,0.0,0.0,0.8,1.6,-2.4000000000000004,0.0,0.0,-2.4000000000000004,-0.8,0.8,-0.8,0.0,-0.8,1.6,0.0,0.0,0.0,-1.6,1.6,0.0,0.0,0.8,0.0,0.8,-0.8,0.0,0.8,0.0,-0.8,0.0,0.0,-0.8,-1.6,0.0,-0.8,0.8,0.0,-0.8,0.8,0.0,0.0,0.8,0.0,0.8,-2.4000000000000004,0.0,0.8,0.0,0.0,0.8,0.0,1.6,-0.8,0.8,0.0,0.8,0.8,0.0,0.0,0.0,0.0,1.6,-0.8,0.0,0.0,0.0,0.0,0.0,0.0,0.8,-0.8,1.6,-1.6,0.0,1.6,0.8,0.0,1.6,0.8,-0.8,0.8,1.6,0.0,0.8,0.0,0.8,0.0,-1.6,0.8,0.8,-0.8,1.6,-0.8,-1.6,0.0,0.0,0.0,0.0,0.0,-0.8,0.0,0.0,0.0,-0.8,0.8,-0.8,0.0,-0.8,1.6,1.6,0.0,0.8,0.0,1.6,0.8,-0.8,0.8,0.0,0.0,0.0,0.8,0.8,0.0,0.0,0.0,0.0,0.8,0.8,0.8,0.0,0.0,0.0,-2.4000000000000004,0.0,-0.8,0.0,0.8,0.0,0.8,0.0,1.6,0.0,-0.8,-0.8,-0.8,0.8,1.6,0.8,0.0,1.6,1.6,0.0,1.6,0.8,-0.8,0.8,-0.8,0.0,0.8,0.0,2.4000000000000004,1.6,0.8,0.8,0.0,-0.8,0.0,-0.8,0.8,0.0,0.8,0.8,-0.8,0.8,0.0,0.0,1.6,0.0,-0.8,0.8,0.8,0.8,0.0,0.8,0.0,-1.6,0.8,0.0,0.8,0.8,-0.8,0.8,-0.8,1.6,0.0,0.0,0.0,0.0,1.6,-0.8,0.0,0.8,0.0,2.4000000000000004,-0.8,-0.8,0.8,1.6,1.6,-0.8,0.0,1.6,0.8,0.8,-1.6,0.8,0.0,0.0,0.8,-0.8,1.6,0.0,-0.8,1.6,0.0,0.0,0.0,0.8,1.6,0.0,0.8,0.0,0.0,0.0,0.0,1.6,0.0,0.0,0.8,0.8,0.8,0.0,0.8,1.6,0.8,1.6,-0.8,1.6,0.8,0.8,0.0,0.8,1.6,0.0,-1.6
event_100,1625266950.5158021,0.0,0.8,0.0,0.8,0.8,0.8,-0.8,0.0,0.8,0.0,0.0,0.8,0.8,0.0,0.0,0.8,-0.8,0.0,-0.8,0.0,1.6,0.8,0.8,1.6,0.8,0.0,-0.8,1.6,0.0,0.8,0.8,0.8,1.6,1.6,0.0,0.8,-0.8,1.6,0.0,-1.6,0.8,-0.8,0.8,1.6,0.8,1.6,-0.8,0.8,-0.8,1.6,1.6,0.0,0.8,0.8,-0.8,0.0,-0.8,0.0,-0.8,0.8,0.8,-0.8,1.6,0.0,0.8,0.8,0.0,1.6,-0.8,0.8,0.8,1.6,0.8,0.0,1.6,-0.8,0.0,0.8,-0.8,0.8,0.8,0.0,0.8,0.0,0.8,-0.8,0.8,0.8,-1.6,-0.8,0.0,2.4000000000000004,-1.6,-2.4000000000000004,4.0,-0.8,-0.8,0.8,-0.8,0.8,0.0,0.0,-3.2,-44.00000000000001,-83.20000000000002,-60.8,-20.800000000000004,-5.6,-6.4,-4.0,-3.2,-8.0,-8.0,-3.2,-2.4000000000000004,-0.8,-0.8,-1.6,0.0,0.8,-1.6,0.0,0.0,1.6,0.0,0.0,0.0,0.8,0.0,-0.8,1.6,0.8,0.8,-1.6,1.6,1.6,-0.8,0.8,0.0,0.8,0.8,-1.6,2.4000000000000004,0.0,-0.8,0.8,0.0,0.8,0.0,-1.6,0.8,0.0,0.8,0.0,0.0,0.0,1.6,1.6,0.0,1.6,-0.8,1.6,1.6,-1.6,0.8,0.0,0.0,0.8,-1.6,1.6,0.8,0.0,1.6,-0.8,0.0,0.0,0.8,0.0,-0.8,1.6,-0.8,-0.8,2.4000000000000004,0.0,-0.8,0.8,0.8,-0.8,0.0,1.6,0.8,0.8,0.8,0.8,1.6,0.0,-0.8,-0.8,-0.8,0.8,-1.6,0.0,0.8,0.0,0.0,0.8,1.6,-0.8,0.8,0.8,1.6,0.0,0.0,0.0,0.0,0.0,0.8,0.8,0.0,0.0,0.8,0.8,0.0,0.0,-0.8,0.0,0.0,1.6,0.0,0.8,-0.8,0.8,0.0,0.0,0.8,0.0,0.8,0.0,-0.8,0.0,0.0,0.8,0.8,0.8,0.0,0.0,0.8,0.8,-0.8,1.6,0.0,1.6,0.8,0.0,1.6,0.0,0.8,0.8,-0.8,0.0,0.8,0.8,0.0,1.6,0.8,0.0,0.0,-0.8,0.0,0.8,-0.8,1.6,0.0,-0.8,-0.8,0.0,0.8,0.0,0.8,0.8,0.0,0.8,0.0,0.0,0.8,-1.6,0.0,0.8,0.8,1.6,-0.8,0.8,0.0,0.8,0.8,-1.6,0.0,0.0,0.0,0.0,-0.8,0.0,-1.6,-0.8,0.0,0.0,0.8,-0.8,0.0,1.6,-0.8,0.8,0.0,0.0,0.8,-1.6,-0.8,0.0,0.0,0.0,0.0,1.6,0.0,0.0,0.0,0.8,0.8,0.0,0.0,0.8,0.0,0.0,0.0,0.8,1.6,0.0,0.0,-1.6,0.0,0.0,0.8,0.0,0.8,0.0,0.8,0.0,0.8,0.0,0.8,0.8,0.0,0.0,0.0,-0.8,0.8,0.0,0.0,0.8,-0.8,1.6,-0.8,0.0,0.0,-0.8,1.6,-1.6,0.8,0.0,0.0,0.8,-1.6,0.8,-0.8,0.0,0.8,-0.8,0.8,0.8,0.0,0.0,0.8,1.6,-1.6,0.8,0.8,-2.4000000000000004,0.8,0.8,0.8,0.0,0.0,2.4000000000000004,0.0,0.0,-0.8,-0.8,0.8,-1.6,0.0,0.0,0.8,1.6,-0.8,0.0,0.8,0.8,0.8,0.0,1.6,-1.6,-0.8,0.0,-1.6,0.8,0.8,0.0,0.8,-0.8,0.8,0.0,0.8,0.0,-0.8,0.8,-0.8,1.6,0.0,0.0,0.0,0.0,0.8,0.8,0.0,0.8,-0.8,-0.8,-0.8,0.0,0.8,0.0,1.6,0.0,-0.8,0.0,0.0,0.8,-1.6,0.0,-0.8,1.6,0.8,-0.8,0.0,-0.8,0.8,0.8,0.0,0.0,1.6,0.8,0.0,0.0,0.0,0.0,0.8,0.0,1.6,0.8,0.8,1.6,0.8,-0.8,-0.8,1.6,0.0,0.0,1.6,1.6,0.0,0.8,0.0,0.0,0.0,-0.8,0.0,0.0,2.4000000000000004,1.6,-0.8,0.0,0.8,1.6,0.0,0.0,0.0,1.6,0.8,-0.8,1.6,0.0,0.8,1.6,0.8,2.4000000000000004,1.6,0.0,0.8,-0.8,0.8,0.8,-0.8,0.8,0.0,0.8,0.0,2.4000000000000004,0.8,0.0,1.6,0.0,0.0,-0.8,0.0,1.6,0.8,0.8,0.8,1.6,2.4000000000000004,-0.8,0.8,0.0,0.8,0.8,-1.6,0.8,0.8,-0.8,1.6,0.0,0.8,-1.6,0.8,0.8,0.8,1.6,0.8,0.8,0.8,0.8,0.0,0.0,1.6,0.8,0.0,0.0,0.0,1.6,1.6,1.6,0.8,-0.8,0.0,0.8,0.0,0.8,0.8,-0.8,0.8,0.8,-0.8,0.8,0.8,1.6,0.0,0.0,0.8,0.0,0.8,0.0,0.8,0.8,-0.8,0.0,0.8,0.8,1.6,-0.8,0.8,1.6,1.6,0.8,-0.8,0.0,0.0,-0.8,0.0,0.8,1.6,0.8,0.8,1.6,0.8,0.8,0.8,0.8,1.6,0.0,0.8,-0.8,0.8,0.0,0.0,2.4000000000000004,0.8,0.8,0.0,0.8,0.8,0.0,0.0,0.8,0.0,2.4000000000000004,-0.8,1.6,0.8,0.8,1.6,0.8,-0.8,0.8,-0.8,0.0,-0.8,0.0,0.0,0.8,0.0,0.8,-0.8,0.0,0.0,0.8,0.0,0.8,0.0,0.8,0.8,0.0,1.6,0.0,0.8,0.8,0.0,0.0,0.8,1.6,0.0,0.0,0.0,0.0,0.0,-0.8,0.0,0.8,0.0,0.0,0.0,-0.8,0.8,0.0,0.8,0.0,0.8,1.6,0.0,1.6,0.8,0.0,0.0,-0.8,-0.8,0.8,0.8,0.0,0.0,0.0,1.6,0.8,0.8,-0.8,0.8,0.8,-0.8,0.0,0.0,-0.8,0.8,0.0,0.8,1.6,0.0,0.0,0.0,0.8,0.8,-0.8,1.6,-0.8,1.6,-0.8,-0.8,0.8,0.8,0.8,0.8,0.8,1.6,0.0,1.6,0.8,2.4000000000000004,0.0,0.0,2.4000000000000004,0.0,0.0,1.6,0.8,1.6,-0.8,0.0,0.0,0.0,0.8,0.0,0.8,0.0,-0.8,0.8,0.0,2.4000000000000004,0.0,0.8,0.8,0.8,0.8,0.0,0.0,0.8,-0.8,2.4000000000000004,0.0,0.8,1.6,0.8,2.4000000000000004,0.0,1.6,0.0,0.0,0.8,0.0,1.6,0.0,0.0,1.6,-0.8,0.0,0.0,0.8,-0.8,0.8,1.6,-0.8,1.6,0.8,-0.8,0.8,0.0,-0.8,0.8,1.6,0.8,0.0,0.0,1.6,1.6,0.0,-0.8,0.8,0.0,-0.8,0.0,0.8,-0.8,0.8,0.8,0.8,1.6,0.0,-0.8,0.8,0.0,0.0,0.0,0.8,0.8,0.0,0.0,-0.8,0.8,1.6,-0.8,0.0,0.0,0.8,0.0,0.0,0.8,0.0,0.8,0.0,0.8,2.4000000000000004,-1.6,1.6,0.0,0.0,0.0,-0.8,0.8,-0.8,0.0,2.4000000000000004,0.0,0.8,-0.8,0.0,0.8,0.0,0.0,-0.8,0.8,0.8,0.0,0.0,0.0,0.0,0.8,0.0,0.8,-1.6,0.8,0.8,-0.8,0.8,0.0,0.0,0.0,0.0,0.8,0.8,0.0,0.0,0.0,0.8,-0.8,0.8,0.0,0.0,0.0,-0.8,0.8,0.8,0.8,0.0,0.0,0.0,-2.4000000000000004,0.8,0.8,-0.8,0.8,-0.8,1.6,0.8,0.0,0.8,-1.6,0.0,0.8,0.0,1.6,0.0,0.8,0.8,0.8,1.6,0.0,-0.8,0.0,-0.8,0.0,1.6,-0.8,-1.6,3.2,0.8,-1.6,2.4000000000000004,2.4000000000000004,0.0,1.6,1.6,1.6,0.8,-0.8,0.0,3.2,0.8,0.0,1.6,1.6,0.0,0.8,-0.8,1.6,0.0,-0.8,0.0,0.0,-0.8,0.8,2.4000000000000004,1.6,0.8,0.0,0.0,1.6,-0.8,0.8,0.0,0.8,0.8,-0.8,0.8,1.6,0.8,0.8,0.0,0.8,0.8,0.0,0.0,0.0,0.8,0.0,0.8,0.0,0.0,1.6,0.0,1.6,0.8,0.8,1.6,0.0,0.8,-1.6,0.8,1.6,-0.8,1.6,0.0,1.6,1.6,-0.8,0.0,0.0,1.6,0.8,-0.8,0.8,-0.8,0.0,2.4000000000000004,-0.8,0.0,0.8,0.0,0.0,0.8,0.8,0.0,0.8,0.0,-0.8,0.8,0.0,0.8,1.6,0.0,0.8,0.8,0.0,0.0,0.0,0.0,0.8,0.8,0.8,0.0,0.0,0.8,0.8,0.8,0.8,1.6,0.8,0.8,0.0,1.6,0.0,0.0,0.0,1.6,-0.8,-0.8,0.0,0.8,0.0,0.8,0.0,0.0,0.8,0.8,0.0,1.6,-0.8,0.8,0.0,0.8,0.0,-0.8,0.8,0.0,-0.8,0.0,-0.8,0.8,2.4000000000000004,0.0,0.8,0.0,0.0,0.0,-0.8,0.0,0.0,0.8,-0.8,0.8,0.8,-0.8,0.0,0.0,0.8,0.8,0.0,1.6,0.8,1.6,0.0,-0.8,0.8,-0.8,-0.8,0.8,1.6,1.6,0.0,0.0,0.8,0.8,1.6,0.8,0.0,0.8,-0.8,0.0,0.8,0.0,1.6,0.0,0.8,0.8,0.0,-0.8,0.0,0.0,-0.8,0.0,0.8,0.0,0.0,-1.6,0.0,1.6,0.0,0.8,0.0,2.4000000000000004,0.0,-1.6,1.6,0.8,0.8,0.8,0.0,1.6,-1.6,-1.6,2.4000000000000004,-0.8,-0.8,0.0,0.8,-0.8,-0.8,0.8,2.4000000000000004,0.0,0.0,-0.8,0.8,-0.8,-0.8,-1.6,0.8,0.0,-0.8,-0.8,0.8,0.8,0.0,0.0,0.8,1.6,0.0,0.0,0.0,-0.8,0.0,-0.8,-0.8,0.0,0.0,0.8,-0.8,0.0,0.0,-0.8,-0.8,-1.6,0.0,0.0,-0.8,0.8,0.0,1.6,0.0,0.0,0.8,-0.8,0.0,-1.6,0.0,1.6,-0.8,0.8,-0.8,0.8,1.6,-0.8,0.8,-1.6,1.6,0.8,-0.8,1.6,0.0,0.8,0.8,0.0,1.6,-0.8,0.8,0.0,-0.8,0.8,-0.8,0.8,-0.8,0.8,1.6,-0.8,1.6,-0.8,1.6,0.0,-0.8,1.6,-1.6,1.6,0.8,0.0,0.8,0.0,1.6,0.8,-0.8,0.0,-0.8,0.8,-0.8,0.0,0.0,0.0,0.0,0.8,0.0,0.0,-0.8,0.8,-1.6,0.0,0.0,0.8,0.8,1.6,0.8,0.0,0.0,0.0,-0.8,1.6,0.0,0.0,0.8,0.8,0.0,-1.6,0.0,0.0,0.0,0.8,1.6,0.8,-0.8,0.0,-0.8,-1.6,0.8,0.8,0.0,0.0,0.8,0.8,-0.8,0.0,0.0,-0.8,0.8,-0.8,0.0,-0.8,0.8,0.8,-0.8,0.8,0.8,0.8,0.8,-0.8,0.0,0.8,0.8,-0.8,-0.8,0.0,0.0,0.0,0.0,-0.8,1.6,0.0,0.0,0.8,-1.6,0.8,0.0,0.8,-0.8,-0.8,0.8,1.6,0.8,0.8,0.8,0.8,-0.8,1.6,0.0,-0.8,1.6,-0.8,0.8,-0.8,1.6,0.8,0.8,0.8,0.8,0.8,-1.6,0.0,2.4000000000000004,-0.8,1.6,0.8,0.8,0.8,0.0,0.8,-0.8,-0.8,0.0,-2.4000000000000004,0.8,0.8,0.0,0.0,0.0,0.8,0.0,0.0,-0.8,0.0,0.8,-0.8,0.8,0.0,-0.8,-0.8,0.0,0.8,0.0,0.0,0.0,-1.6,0.0,-0.8,0.8,0.0,-1.6,0.8,0.0,-0.8,0.8,0.0,0.0,1.6,0.0,-0.8,-0.8,0.8,0.8,-0.8,0.0,0.0,0.0,0.8,-0.8,0.8,0.0,0.8,0.0,0.0,0.8,0.0,-0.8,0.0,0.8,-0.8,0.0,0.0,0.0,-0.8,0.8,0.8,-1.6,0.0,-1.6,0.8,2.4000000000000004,0.8,0.8,0.8,0.8,0.0,0.0,0.8,-0.8,2.4000000000000004,-1.6,0.0,2.4000000000000004,-0.8,0.0,0.8,-0.8,0.0,-1.6,0.0,-1.6,0.8,-0.8,0.0,0.8,0.0,-1.6,-0.8,-0.8,1.6,-1.6,0.8,0.8,0.8,-0.8,-0.8,0.0,0.8,-0.8,0.0,0.0,0.0,2.4000000000000004,0.8,-0.8,0.8,0.8,0.8,-1.6,0.0,0.8,0.8,-0.8,0.0,-0.8,-0.8,0.0,0.0,0.0,0.0,0.0,-0.8,-0.8,0.8,0.0,0.0,0.8,-0.8,-0.8,-0.8,0.8,0.8,0.0,0.0,0.8,-0.8,0.8,0.0,-0.8,0.8,0.0,-0.8,0.0,0.0,0.8,-0.8,0.8,0.0,0.0,0.0,0.0,0.8,-1.6,-1.6,0.0,-0.8,-0.8,0.8,-0.8,0.8,-0.8,0.0,0.8,0.0,0.8,-1.6,0.0,1.6,0.0,0.0,0.0,0.8,0.8,-1.6,1.6,-0.8,0.0,0.0,-0.8,0.8,-1.6,1.6,0.8,0.0,0.0,-0.8,0.0,0.0,0.0,0.0,-0.8,0.8,0.0,0.0,0.8,0.0,0.8,-0.8,0.8,0.8,-0.8,1.6,-0.8,0.8,0.8,-0.8,2.4000000000000004,-0.8,0.0,1.6,0.0,0.8,0.0,-0.8,-0.8,0.0,0.0,-0.8,0.0,-0.8,0.0,-0.8,0.0,0.8,-0.8,0.0,-1.6,-1.6,0.0,0.0,0.0,-0.8,0.0,0.8,-1.6,1.6,0.0,-1.6,0.0,-0.8,0.8,0.0,-0.8,0.8,-0.8,0.8,1.6,0.8,0.0,0.0,0.8,-0.8,0.0,-0.8,-0.8,0.8,0.0,-0.8,0.0,0.8,-0.8,0.0,0.8,-1.6,0.0,0.0,0.0,1.6,-0.8,0.8,-1.6,1.6,-1.6,-0.8,0.8,0.0,0.8,0.0,-0.8,0.0,-0.8,0.8,-0.8,0.0,-1.6,0.0,0.0,0.8,-0.8,0.0,-1.6,0.0,-1.6,-0.8,0.0,-1.6,1.6,-0.8,0.8,0.8,-0.8,0.0,-0.8,0.0,0.0,0.0,-0.8,-2.4000000000000004,1.6,0.8,-1.6,1.6,-1.6,0.8,-0.8,0.8,0.8,-1.6,0.0,0.0,0.0,0.0,0.0,0.0,0.8,-0.8,-1.6,-0.8,2.4000000000000004,1.6,0.0,0.0,0.8,1.6,-0.8,0.8,0.0,-0.8,0.8,-1.6,1.6,-0.8,-0.8,1.6,0.0,1.6,0.8,0.0,0.8,-0.8,-0.8,-0.8,0.0,0.0,-0.8,0.0,0.0,1.6,0.8,0.0,0.8,0.0,0.0,0.8,0.0,0.8,1.6,0.8,0.0,0.8,1.6,-0.8,1.6,0.8,0.8,0.0,0.8,0.0,0.0,0.0,0.8,0.8,0.8,0.8,-1.6,-0.8,1.6,-0.8,0.0,0.0,1.6,0.8,0.0,1.6,0.8,0.0,0.8,0.0,0.0,0.8,0.8,0.0,0.0,2.4000000000000004,-0.8,-0.8,0.8,0.8,1.6,0.0,0.0,0.8,-1.6,0.8,0.8,1.6,0.8,-0.8,0.8,0.0,0.8,1.6,-1.6,0.8,-0.8,0.0,0.0,0.0,0.8,-0.8,0.0,1.6,0.8,2.4000000000000004,-0.8,-0.8,1.6,-0.8,0.8,-0.8,1.6,0.8,0.0,0.8,0.8,0.8,0.0,0.8,0.8,-1.6,0.0,-0.8,0.0,0.0,0.0,1.6,0.8,0.8,0.8,0.0,0.8,0.0,0.0,1.6,0.0,2.4000000000000004,0.0,0.0,1.6,0.0,0.8,0.8,0.0,0.0,0.0,0.0,0.8,-0.8,-0.8,1.6,0.0,0.0,-0.8,0.0,-0.8,-0.8,-0.8,0.0,0.8,1.6,0.8,0.8,-0.8,1.6,0.0,0.8,0.8,0.0,1.6,0.0,0.0,0.8,-0.8,0.8,-0.8,0.0,0.0,0.0,0.0,0.8,0.0,-0.8,0.8,1.6,-0.8,0.0,0.8,0.8,0.0,0.8,0.0,0.0,0.8,0.0,-1.6,0.8,1.6,0.0,0.8,0.0,0.8,-0.8,0.8,0.0,0.0,0.8,0.0,0.0,0.0,0.8,0.8,0.0,0.8,0.8,0.0,0.8,0.0,0.8,-1.6,0.0,0.0,0.0,0.0,0.8,0.0,0.8,0.8,0.8,0.8,0.8,0.0,-0.8,1.6,0.0,2.4000000000000004,-0.8,1.6,1.6,0.8,-0.8,0.0,0.0,0.8,-0.8,-0.8,-0.8,-0.8,0.8,0.8,0.8,0.0,0.0,0.0,0.0,1.6,0.0,0.0,0.0,0.8,0.0,0.0,0.8,-0.8,0.8,1.6,0.8,0.8,0.8,0.8,0.8,0.8,0.8,0.8,0.8,-0.8,1.6,0.8,-0.8,0.8,0.0,0.0,0.0,0.0,0.8,-0.8,0.8,-0.8,-0.8,3.2,0.8,0.0,0.0,-0.8,0.8,-1.6,1.6,0.0,0.8,0.8,0.8,2.4000000000000004,0.0,0.0,0.0,0.0,0.8,-0.8,0.8,1.6,0.0,0.8,0.0,1.6,0.0,-0.8,1.6,0.0,0.0,0.0,0.8,0.8,0.0,0.0,-0.8,1.6,1.6,-0.8,2.4000000000000004,-1.6,0.0,-0.8,0.0,2.4000000000000004,0.0,0.0,0.8,0.0,1.6,-1.6,0.8,0.8,0.0,0.8,-0.8,0.8,0.0,0.0,0.8,-1.6,0.8,-1.6,-0.8,0.8,-0.8,0.0,0.8,0.0,1.6,-1.6,0.8,-0.8,0.8,0.0,0.0,0.0,-0.8,0.8,0.8,-0.8,0.8,0.0,1.6,0.8,-0.8,0.8,0.8,-0.8,0.0,0.8,-0.8,0.0,0.8,0.0,0.8,-0.8,-0.8,0.0,0.0,0.0,-1.6,1.6,0.0,-1.6,0.0,0.8,0.8,-1.6,0.8,0.8,0.8,1.6,-0.8,0.8,0.0,0.0,0.0,0.0,0.0,0.8,-0.8,0.0,-0.8,0.8,0.0,0.0,0.8,-1.6,0.8,-1.6,0.8,0.0,-1.6,0.0,0.8,0.0,0.8,0.8,0.8,0.0,-0.8,0.0,0.0,2.4000000000000004,-0.8,0.0,0.8,0.0,0.0,0.8,0.8,0.0,-0.8,0.0,-1.6,1.6,0.0,0.8,0.8,0.8,0.8,-0.8,-0.8,0.0,-1.6,0.8,0.0,0.8,0.8,-0.8,1.6,0.8,0.8,0.8,-0.8,0.8,1.6,0.0,0.0,-0.8,1.6,0.0,-0.8,0.0,0.0,0.0,-0.8,0.8,-0.8,-0.8,0.8,0.0,0.0,0.8,0.0,0.8,-0.8,0.8,0.0,-0.8,1.6,0.0,-0.8,-0.8,1.6,0.8,-0.8,0.0,0.8,1.6,0.8,-1.6,0.0,0.8,0.8,0.0,0.8,0.8,0.0,0.0,0.8,0.0,0.0,0.0,0.0,1.6,0.0,-1.6,0.0,-0.8,0.0,0.0,0.0,1.6,-1.6,0.0,0.8,0.0,0.8,-1.6,0.8,0.0,0.0,0.8,0.0,1.6,0.8,0.0,0.0,0.0,0.8,-1.6,0.8,-0.8,-0.8,0.0,-0.8,-0.8,0.8,-0.8,0.8,-0.8,0.0,0.0,-0.8,1.6,-0.8,0.0,0.0,0.0,0.8,-0.8,0.8,0.0,-1.6,1.6,0.0,0.0,-0.8,-0.8,0.8,-0.8,-0.8,0.0,0.0,0.0,-0.8,0.8,1.6,-0.8,-1.6,0.8,0.0,0.8,0.0,0.8,0.8,0.8,-0.8,0.0,-0.8,-0.8,0.0,1.6,0.8,-1.6,0.0,0.0,-0.8,0.0,-0.8,-0.8,0.0,-1.6,-0.8,0.0,0.0,0.0,0.8,0.0,0.8,-0.8,0.0,0.8,-0.8,-0.8,-0.8,0.0,0.0,0.0,0.8,0.0,0.8,0.0,0.0,0.0,0.0,0.0,-1.6,-0.8,0.0,0.8,-0.8,0.0,0.8,0.8,0.0,1.6,0.0,0.8,0.8,0.0,0.8,-0.8,-0.8,2.4000000000000004,0.0,0.8,-0.8,-0.8,0.8,0.0,0.0,0.0,0.0,0.0,-0.8,0.0,0.0,0.0,0.8,0.0,0.8,-0.8,1.6,0.8,-0.8,0.0,-0.8,0.0,-0.8,-0.8,1.6,0.0,-0.8,0.0,0.0,0.0,-0.8,0.8,0.0,-0.8,0.8,-0.8,0.8,0.0,0.0,-0.8,-0.8,0.0,-0.8,-0.8,2.4000000000000004,-0.8,0.0,0.0,2.4000000000000004,0.0,-1.6,2.4000000000000004,0.0,-1.6,-0.8,0.8,1.6,-1.6,0.0,0.0,0.0,0.8,-0.8,0.8,0.0,-0.8,-0.8,0.0,0.0,-0.8,0.0,0.0,0.0,1.6,-0.8,0.0,0.8,0.8,0.0,-0.8,0.8,0.0,0.8,0.0,0.0,0.8,0.8,-1.6,-0.8,0.0,0.8,0.0,0.0,-0.8,0.8,-0.8,0.8,1.6,-0.8,0.0,0.0,0.0,0.8,0.0,0.8,0.0,0.8,0.0,-0.8,1.6,0.0,1.6,0.8,0.0,0.8,0.8,2.4000000000000004,1.6,0.8,1.6,-0.8,0.0,0.0,0.0,1.6,-1.6,0.8,0.8,-0.8,1.6,-0.8,0.8,-0.8,0.0,1.6,0.0,0.8,-0.8,0.0,2.4000000000000004,-2.4000000000000004,0.8,0.0,0.8,0.8,-1.6,1.6,0.0,0.8,0.8,-0.8,1.6,0.8,0.8,0.8,-0.8,2.4000000000000004,0.0,0.8,0.8,0.8,1.6,0.0,0.8,0.8,0.0,0.0,-0.8,0.0,0.0,0.0,0.0,0.8,0.0,0.0,0.8,1.6
event_101,1625266952.702927,-0.8,0.0,0.0,0.0,0.0,0.0,0.0,0.8,0.0,0.8,-0.8,0.8,-0.8,-0.8,0.0,0.0,0.0,0.0,0.0,0.8,0.0,0.0,0.0,0.0,0.0,0.0,0.8,0.8,0.8,0.8,0.0,0.8,1.6,0.0,0.8,0.0,-0.8,0.0,-0.8,-0.8,0.0,0.8,0.8,-0.8,1.6,0.0,-0.8,0.0,-0.8,0.0,0.8,0.0,1.6,-1.6,0.0,0.0,0.0,0.8,-0.8,0.8,0.0,1.6,0.8,-0.8,0.8,0.0,0.8,0.8,-1.6,1.6,0.8,-0.8,0.8,-0.8,-0.8,0.0,0.8,0.8,0.0,0.0,0.0,0.8,0.0,0.8,0.0,0.8,0.0,-1.6,-0.8,0.8,0.0,0.8,0.0,0.8,0.8,0.0,0.0,-0.8,1.6,0.8,-1.6,0.0,1.6,-15.2,-88.00000000000001,-111.2,-63.2,-26.4,-12.8,-0.8,0.8,-6.4,-8.0,-4.0,-4.800000000000001,-4.0,0.8,2.4000000000000004,0.0,-0.8,0.8,0.8,-0.8,0.8,0.8,0.0,0.0,3.2,-0.8,-0.8,2.4000000000000004,1.6,0.8,0.0,0.8,1.6,0.0,0.0,-0.8,1.6,0.8,1.6,0.8,0.8,0.0,-1.6,0.0,1.6,-1.6,0.8,-0.8,1.6,0.8,0.0,0.0,0.0,0.0,0.8,0.0,0.8,0.0,1.6,1.6,0.0,0.8,-1.6,0.8,-0.8,-0.8,0.8,-0.8,2.4000000000000004,0.0,-0.8,1.6,0.0,0.8,0.0,0.0,1.6,-1.6,1.6,-0.8,0.8,0.8,-1.6,0.0,-0.8,1.6,0.8,-0.8,0.8,1.6,0.0,0.0,0.0,0.8,0.0,0.8,-0.8,0.0,1.6,-0.8,0.0,0.8,-0.8,0.8,-0.8,0.8,0.8,-0.8,0.0,0.0,1.6,0.0,0.0,0.8,0.8,1.6,0.0,0.8,0.8,0.0,-0.8,0.0,1.6,2.4000000000000004,0.0,0.8,0.8,0.8,0.0,0.0,0.0,0.0,-0.8,0.0,0.0,0.8,0.0,1.6,1.6,0.8,0.0,0.8,0.0,0.8,-0.8,0.0,0.0,0.8,0.0,0.0,0.8,-0.8,0.0,0.8,0.8,-0.8,0.8,0.8,0.8,0.8,0.0,1.6,-0.8,0.8,0.8,0.0,0.8,0.0,0.8,-1.6,-0.8,0.8,0.0,0.0,0.0,0.0,0.8,0.0,1.6,0.0,0.8,0.0,-0.8,0.8,1.6,0.8,0.0,-0.8,2.4000000000000004,0.0,1.6,0.8,-0.8,1.6,-0.8,0.8,0.8,0.0,1.6,-0.8,1.6,0.0,0.8,0.0,0.0,1.6,-0.8,0.0,0.0,-0.8,1.6,-0.8,0.0,0.0,-0.8,0.8,0.8,0.8,0.0,-1.6,0.8,0.0,0.8,-0.8,0.0,1.6,0.8,-0.8,1.6,0.0,0.0,-0.8,0.0,-1.6,0.8,0.0,0.0,0.8,0.8,0.0,0.8,0.0,-0.8,0.0,0.8,0.8,0.8,0.0,0.0,0.0,0.0,0.0,0.8,0.0,-0.8,0.8,0.8,0.0,0.8,0.0,1.6,0.0,-0.8,0.0,0.0,-0.8,0.8,0.8,-0.8,0.8,0.0,0.0,-0.8,0.0,0.0,0.0,0.0,0.8,0.0,0.8,0.0,-1.6,0.0,1.6,0.8,0.8,0.0,0.8,0.0,1.6,-0.8,0.0,0.0,0.0,-0.8,0.8,0.0,0.0,0.8,0.0,1.6,0.8,0.8,1.6,0.8,0.0,-0.8,0.0,0.0,-0.8,0.8,0.0,1.6,0.8,0.0,1.6,0.8,0.8,0.0,-0.8,0.0,0.8,0.8,0.8,0.8,2.4000000000000004,-1.6,2.4000000000000004,1.6,-1.6,0.8,0.8,-0.8,-1.6,1.6,1.6,-0.8,0.8,0.0,0.0,0.8,-0.8,-0.8,0.8,-0.8,0.0,0.0,0.8,0.0,0.0,0.0,0.0,0.0,0.0,1.6,1.6,0.0,-0.8,0.8,-0.8,-1.6,0.0,0.0,-0.8,0.0,0.0,0.0,0.0,0.0,0.8,0.8,-0.8,1.6,0.8,-0.8,0.0,-0.8,0.8,1.6,0.0,-0.8,-0.8,0.8,0.8,-0.8,0.8,0.8,0.8,0.8,-1.6,0.8,0.8,1.6,0.8,-0.8,0.0,0.0,0.0,0.8,0.8,0.8,-0.8,1.6,1.6,-0.8,1.6,0.0,0.8,0.8,0.8,0.8,0.8,0.0,0.8,0.8,0.8,0.8,0.0,-0.8,0.8,0.8,-1.6,0.8,0.0,1.6,-0.8,0.0,1.6,-0.8,0.0,0.8,0.0,1.6,-1.6,0.8,0.0,0.8,0.0,-0.8,0.0,0.0,0.0,0.8,0.0,0.8,-1.6,-0.8,0.0,0.8,1.6,0.0,0.8,-0.8,0.0,0.8,0.0,0.0,0.8,0.0,0.0,-0.8,0.0,0.8,0.0,0.0,0.0,0.0,0.0,0.0,0.0,0.0,1.6,0.0,0.0,0.0,0.0,0.0,0.0,-0.8,-0.8,0.8,0.8,0.8,-0.8,-0.8,0.0,0.0,0.8,-0.8,-0.8,0.0,-1.6,0.0,0.8,0.8,0.8,0.8,0.8,0.8,-0.8,0.8,0.8,0.0,-1.6,-1.6,0.8,0.8,0.8,0.8,0.0,1.6,0.0,0.8,0.0,0.0,0.8,-1.6,2.4000000000000004,-0.8,1.6,1.6,0.0,1.6,0.0,0.8,1.6,0.8,1.6,-0.8,0.8,1.6,-0.8,0.0,0.0,0.8,0.8,-0.8,0.8,-0.8,0.8,0.0,0.8,0.8,-1.6,0.8,0.0,0.8,1.6,-0.8,2.4000000000000004,0.0,0.0,2.4000000000000004,0.8,0.8,0.0,0.8,1.6,-0.8,0.8,0.0,0.8,0.0,-1.6,1.6,0.0,0.8,0.8,0.0,0.8,-0.8,0.8,0.0,0.8,1.6,-1.6,0.8,0.0,-0.8,0.0,0.0,2.4000000000000004,0.0,0.8,1.6,0.0,0.8,0.0,0.8,0.8,-1.6,0.0,0.0,0.0,0.0,-0.8,0.0,0.8,1.6,-0.8,0.0,1.6,0.0,0.8,0.0,0.8,0.8,0.0,0.0,0.8,1.6,0.8,0.8,0.0,1.6,1.6,0.0,0.8,1.6,0.0,0.8,1.6,0.8,0.0,1.6,0.0,0.8,0.8,0.0,0.0,0.8,0.0,1.6,1.6,0.8,-0.8,0.0,0.8,-0.8,0.0,0.0,0.0,0.8,-0.8,0.0,0.8,0.8,0.0,0.8,1.6,0.0,1.6,0.8,0.8,1.6,0.0,0.8,-1.6,-0.8,2.4000000000000004,0.0,0.0,-0.8,0.0,0.0,0.0,1.6,0.0,0.0,0.8,1.6,0.8,0.8,-0.8,0.0,0.0,-0.8,-0.8,0.0,0.8,-0.8,0.0,0.8,1.6,0.8,0.0,0.0,-0.8,0.8,0.0,-0.8,0.8,0.0,0.0,0.0,0.0,1.6,0.8,0.8,1.6,0.8,-0.8,-0.8,-1.6,0.0,0.0,0.0,-0.8,0.8,0.0,0.8,1.6,0.8,0.0,0.0,0.8,0.8,0.8,0.0,0.8,0.0,2.4000000000000004,0.0,0.8,0.8,0.0,0.0,0.0,0.8,-0.8,-1.6,3.2,1.6,-2.4000000000000004,-0.8,2.4000000000000004,-1.6,0.8,1.6,0.0,0.0,0.8,0.0,0.0,0.8,-0.8,2.4000000000000004,0.8,-0.8,0.8,1.6,0.8,-0.8,-0.8,0.8,0.8,0.0,-0.8,1.6,0.8,-0.8,0.0,0.0,0.0,-0.8,0.0,0.8,0.0,0.8,1.6,0.0,0.8,0.8,-0.8,0.8,-0.8,0.0,0.0,1.6,0.8,-0.8,0.8,1.6,1.6,0.0,0.0,0.8,0.8,1.6,0.0,0.0,0.8,0.8,1.6,0.8,1.6,0.0,-0.8,0.8,0.8,0.0,0.0,0.0,0.0,0.0,0.8,0.8,0.8,0.0,0.0,1.6,0.0,0.0,0.0,0.0,0.0,2.4000000000000004,0.0,0.0,0.8,1.6,0.0,0.0,0.0,0.0,-0.8,0.0,0.0,0.0,0.0,1.6,0.8,0.8,-0.8,1.6,-0.8,0.0,-0.8,0.0,0.0,0.0,0.0,0.0,0.0,0.0,0.0,1.6,0.0,-0.8,1.6,0.8,0.8,0.8,0.8,0.0,-0.8,0.0,0.0,0.0,0.8,0.8,0.0,-2.4000000000000004,0.0,0.8,0.0,1.6,0.8,0.8,0.8,0.0,0.8,-1.6,0.8,-0.8,-0.8,-0.8,0.8,0.0,-0.8,0.0,0.8,-0.8,1.6,0.0,-1.6,0.8,-0.8,0.0,-0.8,1.6,0.8,-0.8,0.8,0.8,0.0,0.0,0.0,1.6,-0.8,0.0,0.0,-0.8,-0.8,0.0,0.8,1.6,0.0,0.0,0.0,0.8,0.0,-0.8,0.8,-0.8,2.4000000000000004,-0.8,0.0,1.6,0.8,0.0,0.0,-0.8,0.0,-0.8,-0.8,0.0,0.0,0.0,0.8,-0.8,1.6,-0.8,0.0,-0.8,0.8,-1.6,1.6,0.0,0.0,0.0,-0.8,1.6,0.8,0.0,0.0,0.0,0.8,-0.8,0.0,-0.8,0.0,0.0,0.8,0.0,0.0,1.6,0.0,-0.8,0.0,-1.6,-0.8,0.0,0.0,0.0,-0.8,1.6,-0.8,-1.6,1.6,0.0,0.8,0.0,0.8,-1.6,-0.8,1.6,0.8,0.8,0.0,0.8,0.8,0.0,0.0,-0.8,-0.8,0.8,-0.8,1.6,0.0,0.8,0.0,-0.8,0.0,0.0,0.0,1.6,0.0,0.0,0.0,1.6,0.0,0.0,0.8,0.0,2.4000000000000004,0.0,-0.8,0.8,0.0,0.0,-2.4000000000000004,0.0,0.0,0.0,0.0,0.0,1.6,0.8,-0.8,0.8,0.0,1.6,-0.8,-0.8,0.8,-1.6,0.8,2.4000000000000004,-0.8,0.8,0.0,1.6,0.0,0.8,0.8,0.0,-0.8,0.0,-0.8,0.8,0.0,0.8,0.0,0.0,0.8,-0.8,1.6,0.8,0.8,0.8,0.0,0.0,0.0,0.8,0.8,0.0,0.0,0.0,0.8,-0.8,0.0,0.0,-0.8,0.0,0.0,0.0,-0.8,0.8,0.8,0.0,0.8,-0.8,-0.8,0.0,1.6,0.0,-0.8,0.0,0.0,0.8,0.8,-0.8,-1.6,0.8,0.8,-0.8,0.0,1.6,0.8,0.8,0.8,1.6,0.0,0.0,0.8,0.0,-0.8,0.0,-0.8,1.6,0.0,0.0,0.0,0.8,0.0,0.8,0.8,0.8,0.0,0.0,1.6,0.0,1.6,0.0,1.6,0.8,1.6,-1.6,0.0,0.0,-0.8,0.0,0.0,-0.8,0.8,0.0,2.4000000000000004,0.8,-0.8,0.0,-0.8,0.0,0.8,0.0,2.4000000000000004,0.0,0.8,0.8,-0.8,0.8,0.0,0.8,0.0,0.0,0.0,1.6,0.8,0.0,0.8,0.8,-0.8,0.8,-0.8,0.8,1.6,-0.8,0.0,0.0,-1.6,0.8,1.6,0.8,0.8,0.8,0.0,-1.6,0.8,0.0,0.8,1.6,0.8,0.0,0.8,0.8,0.8,0.8,1.6,1.6,1.6,0.8,-0.8,0.0,0.0,0.8,0.0,-0.8,0.8,0.8,0.0,1.6,0.0,0.0,0.8,0.0,2.4000000000000004,-0.8,0.0,0.8,0.0,0.8,0.0,0.8,0.8,0.0,1.6,0.0,0.8,-0.8,0.0,0.8,-0.8,2.4000000000000004,0.0,1.6,2.4000000000000004,0.8,0.0,0.8,0.0,0.0,-0.8,0.0,0.0,0.0,0.0,0.8,0.8,0.0,0.8,0.0,-1.6,0.8,-0.8,0.0,0.0,0.0,1.6,-0.8,0.8,0.0,0.0,1.6,-0.8,0.0,0.8,-0.8,0.0,-1.6,0.8,0.0,-0.8,0.8,0.0,1.6,-0.8,0.8,0.0,-1.6,0.0,0.0,0.8,0.8,0.0,1.6,0.0,1.6,0.0,0.0,0.8,-0.8,0.8,0.0,1.6,0.0,0.0,0.8,0.8,0.8,0.8,0.0,-0.8,0.0,0.0,0.0,0.8,0.8,0.0,0.0,0.8,0.8,0.8,-0.8,-0.8,1.6,0.0,0.0,0.8,1.6,0.0,0.0,-0.8,1.6,0.0,0.0,0.8,0.8,1.6,-0.8,0.0,1.6,0.8,-0.8,-0.8,1.6,1.6,0.0,1.6,0.0,0.8,0.8,0.0,0.0,0.0,0.0,0.8,0.8,0.8,0.0,0.8,-0.8,0.8,0.0,0.8,0.8,1.6,-0.8,0.8,-0.8,0.8,0.8,0.0,1.6,-1.6,1.6,1.6,-0.8,0.8,-0.8,0.8,0.8,-0.8,1.6,0.0,0.0,-0.8,-0.8,0.0,-1.6,0.8,0.0,-0.8,1.6,0.0,0.8,0.8,1.6,0.8,0.8,0.0,-1.6,0.8,0.8,0.0,0.8,0.8,1.6,0.8,0.0,0.0,-2.4000000000000004,0.0,0.0,-0.8,0.8,0.0,2.4000000000000004,0.8,0.0,0.8,0.0,2.4000000000000004,0.0,0.8,-0.8,-0.8,0.0,0.0,-1.6,0.8,-0.8,1.6,0.0,0.0,1.6,0.0,0.8,-0.8,1.6,0.0,0.8,0.0,0.8,0.8,1.6,0.8,0.8,0.8,0.0,0.0,0.0,-0.8,0.8,0.8,0.8,1.6,-0.8,0.0,0.0,0.0,0.8,-0.8,1.6,-0.8,0.8,1.6,-0.8,0.8,0.0,0.8,0.8,0.0,0.8,0.0,0.8,0.0,0.0,1.6,0.0,0.8,0.8,0.0,0.0,0.0,0.8,-0.8,-0.8,0.8,0.0,0.0,-0.8,0.0,1.6,0.0,0.8,0.0,0.0,0.8,-0.8,-0.8,-0.8,1.6,0.8,-1.6,0.8,0.0,0.0,0.8,-0.8,-0.8,0.8,0.8,-0.8,0.8,0.8,-0.8,0.8,0.8,1.6,1.6,-0.8,0.8,0.0,0.0,0.0,0.0,0.0,0.0,0.0,0.8,0.8,0.8,-0.8,0.0,0.0,0.0,0.0,0.0,0.8,0.8,-0.8,0.8,1.6,0.8,-0.8,-0.8,0.8,-0.8,0.0,-0.8,-0.8,0.8,-0.8,0.8,-0.8,0.0,0.0,-0.8,0.0,0.8,-0.8,0.8,0.0,0.8,0.0,0.8,0.8,0.8,0.0,-0.8,0.8,0.0,1.6,1.6,-1.6,2.4000000000000004,0.0,-2.4000000000000004,0.0,0.8,-1.6,0.8,0.0,0.8,0.0,-1.6,0.0,0.0,0.8,-0.8,0.0,1.6,-0.8,0.0,0.8,-0.8,1.6,-0.8,-1.6,1.6,0.8,0.8,0.8,0.0,1.6,0.0,0.8,-1.6,-0.8,1.6,0.0,0.0,-0.8,0.8,0.0,0.0,0.8,0.0,0.0,0.8,-0.8,1.6,-0.8,0.8,-1.6,0.0,0.0,-0.8,0.8,0.0,0.8,1.6,0.0,0.8,0.8,-0.8,0.8,0.8,1.6,-0.8,1.6,0.8,0.8,0.8,0.8,0.0,0.8,-0.8,0.8,0.0,-0.8,0.0,0.8,1.6,0.0,-0.8,0.0,-0.8,0.8,-0.8,0.8,0.8,0.0,0.0,-0.8,0.8,0.0,0.0,-0.8,0.0,0.0,0.8,0.8,0.0,0.0,-0.8,-0.8,0.0,-0.8,1.6,0.0,0.0,1.6,-1.6,0.0,-0.8,0.8,0.8,-0.8,0.0,0.0,0.8,0.8,-0.8,0.0,-0.8,0.8,-1.6,0.0,0.8,-0.8,0.8,-0.8,0.0,0.0,0.0,0.0,0.0,1.6,0.0,-1.6,0.0,-0.8,0.8,0.8,0.0,1.6,0.0,0.0,0.0,-1.6,0.0,-1.6,0.8,-0.8,0.0,0.8,-0.8,1.6,0.8,0.8,0.8,0.0,0.8,-0.8,0.8,0.8,0.0,0.8,-0.8,0.8,0.0,-0.8,0.8,-0.8,1.6,-0.8,0.0,0.0,-0.8,0.0,1.6,0.0,0.8,-0.8,1.6,0.0,0.8,0.0,0.8,0.8,1.6,-0.8,0.8,-0.8,0.8,0.0,-0.8,0.8,0.0,1.6,0.8,0.0,-0.8,0.8,0.0,0.0,-0.8,0.0,1.6,-0.8,0.0,0.8,-0.8,0.8,0.0,0.0,0.0,0.0,0.8,0.0,1.6,0.8,0.0,0.0,0.0,-1.6,0.8,1.6,0.0,0.0,0.0,0.8,1.6,1.6,0.8,0.8,0.0,0.0,0.0,0.0,0.0,0.8,0.0,0.8,0.8,0.0,0.0,1.6,0.8,0.0,0.0,-0.8,0.8,0.0,-1.6,0.0,1.6,1.6,0.0,0.0,0.0,0.0,0.8,0.0,-0.8,0.0,-0.8,0.8,0.0,1.6,-0.8,0.0,1.6,0.0,0.8,0.0,0.0,0.8,-1.6,2.4000000000000004,0.8,-0.8,0.8,-0.8,0.0,0.8,-1.6,1.6,-0.8,0.8,0.0,0.0,1.6,-0.8,0.8,0.0,-0.8,0.8,0.8,0.8,-0.8,0.8,0.0,-0.8,1.6,-0.8,1.6,0.8,-0.8,0.8,0.0,-0.8,0.0,0.0,0.0,0.0,0.8,0.0,0.0,0.8,-0.8,0.0,-0.8,-1.6,-1.6,-0.8,0.8,-0.8,0.0,0.0,0.8,-0.8,0.8,0.0,0.0,0.0,0.0,-0.8,0.8,0.8,0.0,0.0,0.0,0.8,0.0,0.0,0.8,0.0,-0.8,-0.8,-0.8,0.0,0.0,0.0,0.0,0.8,0.8,0.0,1.6,0.8,0.0,0.0,0.8,0.0,3.2,-0.8,-0.8,1.6,0.8,0.8,1.6,0.0,0.8,0.8,-0.8,0.0,0.8,0.0,1.6,0.0,0.0,0.0,0.8,0.8,0.8,0.0,1.6,0.0,0.0,0.8,0.0,0.0,1.6,0.8,0.8,0.8,0.0,0.8,-0.8,0.0,-0.8,0.8,0.0,-1.6,0.8,0.0,0.8,0.8,0.8,1.6,-0.8,0.0,0.0,0.0,0.0,-0.8,1.6,0.0,0.8,0.0,0.0,2.4000000000000004,0.8,-0.8,0.8,0.0,0.0,0.8,0.8,1.6,0.0,0.8,0.0,0.0,0.8,0.0,0.0,0.0,0.8,0.8,0.8,0.8,0.0,0.0,0.8,0.8,2.4000000000000004,0.0,0.0,0.8,0.0,0.0,0.0,-0.8,1.6,0.0,0.8,0.8,0.0,0.8,0.8,1.6,0.0,0.8,1.6,0.0,1.6,1.6,0.0,1.6,0.0,0.8,-0.8,0.0,0.0,0.0,0.8,1.6,0.0,0.8,0.8,0.8,0.8,0.8,0.0,0.0,-0.8,1.6,0.0,0.8,0.0,0.0,0.0,0.0,0.0,-1.6,1.6,0.8,0.0,0.8,-0.8,-0.8,0.0,0.0,0.8,0.8,0.8,-0.8,0.0,0.0,-1.6,0.8,-0.8,0.8,0.0,0.8,1.6,0.8,0.8,0.0,0.0,0.8,-1.6,1.6,1.6,0.8,0.8,-1.6,1.6,0.8,0.8,0.8,-1.6,0.8,-0.8,-0.8,1.6,0.8,1.6,0.0,-0.8,1.6,0.0,0.0,0.0,0.8,0.0,0.0,0.8,0.0,0.0,0.0,0.0,1.6,0.0,0.8,0.8,1.6,0.0,-1.6,0.0,0.0,0.8,0.8,0.8,0.8,0.8,0.0,0.8,-0.8,0.8,0.8,0.8,0.8,0.0,-0.8,2.4000000000000004,0.8,0.8,0.0,0.0,-0.8,0.0,-0.8,0.0,0.0,0.0,0.0,-0.8,0.0,0.0,0.8,0.0,0.8,0.0,0.0,0.8,-0.8,-0.8,0.8,-0.8,0.8,-0.8,0.8,0.8,-1.6,0.0,0.0,0.0,0.0,0.0,0.8,-0.8,0.8,0.8,-0.8,0.8,-0.8,0.8,1.6,-0.8,-0.8,0.0,1.6,-0.8,-0.8,0.8,0.8,1.6,0.8,-0.8,0.0,-0.8,0.8,-0.8,0.0,0.8,0.0,0.8,0.0,0.8,1.6,0.0,1.6,-0.8,-0.8,0.8,-0.8,2.4000000000000004,0.0,0.8,0.0,0.0,0.8,-0.8,0.8,0.0,0.0,0.0,0.8,0.8,0.8,-0.8,1.6,0.8,1.6,-1.6,0.8,0.0,0.0,0.0,0.8,0.0,0.8,-0.8,1.6,0.0,0.8,-0.8,-0.8,0.8,0.0,0.8,0.8,-0.8,1.6,0.0,0.0,0.0,0.0,0.0,0.8,0.8,-0.8,1.6,0.0,0.0,0.8,-0.8,0.8,-1.6,0.8,0.8,0.0,0.0,0.0,-0.8,-0.8,0.0,0.8,0.0,1.6,0.0,0.8,0.0,0.0,-0.8,-0.8,0.8,0.0,-0.8,0.0,0.0,0.8,0.8,0.0,0.8,-0.8,2.4000000000000004,-0.8,-0.8,0.8,0.0,0.8,-0.8,1.6,0.8,0.0,0.8,-0.8,0.0,1.6,0.0,0.8,-0.8,0.8,0.0,0.8,0.0,-0.8,0.8,0.8,-0.8,1.6,0.8,0.8,0.0,-0.8,0.8,0.0,0.8,0.0,0.0,0.0,0.0,0.8,0.8,0.0,1.6,-0.8,-0.8,-0.8,-0.8,0.0,0.0,0.0,0.0,0.0,1.6,0.0,1.6,0.0,0.0,-0.8,0.0,0.8,-0.8,0.0,0.8,0.0,0.0,0.0,0.8,1.6,-0.8,0.0,0.0,0.8,0.0,-0.8,0.0,0.8,0.8,-0.8,0.0,0.0,-0.8,0.0,0.0,0.0,-0.8,0.0,0.0,0.0,0.8,0.8,0.0,0.8,-1.6,-0.8,-0.8,0.8,0.8,0.0,0.0,1.6,0.0,0.8,0.0,-1.6,0.8,1.6,0.0,0.0,0.0,0.8,-0.8,0.0,0.8,-0.8,1.6,0.0,0.0,0.0,0.0,0.8,0.0,0.0,0.0,0.0,2.4000000000000004,0.0,0.8,1.6,0.0,0.8
event_102,1625266954.8550503,0.0,0.8,0.8,0.8,0.8,1.6,0.8,-0.8,0.0,0.0,0.8,0.0,0.0,0.8,0.8,1.6,0.0,0.8,0.8,-0.8,0.0,0.0,0.0,1.6,0.0,0.8,0.0,0.8,0.8,0.0,0.8,-0.8,0.0,0.8,-1.6,1.6,-1.6,0.8,0.0,0.0,0.0,-0.8,0.0,0.8,-0.8,0.8,0.0,0.0,-0.8,-1.6,0.8,-0.8,0.8,0.0,0.8,0.8,0.8,1.6,0.0,0.0,0.0,0.0,0.8,-0.8,0.8,0.8,-1.6,0.8,0.0,-0.8,0.8,-0.8,0.8,0.0,0.8,0.0,0.8,1.6,0.0,0.0,0.0,-0.8,0.0,-1.6,1.6,0.0,0.0,1.6,-0.8,1.6,0.8,0.8,-0.8,0.0,0.8,-1.6,0.0,0.8,0.0,0.8,0.8,0.8,-10.400000000000002,-40.800000000000004,-42.4,-22.4,-9.600000000000001,-5.6,-1.6,0.0,-3.2,-2.4000000000000004,-1.6,0.0,0.0,0.0,0.0,0.0,0.8,-1.6,0.0,0.0,0.8,0.8,0.0,0.8,0.8,0.0,0.0,0.0,1.6,0.8,-0.8,0.8,0.0,0.0,-0.8,0.0,0.8,-1.6,0.0,-1.6,0.0,-0.8,-1.6,0.0,-0.8,0.8,0.0,-0.8,1.6,-1.6,0.8,-0.8,0.0,1.6,0.8,0.0,0.0,0.0,0.8,-1.6,0.0,0.0,0.0,-0.8,-1.6,0.8,-1.6,0.8,0.0,-1.6,0.8,-0.8,0.0,0.0,-0.8,0.8,-1.6,0.8,-0.8,-0.8,0.0,0.0,0.8,-1.6,0.0,1.6,-1.6,0.8,0.0,-0.8,0.0,-0.8,0.0,-0.8,0.0,0.0,-0.8,0.0,0.0,-0.8,-0.8,0.0,1.6,-0.8,-0.8,-0.8,0.0,0.0,-0.8,-0.8,0.8,0.0,0.0,0.0,0.0,0.0,-0.8,0.8,0.8,0.0,0.8,0.8,0.8,1.6,-0.8,0.8,-0.8,0.0,0.0,-0.8,0.0,0.0,0.0,0.8,0.0,0.0,-0.8,0.8,0.0,0.0,0.0,0.0,0.0,0.8,-0.8,0.0,0.8,0.0,0.0,0.8,1.6,0.0,1.6,0.0,0.0,0.0,0.0,0.0,-0.8,-0.8,0.8,0.0,-0.8,-0.8,0.0,0.0,0.0,0.0,0.0,-0.8,0.0,0.0,0.8,0.8,0.0,0.0,0.0,0.0,0.8,0.0,0.0,-0.8,-0.8,-0.8,1.6,0.8,0.8,0.8,-0.8,-0.8,-0.8,-0.8,0.8,0.0,0.0,0.8,0.0,0.8,-0.8,0.8,0.0,0.0,0.0,-0.8,-1.6,0.8,0.8,0.0,-1.6,2.4000000000000004,-0.8,-0.8,1.6,0.0,0.8,0.0,0.8,0.0,1.6,0.8,-0.8,0.8,1.6,0.0,1.6,0.0,0.0,0.0,-1.6,0.0,0.0,-1.6,0.8,0.8,0.0,0.0,0.8,-0.8,0.8,-0.8,0.8,0.0,0.8,0.8,-0.8,0.8,-0.8,0.8,0.8,0.0,0.8,0.8,0.0,-0.8,-0.8,0.8,0.0,0.0,0.0,0.8,0.0,-0.8,1.6,-0.8,0.0,0.0,0.0,0.8,-0.8,0.8,0.8,-0.8,1.6,0.0,0.0,0.0,-0.8,0.8,-0.8,1.6,0.0,-0.8,0.0,0.8,1.6,0.0,0.0,0.8,0.0,0.8,-1.6,-1.6,0.0,0.0,0.8,0.0,1.6,0.8,0.0,0.8,0.8,0.0,0.0,-0.8,0.0,-0.8,0.8,0.0,0.0,0.8,0.0,1.6,-0.8,0.0,0.0,0.0,0.8,0.8,0.0,0.0,0.0,0.8,0.0,0.8,0.0,0.0,0.8,-0.8,0.0,0.0,-0.8,0.8,0.0,0.8,-0.8,1.6,0.0,0.0,-0.8,-0.8,0.0,0.0,-0.8,-0.8,0.0,0.0,-0.8,0.8,0.8,-0.8,1.6,0.8,0.0,0.0,-0.8,0.0,-0.8,0.8,0.0,0.8,0.0,0.0,0.0,-1.6,0.8,0.8,0.0,0.0,-1.6,1.6,0.8,0.8,0.8,-0.8,0.8,-0.8,-1.6,0.0,0.0,0.0,0.0,0.0,1.6,0.0,1.6,0.8,-0.8,0.8,0.0,0.8,0.0,0.8,0.0,-0.8,0.8,0.8,-0.8,0.0,0.0,0.8,-1.6,0.0,0.0,-0.8,0.8,-0.8,0.8,0.0,0.8,0.0,0.8,0.8,0.0,-1.6,0.8,0.0,1.6,0.0,0.0,1.6,0.8,0.0,0.8,0.0,0.8,-0.8,0.0,0.0,0.8,0.0,0.0,0.0,1.6,0.0,0.8,-0.8,0.8,0.0,1.6,0.0,0.8,-0.8,0.0,0.8,0.0,0.8,0.0,0.0,0.0,0.0,0.0,0.0,0.8,1.6,0.0,0.0,-0.8,0.0,0.8,-0.8,0.8,-0.8,0.0,0.0,1.6,0.0,0.0,1.6,0.0,0.0,0.8,0.0,-0.8,0.8,0.0,-0.8,-0.8,1.6,0.0,0.0,0.0,0.8,0.8,0.0,1.6,0.0,0.8,0.0,-0.8,0.8,0.0,0.8,0.8,-1.6,1.6,0.8,0.0,0.8,0.0,0.0,-1.6,0.8,-0.8,0.0,0.8,0.0,1.6,0.0,0.8,0.8,0.0,0.0,-1.6,1.6,0.0,0.0,0.8,0.0,0.8,1.6,-1.6,0.8,-0.8,0.0,-0.8,-1.6,0.8,-0.8,0.0,0.8,-0.8,1.6,-0.8,0.8,0.0,0.8,0.0,0.0,0.0,0.8,0.0,-0.8,-0.8,1.6,0.8,-0.8,0.8,-0.8,0.8,0.8,0.0,0.0,0.8,0.8,0.0,0.0,0.8,0.8,-0.8,0.0,0.0,-0.8,0.8,0.8,0.8,-0.8,0.8,0.0,-0.8,0.8,0.0,-0.8,0.0,-0.8,-1.6,0.0,0.0,0.8,-0.8,0.8,0.8,0.8,1.6,-1.6,-0.8,0.0,0.8,0.8,0.8,0.0,0.0,0.0,0.0,0.8,0.8,0.0,1.6,0.8,-0.8,0.0,-1.6,1.6,0.0,0.0,-1.6,2.4000000000000004,1.6,-2.4000000000000004,0.0,3.2,-0.8,-0.8,1.6,0.8,0.8,-0.8,0.8,0.8,0.8,-2.4000000000000004,1.6,1.6,0.0,0.0,0.8,0.0,0.8,-0.8,1.6,0.8,0.0,-0.8,0.0,-0.8,0.0,-0.8,0.8,0.8,0.8,0.0,-0.8,0.0,0.8,0.8,0.0,0.0,0.0,0.8,0.8,-0.8,0.0,0.0,0.0,0.0,-0.8,0.0,0.8,0.0,0.0,0.0,-1.6,0.8,0.8,0.0,0.8,0.0,0.8,-0.8,0.8,0.0,-0.8,0.8,-0.8,-0.8,0.0,0.8,0.0,0.8,0.0,0.8,0.8,0.8,-0.8,0.0,1.6,0.0,0.0,-0.8,0.8,0.8,-0.8,1.6,0.0,0.0,0.8,-0.8,0.8,0.0,0.0,-0.8,0.0,0.8,0.0,1.6,0.0,0.8,0.8,-0.8,2.4000000000000004,0.8,-1.6,1.6,-0.8,3.2,0.0,0.8,2.4000000000000004,-0.8,0.0,0.8,0.8,0.8,-2.4000000000000004,0.0,0.0,-0.8,0.0,0.0,1.6,0.8,-0.8,0.8,-0.8,0.8,-0.8,0.8,-0.8,0.8,0.8,-0.8,0.8,0.0,0.8,0.8,-0.8,0.0,0.8,0.0,-0.8,0.0,0.0,0.0,-0.8,0.0,0.0,0.0,0.0,0.8,-0.8,-1.6,0.0,0.0,0.0,-1.6,0.0,0.8,0.0,0.0,0.0,-0.8,0.0,-1.6,-0.8,0.0,0.8,0.0,0.0,0.0,0.8,0.8,0.8,0.8,0.0,0.0,0.8,-1.6,0.8,0.8,0.0,0.0,-0.8,1.6,0.8,-0.8,0.0,0.0,-0.8,0.0,0.0,0.0,-0.8,0.0,-0.8,1.6,0.0,-0.8,0.0,0.0,0.8,0.0,-0.8,0.8,0.0,0.8,0.0,0.8,1.6,-0.8,0.8,0.0,0.8,0.0,-0.8,-0.8,-0.8,0.0,0.8,0.0,1.6,-1.6,0.8,0.0,0.0,0.0,0.0,0.8,0.8,-0.8,0.0,0.0,0.8,0.0,-0.8,1.6,-0.8,0.8,0.8,-1.6,1.6,-0.8,0.8,-0.8,-0.8,0.8,-0.8,0.8,0.0,0.0,0.0,0.8,0.0,0.0,0.0,0.8,0.0,0.0,0.8,0.8,0.0,0.8,0.0,-1.6,0.8,0.8,-0.8,1.6,-0.8,0.8,0.8,0.8,0.0,0.0,0.8,-0.8,-0.8,0.0,-0.8,0.8,0.8,0.0,0.0,0.8,0.0,-0.8,0.8,0.0,0.0,-1.6,0.0,1.6,0.0,0.0,0.8,-1.6,0.0,0.0,0.0,0.0,-0.8,0.8,0.0,0.8,-1.6,0.0,0.0,0.0,0.8,-0.8,0.0,0.0,-0.8,0.0,-0.8,0.8,-0.8,0.8,1.6,-0.8,0.0,0.0,0.8,1.6,-1.6,0.8,-0.8,0.8,0.0,-0.8,0.8,-0.8,1.6,0.8,-0.8,0.0,0.8,0.8,-0.8,-0.8,0.0,-1.6,0.0,-0.8,0.0,0.8,-1.6,0.8,0.0,-1.6,0.8,-0.8,0.8,0.0,1.6,1.6,-0.8,0.8,0.0,0.0,0.8,-0.8,-0.8,-0.8,1.6,0.8,-0.8,0.0,0.0,0.8,0.8,-0.8,0.0,0.8,0.0,0.0,0.0,0.8,0.0,0.0,0.8,1.6,0.8,0.0,0.8,0.0,0.0,0.0,0.8,0.0,-0.8,-0.8,0.0,0.8,0.0,0.8,0.0,0.0,0.0,-0.8,0.0,0.0,2.4000000000000004,0.8,0.8,1.6,1.6,-1.6,0.0,0.0,0.8,0.0,-0.8,-0.8,0.8,0.0,-0.8,0.8,0.8,-0.8,1.6,0.8,0.0,-0.8,0.8,0.0,0.8,0.0,-0.8,0.0,1.6,-0.8,0.0,-0.8,-0.8,1.6,0.8,1.6,0.0,0.0,0.0,-0.8,0.0,0.0,0.0,-0.8,0.8,0.0,-0.8,0.8,0.0,1.6,0.8,0.0,1.6,0.0,-0.8,0.0,-0.8,0.8,0.0,-1.6,0.0,0.8,0.0,0.0,0.8,0.0,0.0,1.6,0.0,-0.8,0.8,-0.8,0.0,0.8,0.0,0.8,0.8,1.6,0.8,0.0,0.8,0.0,1.6,0.0,0.0,-0.8,0.0,0.8,0.0,0.0,0.8,0.8,0.0,0.8,1.6,0.0,0.0,0.8,0.8,1.6,0.0,0.8,0.8,1.6,0.8,0.8,-0.8,0.0,0.0,-0.8,-0.8,0.0,-0.8,1.6,0.0,0.8,-1.6,0.8,0.0,0.0,0.8,0.0,0.0,0.0,0.0,0.0,-0.8,0.0,0.0,0.0,0.0,0.0,1.6,0.8,-0.8,0.0,-1.6,0.8,0.0,-1.6,1.6,-0.8,0.0,0.8,-0.8,-0.8,-0.8,0.0,0.0,0.0,0.0,-0.8,0.8,0.8,0.0,0.8,-0.8,0.8,-1.6,0.0,0.8,0.0,0.0,0.8,0.8,-0.8,0.0,-0.8,-1.6,0.8,-0.8,-1.6,0.8,-1.6,0.8,0.0,0.0,0.8,-0.8,0.0,0.0,0.8,-1.6,-1.6,0.8,-1.6,0.0,0.8,0.0,2.4000000000000004,0.0,0.0,-0.8,1.6,0.8,-0.8,0.0,2.4000000000000004,0.8,-0.8,1.6,2.4000000000000004,0.0,0.0,0.8,0.8,1.6,-0.8,0.0,-0.8,0.8,-1.6,0.8,0.0,-0.8,0.0,0.0,0.0,0.8,-1.6,0.8,0.0,1.6,0.8,0.0,1.6,-0.8,0.0,0.0,0.0,-0.8,0.8,-0.8,0.0,0.0,0.8,-1.6,0.0,-0.8,0.0,1.6,-0.8,0.8,-0.8,-0.8,0.8,0.0,0.8,-0.8,0.8,0.8,0.0,1.6,0.0,0.0,0.8,-1.6,-0.8,-0.8,1.6,0.0,-0.8,0.8,0.0,1.6,0.8,-0.8,0.8,0.0,0.8,0.0,0.8,0.8,0.0,0.8,0.0,1.6,0.0,-1.6,1.6,0.8,0.0,0.8,0.0,0.8,0.0,-0.8,0.8,0.8,2.4000000000000004,0.0,0.0,0.8,0.0,-0.8,0.8,1.6,-0.8,-0.8,1.6,0.0,1.6,-0.8,0.0,0.8,0.8,0.0,0.0,0.0,0.0,-0.8,1.6,0.8,0.8,0.8,0.8,0.8,0.8,-1.6,0.0,0.0,0.8,0.8,-0.8,0.0,0.8,0.8,0.0,0.0,0.0,1.6,-0.8,0.0,0.8,-1.6,0.0,0.8,-0.8,0.0,0.0,0.0,0.0,0.8,-0.8,0.0,1.6,-0.8,0.0,-0.8,0.8,0.8,-1.6,-1.6,-0.8,0.8,-1.6,-2.4000000000000004,1.6,0.0,0.8,0.8,-0.8,0.8,-0.8,0.8,0.8,-0.8,1.6,0.0,0.0,0.8,0.0,0.8,0.0,0.8,-0.8,0.8,0.8,-0.8,0.8,-0.8,-0.8,0.0,-0.8,1.6,-0.8,-0.8,1.6,0.0,1.6,0.0,0.8,0.8,-0.8,0.8,0.0,1.6,0.0,0.0,1.6,0.0,0.8,0.0,0.0,1.6,-0.8,0.0,-0.8,0.0,-0.8,0.8,0.0,0.8,0.8,0.0,-0.8,1.6,-0.8,0.0,0.8,-0.8,-1.6,0.0,0.0,0.8,0.0,0.8,0.0,-1.6,0.8,0.0,0.8,0.0,-0.8,0.8,-0.8,0.0,0.8,0.8,0.0,0.0,0.0,0.8,0.0,0.8,0.0,-0.8,0.0,0.0,0.8,0.8,0.8,0.0,1.6,-0.8,-0.8,0.0,1.6,0.0,-0.8,0.0,0.0,0.0,0.0,0.0,0.0,0.8,0.0,-0.8,0.8,0.8,0.0,0.0,0.0,0.0,-0.8,0.8,0.8,0.8,0.0,-0.8,0.0,0.0,-1.6,-0.8,0.8,1.6,-0.8,-0.8,0.0,-0.8,0.8,-0.8,0.8,0.0,0.8,0.0,-0.8,0.0,0.8,-0.8,0.8,0.0,0.8,-0.8,-1.6,-0.8,-1.6,0.8,1.6,0.0,0.0,-0.8,-0.8,0.0,0.0,0.0,0.0,0.0,0.8,0.0,0.0,0.0,0.0,-0.8,0.0,0.0,0.0,1.6,0.8,-1.6,-0.8,-0.8,0.0,0.0,-1.6,0.8,0.0,-0.8,0.8,-0.8,-0.8,-0.8,-0.8,0.8,-0.8,0.0,0.8,0.0,1.6,-0.8,0.8,0.8,-1.6,-0.8,0.8,1.6,0.8,0.0,0.0,0.0,0.8,0.8,0.0,-0.8,0.8,-0.8,0.0,0.0,0.8,0.0,0.8,0.0,0.8,0.0,-0.8,0.8,0.8,0.0,0.0,-1.6,0.0,0.0,0.0,1.6,0.0,1.6,0.0,0.8,1.6,-0.8,0.8,-0.8,0.8,0.8,0.0,0.8,-0.8,1.6,0.0,0.0,0.8,0.8,0.8,0.0,-0.8,0.0,-0.8,0.8,0.0,0.0,0.0,0.0,0.0,0.0,0.0,-0.8,-0.8,0.8,-1.6,0.0,0.8,0.0,-0.8,0.8,0.0,-0.8,1.6,1.6,-0.8,0.0,0.0,0.0,0.8,-0.8,0.8,0.8,0.0,0.8,0.0,-0.8,0.0,0.0,0.0,0.0,0.8,0.0,-0.8,-0.8,0.8,0.0,1.6,0.0,-2.4000000000000004,1.6,1.6,0.0,0.0,0.0,0.0,0.0,0.8,-0.8,0.0,1.6,-0.8,0.0,0.8,0.0,0.8,0.0,0.8,0.8,0.8,0.8,0.0,0.0,-1.6,0.0,0.8,0.0,0.8,-0.8,-0.8,0.8,0.0,1.6,0.8,0.0,0.0,-1.6,0.8,-0.8,0.8,0.8,-0.8,2.4000000000000004,0.0,0.0,0.8,-0.8,1.6,-1.6,0.8,-0.8,0.8,0.8,0.0,0.8,0.0,-0.8,0.8,-1.6,0.8,-0.8,0.8,0.8,0.0,0.0,-1.6,0.8,0.0,-1.6,1.6,-1.6,0.0,0.0,0.0,0.8,-0.8,0.0,0.0,-0.8,0.0,-1.6,1.6,-0.8,-0.8,0.0,-1.6,0.8,0.0,0.0,0.0,-0.8,0.8,-0.8,0.0,0.0,-0.8,0.8,-1.6,-0.8,0.0,0.0,0.0,-0.8,0.8,0.8,0.8,1.6,-0.8,0.0,0.8,0.8,-0.8,0.0,0.0,0.0,0.0,-0.8,0.8,0.0,-0.8,0.8,0.0,-0.8,0.0,0.0,0.8,0.0,-0.8,-0.8,0.0,0.8,0.8,0.8,0.0,1.6,-0.8,0.0,0.0,0.8,0.8,0.0,-0.8,1.6,-0.8,1.6,-0.8,0.8,0.0,-1.6,0.8,0.0,0.0,0.8,0.0,1.6,-1.6,1.6,0.0,0.0,0.8,-0.8,0.0,0.8,0.0,0.8,-0.8,0.8,0.8,-0.8,-0.8,-1.6,1.6,0.0,-0.8,0.8,-1.6,0.0,-1.6,-0.8,1.6,-0.8,-0.8,0.0,0.8,-0.8,-1.6,0.8,-1.6,-0.8,0.0,0.0,0.8,0.0,0.8,0.0,-0.8,0.0,-1.6,-0.8,1.6,0.0,0.0,0.0,0.8,0.8,0.8,0.0,0.0,0.0,0.8,-0.8,0.0,0.0,0.0,0.0,0.8,1.6,0.0,0.0,0.0,0.0,-0.8,0.0,0.8,0.0,0.0,-0.8,0.0,0.8,0.8,1.6,1.6,0.0,0.0,0.0,1.6,0.0,1.6,0.0,0.0,0.8,0.8,0.0,0.8,0.8,0.0,0.0,-0.8,0.0,0.8,-0.8,0.8,-0.8,-0.8,0.0,-0.8,0.8,0.0,-1.6,0.8,-1.6,0.8,0.0,0.0,0.8,0.8,0.8,0.8,0.0,-0.8,0.0,1.6,-0.8,0.8,0.0,0.8,0.0,-0.8,0.8,1.6,-0.8,0.8,-0.8,-0.8,0.0,0.0,0.8,-1.6,0.0,0.0,0.0,1.6,0.0,0.8,1.6,-1.6,0.0,-0.8,0.0,0.0,-0.8,0.0,0.8,-0.8,0.8,-0.8,-1.6,0.0,-0.8,0.0,0.0,0.0,-0.8,0.0,0.0,0.0,0.8,0.0,0.0,0.0,-0.8,-0.8,0.0,0.8,0.8,0.8,0.0,0.0,0.8,0.0,0.8,-0.8,0.0,-0.8,-0.8,0.0,0.8,0.0,0.0,1.6,0.0,-0.8,1.6,-0.8,-0.8,-0.8,-0.8,0.8,-1.6,0.0,0.0,0.0,-0.8,-0.8,0.0,-1.6,0.0,-0.8,0.0,0.0,0.0,-0.8,-0.8,0.0,0.0,-0.8,1.6,0.0,0.0,0.8,-0.8,-0.8,-0.8,0.0,-0.8,-1.6,-0.8,0.0,1.6,-0.8,0.0,0.0,-1.6,0.0,-1.6,-0.8,0.0,-1.6,0.8,-1.6,0.8,0.8,-1.6,0.8,-1.6,-0.8,0.8,0.8,0.8,0.0,0.8,0.8,-1.6,1.6,-0.8,-0.8,-0.8,-1.6,1.6,-1.6,0.8,1.6,0.8,0.0,0.0,0.8,0.8,0.0,0.8,-0.8,0.0,-0.8,0.0,0.0,-1.6,0.8,1.6,0.0,-0.8,0.8,0.0,0.0,-0.8,-0.8,1.6,0.8,0.0,-0.8,-1.6,1.6,-0.8,0.0,0.8,-0.8,0.0,-0.8,0.0,-0.8,-0.8,0.8,0.0,0.0,-0.8,0.0,0.0,0.8,0.8,-0.8,0.8,1.6,-1.6,0.0,-0.8,-0.8,0.0,-0.8,0.8,-1.6,0.8,0.8,-1.6,0.8,0.0,0.0,-0.8,-0.8,1.6,0.8,0.0,0.0,0.0,0.0,-1.6,0.8,-0.8,-0.8,0.8,0.0,0.8,0.0,0.0,0.0,0.8,0.0,-1.6,0.0,1.6,-0.8,0.8,-1.6,0.8,-0.8,-0.8,-0.8,-0.8,0.8,-0.8,-1.6,0.8,-0.8,0.8,0.8,-0.8,0.8,-1.6,0.0,0.0,0.0,0.0,-1.6,0.8,0.8,0.8,0.0,-0.8,1.6,0.0,0.0,0.8,-0.8,0.8,-1.6,0.0,0.0,0.0,0.0,-0.8,1.6,0.0,0.0,0.8,-0.8,0.0,-0.8,-1.6,0.0,0.8,0.8,0.0,0.8,0.0,0.0,0.0,-0.8,0.8,0.0,0.0,0.0,0.8,0.8,0.0,0.8,0.0,-0.8,0.8,0.0,0.0,1.6,0.8,0.0,0.0,0.0,0.0,0.0,0.0,0.8,0.8,-0.8,1.6,-0.8,0.0,1.6,0.0,0.8,0.0,0.0,1.6,0.0,0.8,0.0,0.0,1.6,0.0,0.8,-0.8,2.4000000000000004,0.0,-0.8,0.0,0.8,0.8,0.8,0.0,0.8,0.0,0.0,-0.8,0.8,0.8,0.8,1.6,0.0,1.6,0.8,-0.8,0.0,0.0,-0.8,0.0,0.0,0.0,0.0,0.8,0.8,0.0,0.0,0.0,0.8,0.8,0.8,0.0,0.8,0.0,2.4000000000000004,0.0,0.8,0.8,0.8,0.8,0.0,0.0,0.0,0.8,0.0,0.8,-0.8,-0.8,0.8,0.0,0.8,-0.8,-0.8,0.8,-0.8,-1.6,0.8,0.0,1.6,-0.8,0.0,0.0,0.8,0.0,0.8,0.0,0.0,0.8,0.8,0.0,0.0,0.0,0.0,-0.8,0.0,0.8,1.6,0.0,0.8,-0.8,-1.6,0.8,0.0,0.0,0.0,-0.8,1.6,-0.8,0.0,0.0,0.0,0.0,-1.6,-1.6,0.8,0.8,0.8,0.0,0.0,0.8,0.0,2.4000000000000004,-0.8,0.0,1.6,-0.8,0.8,-0.8,0.0,0.0,0.0,-0.8,-0.8,0.8,0.0,-0.8,2.4000000000000004,-1.6,-0.8,0.0,0.0,0.0,-0.8,-0.8,1.6,0.0,0.0,0.0,0.0,1.6,-0.8,0.8,-0.8,3.2,0.0
event_103,1625266957.012174,0.0,0.8,-0.8,0.8,0.0,0.8,0.0,-0.8,0.8,0.8,1.6,0.0,0.0,1.6,0.8,1.6,0.0,0.0,0.8,0.0,0.8,0.0,0.8,0.8,0.0,1.6,0.8,0.0,1.6,1.6,0.8,-2.4000000000000004,0.8,1.6,-2.4000000000000004,0.8,1.6,-0.8,-0.8,1.6,0.8,0.8,0.0,0.0,0.0,0.8,-0.8,0.8,1.6,-0.8,1.6,1.6,0.0,2.4000000000000004,0.0,0.8,1.6,-0.8,-0.8,0.0,0.8,1.6,0.8,0.8,0.0,0.0,-0.8,1.6,-0.8,0.8,0.0,1.6,0.0,0.8,0.8,0.8,0.8,0.8,0.0,0.8,0.8,1.6,0.0,0.8,0.0,0.0,0.0,-0.8,1.6,0.0,0.8,0.8,-0.8,0.0,-0.8,0.0,0.8,-0.8,2.4000000000000004,0.0,0.8,0.8,-3.2,-47.199999999999996,-94.39999999999999,-65.60000000000001,-26.4,-9.600000000000001,-4.0,-0.8,-1.6,-6.4,-4.800000000000001,-1.6,-4.0,-0.8,0.0,0.8,0.8,-1.6,0.0,-1.6,0.0,0.8,0.0,0.8,-0.8,0.8,-0.8,-0.8,0.8,-0.8,1.6,-0.8,-0.8,1.6,-1.6,0.8,0.0,0.8,0.8,-1.6,0.8,0.8,0.8,0.0,0.8,1.6,0.0,0.8,0.8,-0.8,0.8,0.0,1.6,0.0,0.0,0.0,0.8,0.0,0.8,0.0,1.6,-0.8,0.0,0.8,-0.8,0.0,-0.8,1.6,0.8,0.8,0.0,0.8,0.8,0.0,0.8,1.6,-0.8,0.8,0.8,0.0,0.8,0.8,0.0,0.0,0.8,0.8,0.8,-1.6,0.0,0.0,0.0,0.8,0.0,0.0,0.0,0.0,0.0,0.8,1.6,0.0,-0.8,0.0,-2.4000000000000004,-0.8,-0.8,0.8,0.8,0.0,1.6,0.8,0.0,0.8,0.0,0.0,0.0,-0.8,0.8,0.0,2.4000000000000004,0.8,0.8,1.6,-0.8,1.6,0.8,0.8,0.8,-0.8,1.6,0.0,0.8,0.8,0.0,0.0,0.8,0.0,0.0,0.0,0.0,-0.8,0.0,0.0,0.0,2.4000000000000004,-0.8,0.8,0.0,0.8,0.8,0.8,0.8,0.8,0.8,0.8,-0.8,1.6,-1.6,1.6,1.6,0.8,0.8,0.0,0.0,0.0,0.0,1.6,0.8,0.8,0.0,0.8,0.8,0.8,0.8,0.8,0.0,0.8,0.8,1.6,0.0,0.8,-0.8,0.0,0.8,-0.8,1.6,0.8,0.0,0.0,0.0,-0.8,0.0,0.0,0.8,0.8,0.0,0.0,0.0,0.8,0.0,-0.8,0.0,-0.8,0.0,0.0,0.8,1.6,0.8,0.8,0.8,0.0,0.0,0.8,0.0,0.8,-0.8,0.0,0.8,1.6,0.8,-0.8,1.6,1.6,-0.8,0.0,0.8,0.0,0.0,0.0,0.0,0.0,0.8,-0.8,0.8,1.6,-0.8,1.6,0.8,0.0,0.8,0.0,1.6,0.8,0.8,0.8,0.0,1.6,0.8,0.0,0.0,0.8,1.6,0.0,0.0,-1.6,0.0,0.8,0.8,1.6,0.0,-0.8,0.8,-0.8,0.8,-1.6,1.6,1.6,0.0,0.8,0.0,0.8,2.4000000000000004,0.8,0.8,0.0,0.8,0.8,0.0,0.8,0.8,0.8,0.8,0.0,0.0,0.0,0.0,0.0,0.0,0.8,0.0,0.8,1.6,0.8,0.8,0.8,0.8,0.0,0.0,0.0,0.0,0.8,-0.8,-0.8,0.8,0.8,0.0,0.0,-0.8,1.6,0.8,0.0,0.0,0.8,0.8,0.0,0.0,0.0,-0.8,0.8,0.8,-1.6,1.6,0.0,-0.8,0.8,0.0,0.8,-0.8,0.0,1.6,0.0,0.8,-0.8,1.6,1.6,0.0,2.4000000000000004,0.8,0.0,0.0,0.8,1.6,2.4000000000000004,0.8,0.0,0.8,1.6,0.8,2.4000000000000004,0.8,-0.8,0.8,-1.6,0.0,0.0,0.0,0.8,0.0,0.8,0.0,0.8,0.0,-0.8,0.8,-0.8,0.8,0.0,0.0,0.0,-0.8,0.8,0.0,0.0,1.6,0.0,1.6,0.0,0.0,0.8,0.8,1.6,0.0,-0.8,1.6,-1.6,0.8,0.8,-0.8,0.0,0.0,0.8,-0.8,-0.8,1.6,0.8,0.8,0.0,0.8,-0.8,0.8,0.8,-0.8,0.8,1.6,0.0,-0.8,0.0,1.6,0.8,0.8,0.8,0.0,1.6,0.0,0.0,0.0,0.0,0.8,0.0,0.8,0.0,0.0,0.0,-0.8,1.6,0.0,0.8,0.8,0.0,0.8,0.0,0.0,0.0,0.8,0.8,0.0,1.6,0.0,0.0,-0.8,0.0,2.4000000000000004,0.0,0.8,0.8,1.6,0.8,0.0,0.8,1.6,0.8,0.8,0.8,0.8,0.0,0.8,0.8,1.6,0.8,0.0,0.8,1.6,-0.8,0.8,0.0,1.6,0.8,0.0,1.6,0.0,1.6,0.8,1.6,0.8,0.0,1.6,-1.6,0.8,0.0,-0.8,0.8,-0.8,0.8,0.8,-0.8,1.6,-0.8,0.8,1.6,-0.8,1.6,0.0,0.8,0.0,0.0,1.6,0.0,1.6,3.2,0.0,0.8,-0.8,1.6,0.8,-0.8,0.0,0.0,2.4000000000000004,0.8,-0.8,0.0,0.0,0.8,0.0,0.0,1.6,-0.8,0.8,0.0,1.6,0.0,-1.6,0.8,0.0,0.0,0.8,-0.8,0.8,-0.8,-0.8,0.0,0.0,0.8,0.8,1.6,0.8,0.0,0.0,0.0,0.0,0.8,-0.8,0.8,0.8,0.8,-0.8,0.8,0.0,1.6,0.0,-0.8,1.6,0.8,0.0,0.8,-0.8,0.8,-1.6,0.0,-0.8,0.0,0.0,0.8,0.8,0.0,-0.8,0.0,0.0,0.0,0.0,0.0,0.0,-0.8,0.8,0.0,0.8,0.0,0.0,0.0,-0.8,1.6,0.0,0.8,0.0,0.0,0.8,-1.6,0.8,0.0,-0.8,1.6,0.0,0.8,0.0,0.0,0.8,-0.8,0.8,0.0,-1.6,0.8,-0.8,1.6,0.8,0.8,0.8,0.0,0.8,0.0,-0.8,1.6,0.0,0.0,0.0,0.8,0.8,-0.8,0.8,0.0,0.8,0.0,0.8,1.6,-0.8,0.8,0.0,0.0,0.0,0.0,0.0,0.0,0.0,0.8,0.8,0.8,0.8,-1.6,0.8,-0.8,1.6,0.0,-0.8,2.4000000000000004,0.8,0.8,0.8,-0.8,0.8,0.0,0.0,0.8,0.0,0.0,1.6,0.0,1.6,0.8,0.8,0.8,0.8,0.0,0.8,0.8,0.8,-0.8,0.0,0.0,0.0,1.6,1.6,0.0,0.0,2.4000000000000004,0.8,-0.8,1.6,-0.8,0.8,0.0,-1.6,0.8,0.0,0.0,0.0,0.8,0.8,0.0,0.8,-0.8,0.8,1.6,0.0,0.8,1.6,0.0,-0.8,0.8,0.0,-1.6,0.0,1.6,0.8,0.8,0.0,0.8,1.6,0.8,0.0,-0.8,0.8,0.8,-1.6,1.6,0.0,0.8,0.0,0.0,2.4000000000000004,0.0,0.8,0.8,0.8,-0.8,0.0,1.6,1.6,0.0,0.0,0.0,2.4000000000000004,0.0,1.6,0.8,0.0,0.8,0.0,0.8,0.8,0.0,0.0,0.8,0.0,0.0,-1.6,1.6,-0.8,0.8,0.8,-0.8,0.0,0.0,0.0,1.6,0.0,0.0,0.0,-0.8,-0.8,0.0,0.0,0.0,0.0,1.6,0.0,-1.6,0.0,0.8,0.8,0.0,-0.8,0.0,0.8,0.8,0.8,0.8,1.6,0.0,-1.6,0.0,0.8,1.6,-1.6,0.0,-0.8,-1.6,0.0,0.0,0.0,0.0,0.8,0.0,-0.8,0.8,0.0,0.0,1.6,0.0,-0.8,0.8,2.4000000000000004,0.8,0.8,1.6,0.8,0.8,1.6,-1.6,0.8,-0.8,0.8,-0.8,-1.6,1.6,0.0,0.0,0.8,0.8,0.0,0.0,1.6,0.8,0.0,1.6,-0.8,0.8,0.0,0.8,0.8,0.0,0.8,0.0,0.8,0.0,0.0,0.8,-0.8,0.8,1.6,0.0,1.6,-0.8,0.8,0.0,0.8,1.6,0.0,0.0,0.0,0.0,0.0,-1.6,1.6,0.0,0.8,-0.8,0.0,0.8,0.0,0.0,0.8,0.0,1.6,-1.6,0.0,0.0,0.0,0.8,0.0,0.0,0.0,1.6,0.8,-0.8,0.0,0.0,0.8,-0.8,0.0,0.8,0.8,0.0,0.0,0.0,0.0,0.0,0.8,0.0,0.0,0.8,0.0,1.6,0.8,-0.8,0.0,0.8,0.0,-1.6,0.0,0.8,0.8,0.0,0.8,0.8,0.8,0.8,0.0,0.0,1.6,0.0,0.8,0.0,0.8,0.8,-0.8,0.8,0.8,0.0,0.8,-0.8,0.0,-1.6,-0.8,0.0,-0.8,1.6,-0.8,-0.8,0.8,-0.8,1.6,0.0,1.6,0.8,-1.6,1.6,0.0,2.4000000000000004,0.0,-0.8,1.6,0.0,0.8,1.6,-0.8,1.6,-0.8,-0.8,-0.8,0.0,0.0,0.0,1.6,-0.8,-0.8,1.6,-1.6,1.6,0.0,1.6,0.8,0.0,0.8,-0.8,0.8,1.6,0.0,0.0,0.0,0.0,1.6,0.8,0.0,0.8,0.8,1.6,0.0,0.8,0.8,0.8,-1.6,-0.8,0.8,0.0,0.0,-0.8,1.6,0.0,0.8,0.8,-1.6,0.8,0.8,-1.6,1.6,0.0,-1.6,1.6,0.8,-0.8,0.8,1.6,0.8,0.8,0.8,-0.8,-0.8,0.8,0.0,-0.8,0.8,0.0,1.6,0.8,-0.8,0.8,0.0,0.8,-0.8,-0.8,0.0,-1.6,0.8,0.0,0.0,1.6,-0.8,1.6,0.0,-0.8,0.0,0.0,0.8,-0.8,0.0,-0.8,0.8,0.0,0.0,0.8,0.0,-0.8,0.8,0.0,0.8,0.0,0.0,0.0,0.0,0.0,1.6,0.0,-0.8,-0.8,0.8,0.8,0.8,0.0,0.0,-0.8,1.6,0.8,0.8,0.0,0.8,0.8,0.0,0.0,0.8,0.8,0.0,0.0,0.8,0.0,0.8,0.0,0.0,2.4000000000000004,-0.8,0.8,0.0,0.0,0.0,0.8,0.0,0.0,-0.8,1.6,0.8,0.0,0.8,1.6,0.0,0.8,0.0,-0.8,-0.8,2.4000000000000004,1.6,-0.8,0.0,0.8,0.0,0.0,0.0,-0.8,0.8,0.0,-0.8,1.6,0.8,0.8,0.8,0.0,2.4000000000000004,0.8,0.0,0.8,0.0,0.8,0.0,0.0,0.0,0.0,0.0,0.8,0.0,0.8,0.0,0.0,0.0,0.0,0.0,-0.8,0.8,0.8,0.8,0.8,0.0,2.4000000000000004,0.0,0.0,0.0,0.0,0.8,-0.8,0.0,1.6,0.8,1.6,0.8,0.0,-1.6,-1.6,0.8,0.0,-0.8,0.8,-0.8,1.6,-0.8,0.0,1.6,-0.8,0.8,0.0,0.0,0.8,0.8,1.6,0.0,0.8,0.0,0.0,0.8,-0.8,0.8,0.8,-0.8,1.6,-0.8,0.0,0.8,-0.8,1.6,0.0,0.8,0.0,0.0,1.6,0.0,0.8,1.6,0.0,0.0,0.0,2.4000000000000004,0.8,0.0,0.8,1.6,1.6,0.8,0.8,0.0,1.6,0.8,-0.8,0.8,1.6,0.8,0.8,0.8,1.6,0.8,1.6,0.0,0.8,0.8,-0.8,0.8,1.6,0.0,0.0,0.8,1.6,0.0,0.8,0.8,0.8,0.8,-0.8,0.8,0.0,1.6,-0.8,0.0,1.6,0.0,0.8,0.8,0.0,1.6,0.0,0.8,0.0,0.0,0.8,0.8,0.8,0.0,-0.8,0.8,-1.6,2.4000000000000004,0.0,0.8,1.6,-0.8,0.8,-0.8,-0.8,0.0,-0.8,0.8,-0.8,0.0,0.8,0.0,1.6,-0.8,0.0,0.8,0.8,0.0,0.0,1.6,0.0,0.8,0.0,-1.6,1.6,-1.6,0.0,1.6,-0.8,0.8,0.0,0.8,0.0,0.0,0.8,-0.8,0.0,1.6,1.6,1.6,0.0,0.0,1.6,-0.8,1.6,-0.8,0.8,1.6,-1.6,0.0,0.0,0.8,1.6,0.0,1.6,0.0,0.8,0.0,0.0,1.6,0.0,0.0,0.8,-0.8,0.8,-0.8,0.8,0.0,0.0,0.8,0.0,0.8,0.8,0.0,0.8,-0.8,0.8,0.0,0.8,1.6,0.0,-0.8,0.0,0.8,0.0,-0.8,0.0,-1.6,0.0,-0.8,0.8,0.8,-0.8,-0.8,0.0,0.8,0.8,0.0,1.6,-0.8,1.6,-0.8,0.8,0.0,0.8,1.6,-0.8,0.8,-0.8,1.6,0.8,-0.8,0.8,0.0,0.8,0.8,-0.8,0.8,0.8,0.0,0.0,-0.8,-1.6,0.0,0.8,0.8,0.0,0.8,0.0,0.0,0.8,0.8,0.0,-0.8,0.8,0.0,0.8,1.6,0.8,0.8,0.0,1.6,1.6,0.0,0.8,0.8,0.8,0.8,-0.8,1.6,-0.8,1.6,1.6,0.0,0.8,0.0,0.0,1.6,0.0,0.8,-0.8,1.6,0.8,0.8,0.0,0.0,1.6,0.8,0.0,1.6,0.0,0.8,-0.8,0.8,0.8,0.0,0.8,0.0,0.8,1.6,-0.8,0.0,0.0,0.8,0.8,0.0,0.8,0.0,0.0,0.8,1.6,0.8,-0.8,0.0,0.0,0.0,-0.8,-0.8,0.0,1.6,-0.8,0.0,1.6,0.0,0.0,0.8,0.8,0.0,0.8,0.8,0.8,0.8,0.0,0.0,0.8,-0.8,0.0,0.0,0.8,0.8,0.0,0.0,0.8,0.0,-0.8,0.0,2.4000000000000004,0.0,-1.6,1.6,0.8,-0.8,0.0,-0.8,0.0,0.0,1.6,0.8,0.8,0.0,0.8,0.8,1.6,0.8,0.8,0.0,0.0,1.6,0.8,0.0,0.0,1.6,-0.8,0.0,1.6,0.8,0.8,0.8,-0.8,0.8,-0.8,0.0,0.0,0.0,0.8,0.8,0.0,-0.8,1.6,0.8,0.0,0.0,-0.8,0.8,2.4000000000000004,0.0,0.0,0.8,1.6,0.8,0.8,0.0,0.0,0.0,-0.8,-0.8,0.8,0.0,1.6,1.6,0.0,0.0,0.0,0.0,0.8,0.0,0.8,0.0,0.0,0.8,-0.8,0.8,0.0,-0.8,0.0,1.6,-0.8,0.8,0.8,0.8,0.0,0.8,0.8,0.0,0.0,0.0,0.8,0.0,0.0,0.8,-0.8,0.8,0.0,0.0,0.0,0.0,0.8,0.0,0.8,0.8,0.0,1.6,0.8,-0.8,0.8,0.8,0.8,0.0,0.8,1.6,-0.8,1.6,-0.8,-0.8,0.8,-0.8,0.8,0.0,0.8,0.8,-1.6,1.6,0.0,0.8,0.8,0.8,2.4000000000000004,-0.8,0.0,0.0,-0.8,0.8,-0.8,0.8,0.8,0.0,0.8,0.0,0.8,0.8,0.0,1.6,-0.8,2.4000000000000004,0.0,0.8,1.6,0.8,0.8,0.0,0.8,1.6,-1.6,0.0,-0.8,0.0,0.0,0.8,0.8,0.0,0.8,0.8,0.0,1.6,-0.8,2.4000000000000004,0.8,1.6,0.8,-0.8,1.6,0.0,0.0,0.8,0.0,0.8,1.6,0.8,0.0,0.8,0.0,-0.8,0.0,0.0,0.0,0.8,0.0,0.0,-1.6,-0.8,0.0,0.0,0.8,0.8,0.0,0.8,0.0,1.6,0.0,0.0,1.6,0.8,-2.4000000000000004,0.0,1.6,0.0,0.0,0.0,1.6,0.8,0.8,0.8,0.0,0.8,-0.8,-0.8,0.8,0.0,1.6,0.8,0.8,1.6,0.0,0.0,0.0,1.6,0.8,-0.8,1.6,-0.8,0.8,0.0,-0.8,0.8,0.0,-0.8,1.6,1.6,-0.8,-2.4000000000000004,2.4000000000000004,0.0,-0.8,2.4000000000000004,0.8,-0.8,0.0,1.6,0.8,-1.6,0.8,0.0,-0.8,0.8,-0.8,1.6,1.6,0.0,1.6,0.0,0.8,-0.8,0.0,0.8,-0.8,0.8,0.0,0.0,1.6,-1.6,0.8,0.8,0.8,0.8,-0.8,2.4000000000000004,0.0,0.0,0.0,-0.8,0.8,-0.8,0.0,0.0,-0.8,1.6,-0.8,0.8,0.0,-0.8,0.8,-0.8,0.0,0.0,0.0,0.8,0.8,0.8,-0.8,0.0,0.0,-0.8,1.6,1.6,0.0,0.0,0.0,1.6,1.6,1.6,0.0,-0.8,0.8,0.8,0.8,0.8,0.8,0.0,0.8,0.8,0.8,1.6,0.0,0.8,0.0,-2.4000000000000004,1.6,0.8,0.0,1.6,0.8,0.0,0.8,0.0,0.0,0.8,0.8,-1.6,-0.8,-0.8,0.8,0.8,-0.8,0.8,0.8,0.8,-0.8,0.8,0.8,0.0,0.0,0.8,0.0,2.4000000000000004,0.0,1.6,0.0,0.0,0.0,0.8,-0.8,0.0,-0.8,1.6,-0.8,1.6,0.0,-1.6,-0.8,-0.8,0.0,0.8,0.0,0.0,0.0,0.8,0.0,-0.8,0.0,0.0,-0.8,0.0,2.4000000000000004,1.6,-0.8,0.0,0.0,0.0,0.8,0.0,1.6,0.0,0.8,0.8,-0.8,0.8,0.0,0.0,0.8,-0.8,0.0,0.0,0.8,-0.8,0.0,0.0,0.0,0.8,1.6,0.8,0.0,0.8,0.8,-1.6,1.6,0.8,0.0,0.8,0.0,0.8,0.8,0.0,0.0,0.8,-1.6,0.0,0.0,0.8,0.8,-0.8,-0.8,0.8,0.8,0.8,1.6,1.6,0.8,0.0,1.6,0.8,1.6,-0.8,0.0,0.8,1.6,0.8,0.8,0.0,1.6,-0.8,-1.6,0.8,0.8,0.8,0.8,1.6,0.0,0.0,0.8,-1.6,2.4000000000000004,-0.8,0.0,-0.8,0.0,0.8,-1.6,0.0,1.6,0.0,2.4000000000000004,0.0,0.8,2.4000000000000004,0.0,0.8,0.0,0.8,0.0,0.0,0.0,0.0,0.0,-0.8,0.0,0.0,-0.8,1.6,0.0,0.0,0.0,0.0,0.8,-1.6,0.8,0.8,0.0,1.6,0.0,0.0,0.0,1.6,0.8,-0.8,0.8,0.8,0.0,1.6,-0.8,0.8,0.8,0.8,0.8,0.0,0.8,0.0,0.0,0.8,0.0,0.0,0.8,0.8,0.8,0.0,0.0,1.6,1.6,0.8,-0.8,0.8,2.4000000000000004,0.8,0.8,1.6,-0.8,0.8,0.0,0.8,0.8,0.8,-0.8,0.8,0.8,0.8,-0.8,1.6,-0.8,0.8,0.0,-1.6,0.8,0.0,0.0,1.6,0.8,0.8,-1.6,0.0,-0.8,0.8,-0.8,1.6,2.4000000000000004,-0.8,-0.8,2.4000000000000004,-2.4000000000000004,0.0,0.8,-1.6,-0.8,0.0,1.6,-0.8,0.8,0.8,0.0,3.2,-0.8,0.0,1.6,0.0,0.8,0.0,0.0,0.8,0.0,1.6,-0.8,0.0,0.0,0.0,0.8,0.0,0.8,-0.8,1.6,0.0,-1.6,0.0,0.0,0.0,0.8,-0.8,1.6,-0.8,0.0,1.6,-1.6,1.6,-1.6,-0.8,0.0,-0.8,0.0,0.0,0.8,0.8,0.0,1.6,0.0,0.0,0.0,-0.8,0.0,0.0,1.6,0.8,0.8,1.6,-0.8,0.8,1.6,0.0,0.0,0.0,0.0,1.6,0.8,0.8,0.8,0.8,0.0,0.0,1.6,0.8,0.8,0.8,0.0,1.6,0.8,0.8,0.0,1.6,0.8,0.0,0.8,-0.8,0.0,0.8,0.8,0.0,0.8,0.0,0.0,1.6,0.8,0.0,1.6,0.0,0.8,0.8,0.8,0.8,0.8,1.6,0.8,0.8,-1.6,0.8,1.6,-0.8,0.8,-0.8,0.0,0.0,-0.8,1.6,0.0,0.0,1.6,-0.8,1.6,0.0,0.0,0.8,-1.6,0.8,-0.8,2.4000000000000004,0.8,0.0,2.4000000000000004,0.8,1.6,0.8,0.0,0.0,0.0,0.8,0.0,0.8,1.6,0.8,2.4000000000000004,0.0,1.6,0.8,0.0,1.6,-0.8,0.8,1.6,-1.6,0.0,-0.8,0.0,0.8,1.6,1.6,0.0,0.8,0.8,0.0,0.0,0.0,0.8,1.6,0.8,0.8,0.8,1.6,0.8,0.0,0.8,0.8,0.8,0.0,0.0,0.8,0.0,1.6,0.0,0.0,-0.8,0.0,0.8,2.4000000000000004,0.0,0.8,0.8,0.0,-0.8,-0.8,0.8,0.0,0.0,0.8,0.0,0.0,0.8,0.0,0.0,0.0,0.8,0.0,-0.8,0.0,0.8,2.4000000000000004,0.8,1.6,0.0,-0.8,0.0,0.8,0.8,-0.8,0.0,0.0,-0.8,0.8,0.0,0.0,2.4000000000000004,-0.8,-0.8,-0.8,0.8,1.6,-0.8,-0.8,1.6,0.0,0.8,-0.8,0.8,1.6,0.0,0.0,0.0,0.0,0.0,0.8,0.8,0.0,0.8,0.8,0.0,0.8,0.0,0.0,0.0,0.0,0.8,-0.8,1.6,0.8,0.0,0.8,0.8,0.8,-0.8,0.0,0.8,-0.8,1.6,0.0,0.0,1.6,0.0,0.8,0.8,0.8,0.8,0.0,0.0,-0.8,0.8,1.6,0.0,0.8,2.4000000000000004,0.0,0.0,0.0,0.0,-0.8,1.6,0.8,0.8,0.8,0.0,0.8,0.8,0.8,0.8,0.0,0.0,0.8,1.6,-0.8,0.0,0.8,0.0,-0.8,0.0,0.8,0.0,0.0,0.0,-0.8,0.0,0.0,1.6,0.8,-0.8,0.8,0.8,0.8,0.0,0.8,-0.8,0.8,0.8,-0.8,0.8,1.6,0.0,0.0,0.0,1.6,0.8,0.8,0.8,-0.8,1.6,0.0,0.0,1.6,0.0,1.6,1.6
event_104,1625266959.1632967,0.8,0.0,0.8,0.0,-0.8,0.8,0.0,0.8,1.6,1.6,0.8,-0.8,0.8,0.8,0.0,-0.8,-1.6,1.6,0.8,0.0,-0.8,-0.8,0.8,0.0,0.8,0.0,0.8,0.8,-0.8,0.8,0.0,-0.8,1.6,0.0,0.8,-0.8,0.0,0.0,0.0,-0.8,-0.8,-0.8,0.8,-1.6,0.0,0.0,0.8,0.0,0.0,0.8,0.0,0.8,0.8,-0.8,0.0,0.8,0.0,0.0,0.0,0.8,0.8,0.8,-0.8,0.0,-1.6,0.0,0.0,0.0,0.8,0.0,0.0,-0.8,0.8,0.8,0.0,1.6,-1.6,0.0,0.0,1.6,0.8,-1.6,0.8,0.0,0.8,0.8,-0.8,0.0,0.0,0.0,0.0,0.8,0.8,0.0,0.0,0.8,0.8,1.6,0.0,0.0,-0.8,-2.4000000000000004,-4.0,-47.199999999999996,-96.80000000000001,-76.80000000000001,-34.4,-12.8,-7.200000000000001,-5.6,-4.0,-7.200000000000001,-4.800000000000001,-5.6,-5.6,0.0,0.8,0.0,-0.8,0.0,0.8,0.0,-1.6,0.0,-0.8,-0.8,0.0,0.8,-1.6,0.8,0.8,1.6,0.8,-0.8,0.0,0.8,-0.8,0.0,0.0,1.6,0.0,0.0,0.0,0.8,-0.8,-0.8,0.8,1.6,0.0,-0.8,0.8,0.8,0.0,0.8,-0.8,-0.8,-0.8,0.0,0.8,0.8,-0.8,0.0,0.0,-0.8,0.8,0.0,-0.8,0.0,0.0,0.0,0.0,-0.8,-0.8,-0.8,0.8,0.0,-2.4000000000000004,0.0,0.0,-0.8,0.0,-0.8,0.8,0.0,0.0,0.0,0.0,1.6,0.8,-0.8,0.0,-0.8,0.0,-0.8,0.0,0.0,0.0,1.6,-0.8,0.8,0.0,-1.6,0.8,0.0,0.8,-0.8,-1.6,0.8,-0.8,0.0,0.0,1.6,0.8,-0.8,1.6,0.0,2.4000000000000004,1.6,-0.8,1.6,0.0,0.0,1.6,0.0,2.4000000000000004,-0.8,-0.8,1.6,-0.8,-0.8,0.0,1.6,0.0,-0.8,0.8,-1.6,0.8,-0.8,-0.8,0.8,0.0,0.8,0.0,0.0,0.8,0.0,0.8,0.0,-0.8,1.6,0.0,0.8,0.0,0.8,0.8,-0.8,0.8,0.8,0.8,-0.8,0.0,0.0,-1.6,0.0,0.0,0.0,0.0,0.8,0.8,0.0,0.8,0.0,0.0,0.8,-1.6,-0.8,0.0,0.8,0.0,0.8,0.8,0.0,0.0,0.8,0.8,0.0,-0.8,2.4000000000000004,-1.6,0.8,0.0,0.0,0.0,0.0,0.8,0.8,-0.8,0.8,0.0,0.0,0.0,0.8,0.0,-0.8,-0.8,0.8,0.8,1.6,0.8,1.6,-0.8,-0.8,0.0,0.0,2.4000000000000004,0.0,0.0,0.8,0.0,1.6,-0.8,1.6,0.8,0.8,1.6,-0.8,0.8,0.0,0.0,0.8,-0.8,1.6,-1.6,-0.8,0.0,0.0,0.8,0.8,1.6,0.8,-1.6,0.8,0.0,0.0,0.0,-0.8,2.4000000000000004,0.0,0.0,2.4000000000000004,0.0,0.8,0.0,0.0,0.0,0.8,0.8,0.8,0.8,0.0,0.0,0.0,0.0,-0.8,-0.8,0.0,0.0,-0.8,0.8,0.0,0.8,0.0,0.8,-0.8,-0.8,0.8,0.8,-0.8,0.8,0.8,0.8,0.0,0.8,0.8,-0.8,0.8,0.0,-0.8,0.0,0.8,0.0,0.8,-0.8,0.0,0.0,0.0,0.0,0.0,-0.8,0.8,-0.8,0.8,0.8,0.0,0.0,0.0,0.0,0.0,0.8,0.8,0.0,-0.8,0.0,0.0,0.8,0.0,0.0,2.4000000000000004,0.0,-1.6,0.8,0.8,0.8,0.0,0.8,0.0,-0.8,0.0,0.8,0.8,0.8,0.8,0.8,0.0,0.8,-0.8,1.6,0.0,0.0,0.8,-0.8,0.8,0.8,0.0,0.8,0.0,0.0,1.6,0.8,0.8,0.0,1.6,0.8,-0.8,-0.8,0.0,1.6,0.0,0.0,-0.8,-0.8,0.8,-0.8,0.0,0.8,0.0,0.8,-0.8,0.0,0.8,0.0,1.6,0.0,-0.8,0.8,0.8,0.0,-0.8,0.0,0.0,0.8,1.6,0.0,0.0,0.8,0.0,0.8,0.8,0.0,0.0,0.8,0.8,0.0,0.8,0.8,-0.8,0.8,-0.8,0.0,0.0,-0.8,0.8,-0.8,0.8,1.6,0.0,0.0,0.8,0.0,0.0,0.0,0.0,0.0,1.6,1.6,0.8,1.6,0.8,0.0,0.8,0.0,0.8,0.0,0.8,-0.8,0.0,0.8,0.8,0.8,0.0,-0.8,0.8,-0.8,1.6,-0.8,-0.8,1.6,-0.8,0.0,-0.8,0.0,0.8,0.0,1.6,0.0,-0.8,0.8,-0.8,0.8,-0.8,0.0,0.0,-0.8,-0.8,0.8,0.8,0.0,0.8,0.0,0.0,0.8,0.0,-0.8,0.8,0.0,0.8,0.8,0.8,0.0,-0.8,2.4000000000000004,0.0,0.0,0.0,1.6,1.6,0.8,0.0,1.6,0.0,0.8,-1.6,-0.8,0.8,0.0,0.0,0.8,0.0,0.0,0.8,0.0,0.0,0.0,0.0,-0.8,-0.8,0.0,0.0,-0.8,0.0,0.8,0.8,0.0,0.8,0.8,0.0,0.8,0.0,0.0,-0.8,0.8,0.8,1.6,-0.8,0.0,0.8,1.6,0.0,1.6,0.0,-0.8,0.8,-0.8,0.0,0.0,0.0,1.6,0.8,1.6,0.0,0.0,0.8,0.0,0.8,0.0,0.0,0.8,-0.8,0.8,0.0,0.0,0.8,0.0,0.0,-0.8,0.8,0.8,-0.8,0.8,0.0,0.8,0.0,-0.8,1.6,0.8,0.0,1.6,-1.6,0.0,-0.8,1.6,0.0,-1.6,0.8,-1.6,1.6,0.0,0.0,1.6,-0.8,0.0,0.0,0.0,0.0,0.0,1.6,-1.6,0.0,2.4000000000000004,-0.8,0.8,-0.8,0.8,0.8,-0.8,0.8,-0.8,1.6,0.0,0.0,1.6,0.0,0.8,0.0,0.0,0.0,-0.8,0.0,0.8,0.8,0.8,-0.8,2.4000000000000004,0.0,1.6,0.8,0.8,2.4000000000000004,0.0,0.8,0.8,1.6,0.8,0.0,2.4000000000000004,0.8,0.8,0.8,0.0,1.6,0.0,1.6,-0.8,0.0,0.0,0.8,1.6,-0.8,-0.8,0.8,0.0,1.6,-1.6,0.0,0.0,1.6,0.0,-0.8,0.8,0.8,0.0,0.8,0.8,0.0,0.8,0.8,1.6,0.0,0.8,0.8,0.8,0.0,1.6,0.8,-1.6,0.8,0.0,-0.8,2.4000000000000004,0.8,0.0,0.8,0.0,0.8,-0.8,1.6,-0.8,0.0,0.8,-1.6,0.0,0.0,0.0,0.8,-0.8,0.0,0.8,0.8,1.6,-0.8,1.6,0.8,0.0,0.0,-0.8,2.4000000000000004,0.0,0.8,0.8,0.0,0.8,-0.8,0.0,0.8,-1.6,0.0,0.0,0.0,0.0,-1.6,0.0,1.6,0.8,0.0,0.8,1.6,0.0,0.8,0.8,1.6,2.4000000000000004,-0.8,1.6,0.0,0.8,0.0,-0.8,0.0,-0.8,0.0,0.0,0.0,0.0,0.0,0.8,0.8,-0.8,0.0,0.0,-0.8,0.8,-0.8,0.0,0.0,0.8,0.0,0.8,0.8,0.8,0.8,1.6,1.6,0.8,1.6,0.0,0.0,0.8,-0.8,1.6,0.0,0.8,0.8,0.8,0.8,0.8,0.0,-0.8,0.0,0.0,-0.8,0.0,0.8,0.0,0.0,0.0,1.6,-0.8,0.0,-0.8,-0.8,0.0,0.0,0.0,-0.8,-0.8,1.6,-0.8,1.6,0.8,0.0,2.4000000000000004,-0.8,-0.8,0.0,0.0,1.6,-0.8,0.8,0.8,0.0,0.0,-0.8,0.8,0.0,0.0,0.8,-0.8,0.8,-0.8,-0.8,0.8,0.8,0.0,0.8,-0.8,0.0,-0.8,0.8,0.8,1.6,0.8,0.0,1.6,1.6,0.0,0.8,0.0,0.8,-0.8,-0.8,0.0,0.0,0.8,0.8,0.8,0.8,0.0,0.0,0.0,0.0,0.0,0.8,0.0,0.8,-0.8,0.8,-0.8,0.8,0.0,-0.8,0.0,-0.8,0.8,1.6,0.0,0.8,0.0,0.8,0.0,-0.8,1.6,1.6,0.0,0.8,0.8,0.0,0.0,0.8,0.0,0.0,2.4000000000000004,-0.8,0.0,0.8,0.0,0.0,0.0,0.8,-0.8,0.8,1.6,0.0,0.8,0.0,0.8,0.8,1.6,0.0,-0.8,0.8,0.8,-0.8,1.6,0.8,1.6,0.8,0.8,2.4000000000000004,0.0,1.6,0.8,0.8,0.8,-0.8,0.0,0.0,0.0,1.6,-1.6,0.8,0.8,-0.8,0.8,0.0,-1.6,0.8,0.8,0.0,0.8,2.4000000000000004,-0.8,0.8,2.4000000000000004,-0.8,0.8,0.8,0.0,0.8,-0.8,-0.8,0.0,0.0,0.8,-0.8,1.6,0.0,0.8,0.0,0.0,0.0,0.8,0.0,0.0,0.0,1.6,0.0,0.0,0.8,0.0,0.8,0.0,0.8,0.8,0.0,-0.8,0.0,0.0,-0.8,-0.8,0.8,0.0,-0.8,1.6,-0.8,-0.8,1.6,-0.8,1.6,0.0,0.8,0.8,-0.8,0.8,0.0,0.0,0.8,0.0,-0.8,0.0,0.8,1.6,-2.4000000000000004,1.6,1.6,1.6,0.8,-1.6,0.8,0.8,0.8,0.8,-0.8,1.6,0.8,0.0,1.6,0.0,1.6,-1.6,0.8,0.8,-0.8,0.8,0.0,1.6,-0.8,0.8,1.6,0.0,2.4000000000000004,0.8,0.0,0.8,-0.8,0.8,0.0,0.0,2.4000000000000004,0.0,1.6,0.8,1.6,0.8,-1.6,0.8,0.0,0.0,0.8,-0.8,0.8,-0.8,0.8,0.0,0.8,0.0,-0.8,0.8,0.0,0.0,0.8,-0.8,0.8,-0.8,0.0,0.8,0.0,0.8,0.0,0.8,0.0,0.8,0.8,0.0,0.8,0.0,-1.6,0.8,0.0,0.8,0.0,-0.8,0.0,0.0,-0.8,0.0,0.0,0.0,-0.8,0.0,0.0,0.8,0.8,-0.8,-0.8,0.0,-0.8,-1.6,0.8,0.0,0.0,0.0,0.0,0.8,0.0,0.8,0.0,-1.6,0.8,-0.8,-1.6,0.8,-0.8,0.0,0.8,0.0,0.8,0.0,0.8,0.0,0.0,-0.8,0.0,0.0,0.0,0.0,0.0,0.0,1.6,0.0,1.6,1.6,0.0,0.8,-2.4000000000000004,0.8,-0.8,2.4000000000000004,0.8,-0.8,0.8,0.0,0.0,1.6,0.0,1.6,-0.8,0.0,0.8,-0.8,0.0,0.8,0.0,0.8,-0.8,0.8,-0.8,0.8,0.0,0.8,1.6,-1.6,0.8,0.0,0.0,1.6,-1.6,1.6,0.8,-0.8,2.4000000000000004,0.8,0.0,0.0,0.0,0.0,-0.8,0.0,0.0,0.0,-0.8,-0.8,0.8,-1.6,0.8,-0.8,0.0,0.8,-0.8,0.8,0.0,1.6,0.8,-0.8,1.6,-0.8,-1.6,0.0,0.0,1.6,-0.8,0.0,0.8,0.0,0.0,0.8,0.0,0.8,-0.8,0.0,0.8,0.0,0.0,0.0,0.0,0.8,0.0,0.0,0.0,0.0,1.6,0.0,-0.8,0.0,0.8,-0.8,-0.8,0.8,0.0,0.0,0.8,0.0,0.0,-0.8,0.8,0.8,1.6,1.6,0.0,0.8,1.6,-1.6,0.0,-0.8,0.0,0.0,-0.8,0.8,0.0,0.0,1.6,0.0,0.8,-0.8,-0.8,0.0,0.8,0.8,0.8,-0.8,0.8,-0.8,0.8,0.8,0.0,0.0,0.8,0.0,-0.8,1.6,0.0,1.6,1.6,0.0,0.0,-0.8,0.0,0.0,-0.8,0.0,0.0,0.0,-1.6,0.8,0.0,0.0,0.0,-0.8,0.8,0.0,0.0,0.8,-0.8,0.8,-0.8,0.0,0.8,0.8,0.0,-0.8,0.0,0.8,0.0,0.0,0.0,0.8,0.8,-0.8,0.0,-0.8,0.8,0.0,0.8,0.0,0.8,1.6,0.0,0.0,0.8,-0.8,0.0,-0.8,1.6,0.0,0.0,0.0,0.8,0.0,0.8,0.8,0.0,-0.8,-0.8,0.0,-0.8,3.2,0.0,0.0,0.0,0.0,-0.8,1.6,0.8,0.0,0.0,-0.8,0.8,0.8,-0.8,1.6,0.8,0.0,0.8,0.0,0.0,0.0,0.0,1.6,-0.8,1.6,-0.8,-0.8,2.4000000000000004,-0.8,0.8,0.0,-0.8,1.6,0.8,0.8,-0.8,0.0,1.6,0.0,-0.8,-0.8,1.6,0.0,-0.8,0.8,-0.8,0.8,0.0,-0.8,0.0,0.0,0.8,0.0,0.0,0.8,-0.8,-0.8,0.8,-0.8,0.0,0.0,0.8,0.0,-0.8,0.0,1.6,1.6,1.6,0.0,-0.8,0.0,0.8,-0.8,0.0,0.0,0.0,0.8,0.0,1.6,0.0,-0.8,0.8,0.0,-0.8,0.0,-0.8,0.0,0.8,0.0,-0.8,1.6,0.8,0.0,1.6,0.8,0.0,-1.6,0.0,0.0,2.4000000000000004,0.0,0.0,1.6,1.6,-0.8,0.8,0.0,1.6,0.0,0.0,0.0,-0.8,0.8,0.0,1.6,0.8,-0.8,0.8,-2.4000000000000004,0.8,0.0,0.8,0.0,-0.8,0.8,-0.8,-0.8,0.0,-0.8,0.8,0.8,0.0,1.6,-0.8,1.6,-0.8,0.0,0.0,-2.4000000000000004,0.8,-0.8,0.0,0.8,-0.8,0.0,-1.6,0.0,-0.8,0.0,0.8,0.0,1.6,-0.8,0.0,0.0,-0.8,1.6,-0.8,-0.8,0.8,0.0,0.8,-0.8,0.0,0.8,0.0,2.4000000000000004,0.0,0.8,0.8,-0.8,0.0,-0.8,0.0,0.0,-0.8,0.0,1.6,0.0,-0.8,0.0,0.8,-0.8,0.8,0.0,0.0,0.8,0.0,-0.8,0.0,0.0,0.0,0.8,0.0,0.8,0.0,0.8,0.0,2.4000000000000004,0.0,0.0,0.0,1.6,-0.8,1.6,0.0,0.0,-0.8,0.0,0.8,0.8,0.0,0.8,0.0,0.8,-0.8,0.0,0.0,0.0,-0.8,1.6,0.8,1.6,-0.8,0.0,1.6,-0.8,0.8,-0.8,0.0,-0.8,0.8,0.8,-0.8,0.8,0.0,0.8,0.8,0.0,1.6,0.0,0.8,0.8,-1.6,0.8,0.0,0.8,-0.8,-0.8,0.8,0.0,0.8,0.0,0.0,0.8,0.0,0.8,-2.4000000000000004,0.0,1.6,0.0,1.6,-0.8,0.0,1.6,0.8,0.0,-0.8,-0.8,0.8,-1.6,0.8,0.0,0.8,0.0,-0.8,0.8,0.0,0.0,0.8,0.0,0.0,-0.8,2.4000000000000004,0.0,0.0,0.8,0.0,0.8,0.0,0.0,0.0,0.8,0.0,-1.6,1.6,0.0,0.8,0.0,0.8,1.6,1.6,-0.8,1.6,1.6,1.6,-1.6,-0.8,2.4000000000000004,0.0,-1.6,0.8,0.0,0.0,-1.6,0.8,0.8,0.8,-0.8,1.6,0.8,0.8,0.0,-1.6,2.4000000000000004,1.6,-1.6,-1.6,4.0,0.0,-2.4000000000000004,0.8,2.4000000000000004,-0.8,-0.8,-0.8,1.6,-1.6,0.0,1.6,-0.8,1.6,-0.8,0.0,-0.8,0.0,0.0,-0.8,0.8,0.0,-0.8,1.6,0.0,0.0,0.8,-1.6,0.0,-0.8,0.8,0.8,0.0,0.0,-0.8,0.0,1.6,0.0,0.0,0.8,0.8,-1.6,0.0,0.8,0.0,0.8,0.0,0.8,0.8,0.0,0.8,0.0,-0.8,0.0,-0.8,0.8,0.0,0.0,0.0,0.8,-0.8,0.8,0.8,0.8,0.8,0.8,0.0,0.8,1.6,-0.8,1.6,0.8,0.8,-0.8,0.8,0.8,1.6,-0.8,0.0,-0.8,-0.8,1.6,1.6,1.6,0.8,-1.6,-0.8,0.0,-0.8,-0.8,0.8,0.0,0.8,0.0,-1.6,-0.8,2.4000000000000004,0.0,0.0,0.8,-1.6,1.6,0.0,0.0,0.0,-0.8,0.0,-0.8,0.0,0.0,1.6,-1.6,0.8,0.8,-0.8,1.6,0.0,-0.8,0.8,-0.8,1.6,-0.8,0.8,0.8,-0.8,0.8,-0.8,0.0,0.8,0.0,0.8,0.0,0.0,0.8,0.8,1.6,-1.6,-1.6,0.8,0.0,-0.8,-0.8,1.6,0.0,-0.8,1.6,0.8,0.0,0.0,-0.8,1.6,-0.8,0.8,-0.8,0.0,0.8,0.0,1.6,-0.8,-0.8,1.6,-0.8,0.8,0.0,-0.8,0.8,-0.8,2.4000000000000004,-0.8,0.8,1.6,0.0,0.0,0.0,0.8,0.8,-0.8,0.0,-1.6,0.0,0.0,0.8,1.6,0.0,-1.6,-0.8,-0.8,1.6,-0.8,0.8,0.0,0.8,0.0,-0.8,0.8,-0.8,0.8,1.6,0.0,0.0,1.6,1.6,-0.8,0.8,0.8,0.0,0.0,-0.8,1.6,0.0,-1.6,0.8,-1.6,0.0,-0.8,1.6,1.6,0.0,0.8,0.0,0.8,0.8,0.0,0.8,-0.8,-0.8,-1.6,0.0,2.4000000000000004,-0.8,0.8,-0.8,0.8,0.8,0.0,1.6,-0.8,0.8,0.8,-1.6,1.6,0.0,0.0,0.0,0.0,1.6,0.0,0.8,0.0,0.8,0.0,-0.8,0.0,0.0,-0.8,0.0,-1.6,1.6,0.0,0.0,0.8,0.8,1.6,0.0,0.8,1.6,1.6,1.6,0.0,1.6,0.8,-0.8,1.6,-0.8,0.8,-1.6,-0.8,0.8,0.8,0.0,0.0,0.0,0.8,-0.8,0.8,-0.8,0.8,0.8,0.8,1.6,1.6,-0.8,0.8,0.8,0.8,0.8,1.6,1.6,-0.8,0.8,0.8,-0.8,0.8,0.0,0.8,0.0,0.0,1.6,0.8,0.0,-0.8,0.8,0.0,0.0,0.0,0.0,0.0,0.8,0.0,0.0,0.8,1.6,0.8,0.0,-1.6,0.8,1.6,-0.8,1.6,1.6,0.0,1.6,2.4000000000000004,-0.8,-0.8,0.8,0.0,-1.6,0.0,0.0,1.6,1.6,0.0,0.0,1.6,0.0,0.0,0.0,1.6,-0.8,0.8,-0.8,0.8,0.0,0.0,0.0,0.8,0.8,0.0,0.8,0.8,0.0,0.0,0.0,-0.8,1.6,0.0,1.6,0.0,1.6,0.8,0.0,0.8,0.0,0.8,0.8,-0.8,1.6,-0.8,1.6,0.0,-0.8,0.8,0.0,0.8,1.6,0.0,0.8,-0.8,1.6,0.0,0.0,0.8,0.0,0.8,0.8,0.8,-0.8,0.8,0.8,0.8,0.8,0.8,0.0,0.8,0.8,1.6,0.8,-0.8,0.8,0.0,-0.8,0.0,1.6,0.8,-0.8,1.6,2.4000000000000004,-0.8,0.0,0.0,0.8,1.6,-0.8,0.0,0.0,1.6,1.6,0.0,0.8,1.6,0.0,1.6,0.0,0.0,0.8,0.8,0.8,0.0,0.8,0.8,0.8,0.8,0.8,0.8,0.0,0.0,0.8,0.0,0.8,0.0,0.0,1.6,-0.8,0.0,1.6,0.0,1.6,0.0,0.8,0.8,-0.8,1.6,0.0,2.4000000000000004,0.8,0.8,1.6,0.8,0.0,0.0,0.0,0.0,0.0,-0.8,-0.8,0.8,0.0,0.8,1.6,0.8,-0.8,0.0,0.0,1.6,-0.8,0.8,0.0,1.6,0.0,-0.8,1.6,0.8,1.6,0.0,0.0,0.0,0.8,0.8,0.8,0.0,0.8,0.0,-1.6,0.0,0.0,0.8,-0.8,0.8,0.0,-0.8,0.8,0.0,1.6,-0.8,0.0,0.8,0.0,0.8,0.8,0.8,1.6,0.0,-0.8,0.0,2.4000000000000004,0.0,0.8,0.8,0.8,2.4000000000000004,0.8,0.0,0.0,0.8,0.0,-0.8,0.8,1.6,0.8,0.0,0.0,0.8,0.0,0.0,-0.8,0.0,0.8,0.0,0.8,0.8,0.8,0.0,0.0,1.6,0.8,0.8,0.8,0.0,0.8,-0.8,0.0,0.8,0.0,0.0,0.0,0.8,0.8,0.0,0.8,-0.8,1.6,0.0,-1.6,0.8,-0.8,0.0,1.6,-0.8,1.6,-1.6,1.6,-0.8,0.0,0.0,0.8,0.0,0.0,0.0,0.0,-0.8,1.6,-0.8,0.8,1.6,0.0,2.4000000000000004,0.8,0.0,0.8,-1.6,0.8,0.0,0.0,1.6,0.8,0.8,-0.8,-0.8,-0.8,-1.6,0.0,0.0,0.8,0.0,0.8,0.8,0.0,0.0,0.8,0.0,0.8,-1.6,0.8,0.8,0.0,0.8,0.8,1.6,-0.8,0.8,0.0,0.8,1.6,-0.8,-0.8,0.0,0.0,1.6,0.0,0.8,0.0,1.6,0.0,0.0,0.8,0.0,0.0,-0.8,-1.6,0.8,0.0,0.8,0.8,0.8,0.0,0.0,0.8,0.8,-0.8,0.0,0.8,2.4000000000000004,0.0,0.8,0.8,0.8,-0.8,0.0,2.4000000000000004,0.0,0.0,0.8,-0.8,1.6,-0.8,1.6,0.8,0.0,0.8,0.0,0.0,0.8,-0.8,1.6,-1.6,1.6,-0.8,0.8,0.8,0.0,0.8,0.0,0.8,0.8,0.0,1.6,0.0,-0.8,0.0,-0.8,0.8,0.0,0.8,0.8,-0.8,0.8,0.0,-0.8,0.8,0.0,0.8,-0.8,0.8,0.0,0.0,1.6,0.0,0.0,-0.8,0.0,-0.8,-1.6,2.4000000000000004,0.8,-0.8,0.8,-1.6,1.6,3.2,0.0,-1.6,3.2,1.6,-2.4000000000000004,0.8,0.8,-1.6,0.8,0.8,1.6,0.8,-0.8,0.0,1.6,0.8,-1.6,0.0,1.6,0.0,-0.8,-0.8,0.0,0.0,-1.6,0.8,0.8,0.8,-0.8,0.8,0.0,1.6,-0.8,0.0,0.8,0.8,-0.8,0.8
event_105,1625266961.3134198,0.8,0.0,0.0,0.0,-1.6,1.6,0.0,1.6,0.8,0.8,2.4000000000000004,0.8,-0.8,0.8,0.0,0.8,-0.8,0.0,-0.8,0.0,0.8,0.0,1.6,0.0,-0.8,0.8,0.0,0.8,-0.8,1.6,0.8,0.0,0.8,-0.8,0.0,1.6,-0.8,0.0,0.0,-0.8,1.6,0.8,0.8,0.8,0.0,0.0,-0.8,0.0,0.0,1.6,-0.8,0.8,0.0,-0.8,1.6,0.0,0.8,0.0,0.8,1.6,0.0,0.8,0.0,0.0,0.8,0.0,0.0,0.0,1.6,0.8,0.8,1.6,0.0,1.6,0.8,0.0,0.0,0.0,0.0,-1.6,0.8,1.6,0.8,0.8,-0.8,2.4000000000000004,0.0,0.8,0.8,0.8,0.8,-1.6,-0.8,0.8,0.0,0.8,0.0,0.8,0.8,0.0,3.2,0.0,1.6,-21.6,-88.00000000000001,-95.2,-47.199999999999996,-15.2,-8.8,-2.4000000000000004,1.6,-6.4,-4.800000000000001,-3.2,-4.0,-3.2,0.0,0.0,-1.6,0.8,1.6,-0.8,0.8,-1.6,0.8,0.0,-0.8,3.2,0.0,-0.8,0.8,0.0,0.0,-0.8,0.8,0.8,0.0,-0.8,-0.8,1.6,0.8,0.0,0.0,-0.8,0.8,-0.8,-0.8,0.8,0.8,0.0,-0.8,0.0,-0.8,-0.8,0.0,0.0,0.0,0.0,0.0,0.0,0.0,0.0,0.0,0.0,-0.8,-1.6,0.0,0.8,0.0,0.0,0.8,0.0,0.0,0.8,-0.8,0.8,0.8,-0.8,0.0,0.0,0.0,0.8,0.0,0.8,0.8,0.8,0.8,0.8,0.8,0.8,0.0,0.0,-0.8,0.0,0.0,1.6,1.6,2.4000000000000004,0.8,0.8,1.6,0.0,0.8,0.0,0.0,0.8,0.0,0.8,0.8,1.6,0.0,0.0,0.8,0.8,0.0,0.0,-0.8,1.6,0.0,1.6,0.8,-0.8,0.0,-0.8,0.8,1.6,-1.6,1.6,-0.8,0.8,-0.8,0.0,1.6,0.0,0.0,0.0,0.0,1.6,-0.8,1.6,1.6,0.0,0.8,0.8,0.8,0.8,0.0,0.0,-0.8,1.6,-0.8,-0.8,0.8,0.0,1.6,0.0,0.8,1.6,-0.8,2.4000000000000004,0.8,0.0,0.8,-0.8,0.8,0.8,2.4000000000000004,0.8,-0.8,0.8,0.8,0.8,0.8,0.0,0.8,0.8,0.8,0.0,0.0,-0.8,0.8,0.0,0.8,0.8,-0.8,0.0,0.8,0.8,0.8,-0.8,0.0,0.0,0.8,0.8,-0.8,0.8,0.8,0.0,0.0,-0.8,0.8,0.0,0.8,0.0,0.8,0.0,0.0,0.8,0.0,0.0,0.0,-0.8,1.6,-0.8,0.8,0.8,0.0,0.8,0.8,1.6,-0.8,0.0,-0.8,-0.8,1.6,-1.6,0.0,0.8,0.0,0.8,0.0,0.8,0.8,0.0,0.8,-0.8,-1.6,0.0,0.8,0.0,0.0,1.6,0.8,0.0,0.0,0.0,0.8,0.0,0.0,0.8,-1.6,0.8,0.0,0.0,0.8,0.0,0.8,0.8,0.8,0.0,-0.8,1.6,-0.8,-0.8,0.8,1.6,0.8,0.0,0.0,1.6,0.8,1.6,0.0,-0.8,0.8,1.6,0.0,0.8,1.6,0.0,0.8,0.8,0.8,0.8,0.0,0.0,1.6,0.0,0.8,-0.8,0.8,0.8,1.6,0.8,1.6,0.0,0.0,1.6,0.0,0.8,0.0,0.8,0.0,1.6,0.8,0.8,1.6,0.8,0.0,2.4000000000000004,0.0,1.6,0.0,-0.8,0.0,0.8,0.8,1.6,0.8,1.6,-0.8,0.8,0.0,0.8,0.8,0.8,0.0,1.6,0.8,0.0,-0.8,2.4000000000000004,0.8,0.8,0.8,-1.6,0.8,-0.8,-0.8,0.0,0.0,0.8,-0.8,0.0,0.8,0.0,0.8,-0.8,0.0,0.0,-0.8,0.8,0.0,0.0,0.8,0.0,0.0,0.0,0.0,0.8,0.8,0.8,0.0,0.0,0.0,-1.6,0.8,0.8,0.0,0.0,0.0,0.8,0.0,0.8,0.8,-0.8,0.8,0.8,0.8,0.0,-2.4000000000000004,0.0,-0.8,0.8,0.0,0.0,0.8,0.0,0.0,0.0,0.0,0.0,0.0,1.6,0.0,0.0,0.8,0.8,0.8,0.0,0.8,0.8,1.6,0.8,0.0,1.6,0.0,0.0,0.0,0.8,0.0,-0.8,-0.8,0.0,0.8,-0.8,0.8,0.8,0.8,0.8,0.8,0.0,0.8,0.8,1.6,0.0,0.8,0.8,-1.6,1.6,0.0,-0.8,0.8,-0.8,0.8,0.8,0.0,0.0,0.8,0.0,-0.8,0.8,-0.8,0.8,1.6,-1.6,0.8,-0.8,0.0,0.0,0.0,0.8,-1.6,0.8,0.8,-0.8,1.6,0.0,0.0,0.0,0.8,-1.6,-0.8,2.4000000000000004,0.8,0.0,0.8,0.0,1.6,0.8,0.0,0.0,0.0,0.0,-0.8,0.0,0.0,0.0,1.6,-0.8,1.6,0.8,-0.8,0.8,0.0,0.8,0.0,-0.8,1.6,0.8,0.0,0.0,0.8,1.6,0.0,-0.8,0.8,0.0,-0.8,0.0,0.8,1.6,0.8,-0.8,1.6,0.8,0.0,1.6,0.0,0.8,-0.8,0.0,0.0,0.0,0.0,0.8,0.0,0.8,0.0,0.0,-0.8,1.6,0.0,0.8,0.8,0.8,0.0,0.0,0.8,1.6,0.0,1.6,0.0,0.0,1.6,-0.8,-1.6,0.0,0.0,-0.8,0.0,0.0,-0.8,1.6,0.0,-0.8,0.8,0.0,-0.8,0.0,-0.8,0.0,-0.8,1.6,-0.8,0.0,0.8,-0.8,0.8,-0.8,-1.6,1.6,0.0,1.6,0.8,0.0,1.6,0.8,1.6,-0.8,0.0,2.4000000000000004,-0.8,0.8,0.0,0.8,0.0,-0.8,2.4000000000000004,0.0,0.8,0.8,0.0,2.4000000000000004,-0.8,0.0,1.6,0.0,2.4000000000000004,0.0,0.0,1.6,0.0,1.6,0.0,1.6,0.0,-1.6,1.6,0.0,2.4000000000000004,0.0,0.0,0.0,0.8,0.0,0.8,0.0,0.8,-1.6,0.0,-0.8,0.8,0.8,0.8,0.8,0.0,0.8,0.8,-1.6,0.0,-0.8,1.6,0.8,0.8,0.8,0.0,0.8,0.0,0.0,1.6,0.0,0.0,0.8,0.8,0.0,0.8,0.0,-0.8,0.8,0.8,2.4000000000000004,0.8,-0.8,0.0,0.0,0.0,0.0,0.8,0.8,-0.8,1.6,-0.8,-0.8,0.0,0.0,0.0,1.6,-0.8,-1.6,0.0,0.8,0.0,0.0,0.0,0.8,0.8,0.0,0.0,0.0,0.8,0.8,-0.8,0.0,0.8,0.0,0.0,0.0,0.8,0.0,0.0,0.8,0.0,0.0,-0.8,0.0,0.0,0.8,0.8,-0.8,0.8,0.0,0.8,0.8,0.8,1.6,0.0,0.8,0.8,0.8,0.8,-0.8,0.0,0.8,0.0,1.6,0.0,0.8,0.0,-0.8,0.8,0.8,0.8,1.6,1.6,0.0,-1.6,1.6,-0.8,0.8,0.8,0.0,0.0,1.6,-0.8,0.0,0.8,0.8,1.6,0.8,0.8,0.0,1.6,0.0,0.0,0.8,0.0,0.0,0.0,0.0,0.8,0.0,1.6,0.8,-0.8,-0.8,-0.8,0.0,0.0,0.0,0.0,0.0,0.0,0.8,0.8,0.8,0.0,-0.8,0.0,-1.6,1.6,1.6,0.0,0.8,0.8,0.8,0.0,0.0,0.8,0.0,1.6,0.0,0.0,0.0,0.0,0.8,-0.8,-0.8,1.6,-0.8,0.0,0.0,0.0,-0.8,1.6,0.0,-1.6,-0.8,0.8,0.0,1.6,0.8,0.0,0.0,0.0,0.0,0.0,0.8,0.0,0.0,0.8,0.8,1.6,0.0,0.0,1.6,0.0,0.0,0.0,-1.6,0.0,-0.8,2.4000000000000004,-0.8,0.0,0.8,0.0,0.0,0.0,-0.8,0.8,0.0,1.6,0.0,-0.8,0.0,0.0,0.0,-0.8,0.8,0.0,1.6,0.0,0.0,1.6,0.0,0.8,0.0,-0.8,0.8,0.0,0.0,0.0,-0.8,-0.8,-0.8,0.0,0.0,0.8,0.0,0.0,0.0,0.0,1.6,0.0,2.4000000000000004,-0.8,-2.4000000000000004,0.8,0.8,0.0,-0.8,0.0,1.6,-0.8,1.6,0.0,-0.8,0.8,-1.6,0.0,-1.6,0.0,0.8,0.0,0.0,0.0,0.0,0.0,-0.8,0.8,-0.8,-0.8,0.0,-0.8,1.6,0.0,0.8,0.8,0.0,1.6,0.0,-0.8,0.0,-0.8,0.0,0.8,1.6,-0.8,0.0,2.4000000000000004,0.8,0.8,0.0,1.6,1.6,-0.8,0.0,-0.8,-0.8,0.8,0.0,0.8,-0.8,-0.8,0.8,-1.6,1.6,-0.8,1.6,-0.8,0.8,0.0,0.0,0.8,0.8,-1.6,0.8,0.0,-0.8,0.0,0.0,0.8,0.0,1.6,0.0,-0.8,0.0,0.0,0.8,0.0,0.0,0.0,-0.8,0.0,-0.8,0.0,0.0,-0.8,1.6,-0.8,0.0,0.8,-0.8,1.6,-1.6,-0.8,0.0,0.0,0.8,0.0,0.0,0.8,0.0,0.8,-0.8,-1.6,0.8,-0.8,-0.8,0.0,0.0,0.0,0.8,0.0,1.6,0.0,0.0,-0.8,0.0,-0.8,-0.8,-0.8,-0.8,-0.8,0.0,-0.8,1.6,0.0,0.0,0.8,0.0,0.0,-0.8,0.0,0.8,0.0,0.8,0.0,0.0,1.6,-0.8,0.8,0.0,-0.8,0.8,-1.6,0.0,-0.8,0.0,0.8,-0.8,0.8,-2.4000000000000004,0.0,0.0,0.0,0.0,-0.8,0.8,-0.8,-1.6,0.0,-0.8,0.0,-0.8,0.0,0.0,-0.8,1.6,0.0,0.8,0.8,-0.8,0.8,0.0,-0.8,0.8,0.0,0.8,0.0,0.0,-0.8,-1.6,0.8,-0.8,-0.8,0.0,0.0,0.0,-0.8,-0.8,-1.6,0.8,-0.8,-1.6,0.8,0.8,0.8,0.0,-0.8,0.8,0.0,0.8,-0.8,0.0,-0.8,0.0,0.0,0.0,0.0,0.8,0.0,0.0,0.8,0.0,0.0,-0.8,0.0,-0.8,-0.8,0.0,0.0,0.0,-0.8,0.0,0.8,0.0,0.0,0.0,0.0,0.0,0.8,0.8,0.8,1.6,0.0,1.6,0.8,0.8,0.8,0.0,0.0,-0.8,0.0,-0.8,-0.8,1.6,0.0,0.8,0.8,0.8,-0.8,-0.8,1.6,0.0,-0.8,0.0,-0.8,2.4000000000000004,-0.8,-1.6,1.6,-0.8,0.8,-0.8,0.0,-0.8,-0.8,0.8,0.0,0.8,0.8,0.0,0.0,-1.6,0.0,0.0,-1.6,0.8,-0.8,0.0,0.8,0.8,0.8,-0.8,-0.8,0.8,-0.8,0.8,0.8,0.8,0.0,0.0,0.0,-0.8,0.8,0.8,0.0,0.0,0.8,1.6,1.6,-1.6,-0.8,0.8,0.0,0.8,0.0,0.8,0.8,0.8,1.6,0.8,0.8,0.0,0.0,0.8,0.0,-1.6,0.8,-0.8,0.8,0.0,0.8,0.0,0.0,0.8,0.0,0.8,0.0,-0.8,0.8,1.6,1.6,0.0,0.0,1.6,0.0,0.8,0.8,0.0,0.0,-0.8,0.8,0.0,-0.8,0.0,0.8,0.8,-0.8,-0.8,0.0,-0.8,1.6,-1.6,0.8,0.0,0.0,0.0,-0.8,-0.8,0.8,-0.8,0.8,0.0,0.0,1.6,0.8,1.6,0.0,0.0,0.8,-1.6,0.0,0.0,0.8,-0.8,1.6,0.0,-1.6,1.6,0.8,0.8,0.0,-0.8,0.8,-1.6,0.8,0.0,-0.8,1.6,-1.6,0.0,0.8,0.0,0.0,0.0,0.0,1.6,0.8,0.8,0.0,-0.8,0.0,0.0,0.8,0.0,0.8,-0.8,1.6,0.0,-0.8,0.0,-0.8,0.8,0.8,-1.6,-0.8,0.0,0.0,0.0,0.0,0.0,1.6,0.0,0.0,0.8,1.6,0.0,-0.8,0.8,0.0,0.8,0.0,1.6,0.8,2.4000000000000004,-0.8,1.6,1.6,0.0,-0.8,-0.8,1.6,-0.8,0.8,1.6,0.8,0.8,-1.6,0.0,0.0,0.0,0.8,0.8,0.8,0.0,-0.8,0.8,0.0,0.0,-0.8,0.8,2.4000000000000004,-0.8,1.6,1.6,-0.8,0.0,-0.8,1.6,-0.8,0.0,1.6,0.0,0.0,0.0,0.0,0.0,0.0,1.6,0.0,0.0,0.0,-0.8,0.0,0.0,0.8,-0.8,-0.8,0.8,-2.4000000000000004,0.8,1.6,0.8,0.8,0.0,2.4000000000000004,-0.8,0.8,0.8,0.0,1.6,-0.8,-0.8,0.8,0.0,1.6,0.0,0.0,0.0,0.0,-0.8,0.0,0.0,0.0,-0.8,0.0,0.0,0.0,0.0,-0.8,1.6,0.8,-0.8,0.8,-0.8,0.0,-0.8,0.8,0.0,0.8,0.0,0.8,0.8,1.6,-0.8,0.8,0.0,0.8,-0.8,0.0,-0.8,-0.8,0.8,0.8,0.8,0.0,0.0,-0.8,0.0,0.8,0.0,1.6,0.8,0.0,0.0,0.0,0.8,0.0,-0.8,0.0,0.0,0.8,0.8,1.6,-1.6,0.8,1.6,0.8,0.0,-0.8,-0.8,0.8,-1.6,1.6,0.0,0.0,0.0,0.0,1.6,0.0,0.8,0.8,-1.6,0.8,-0.8,0.8,0.8,0.0,0.0,-0.8,1.6,0.0,-0.8,1.6,0.0,1.6,0.8,-0.8,1.6,-1.6,1.6,0.0,0.0,0.0,0.0,2.4000000000000004,-0.8,0.8,1.6,0.0,0.8,0.8,1.6,-0.8,-0.8,2.4000000000000004,-0.8,0.0,1.6,0.0,0.8,-0.8,0.8,0.0,0.8,0.0,0.0,1.6,1.6,0.0,0.8,1.6,1.6,0.0,0.8,1.6,0.8,0.0,-0.8,0.0,0.0,-0.8,0.8,0.8,0.0,0.0,-0.8,1.6,1.6,-1.6,-0.8,3.2,0.8,-1.6,1.6,3.2,0.0,-0.8,1.6,0.8,-0.8,0.0,0.8,0.0,-0.8,0.0,0.8,0.0,-0.8,0.0,1.6,0.8,0.0,-0.8,-0.8,1.6,0.0,0.8,0.0,-0.8,0.8,-1.6,0.8,0.8,-1.6,0.8,0.0,-1.6,0.8,0.8,0.8,0.8,0.0,1.6,0.0,1.6,0.0,0.8,0.8,0.0,0.0,-0.8,0.8,1.6,-0.8,0.8,0.8,0.0,0.0,0.0,1.6,-0.8,0.0,0.8,-0.8,0.8,0.0,0.8,1.6,-0.8,0.0,0.8,0.8,0.8,0.8,1.6,0.0,1.6,0.0,0.8,1.6,0.8,0.8,0.0,0.0,1.6,-0.8,0.0,0.8,0.8,0.8,0.0,0.0,2.4000000000000004,0.0,0.8,0.0,0.0,-0.8,-0.8,0.0,0.0,-1.6,-0.8,-0.8,1.6,0.0,0.0,0.8,-0.8,1.6,0.8,0.8,0.8,0.0,-0.8,0.0,0.8,0.8,0.8,-0.8,0.8,0.8,-0.8,0.8,0.8,0.0,0.0,0.8,-0.8,0.8,1.6,0.0,0.0,-0.8,-0.8,-1.6,0.8,0.0,0.0,0.8,-0.8,0.8,0.0,0.0,0.0,-2.4000000000000004,1.6,-0.8,0.0,0.8,0.0,1.6,0.0,0.8,0.8,-0.8,0.8,0.8,0.0,-0.8,-0.8,0.8,-0.8,0.0,0.8,0.0,1.6,0.0,0.8,0.0,-0.8,0.0,-1.6,0.8,-0.8,0.8,0.8,-0.8,0.8,0.8,0.0,1.6,-0.8,0.8,0.0,0.0,0.8,-0.8,0.8,0.0,0.0,0.8,-0.8,0.8,0.0,0.8,0.0,0.8,0.8,0.0,0.0,0.0,0.8,0.8,0.0,0.8,0.0,0.8,1.6,0.8,0.0,1.6,0.8,-0.8,0.8,0.0,0.8,0.8,-0.8,0.8,-0.8,-1.6,0.0,0.0,0.0,-0.8,0.0,0.8,-1.6,0.8,0.0,-0.8,0.0,-0.8,0.0,-0.8,1.6,0.8,-0.8,1.6,-0.8,0.8,0.0,0.0,0.0,0.0,0.8,-0.8,0.0,0.8,-0.8,0.0,-0.8,1.6,0.8,0.0,1.6,0.0,0.8,0.0,0.0,1.6,-0.8,0.0,0.0,0.0,1.6,0.0,1.6,0.8,-0.8,0.0,0.0,0.0,0.0,-0.8,1.6,0.0,2.4000000000000004,-0.8,-0.8,0.8,-0.8,0.0,0.0,0.0,0.8,0.0,2.4000000000000004,0.8,0.8,0.0,-0.8,1.6,0.0,0.0,0.8,0.0,0.8,0.0,0.0,0.0,0.0,0.0,0.0,0.8,0.0,0.0,0.8,0.0,0.0,0.8,-0.8,-0.8,-0.8,1.6,0.0,-0.8,0.0,-0.8,-0.8,0.0,1.6,0.0,0.0,1.6,1.6,-2.4000000000000004,0.8,1.6,-1.6,1.6,0.0,-2.4000000000000004,0.0,0.8,0.0,0.0,-0.8,0.8,0.0,0.8,-0.8,0.0,1.6,-0.8,0.0,0.8,0.8,0.8,0.0,0.8,0.8,0.8,0.0,0.8,1.6,0.0,0.0,0.0,0.0,0.0,0.0,0.0,0.8,-1.6,0.8,0.0,1.6,0.0,-0.8,1.6,0.0,2.4000000000000004,0.8,0.0,0.8,0.0,0.8,1.6,1.6,0.8,-1.6,0.8,-0.8,0.8,0.8,0.0,1.6,0.0,0.0,0.8,-0.8,1.6,-1.6,0.8,0.8,0.8,0.8,-1.6,1.6,0.0,0.0,0.8,0.8,0.8,1.6,0.8,0.8,0.0,1.6,0.8,-0.8,0.0,0.8,0.8,0.0,0.8,0.0,0.0,0.0,0.8,0.0,0.0,0.0,0.8,0.0,0.0,0.8,-0.8,0.8,-0.8,0.0,-0.8,1.6,0.8,0.0,1.6,1.6,0.8,0.8,0.0,-0.8,1.6,0.8,-0.8,-0.8,0.0,0.8,0.0,1.6,1.6,0.0,0.0,0.0,1.6,-0.8,-0.8,0.8,0.8,0.0,0.8,-0.8,0.8,0.0,2.4000000000000004,1.6,0.0,0.8,0.0,0.0,0.0,0.8,1.6,1.6,1.6,1.6,0.0,1.6,-0.8,0.0,0.0,-0.8,0.0,-1.6,0.0,0.8,0.0,0.8,-0.8,0.8,-0.8,0.8,0.8,-0.8,1.6,1.6,0.0,0.8,0.0,0.8,-0.8,0.8,1.6,0.0,2.4000000000000004,1.6,0.0,0.8,0.8,0.0,0.0,0.0,0.0,0.8,0.0,0.0,-0.8,-0.8,0.0,-0.8,0.8,0.8,0.8,0.8,0.0,1.6,0.0,0.0,0.8,-0.8,-0.8,-0.8,0.8,0.0,0.0,-0.8,0.0,0.8,0.0,0.0,-1.6,0.8,0.0,0.0,0.0,0.0,0.0,0.8,0.0,0.8,0.0,0.0,0.8,0.8,-0.8,-0.8,0.0,0.0,-0.8,0.8,0.8,0.8,0.8,-0.8,0.8,0.8,0.8,0.0,0.0,0.8,2.4000000000000004,0.0,0.0,1.6,1.6,-0.8,0.8,0.0,0.8,0.8,0.0,0.0,1.6,0.0,1.6,-0.8,1.6,0.8,-0.8,0.8,0.0,0.0,0.8,0.0,1.6,-0.8,0.8,0.8,0.0,1.6,0.0,0.8,0.0,0.0,0.8,-0.8,0.0,0.8,-0.8,0.0,-0.8,3.2,0.0,-0.8,0.8,-0.8,-0.8,0.0,1.6,0.0,0.8,0.8,-0.8,0.0,0.8,0.0,0.8,0.0,0.0,-0.8,0.0,0.0,0.8,0.0,0.0,0.8,0.8,0.8,0.8,-1.6,0.0,0.0,0.0,0.0,0.0,0.8,0.0,0.0,0.0,0.0,0.8,0.0,1.6,0.0,0.0,0.8,-0.8,1.6,0.0,0.0,0.8,0.0,1.6,0.8,0.8,-0.8,0.0,1.6,-0.8,1.6,-0.8,0.8,0.8,0.8,0.8,0.0,0.8,2.4000000000000004,-1.6,0.8,0.0,-0.8,0.0,0.8,1.6,0.0,0.0,0.0,-0.8,1.6,-0.8,0.8,0.0,0.0,1.6,-1.6,0.8,0.0,0.8,0.8,0.0,0.8,0.8,0.8,1.6,-0.8,1.6,0.0,0.8,0.0,0.8,1.6,0.0,0.0,0.0,-0.8,0.8,0.0,0.8,0.0,0.8,0.8,-0.8,0.8,0.0,-0.8,0.0,-1.6,1.6,-1.6,-1.6,2.4000000000000004,-0.8,-0.8,1.6,0.8,0.8,-0.8,0.0,0.0,1.6,0.0,0.0,2.4000000000000004,0.8,-0.8,1.6,1.6,1.6,0.0,1.6,1.6,0.0,-0.8,0.8,2.4000000000000004,0.8,-0.8,0.0,2.4000000000000004,-0.8,0.0,0.8,0.8,0.0,-0.8,0.8,0.8,1.6,-0.8,0.8,0.8,0.8,-1.6,1.6,0.8,0.0,0.0,-0.8,0.0,1.6,0.0,2.4000000000000004,0.8,0.0,-0.8,-0.8,0.0,0.8,0.8,0.8,0.8,0.8,0.0,0.0,-1.6,1.6,0.8,0.0,0.8,-2.4000000000000004,2.4000000000000004,0.8,0.0,0.8,0.0,0.8,-0.8,-1.6,1.6,0.8,0.0,0.8,0.0,0.0,-0.8,0.8,-0.8,-0.8,2.4000000000000004,-0.8,0.8,0.8,1.6,0.0,0.0,0.8,-0.8,0.0,0.8,-0.8,1.6,0.0,0.8,0.8,0.8,0.0,-1.6,1.6,0.0,-0.8,0.8,0.0,0.8,-0.8,0.0,1.6,-0.8,0.0,-0.8,1.6,0.0,-0.8,0.8,0.0,0.8,0.8,0.0,0.8,-0.8,0.8,0.8,0.0,0.8,0.0,-0.8,0.0,1.6,0.0,0.0,0.8,0.8,-0.8,0.0,0.0,-0.8,0.0,0.0,0.0,0.8,0.8,0.8,0.0,0.0,-0.8
event_106,1625266965.6276665,0.8,0.0,-0.8,0.0,0.0,0.8,0.0,0.0,0.0,0.8,0.0,0.8,1.6,1.6,0.8,0.0,0.8,0.8,0.8,1.6,0.0,0.0,0.0,0.0,0.8,0.0,0.8,-1.6,0.8,0.0,-1.6,0.8,0.0,0.8,0.0,0.0,1.6,0.8,2.4000000000000004,0.0,0.0,1.6,0.8,1.6,-0.8,0.8,0.0,-0.8,1.6,0.8,0.0,0.8,-0.8,1.6,-0.8,0.0,1.6,0.0,0.0,0.0,0.0,1.6,0.0,1.6,0.8,0.8,0.8,-0.8,2.4000000000000004,0.8,1.6,0.8,0.0,1.6,0.0,0.0,1.6,0.0,3.2,-0.8,0.0,0.8,0.8,0.8,0.0,0.8,0.8,-0.8,0.8,-0.8,0.8,0.0,0.0,0.0,0.0,0.0,-0.8,0.0,1.6,0.0,1.6,0.8,-4.800000000000001,-22.4,-35.2,-24.800000000000004,-9.600000000000001,-4.0,-0.8,-0.8,-0.8,-0.8,-1.6,-3.2,-1.6,-0.8,-0.8,0.0,0.8,-0.8,0.0,-0.8,0.0,0.0,0.0,1.6,1.6,0.0,-0.8,-0.8,-0.8,0.8,0.8,0.8,0.8,0.8,0.0,0.0,0.8,0.0,1.6,1.6,-0.8,0.8,0.0,0.0,-0.8,0.0,0.8,0.0,0.0,0.0,0.0,0.0,0.0,0.8,0.8,0.8,0.0,0.0,1.6,0.8,0.8,1.6,-0.8,0.8,0.0,0.0,0.8,0.8,0.8,1.6,0.8,1.6,-0.8,1.6,0.0,0.8,1.6,-0.8,0.8,0.0,0.8,0.8,1.6,0.8,-1.6,0.0,0.8,0.8,0.0,0.8,1.6,0.0,-1.6,1.6,0.0,0.0,0.0,-0.8,0.8,0.0,0.8,1.6,-0.8,0.8,0.8,0.8,0.8,0.0,1.6,0.8,-1.6,0.8,0.0,-0.8,0.8,0.0,0.0,0.0,0.0,0.0,0.0,1.6,0.8,0.0,0.8,-0.8,0.8,-0.8,0.8,1.6,0.8,0.8,0.8,0.0,1.6,0.0,0.0,0.0,0.0,-0.8,0.8,0.8,-0.8,0.8,0.0,1.6,0.0,-0.8,1.6,0.8,-0.8,0.8,-0.8,-0.8,0.8,0.8,0.0,0.0,0.8,-0.8,1.6,0.0,-0.8,0.8,0.0,0.8,0.8,-0.8,0.8,0.0,1.6,0.0,0.8,0.8,-1.6,0.8,-0.8,0.0,0.0,-0.8,0.8,0.0,0.0,-0.8,-0.8,0.0,0.0,-0.8,1.6,-1.6,1.6,0.0,-0.8,0.0,0.0,-0.8,0.0,0.0,0.0,0.0,0.0,-0.8,0.8,0.0,0.0,0.0,-1.6,0.0,0.8,0.0,0.0,-0.8,0.0,0.8,-0.8,0.8,0.8,0.0,0.8,-0.8,0.8,0.8,-0.8,0.8,-1.6,-0.8,0.0,0.8,0.8,0.8,0.8,0.8,-0.8,0.0,0.0,-0.8,1.6,-1.6,0.8,0.0,0.8,0.8,0.8,0.0,1.6,0.0,0.8,0.0,0.8,0.0,0.0,-0.8,-0.8,0.8,0.0,0.8,0.8,0.0,0.0,1.6,0.8,0.0,0.0,0.8,0.0,1.6,0.8,0.0,1.6,0.8,0.8,0.8,-0.8,2.4000000000000004,0.0,0.8,-1.6,-0.8,0.0,0.0,0.8,-0.8,-1.6,1.6,-0.8,1.6,-1.6,-0.8,1.6,0.0,0.0,-1.6,0.0,0.0,-0.8,0.8,-0.8,0.0,1.6,-0.8,0.8,0.0,0.0,0.0,-0.8,0.0,-0.8,1.6,0.0,0.0,0.0,-1.6,0.8,-0.8,-0.8,-0.8,-0.8,0.0,-0.8,-0.8,0.8,-2.4000000000000004,0.8,-0.8,0.0,0.0,0.0,1.6,-0.8,-0.8,0.0,0.0,-0.8,0.0,0.8,0.8,0.8,0.0,0.0,0.8,0.0,0.0,0.8,0.0,0.0,0.0,-0.8,0.8,0.0,-1.6,0.0,0.0,0.8,-1.6,0.0,1.6,0.0,-0.8,0.8,-0.8,0.0,-0.8,0.0,0.0,0.8,0.0,-0.8,1.6,1.6,-0.8,1.6,-0.8,0.8,0.0,-1.6,0.0,0.0,0.8,1.6,0.0,1.6,-0.8,0.0,0.0,-0.8,0.0,0.0,0.0,1.6,-0.8,0.8,0.0,1.6,0.0,-0.8,0.0,-0.8,0.8,0.0,0.0,0.0,0.0,0.0,0.0,0.0,0.8,0.0,0.0,0.8,0.0,1.6,-0.8,2.4000000000000004,0.8,-0.8,0.0,-0.8,0.8,0.0,0.8,0.8,0.8,0.0,-1.6,0.0,0.8,0.0,0.8,0.0,0.8,1.6,1.6,-0.8,-0.8,1.6,0.0,0.0,1.6,0.8,1.6,0.8,-0.8,2.4000000000000004,0.0,0.0,0.8,0.8,0.0,-0.8,-0.8,0.0,-0.8,0.0,0.0,1.6,-0.8,0.8,0.8,0.0,0.8,-0.8,0.8,-0.8,1.6,0.8,0.0,0.8,1.6,-0.8,0.8,0.0,0.0,0.0,0.0,-0.8,0.0,0.8,0.8,0.0,0.0,-0.8,-0.8,0.0,0.0,-1.6,0.8,0.0,1.6,0.0,0.8,0.8,0.8,0.0,0.8,1.6,0.0,0.8,0.8,0.0,-0.8,0.0,0.0,0.0,0.0,0.8,1.6,-0.8,0.8,0.0,-0.8,0.8,0.0,0.0,-0.8,1.6,0.0,-0.8,0.8,-0.8,0.0,0.0,-0.8,0.0,0.0,1.6,0.0,-0.8,0.8,0.8,1.6,0.0,0.0,0.0,0.8,0.0,0.0,0.0,0.0,0.0,1.6,-0.8,0.0,0.8,0.8,0.8,0.8,-2.4000000000000004,1.6,1.6,-2.4000000000000004,-1.6,2.4000000000000004,0.0,0.0,0.8,0.8,0.0,0.0,0.8,0.0,1.6,0.0,1.6,0.0,0.0,0.0,1.6,0.0,0.0,-0.8,0.8,0.0,0.8,0.0,0.8,0.8,0.8,1.6,0.8,0.0,0.0,-0.8,1.6,-0.8,0.8,0.8,0.0,0.0,-0.8,-0.8,0.8,0.0,1.6,0.0,0.8,0.8,-0.8,0.8,0.0,0.8,1.6,0.0,0.8,0.8,1.6,0.0,0.0,-0.8,-1.6,0.8,0.0,0.0,0.0,-0.8,1.6,-0.8,0.8,1.6,-0.8,0.8,0.0,-0.8,0.0,1.6,0.8,-0.8,1.6,0.8,0.0,2.4000000000000004,0.8,-0.8,0.8,0.0,0.0,0.0,1.6,0.0,-0.8,1.6,0.0,0.0,0.0,-0.8,1.6,-1.6,-0.8,0.0,0.0,0.8,-0.8,0.8,1.6,-0.8,0.8,0.8,-0.8,-0.8,-1.6,0.0,0.8,0.8,0.0,1.6,0.8,0.8,0.0,0.8,0.8,0.8,-0.8,0.0,-0.8,0.0,0.8,0.8,0.0,0.8,1.6,0.0,-0.8,0.0,0.0,0.8,-0.8,0.8,-0.8,-0.8,0.8,0.8,0.8,0.8,-0.8,-0.8,0.8,0.8,-0.8,0.8,0.8,1.6,0.0,-0.8,0.8,0.8,0.0,1.6,0.8,-0.8,-0.8,1.6,0.0,-0.8,1.6,-0.8,0.8,0.0,0.0,0.8,0.0,0.8,-0.8,0.0,2.4000000000000004,0.8,0.0,0.0,0.8,0.8,0.8,0.8,-0.8,0.0,0.0,-0.8,1.6,0.0,0.8,0.0,-0.8,1.6,-0.8,0.8,0.8,0.0,0.0,-1.6,0.8,0.0,0.8,0.8,-0.8,1.6,0.8,-0.8,1.6,0.0,1.6,-0.8,0.8,0.8,0.0,1.6,0.0,1.6,1.6,-0.8,1.6,-0.8,0.0,-0.8,-0.8,0.8,-1.6,0.0,0.8,0.0,0.8,0.0,0.8,-0.8,0.8,0.0,0.8,0.8,0.8,0.0,0.8,0.0,0.8,0.0,0.8,1.6,0.0,0.8,0.8,0.0,0.0,0.0,0.0,-0.8,0.0,0.8,-0.8,-1.6,-0.8,-0.8,0.0,0.0,0.0,0.8,0.0,0.8,0.8,0.0,0.8,0.0,0.0,0.8,-0.8,0.0,-0.8,0.8,0.8,-0.8,0.8,1.6,1.6,0.8,0.0,0.0,0.0,0.0,-0.8,0.0,0.8,0.0,0.0,0.0,0.8,0.0,0.0,1.6,0.0,0.0,0.0,0.8,0.0,0.0,0.0,0.0,1.6,0.0,0.0,1.6,0.8,0.8,0.8,1.6,0.8,0.0,-0.8,0.0,0.8,0.8,0.0,0.0,0.8,0.0,0.0,0.8,-1.6,0.0,-0.8,0.8,0.0,0.8,0.8,0.0,0.0,-0.8,-0.8,1.6,0.0,0.8,-0.8,0.0,0.8,0.8,0.8,0.0,0.8,-0.8,0.8,0.8,0.0,0.0,0.8,0.0,0.0,-0.8,0.8,0.8,-0.8,0.8,0.0,-0.8,0.0,-0.8,0.8,-0.8,0.0,0.0,0.0,0.0,0.8,0.8,0.0,-0.8,-0.8,0.8,1.6,0.8,0.8,1.6,0.0,0.8,0.8,-0.8,-0.8,0.8,-0.8,0.0,0.0,0.8,0.8,0.0,0.8,0.8,0.0,0.0,0.0,0.0,-1.6,0.8,0.8,0.0,1.6,0.0,0.8,0.8,0.8,0.8,0.8,0.8,0.0,-1.6,1.6,0.0,2.4000000000000004,0.0,0.8,1.6,0.0,0.8,1.6,0.8,0.0,0.0,0.8,-1.6,1.6,0.8,0.8,0.0,0.0,0.8,1.6,0.8,0.0,0.0,1.6,0.8,0.8,0.8,-0.8,1.6,0.8,-0.8,1.6,0.0,1.6,0.8,1.6,0.8,0.0,0.8,0.0,-0.8,-0.8,0.8,0.8,-0.8,0.8,0.0,-0.8,0.0,0.0,0.8,1.6,0.8,0.8,-0.8,1.6,0.8,-1.6,0.8,0.0,-1.6,-1.6,0.8,0.8,-0.8,-0.8,0.8,0.0,-0.8,0.8,0.0,0.8,-0.8,0.0,1.6,0.0,0.8,0.8,-0.8,1.6,0.0,-0.8,0.8,0.0,0.0,0.0,0.0,0.0,0.0,0.8,-0.8,1.6,0.0,0.0,0.8,0.0,0.0,0.0,1.6,0.8,0.0,2.4000000000000004,0.0,0.8,1.6,-1.6,0.8,0.8,1.6,0.8,0.0,0.8,0.0,0.8,0.8,0.8,0.8,-0.8,1.6,-0.8,0.8,0.8,-0.8,0.8,0.8,0.0,0.8,0.0,0.8,0.8,0.8,1.6,0.0,1.6,0.0,1.6,0.8,0.8,1.6,-0.8,-0.8,0.8,0.0,0.8,-0.8,0.8,0.0,-0.8,0.8,-0.8,0.0,-0.8,0.0,0.8,0.0,0.0,-1.6,0.8,0.0,-0.8,0.8,0.0,0.8,0.0,-0.8,2.4000000000000004,0.0,0.8,0.0,0.0,1.6,-0.8,0.8,0.0,0.0,0.8,0.0,0.8,0.8,0.8,0.8,0.8,0.0,0.8,-0.8,-0.8,0.8,0.0,0.0,0.0,0.0,0.0,0.0,0.0,0.8,0.0,-0.8,1.6,0.8,2.4000000000000004,0.8,0.0,0.0,0.0,0.8,0.0,0.8,0.0,0.0,-0.8,0.0,0.8,-0.8,1.6,0.8,0.0,0.0,0.8,0.8,1.6,-0.8,0.8,-0.8,0.8,-0.8,0.8,1.6,-0.8,1.6,-0.8,0.0,0.8,0.8,0.8,-1.6,0.8,0.8,-0.8,0.8,-1.6,1.6,0.0,-0.8,1.6,-0.8,0.8,0.8,0.8,0.0,-0.8,1.6,0.0,-0.8,0.8,0.0,0.8,0.8,0.0,0.8,-0.8,1.6,0.0,0.0,0.8,1.6,2.4000000000000004,0.0,0.0,0.0,0.0,0.0,-1.6,-0.8,0.8,0.8,0.8,0.8,0.8,-0.8,0.0,0.8,1.6,0.0,-0.8,-0.8,0.0,-0.8,0.0,1.6,0.0,0.8,0.8,0.8,0.0,0.0,0.0,0.8,0.8,1.6,-1.6,0.8,0.8,1.6,0.0,0.0,0.0,1.6,0.0,0.0,0.8,0.0,0.0,0.8,0.8,1.6,0.0,1.6,0.0,0.8,-0.8,0.0,0.0,0.0,0.8,0.0,0.8,-1.6,0.8,1.6,-0.8,0.8,2.4000000000000004,0.0,0.0,0.8,0.0,0.0,0.0,0.8,0.0,2.4000000000000004,0.8,0.0,0.0,0.0,0.8,-0.8,0.8,0.8,0.8,0.0,0.0,1.6,0.8,-1.6,1.6,-0.8,-0.8,0.0,0.0,1.6,-0.8,-0.8,0.8,0.8,0.8,-0.8,-0.8,0.8,0.0,0.0,0.0,0.8,0.0,0.0,0.8,0.8,0.8,0.0,0.8,0.8,0.0,0.8,0.0,0.0,0.8,-0.8,0.8,1.6,0.8,0.8,1.6,0.8,-0.8,0.0,0.0,0.8,2.4000000000000004,0.0,0.0,0.8,1.6,0.0,0.8,-0.8,0.8,-0.8,-1.6,0.8,0.0,-0.8,0.8,0.8,0.8,0.8,0.0,-1.6,0.0,0.8,0.8,0.0,1.6,0.0,0.0,0.0,-0.8,1.6,-0.8,0.0,-0.8,0.0,-0.8,0.0,0.8,-0.8,0.8,-0.8,0.8,0.8,0.0,0.0,0.0,-0.8,-0.8,0.0,0.8,-0.8,0.8,0.0,0.0,0.0,0.8,0.8,-0.8,0.8,0.0,-1.6,0.8,1.6,0.0,0.8,0.0,1.6,0.0,0.8,0.8,-0.8,0.8,0.0,-1.6,-0.8,0.0,1.6,0.0,0.8,0.0,0.0,0.8,0.0,1.6,-0.8,0.0,0.0,-0.8,1.6,-0.8,0.0,1.6,0.8,0.8,0.0,0.8,0.0,-0.8,1.6,0.0,0.8,0.8,1.6,1.6,1.6,0.0,0.8,0.0,0.8,-0.8,0.0,0.8,0.8,0.0,2.4000000000000004,0.8,0.8,0.8,1.6,0.0,0.8,0.0,0.8,-0.8,0.8,-0.8,0.0,0.8,0.0,0.8,0.0,0.8,0.0,0.8,0.8,0.0,0.8,1.6,-0.8,0.0,0.0,0.8,1.6,0.0,0.0,0.0,0.8,0.0,0.0,0.8,-0.8,1.6,0.0,0.8,1.6,0.0,0.8,0.8,-0.8,0.0,-0.8,1.6,0.8,0.0,1.6,-0.8,1.6,0.8,0.0,0.0,0.0,1.6,-0.8,0.8,0.8,-0.8,0.8,0.8,1.6,0.0,0.0,0.8,0.0,0.0,0.0,0.0,2.4000000000000004,-0.8,0.0,-0.8,1.6,0.0,0.0,1.6,0.0,0.0,0.0,-0.8,0.8,0.8,0.0,1.6,0.8,1.6,-0.8,1.6,0.8,0.0,0.8,0.0,0.8,0.8,-0.8,2.4000000000000004,0.0,0.0,-0.8,-0.8,0.8,0.0,0.0,1.6,-0.8,1.6,0.8,-0.8,0.0,0.8,0.8,0.0,0.8,-1.6,2.4000000000000004,0.8,0.0,0.8,0.0,0.0,-0.8,0.8,0.8,0.8,-0.8,0.0,-0.8,-0.8,0.8,0.0,0.0,0.0,0.8,0.0,-1.6,0.8,0.8,-1.6,0.0,0.0,-0.8,0.8,0.8,0.0,0.8,0.8,1.6,0.8,1.6,-0.8,-2.4000000000000004,1.6,0.8,0.0,-1.6,0.8,0.8,0.8,1.6,0.0,0.0,0.0,0.8,2.4000000000000004,0.0,0.8,-0.8,0.0,0.0,-0.8,0.8,0.0,0.8,0.8,0.0,2.4000000000000004,1.6,0.0,0.0,-0.8,2.4000000000000004,0.0,0.8,1.6,0.0,0.0,0.8,0.8,0.0,-0.8,0.8,0.8,0.0,0.0,0.8,0.0,0.0,-0.8,0.0,-0.8,0.8,0.0,1.6,0.0,0.0,0.8,0.0,1.6,0.8,0.8,1.6,-0.8,0.0,1.6,0.8,-0.8,0.8,0.0,0.8,-0.8,0.8,-0.8,0.8,0.8,1.6,0.0,-0.8,0.0,0.0,0.8,0.8,0.8,0.8,0.0,0.8,0.8,-0.8,0.8,-0.8,-1.6,0.8,0.8,0.8,0.0,0.0,0.8,0.0,1.6,-0.8,0.8,0.8,0.0,0.0,0.8,0.0,1.6,-0.8,0.8,0.8,0.0,0.0,0.0,0.8,-0.8,0.0,0.8,0.0,0.8,-0.8,0.0,1.6,-0.8,0.0,0.0,0.8,1.6,-0.8,0.8,1.6,0.0,1.6,0.0,2.4000000000000004,0.8,0.0,0.8,0.0,1.6,-0.8,0.0,0.0,0.8,1.6,0.0,0.8,0.8,-0.8,0.0,-0.8,1.6,0.8,0.8,1.6,0.8,0.8,0.8,0.0,1.6,0.0,0.8,0.8,0.0,0.8,0.8,0.0,-0.8,1.6,0.8,0.0,0.0,1.6,0.8,-0.8,0.0,0.8,-0.8,0.8,-0.8,0.0,0.8,0.8,0.8,0.0,0.8,0.8,0.8,0.0,-0.8,-0.8,0.8,1.6,0.0,0.0,0.8,0.8,0.8,0.8,0.0,0.0,0.8,0.0,0.0,0.0,0.8,0.8,0.0,0.8,0.8,0.0,0.8,0.8,-0.8,-0.8,-0.8,-0.8,0.8,0.0,1.6,0.0,1.6,0.0,-0.8,0.0,0.0,0.8,0.0,-0.8,0.8,0.0,0.0,1.6,0.0,1.6,0.0,0.8,0.8,0.0,0.0,-0.8,-0.8,0.0,0.0,2.4000000000000004,0.0,0.0,0.0,0.0,1.6,0.0,-0.8,0.8,-1.6,1.6,-0.8,0.0,0.0,0.8,0.8,0.0,0.8,-0.8,0.8,0.0,0.0,1.6,0.0,0.8,0.0,-0.8,2.4000000000000004,0.0,0.8,0.8,0.0,0.8,0.8,0.8,-0.8,0.8,0.8,0.0,1.6,0.8,0.0,-0.8,0.8,0.0,-0.8,0.0,1.6,0.8,0.8,0.0,0.8,0.8,0.8,0.8,-0.8,1.6,0.0,-0.8,0.0,0.0,0.8,0.8,1.6,1.6,0.0,0.0,0.0,1.6,0.0,0.0,0.0,0.0,0.8,-0.8,0.0,0.8,0.8,1.6,0.0,0.8,1.6,-1.6,0.8,0.0,1.6,0.8,0.0,1.6,-0.8,0.0,0.8,0.0,0.8,-0.8,-0.8,-0.8,0.0,0.8,0.8,1.6,0.0,-0.8,0.0,-0.8,0.8,-1.6,1.6,0.0,0.0,1.6,-1.6,0.8,0.8,0.0,0.8,-1.6,0.0,0.0,0.8,0.8,0.0,0.8,-0.8,0.0,0.8,-0.8,1.6,-0.8,0.0,0.0,-0.8,0.8,-0.8,0.8,0.0,-0.8,2.4000000000000004,-0.8,0.8,0.8,-0.8,1.6,-1.6,-0.8,0.0,1.6,0.8,-0.8,0.8,0.8,1.6,0.8,-1.6,0.8,0.0,-0.8,0.0,0.8,1.6,0.0,0.8,0.8,0.0,0.8,0.0,0.8,0.0,-0.8,-0.8,-0.8,0.8,0.0,0.0,0.0,0.8,1.6,0.8,0.8,0.0,0.0,-0.8,0.0,0.0,1.6,0.0,0.8,0.8,0.8,0.8,0.0,0.8,1.6,-0.8,-0.8,0.0,-0.8,0.0,0.0,0.0,0.0,-2.4000000000000004,-0.8,0.0,0.8,0.0,0.8,2.4000000000000004,0.8,0.8,-0.8,0.0,0.0,0.0,0.0,0.8,-0.8,-0.8,0.8,0.8,-0.8,0.0,0.8,-0.8,0.0,0.8,0.0,0.0,0.8,0.0,-1.6,0.0,0.0,0.0,0.8,0.8,0.0,0.8,0.8,0.0,0.0,0.8,0.8,-1.6,0.0,0.8,0.0,-0.8,0.0,1.6,0.0,0.0,-0.8,0.0,1.6,-0.8,0.0,0.0,0.0,1.6,-0.8,-0.8,0.8,0.0,0.0,-0.8,0.0,0.0,-0.8,-0.8,-0.8,-0.8,0.8,0.8,0.8,0.8,0.8,0.8,0.8,0.0,-0.8,0.8,0.0,1.6,0.8,0.8,0.8,0.8,-0.8,0.8,0.0,0.8,-1.6,-0.8,-0.8,-0.8,-0.8,1.6,0.0,0.8,-0.8,0.0,0.0,0.0,-0.8,1.6,0.0,1.6,-0.8,0.8,0.0,0.0,0.0,0.0,0.8,0.0,0.0,0.8,0.0,0.8,0.0,0.8,0.8,-0.8,1.6,0.8,0.0,0.0,-1.6,-0.8,0.0,0.8,0.0,-0.8,0.0,0.0,0.0,0.8,0.8,0.0,-0.8,0.0,-1.6,-0.8,3.2,0.0,0.0,0.0,0.0,1.6,0.0,0.0,0.0,0.8,0.8,-0.8,0.8,-0.8,0.8,0.8,0.8,0.8,-0.8,0.8,0.8,0.8,0.8,0.0,1.6,0.8,0.0,0.8,-0.8,0.8,0.0,0.0,1.6,0.0,1.6,-0.8,0.8,0.8,0.0,-0.8,0.8,0.8,0.8,-0.8,0.0,0.0,0.8,0.0,0.0,0.0,-0.8,-0.8,0.8,0.8,0.0,0.8,0.8,0.0,0.8,-0.8,0.0,-0.8,0.0,0.0,-1.6,0.0,0.8,0.0,0.0,0.0,0.8,0.8,0.0,0.8,-0.8,0.8,0.0,0.0,0.0,0.0,1.6,-0.8,0.8,0.8,-1.6,1.6,0.8,0.8,0.8,-1.6,1.6,0.0,0.8,-0.8,-0.8,1.6,0.0,-1.6,0.0,0.8,0.8,-0.8,1.6,0.8,0.0,0.8,-0.8,0.0,0.0,0.8,1.6,0.0,1.6,0.0,0.8,0.0,0.0,1.6,-0.8,0.0,0.0,-0.8,0.8,-0.8,0.8,0.8,-0.8,0.0,0.0,1.6,-0.8,2.4000000000000004,3.2,-1.6,-1.6,2.4000000000000004,0.0,0.0,-0.8,0.8,-0.8,0.0,0.8,0.8,-0.8,-0.8,1.6,0.0,-0.8,0.0,0.0,1.6,0.0,0.0,0.8,-0.8,0.0,0.0,0.0,0.8,0.0,0.0,0.0,-0.8,0.0,0.0,0.8,0.0,-0.8,-0.8,0.8,0.0,0.0,0.0,0.0,0.8,-0.8,0.8,0.8,0.0,0.0,1.6,0.0,0.0,-0.8,0.0,0.0,-0.8,0.0,0.0,0.0
event_107,1625266967.7777894,0.0,1.6,0.8,-0.8,0.8,0.0,0.8,0.0,0.0,0.8,0.0,0.0,0.8,0.0,0.0,0.0,0.8,-0.8,0.0,0.8,0.0,0.8,0.8,0.8,0.8,0.8,0.0,0.0,0.0,0.8,-0.8,0.8,0.8,0.8,0.8,0.0,0.0,0.0,-0.8,-0.8,1.6,0.0,-2.4000000000000004,2.4000000000000004,0.8,-3.2,2.4000000000000004,0.0,0.0,-0.8,0.8,0.0,-0.8,0.0,0.0,1.6,1.6,-1.6,1.6,0.0,-0.8,0.0,-0.8,0.0,-0.8,0.0,0.0,1.6,-0.8,-0.8,0.8,0.0,0.0,0.8,0.0,0.0,-0.8,-1.6,0.0,-0.8,0.0,0.8,0.8,0.0,-0.8,-0.8,0.0,1.6,0.0,0.8,0.0,0.8,0.0,-0.8,0.0,0.0,0.0,0.8,0.0,0.8,0.8,0.8,-1.6,-36.00000000000001,-76.80000000000001,-64.8,-28.800000000000004,-11.2,-5.6,-4.0,-4.800000000000001,-4.0,-4.0,-3.2,-2.4000000000000004,-0.8,0.8,-1.6,0.0,0.8,-1.6,0.0,0.0,0.0,0.8,-2.4000000000000004,-0.8,0.0,1.6,0.0,0.0,3.2,0.0,0.0,1.6,1.6,-1.6,0.0,1.6,0.8,1.6,0.8,0.8,2.4000000000000004,0.8,0.0,1.6,0.0,0.8,-0.8,-0.8,0.8,-1.6,0.8,0.8,0.0,0.8,0.0,0.8,0.0,0.0,0.8,-0.8,-0.8,0.0,0.8,1.6,0.0,0.8,0.8,1.6,-0.8,0.0,0.8,-0.8,1.6,-1.6,-0.8,0.8,0.0,2.4000000000000004,0.8,1.6,0.0,0.0,0.8,0.8,0.0,1.6,0.8,1.6,0.8,0.0,0.8,0.0,0.8,-0.8,0.0,0.0,0.0,1.6,0.0,0.8,0.0,0.0,-0.8,-0.8,0.8,0.8,0.8,0.0,0.0,-0.8,0.0,0.0,0.8,0.0,0.8,0.8,0.8,0.8,0.8,0.8,0.8,-0.8,0.0,-0.8,0.8,0.0,0.8,0.0,1.6,0.0,0.8,0.0,-0.8,1.6,0.0,0.0,0.8,0.8,1.6,0.0,0.8,1.6,0.0,0.8,0.0,0.8,0.8,-0.8,0.8,0.0,0.8,0.0,0.8,2.4000000000000004,0.8,1.6,0.8,0.8,0.8,0.0,1.6,0.0,1.6,0.0,0.8,1.6,0.0,0.8,0.8,-0.8,0.8,-1.6,0.8,-0.8,0.0,1.6,0.0,0.8,0.8,-0.8,1.6,-0.8,1.6,-0.8,0.8,0.0,-0.8,0.8,0.0,0.8,1.6,-0.8,0.8,0.0,0.0,1.6,0.8,0.8,-0.8,0.8,0.8,0.0,0.0,0.8,0.8,-0.8,-0.8,0.0,-1.6,0.0,0.0,0.0,0.8,0.8,0.0,-0.8,0.0,0.0,-0.8,1.6,0.8,-0.8,0.8,1.6,0.8,-0.8,0.0,0.8,-0.8,0.0,0.0,0.8,0.8,0.0,-0.8,-0.8,0.0,0.8,0.0,0.8,0.8,0.8,0.0,0.0,0.0,0.8,-0.8,1.6,-0.8,0.0,0.0,0.0,1.6,1.6,0.8,0.8,0.8,0.8,-0.8,-0.8,0.0,1.6,-0.8,0.0,1.6,1.6,-0.8,0.8,0.8,0.8,0.0,-0.8,0.0,0.0,-0.8,2.4000000000000004,0.0,1.6,-0.8,0.0,0.8,0.0,-0.8,0.8,-0.8,2.4000000000000004,-1.6,1.6,0.0,-0.8,0.0,-0.8,0.8,-0.8,0.8,0.8,-0.8,0.0,0.0,0.8,0.0,-0.8,1.6,0.8,-0.8,0.0,-0.8,-0.8,-0.8,0.8,0.8,0.0,0.8,0.0,-0.8,0.0,0.8,0.8,-0.8,0.8,-0.8,0.8,1.6,0.8,0.0,0.0,0.8,1.6,0.0,0.0,-0.8,0.0,0.0,0.0,0.8,-0.8,0.0,-0.8,-0.8,0.8,0.0,0.0,0.8,0.8,0.8,0.0,-0.8,0.8,0.0,0.0,0.0,0.8,0.8,0.0,0.8,0.8,-0.8,-0.8,1.6,0.0,0.0,0.0,0.8,1.6,1.6,-0.8,0.0,0.0,0.0,0.8,0.0,0.0,0.8,-0.8,0.8,0.8,0.8,0.8,0.0,0.8,0.0,-0.8,0.8,0.0,0.8,0.8,-2.4000000000000004,0.8,-0.8,0.0,0.8,0.0,0.0,0.0,0.8,0.8,0.8,0.8,0.0,0.8,-1.6,0.8,1.6,0.0,1.6,0.0,0.0,0.0,0.0,0.0,-0.8,0.0,0.0,0.0,0.8,-0.8,0.0,0.8,-1.6,-1.6,0.0,0.8,-0.8,-0.8,0.0,0.0,0.8,0.8,0.0,0.0,0.0,0.0,0.0,0.0,0.8,0.0,0.8,-0.8,0.8,0.0,-0.8,0.0,0.0,0.8,0.8,-0.8,-0.8,0.8,0.0,0.8,0.8,0.8,0.8,1.6,0.0,0.8,-0.8,0.0,0.8,0.8,0.0,0.0,0.8,0.0,0.0,1.6,0.0,-0.8,0.8,-0.8,-1.6,-0.8,0.8,0.8,0.8,0.8,-0.8,0.0,-0.8,0.0,0.8,0.8,0.0,0.0,1.6,-0.8,-0.8,1.6,-0.8,1.6,0.0,-1.6,1.6,0.0,0.8,-0.8,1.6,0.0,-0.8,2.4000000000000004,-0.8,0.8,0.8,0.0,1.6,-1.6,0.0,1.6,0.0,0.8,0.0,0.8,0.0,0.0,0.0,0.0,1.6,-0.8,-0.8,1.6,0.8,0.8,0.0,-0.8,0.8,-0.8,2.4000000000000004,0.8,0.0,1.6,0.0,0.8,0.0,0.8,0.0,-0.8,0.8,0.0,0.0,0.8,1.6,0.8,0.0,0.8,0.8,0.0,-0.8,0.0,0.8,0.8,1.6,-0.8,0.0,0.0,0.8,0.0,0.8,0.0,1.6,0.0,0.8,1.6,0.8,0.0,0.8,0.8,1.6,0.0,-0.8,0.0,0.8,0.0,1.6,0.0,0.0,0.8,0.8,0.8,0.0,-0.8,0.8,0.0,1.6,0.0,-0.8,0.8,0.0,0.0,0.0,0.8,-0.8,2.4000000000000004,0.8,-0.8,0.8,0.0,0.0,0.8,-0.8,1.6,0.0,0.8,0.8,0.0,1.6,-1.6,0.0,1.6,0.0,0.8,0.8,0.0,1.6,0.0,0.0,0.0,1.6,-0.8,-0.8,1.6,0.8,1.6,-0.8,0.8,1.6,0.0,1.6,-0.8,0.8,-0.8,-1.6,0.8,0.0,0.8,1.6,0.0,1.6,0.0,0.8,0.0,1.6,1.6,-0.8,1.6,0.8,0.0,0.0,-0.8,1.6,0.0,-0.8,1.6,0.8,2.4000000000000004,-1.6,-0.8,0.8,0.0,1.6,-0.8,0.8,0.8,-0.8,1.6,-0.8,0.8,0.0,-0.8,0.8,-0.8,0.0,0.8,-0.8,0.8,0.0,0.8,-0.8,0.8,0.8,-0.8,1.6,0.0,-0.8,0.0,0.0,1.6,0.0,0.8,-0.8,0.0,1.6,0.0,0.0,-0.8,-0.8,1.6,-0.8,0.8,-0.8,0.8,0.0,-0.8,-0.8,0.0,0.0,0.8,0.0,0.0,-0.8,0.8,0.0,0.8,0.0,-0.8,1.6,-0.8,-0.8,0.0,1.6,1.6,-0.8,0.0,0.8,0.0,1.6,-1.6,0.0,0.8,0.0,-0.8,0.0,1.6,-0.8,0.8,0.0,0.8,0.8,0.0,0.0,0.8,-0.8,0.0,-0.8,0.8,0.0,0.0,0.8,0.0,0.8,-0.8,1.6,3.2,-1.6,-3.2,1.6,0.0,0.0,0.8,1.6,0.0,0.8,-0.8,0.8,0.8,0.0,-1.6,0.8,-0.8,0.8,-0.8,1.6,1.6,-0.8,-0.8,-0.8,-0.8,0.0,-1.6,1.6,0.0,0.8,0.8,0.0,0.8,0.0,-0.8,1.6,0.0,0.8,0.8,0.8,-0.8,0.8,0.0,0.0,0.8,0.0,0.8,1.6,0.0,0.0,0.0,-0.8,0.8,0.8,0.0,0.0,0.0,0.8,-0.8,0.8,-0.8,-1.6,0.0,-0.8,-1.6,0.0,0.0,-0.8,0.8,0.0,1.6,-0.8,0.8,0.0,-0.8,0.8,0.0,0.0,0.0,0.0,0.8,0.8,0.8,-0.8,0.0,0.8,-0.8,0.8,-0.8,0.0,0.0,0.0,0.8,-0.8,-0.8,1.6,-0.8,0.8,0.0,0.0,0.0,-0.8,0.0,0.8,1.6,0.0,0.8,0.8,0.0,0.8,1.6,0.0,0.8,-1.6,0.0,1.6,0.0,0.8,0.8,0.8,0.8,-1.6,0.8,-0.8,0.8,0.0,-0.8,0.0,-0.8,0.8,-0.8,0.0,1.6,0.0,1.6,1.6,-1.6,1.6,0.0,-0.8,0.0,-0.8,0.8,-1.6,-0.8,1.6,0.8,0.0,0.0,0.0,0.0,0.0,0.8,0.0,-0.8,0.8,0.8,0.0,0.8,0.0,-0.8,0.0,-0.8,0.0,-0.8,0.8,0.8,0.0,0.8,0.8,1.6,0.8,0.8,0.0,0.8,1.6,-0.8,0.0,0.8,0.0,0.0,-0.8,0.8,0.0,0.0,0.0,0.0,-0.8,-1.6,0.8,0.8,0.0,0.8,-0.8,1.6,0.8,0.0,1.6,-0.8,0.8,0.0,0.8,0.8,1.6,0.0,0.8,1.6,0.8,0.0,1.6,-0.8,0.0,0.0,-0.8,0.0,-0.8,0.0,1.6,0.0,0.8,-0.8,0.8,0.0,0.0,-0.8,0.8,0.8,0.8,-0.8,0.8,0.0,1.6,0.0,0.0,0.8,-0.8,1.6,0.0,-0.8,0.8,0.0,0.8,-0.8,0.0,0.8,0.8,0.0,0.0,0.8,-0.8,0.0,0.0,0.0,0.0,0.8,0.0,0.0,0.8,0.8,-0.8,0.8,-0.8,-0.8,-0.8,0.0,0.0,-0.8,0.8,0.8,-0.8,0.8,0.0,-0.8,0.8,-0.8,0.0,0.0,0.0,0.8,-0.8,0.8,0.0,0.8,0.0,0.0,0.8,-0.8,-0.8,-1.6,0.8,0.8,0.0,0.0,0.8,0.8,0.0,1.6,0.8,-0.8,0.0,0.0,0.8,1.6,-0.8,1.6,1.6,0.0,-0.8,0.0,0.8,0.0,-0.8,0.8,-0.8,0.0,0.0,0.8,0.8,0.0,0.0,0.0,-1.6,0.0,0.0,1.6,-0.8,0.8,0.0,-1.6,0.8,0.0,0.0,0.8,-0.8,0.0,0.8,0.8,0.0,0.0,0.8,0.8,0.0,0.0,0.8,2.4000000000000004,-0.8,0.8,0.0,-0.8,0.8,-0.8,0.0,0.0,-0.8,0.8,-0.8,1.6,0.8,0.0,0.8,-1.6,0.0,-0.8,1.6,0.8,-0.8,0.8,0.0,0.0,0.8,-0.8,-0.8,0.8,0.0,0.0,0.0,-0.8,0.0,0.8,-0.8,0.8,0.8,0.8,0.0,0.8,-0.8,0.0,-0.8,0.0,0.8,0.0,-0.8,0.8,0.0,0.8,0.8,0.8,0.0,0.0,0.8,0.8,0.8,0.8,0.8,1.6,0.8,0.0,0.8,0.8,0.8,-0.8,0.0,0.8,0.0,0.0,0.8,0.0,0.8,-2.4000000000000004,1.6,0.0,0.8,-0.8,1.6,0.8,-0.8,0.0,-0.8,0.8,3.2,0.0,1.6,0.8,-0.8,1.6,0.0,0.8,0.8,-0.8,0.8,-0.8,0.8,0.0,0.0,2.4000000000000004,0.0,0.0,0.0,0.8,0.8,-0.8,0.0,-0.8,0.8,-0.8,-0.8,0.8,-1.6,0.0,0.0,-1.6,1.6,1.6,0.8,0.0,-0.8,1.6,-0.8,0.8,0.0,0.0,1.6,0.8,-0.8,0.8,0.8,0.8,0.8,0.8,1.6,0.0,0.0,-0.8,0.8,-0.8,0.0,0.0,0.0,0.8,0.0,0.0,1.6,0.0,0.0,0.8,0.0,0.8,-0.8,1.6,0.8,0.8,0.0,0.8,1.6,0.8,0.8,0.8,0.8,0.8,0.0,-0.8,0.0,0.0,1.6,0.8,0.0,1.6,-0.8,0.8,0.0,0.0,0.8,0.8,-0.8,1.6,0.0,0.0,1.6,1.6,0.0,0.0,0.0,0.0,1.6,1.6,0.0,0.8,0.8,0.8,0.0,0.8,1.6,0.8,0.0,0.8,0.0,0.0,0.0,0.8,0.8,-0.8,0.8,0.0,0.0,0.8,0.8,0.0,0.0,0.0,-0.8,-1.6,1.6,0.0,-0.8,-0.8,0.8,0.8,1.6,0.8,-1.6,1.6,0.8,-0.8,0.8,0.0,1.6,1.6,-0.8,1.6,-0.8,0.0,0.8,0.8,0.8,-0.8,0.0,0.0,-0.8,1.6,0.8,0.8,0.8,0.8,1.6,0.8,0.8,-0.8,0.8,1.6,1.6,0.8,0.0,0.8,0.0,-0.8,0.0,0.0,0.0,0.8,0.0,0.0,0.0,0.0,0.8,0.8,0.0,0.0,0.0,0.0,0.0,-1.6,0.8,0.8,0.8,0.0,-0.8,0.0,0.8,0.0,0.8,0.8,0.8,0.8,1.6,0.0,0.0,0.8,0.0,0.8,-1.6,0.0,0.8,-0.8,0.0,-0.8,-1.6,1.6,0.0,0.8,-0.8,0.8,0.8,-1.6,1.6,0.0,0.0,0.8,-0.8,-0.8,-0.8,0.8,0.0,0.8,0.0,0.8,0.0,0.0,0.0,0.8,0.0,0.0,0.8,0.0,1.6,0.0,1.6,-0.8,0.0,0.0,-0.8,0.8,0.0,-0.8,0.0,0.0,0.0,-0.8,-0.8,0.0,0.8,0.0,0.8,0.8,0.8,0.0,0.0,0.8,1.6,1.6,-0.8,1.6,0.8,0.8,0.8,0.8,-0.8,0.8,-0.8,0.0,0.0,0.0,0.0,0.8,0.8,0.0,0.8,0.0,-0.8,0.0,-1.6,0.0,0.0,0.8,-0.8,0.0,0.8,-0.8,0.0,0.8,0.0,0.8,0.8,0.0,0.8,1.6,-0.8,0.8,0.8,0.0,0.8,0.8,0.0,0.0,0.8,-1.6,0.0,1.6,0.0,0.0,0.0,1.6,-1.6,0.0,0.8,-0.8,0.0,-0.8,-1.6,0.0,0.8,-0.8,0.8,-0.8,1.6,0.0,1.6,0.8,-0.8,1.6,0.0,0.0,0.8,0.0,1.6,0.0,1.6,0.8,0.0,0.0,-0.8,1.6,-0.8,0.0,0.0,-0.8,0.8,-1.6,0.0,2.4000000000000004,-0.8,0.0,0.8,-0.8,0.8,-1.6,0.8,0.0,0.8,0.0,0.0,1.6,0.8,0.0,0.8,0.0,1.6,0.0,0.8,0.0,0.0,1.6,0.0,1.6,0.8,-0.8,0.8,0.0,0.8,-0.8,1.6,0.0,0.8,-0.8,0.0,1.6,0.8,-0.8,1.6,-0.8,-1.6,1.6,0.8,0.0,0.8,0.8,2.4000000000000004,0.0,-0.8,0.8,1.6,0.0,0.0,1.6,-1.6,0.0,0.8,0.8,0.0,0.8,0.8,-0.8,0.8,0.0,-0.8,0.0,0.0,0.0,0.0,1.6,0.0,0.8,0.8,0.8,0.8,0.8,0.0,0.8,0.0,0.0,-0.8,0.0,0.0,0.0,0.8,0.0,2.4000000000000004,0.8,0.8,2.4000000000000004,-0.8,0.0,0.0,-1.6,0.0,-0.8,0.0,0.8,0.8,0.8,0.0,0.8,0.8,0.0,-0.8,-0.8,0.8,0.0,1.6,0.0,0.8,1.6,-0.8,1.6,0.8,0.0,0.8,-1.6,0.0,0.0,0.0,2.4000000000000004,0.0,1.6,0.8,0.8,0.8,0.0,-0.8,0.0,-0.8,0.8,-0.8,0.8,0.0,0.8,0.8,0.8,0.8,0.0,3.2,1.6,0.8,0.8,0.8,0.8,-0.8,0.0,0.8,0.0,0.8,0.0,-0.8,0.0,0.0,0.8,0.8,-0.8,0.8,0.8,0.0,0.0,0.0,1.6,0.0,0.8,0.0,-1.6,1.6,0.8,0.0,0.8,1.6,1.6,0.8,0.8,0.0,0.8,0.0,0.8,0.0,0.8,0.8,0.0,1.6,0.8,0.0,0.8,0.8,0.8,0.0,0.8,0.8,0.0,0.0,0.0,1.6,1.6,0.0,0.8,0.8,0.8,1.6,-0.8,1.6,0.0,0.8,0.0,0.8,1.6,1.6,1.6,0.0,0.0,0.0,-1.6,0.8,-0.8,1.6,0.8,0.0,0.8,0.0,0.0,0.0,0.8,0.8,0.0,0.8,-0.8,0.8,0.0,-1.6,2.4000000000000004,0.0,0.0,0.0,0.8,0.0,0.8,1.6,0.0,0.0,0.8,0.0,0.8,0.0,0.0,0.8,-1.6,0.8,0.0,-0.8,0.8,-0.8,0.0,0.0,0.0,0.8,0.8,0.8,0.0,-0.8,0.0,-0.8,-0.8,0.8,1.6,0.0,-0.8,0.8,-0.8,-0.8,0.8,-0.8,-0.8,0.8,-1.6,0.8,0.8,0.0,0.0,0.8,0.0,0.0,0.8,0.8,0.8,0.8,-0.8,0.0,0.8,0.0,1.6,0.8,0.8,0.8,0.8,0.8,0.8,0.0,0.8,-0.8,0.0,0.0,1.6,0.0,0.0,0.8,0.8,0.8,0.8,0.0,1.6,0.0,0.0,0.0,0.0,0.0,0.8,0.8,0.0,0.0,0.0,-0.8,0.8,-0.8,0.0,1.6,0.0,0.0,0.0,0.0,0.8,-0.8,0.8,0.0,0.0,1.6,0.8,0.0,0.0,0.0,1.6,-0.8,0.0,0.8,0.8,0.0,-0.8,0.8,0.8,-0.8,0.8,-0.8,0.8,-0.8,1.6,-0.8,0.0,0.8,-0.8,0.0,-0.8,-0.8,0.8,0.0,0.0,-0.8,0.8,0.8,0.0,0.8,0.8,0.0,0.0,-0.8,0.8,0.0,0.0,0.0,0.0,-0.8,0.8,0.0,0.0,0.8,0.8,0.0,0.8,0.0,0.8,0.0,-0.8,0.0,0.8,0.8,0.0,0.8,-0.8,0.0,0.8,0.8,0.8,0.8,0.0,0.8,1.6,0.8,-0.8,1.6,1.6,-0.8,-0.8,0.8,0.0,0.0,0.0,2.4000000000000004,0.0,0.0,0.8,1.6,0.0,0.0,1.6,0.8,0.0,2.4000000000000004,-0.8,0.8,0.0,0.8,0.8,0.8,1.6,-0.8,1.6,0.8,0.0,2.4000000000000004,0.8,0.0,-0.8,-1.6,1.6,0.0,-0.8,0.0,-0.8,0.0,0.0,0.8,0.0,-0.8,0.0,0.0,0.0,0.0,-0.8,0.0,0.0,0.0,-0.8,0.8,0.8,-0.8,-0.8,0.0,1.6,1.6,0.8,0.8,0.0,2.4000000000000004,0.0,-0.8,0.8,-0.8,0.8,0.0,0.0,0.8,0.0,0.8,0.8,0.8,0.8,0.0,1.6,0.8,0.8,0.0,0.0,0.8,0.0,0.0,0.0,0.8,0.0,0.0,1.6,0.0,0.8,0.0,-0.8,0.8,0.0,0.0,0.8,0.0,1.6,-0.8,-0.8,0.8,0.0,0.8,0.8,1.6,0.0,0.0,0.8,-0.8,0.8,-0.8,0.8,-0.8,0.8,1.6,-0.8,0.8,0.8,0.8,0.0,0.0,2.4000000000000004,1.6,0.0,0.8,-0.8,0.8,0.0,0.0,0.0,0.0,0.0,0.0,0.8,0.0,0.0,0.8,0.0,0.0,0.8,0.8,0.8,0.0,0.0,0.0,0.0,0.8,-1.6,0.8,0.0,0.8,2.4000000000000004,0.0,0.8,1.6,1.6,1.6,-0.8,0.8,0.8,0.8,0.8,-0.8,1.6,0.0,0.0,0.8,-0.8,0.8,-0.8,0.8,1.6,-0.8,0.8,-0.8,-0.8,1.6,0.0,0.8,0.0,1.6,0.0,0.8,1.6,-0.8,0.8,-0.8,0.0,1.6,-1.6,2.4000000000000004,0.8,0.8,0.0,0.0,1.6,0.8,-0.8,0.0,-0.8,0.8,0.0,0.8,1.6,0.0,0.8,0.0,-0.8,0.8,0.0,0.0,0.0,0.8,0.0,0.8,0.0,0.0,0.0,0.8,1.6,-0.8,1.6,0.8,-0.8,0.8,0.0,0.0,0.0,0.8,0.8,0.8,0.8,0.0,0.0,-0.8,-0.8,0.0,0.8,0.0,0.8,0.0,0.8,0.0,0.0,-0.8,0.8,0.0,-0.8,1.6,0.0,0.0,0.0,0.0,0.8,-0.8,1.6,0.8,-0.8,0.0,0.0,0.8,0.0,-0.8,0.8,0.0,0.0,3.2,0.8,-0.8,0.0,0.0,-0.8,-0.8,1.6,-0.8,0.0,0.0,-0.8,1.6,0.8,0.0,0.8,0.0,0.0,-1.6,0.8,0.0,0.8,0.8,0.0,1.6,0.8,0.0,0.8,-0.8,0.8,-0.8,0.0,0.8,0.8,0.0,0.8,-0.8,0.8,0.0,0.0,0.0,0.0,0.0,1.6,-0.8,0.8,0.0,0.8,0.0,0.0,0.8,-0.8,0.0,-0.8,1.6,0.8,0.0,0.8,0.0,0.0,0.0,0.8,0.8,0.8,-0.8,0.0,0.8,-0.8,0.8,1.6,0.0,0.0,0.8,-0.8,-0.8,0.0,0.0,0.0,0.0,-0.8,-0.8,0.0,2.4000000000000004,0.8,0.8,0.0,0.0,1.6,0.8,0.8,-0.8,0.0,0.8,-1.6,0.0,0.0,0.0,0.0,0.0,0.8,-0.8,-0.8,1.6,0.0,0.0,0.8,0.0,0.0,0.0,0.0,0.0,0.8,0.0,-0.8,0.8,0.0,-0.8,-0.8,0.8,0.0,-0.8,0.0,0.8,1.6,1.6,0.0,0.8,0.8,0.8,0.0,-0.8,0.8,0.0,0.0,0.8,0.0,1.6,-0.8,0.0,0.0,0.8,0.8,0.0,-0.8,0.8,-1.6,-0.8,-0.8,-0.8,0.0,0.0,0.0,-0.8,0.8,0.8,-0.8,0.8,0.8,0.0,-0.8,-0.8,0.8,0.8,-0.8,0.0,0.0,-0.8,0.8,1.6,0.0,0.8,0.0,0.0,-0.8,0.8,0.0,0.0
event_108,1625266969.9269125,0.8,0.0,-0.8,0.8,0.8,1.6,0.0,0.0,1.6,0.8,0.0,0.0,0.0,0.8,0.8,0.0,0.8,0.8,1.6,0.0,1.6,0.8,0.8,0.0,0.0,1.6,-0.8,0.8,-0.8,0.0,0.8,0.0,0.0,1.6,0.0,0.0,0.0,0.8,-0.8,-1.6,0.8,0.8,3.2,0.8,1.6,1.6,0.8,0.0,0.0,0.8,-0.8,0.0,-0.8,-0.8,0.8,0.8,0.0,0.8,0.8,0.0,0.0,0.0,0.8,-1.6,1.6,-0.8,0.8,0.0,-1.6,1.6,0.8,0.0,0.8,0.0,0.8,1.6,1.6,0.8,0.8,0.8,-0.8,-0.8,0.0,0.0,1.6,-0.8,0.8,0.8,-1.6,0.8,0.0,1.6,0.0,0.0,0.8,0.0,0.8,0.8,0.0,1.6,-0.8,-1.6,0.0,-16.8,-72.00000000000001,-81.60000000000001,-45.6,-20.800000000000004,-12.0,-4.800000000000001,-3.2,-6.4,-5.6,-4.0,-3.2,-1.6,1.6,0.8,-0.8,0.8,0.0,0.0,0.0,-0.8,1.6,-1.6,-0.8,1.6,0.0,0.0,0.0,0.8,0.8,-0.8,0.0,1.6,0.0,0.0,-0.8,0.0,0.8,0.0,-0.8,1.6,1.6,0.8,0.8,0.8,0.0,0.8,0.0,0.0,0.0,-1.6,0.8,1.6,0.0,0.8,-0.8,0.8,-0.8,0.0,0.8,0.8,0.8,0.8,0.8,0.0,-1.6,0.8,-0.8,0.0,0.0,0.0,1.6,-0.8,0.0,-0.8,-0.8,0.0,0.0,0.0,1.6,0.8,0.0,0.0,0.0,0.0,-0.8,0.8,0.0,0.0,0.8,-0.8,0.0,0.8,0.0,0.0,0.0,0.0,-0.8,0.0,0.0,0.0,0.8,-0.8,0.8,0.0,0.0,-0.8,0.8,0.8,-1.6,-1.6,-0.8,-0.8,0.0,0.0,0.8,1.6,0.0,0.0,0.8,0.0,0.0,-0.8,0.8,-0.8,0.8,-0.8,0.0,1.6,0.8,0.8,0.0,0.8,0.8,0.0,-0.8,1.6,1.6,0.0,0.8,1.6,1.6,-0.8,0.8,1.6,0.8,0.8,0.0,-0.8,0.0,-0.8,2.4000000000000004,0.0,0.8,-0.8,0.8,-0.8,0.0,-0.8,0.8,-0.8,1.6,-0.8,0.8,0.0,0.0,0.8,0.0,1.6,-0.8,0.0,1.6,0.0,1.6,0.0,0.0,0.0,0.0,1.6,0.8,0.0,-0.8,-0.8,-1.6,0.0,0.8,0.8,-0.8,0.8,0.8,0.0,0.8,0.8,0.0,0.0,0.0,-0.8,0.0,1.6,-0.8,0.0,0.0,0.0,1.6,1.6,0.8,0.0,0.8,0.8,-0.8,0.0,0.0,0.8,0.0,0.8,1.6,-0.8,1.6,1.6,-1.6,-0.8,2.4000000000000004,-0.8,-1.6,0.8,0.0,-0.8,1.6,0.0,0.0,0.0,-1.6,0.0,0.0,0.8,-0.8,1.6,-0.8,0.0,0.0,0.0,0.8,0.0,0.0,0.8,0.8,0.8,0.0,0.0,0.8,0.8,0.8,0.0,0.0,0.0,0.0,0.8,-0.8,0.0,0.0,0.8,0.8,-0.8,0.8,0.0,-0.8,0.8,-1.6,-1.6,0.8,0.0,0.0,0.0,0.8,0.0,-0.8,0.8,-0.8,0.8,0.0,0.8,0.8,-1.6,1.6,0.0,0.8,0.0,-0.8,0.8,0.0,0.8,0.8,-0.8,1.6,-1.6,-1.6,0.0,0.8,0.8,-0.8,0.8,0.8,0.8,1.6,-0.8,0.0,0.8,0.8,0.0,0.8,0.8,-1.6,0.8,0.0,0.0,1.6,-0.8,0.8,1.6,-0.8,0.8,-0.8,0.8,0.8,0.0,0.8,0.8,1.6,-0.8,1.6,0.8,0.0,0.0,-0.8,0.0,1.6,0.0,0.8,0.0,0.8,0.0,0.8,0.0,0.0,0.0,-1.6,0.0,0.8,-0.8,1.6,0.0,0.8,0.0,0.8,0.0,1.6,-0.8,0.0,0.0,0.0,0.0,0.8,0.0,0.8,0.8,-0.8,0.8,-0.8,0.8,-0.8,0.0,0.0,0.0,0.8,-0.8,0.0,0.0,0.0,0.8,0.0,0.8,-0.8,-0.8,0.0,0.0,-0.8,0.8,-0.8,0.8,0.0,0.0,-0.8,0.8,0.8,-1.6,0.0,1.6,0.0,1.6,0.0,0.8,-0.8,-0.8,0.0,-1.6,1.6,0.0,-0.8,0.8,-1.6,1.6,-0.8,0.0,0.0,0.0,2.4000000000000004,0.0,0.0,0.8,-0.8,0.0,-0.8,-0.8,0.0,0.0,0.8,-0.8,-0.8,0.8,-0.8,1.6,-0.8,0.0,0.0,1.6,0.8,-0.8,0.0,1.6,-0.8,0.8,0.0,0.8,-0.8,-0.8,0.8,-1.6,0.0,1.6,0.8,0.0,0.0,0.8,0.0,0.8,0.0,0.8,0.0,0.8,0.0,0.0,0.0,-0.8,0.0,0.0,0.8,-0.8,1.6,0.8,-0.8,0.8,0.0,-0.8,-0.8,-0.8,0.0,0.8,-0.8,0.0,-0.8,-1.6,-0.8,0.0,1.6,0.0,0.0,1.6,0.0,1.6,0.0,0.0,0.8,0.8,-0.8,0.0,0.8,0.0,0.0,0.8,0.8,1.6,1.6,0.0,0.8,1.6,0.8,-0.8,1.6,2.4000000000000004,0.0,1.6,0.8,0.8,0.0,-1.6,0.0,0.0,0.0,0.0,0.0,0.0,0.0,0.8,1.6,0.8,1.6,0.0,0.8,0.8,0.0,0.0,0.8,0.8,1.6,0.8,0.8,0.8,1.6,0.8,0.8,0.0,0.0,0.8,-0.8,-0.8,0.0,0.0,0.8,0.0,0.8,-0.8,-0.8,0.0,0.8,0.0,0.8,0.0,0.8,-0.8,0.0,-0.8,1.6,0.8,0.8,0.8,0.8,0.8,0.8,-0.8,0.0,0.8,0.0,0.8,0.0,0.8,0.8,-0.8,1.6,0.0,-0.8,0.0,0.0,0.8,0.8,0.8,0.0,-0.8,0.0,0.8,0.0,1.6,-1.6,-1.6,0.0,1.6,0.8,-0.8,0.0,0.0,0.8,1.6,-0.8,-0.8,0.0,0.0,0.0,0.0,0.8,0.0,0.0,0.0,0.0,2.4000000000000004,-0.8,-0.8,0.8,-2.4000000000000004,0.8,0.0,0.0,0.8,0.8,0.8,0.8,0.0,0.8,0.8,0.0,-0.8,-0.8,0.8,0.8,1.6,-0.8,0.8,2.4000000000000004,0.0,0.8,0.8,0.0,0.0,0.0,0.0,-0.8,0.0,0.0,0.0,0.8,-0.8,-0.8,0.0,-1.6,0.0,-1.6,0.0,-0.8,0.0,0.0,0.0,0.8,-0.8,-0.8,1.6,-0.8,-0.8,0.8,0.0,0.0,0.0,0.0,0.8,0.0,0.8,1.6,1.6,0.0,0.0,0.0,0.0,0.8,0.8,0.8,0.0,0.0,0.8,-0.8,0.8,-0.8,0.0,1.6,0.0,-0.8,0.0,0.8,0.0,0.8,0.8,0.8,-0.8,0.0,0.8,0.0,0.8,1.6,-0.8,0.8,-0.8,0.0,0.8,0.0,1.6,0.0,0.8,0.0,0.0,0.0,-0.8,0.0,-0.8,0.8,0.0,-0.8,2.4000000000000004,0.0,0.0,0.8,-1.6,1.6,-0.8,0.8,1.6,0.8,0.8,-2.4000000000000004,0.0,1.6,-0.8,1.6,0.0,1.6,0.0,-1.6,0.8,0.0,0.0,0.0,0.0,0.8,0.0,1.6,-0.8,0.0,0.0,0.0,0.8,0.0,0.8,0.0,-0.8,0.8,0.8,0.8,0.8,-0.8,2.4000000000000004,0.0,0.0,0.0,0.8,1.6,-0.8,0.0,1.6,0.0,0.8,-0.8,0.0,-1.6,0.0,0.8,0.0,0.8,0.8,0.0,0.0,0.0,0.8,0.0,-0.8,-0.8,-1.6,0.0,1.6,1.6,0.0,0.0,0.0,0.0,1.6,0.0,0.8,0.0,0.0,0.0,0.0,0.8,0.8,-0.8,0.8,0.8,0.0,0.0,0.8,-0.8,-0.8,0.8,0.0,0.8,0.0,-0.8,0.8,1.6,0.8,1.6,0.8,0.0,0.0,0.8,0.8,0.8,3.2,-0.8,0.8,0.8,0.8,0.8,0.8,0.8,0.8,0.8,0.0,-0.8,0.8,-0.8,0.8,0.0,0.0,0.0,0.0,0.0,0.0,-1.6,0.8,-0.8,0.8,-0.8,0.0,0.0,0.0,0.8,-0.8,0.8,1.6,1.6,1.6,-0.8,0.0,0.8,-0.8,0.8,-0.8,0.8,1.6,-0.8,1.6,0.0,0.0,0.8,0.8,1.6,0.0,0.8,0.8,0.0,1.6,0.8,0.0,1.6,-0.8,0.0,-1.6,1.6,1.6,0.0,0.8,0.0,0.8,0.8,0.0,-0.8,0.8,0.0,-0.8,0.0,-0.8,0.0,0.8,0.0,0.8,0.0,-0.8,0.0,0.8,0.0,-0.8,0.8,-0.8,-0.8,0.8,0.8,0.8,0.8,1.6,1.6,0.0,0.8,-0.8,0.8,0.8,0.8,0.8,-0.8,0.8,0.8,0.0,0.0,0.8,0.0,0.0,0.0,0.0,-0.8,0.8,0.0,0.0,0.8,0.0,0.0,-0.8,0.0,-0.8,1.6,0.0,0.0,1.6,-0.8,-1.6,0.0,0.8,0.0,-0.8,-0.8,0.8,0.0,0.0,0.0,0.0,1.6,-0.8,-0.8,0.8,0.8,0.8,-0.8,0.0,-0.8,-1.6,-0.8,0.8,0.8,0.0,0.8,-0.8,0.8,0.8,-0.8,1.6,-0.8,-0.8,0.0,0.8,0.8,-0.8,0.0,0.8,0.8,2.4000000000000004,0.0,-0.8,1.6,-0.8,0.0,0.8,0.0,0.8,0.8,0.8,0.0,0.0,0.8,0.0,0.8,-0.8,0.0,-0.8,0.0,0.8,-0.8,0.0,1.6,0.8,0.0,0.8,0.0,0.8,-1.6,0.0,0.0,1.6,1.6,0.0,0.8,0.8,0.0,0.0,1.6,0.8,0.8,0.8,-0.8,0.0,1.6,0.8,0.0,0.8,-0.8,0.0,0.0,1.6,0.8,-0.8,0.8,0.8,-0.8,0.0,0.0,1.6,0.0,0.0,0.8,0.0,2.4000000000000004,0.8,-1.6,0.8,-0.8,0.0,-0.8,-0.8,1.6,0.8,0.8,1.6,-0.8,0.0,0.0,0.8,0.0,-0.8,1.6,0.0,0.8,-0.8,0.0,0.0,0.8,0.0,-0.8,0.0,1.6,0.8,0.0,0.0,1.6,-0.8,0.0,0.0,0.0,2.4000000000000004,0.8,-0.8,0.8,0.0,1.6,0.0,-0.8,2.4000000000000004,0.0,0.0,-0.8,0.8,0.8,-0.8,0.0,0.0,0.8,0.8,0.0,1.6,0.0,0.8,0.8,0.8,0.0,-0.8,0.0,0.0,1.6,0.0,0.8,2.4000000000000004,0.0,0.8,0.8,0.0,1.6,-1.6,0.0,-0.8,0.8,0.0,0.8,1.6,0.0,0.8,0.0,0.8,1.6,-0.8,0.8,0.0,2.4000000000000004,0.0,-0.8,2.4000000000000004,0.8,1.6,0.0,0.0,0.8,0.0,1.6,0.0,-0.8,1.6,0.0,0.0,-0.8,0.0,1.6,-1.6,0.8,-1.6,0.8,0.8,0.0,1.6,-1.6,-0.8,1.6,0.8,0.8,0.0,0.0,0.8,-0.8,-0.8,-2.4000000000000004,0.8,0.8,-0.8,1.6,0.0,0.8,1.6,0.0,0.0,-0.8,0.8,0.0,0.0,0.8,0.8,0.8,-0.8,1.6,0.0,0.0,0.8,-0.8,0.8,0.8,-0.8,0.8,-0.8,1.6,1.6,0.8,0.0,0.8,0.8,0.0,0.0,0.0,0.0,0.0,2.4000000000000004,0.0,0.8,0.0,1.6,0.8,0.0,0.8,1.6,0.0,0.8,0.0,0.0,-0.8,1.6,0.8,0.8,0.0,0.0,-0.8,0.0,0.0,0.0,0.0,0.8,-1.6,0.8,0.0,0.0,0.0,0.0,0.8,0.0,0.8,0.8,1.6,0.8,0.0,0.8,0.0,-0.8,1.6,0.0,0.8,0.0,0.8,-0.8,0.0,1.6,-0.8,0.8,1.6,1.6,0.8,0.8,-0.8,0.0,0.0,-0.8,0.0,1.6,0.8,0.0,1.6,0.0,1.6,0.0,1.6,1.6,0.8,2.4000000000000004,0.0,0.8,-0.8,0.8,1.6,0.0,0.8,-0.8,0.0,0.0,0.0,1.6,-0.8,0.0,0.8,0.8,0.8,0.0,0.0,1.6,0.0,1.6,0.8,0.8,0.8,-0.8,1.6,0.0,2.4000000000000004,0.8,0.8,1.6,0.0,0.0,0.8,0.8,0.8,-1.6,1.6,0.0,0.0,0.8,1.6,1.6,0.8,0.0,0.8,0.0,1.6,-0.8,0.0,0.8,0.8,0.8,0.8,0.8,0.8,0.8,0.8,1.6,0.0,2.4000000000000004,0.8,0.8,0.8,0.8,0.0,0.0,0.8,1.6,2.4000000000000004,0.8,1.6,0.0,-0.8,0.0,0.0,0.0,0.0,0.0,0.0,0.0,0.8,1.6,-0.8,0.8,0.8,0.0,-0.8,2.4000000000000004,0.0,0.0,0.0,0.8,0.8,0.0,0.8,-0.8,0.8,-0.8,0.0,1.6,0.0,0.0,0.8,0.0,0.8,0.0,0.0,0.8,0.0,0.0,-0.8,0.0,0.0,0.0,0.0,0.0,0.8,0.8,0.0,0.8,0.0,0.8,-0.8,0.8,0.8,0.0,1.6,0.0,0.8,2.4000000000000004,-1.6,0.8,0.8,0.8,0.0,-0.8,0.0,-0.8,0.8,1.6,0.8,1.6,0.0,0.8,0.8,-1.6,0.0,0.8,0.0,0.8,-0.8,0.0,0.0,0.0,0.0,0.8,0.8,0.0,1.6,1.6,-0.8,1.6,0.8,0.8,-0.8,-0.8,0.0,0.0,-0.8,0.0,0.0,-1.6,0.8,0.8,0.8,-0.8,0.0,0.0,0.0,0.8,0.0,0.0,0.8,0.8,0.0,0.0,2.4000000000000004,1.6,-0.8,0.0,0.0,0.8,0.8,-0.8,0.8,-0.8,0.8,0.0,0.0,0.0,0.0,0.8,0.0,0.0,1.6,0.0,0.8,0.0,-0.8,0.0,-1.6,0.8,0.8,0.0,0.8,0.0,0.8,0.0,0.8,0.8,0.0,0.8,-0.8,0.0,0.8,-0.8,1.6,1.6,0.8,0.8,0.0,1.6,-0.8,0.8,-0.8,-0.8,1.6,-0.8,1.6,0.0,0.8,0.8,-1.6,0.8,0.0,-0.8,1.6,-0.8,1.6,0.0,0.0,1.6,0.8,0.8,0.0,0.0,1.6,1.6,1.6,0.8,0.0,0.8,0.0,-0.8,0.0,0.8,0.8,0.8,0.0,0.0,0.8,-0.8,0.0,1.6,-0.8,0.0,0.8,0.8,0.8,1.6,0.8,0.8,0.0,-1.6,0.8,0.8,0.8,0.0,-0.8,1.6,1.6,0.8,-0.8,0.0,1.6,-0.8,-0.8,0.0,0.0,0.8,-0.8,1.6,0.8,0.0,0.0,0.0,1.6,-0.8,0.0,1.6,-0.8,0.0,0.0,0.0,1.6,-0.8,0.0,0.8,0.0,0.8,-1.6,1.6,0.0,0.8,0.8,0.8,2.4000000000000004,0.8,0.0,0.8,0.0,0.8,-0.8,0.8,0.0,0.8,0.8,0.0,0.8,0.8,-0.8,1.6,-1.6,1.6,0.0,0.0,0.8,0.0,0.0,-0.8,0.0,1.6,-0.8,1.6,0.0,-0.8,1.6,0.8,0.8,0.0,0.0,0.0,0.0,0.8,-0.8,0.8,0.0,-0.8,0.8,-1.6,0.8,0.0,0.0,0.0,0.0,0.8,0.0,0.8,0.8,0.0,0.8,0.0,-0.8,0.8,-0.8,2.4000000000000004,-0.8,0.0,1.6,0.0,0.0,0.0,0.0,0.8,-0.8,-0.8,0.8,0.0,0.8,0.8,0.0,0.0,0.0,0.0,0.8,-0.8,-0.8,0.0,0.0,1.6,0.8,0.8,0.0,0.8,1.6,0.0,0.0,0.0,0.8,0.0,0.0,0.0,0.8,0.0,0.8,0.8,1.6,0.0,1.6,0.0,0.8,0.8,-0.8,0.0,0.8,-0.8,2.4000000000000004,0.0,0.8,0.0,0.8,0.8,0.0,0.0,0.0,0.8,0.8,-0.8,0.8,0.0,0.0,0.0,-0.8,0.8,0.0,2.4000000000000004,1.6,-0.8,0.0,0.0,0.0,0.0,0.0,1.6,0.0,0.0,0.0,-1.6,-0.8,-1.6,-0.8,-0.8,0.0,0.8,0.0,0.8,0.8,0.0,0.8,0.8,-0.8,-0.8,0.0,1.6,0.0,0.0,0.8,0.8,0.8,0.0,0.8,-0.8,0.0,0.0,0.0,0.0,0.0,-0.8,0.0,0.0,0.8,0.0,0.0,0.0,0.0,-0.8,0.0,0.0,1.6,0.8,0.0,0.0,0.8,0.0,0.0,0.8,0.8,0.0,0.0,0.0,0.0,0.8,1.6,0.8,0.8,1.6,0.0,0.8,0.8,1.6,0.8,-0.8,-0.8,0.8,0.0,0.8,1.6,0.0,0.0,0.0,-0.8,1.6,0.0,0.8,0.0,1.6,0.0,-0.8,0.8,0.8,0.0,0.0,-0.8,0.0,1.6,0.0,0.8,0.8,2.4000000000000004,0.8,-0.8,-0.8,1.6,0.8,0.0,0.8,0.8,-0.8,0.8,0.0,0.8,-0.8,0.0,1.6,-0.8,1.6,0.8,0.0,2.4000000000000004,-0.8,1.6,0.8,0.0,0.8,0.0,0.8,0.8,1.6,0.8,-0.8,0.0,0.8,-0.8,0.0,-0.8,0.8,0.8,0.0,0.8,0.8,0.0,-0.8,0.8,0.8,0.0,0.0,-0.8,1.6,0.0,0.0,0.8,1.6,0.8,0.0,0.8,0.0,0.0,-0.8,0.0,0.8,2.4000000000000004,0.0,-0.8,1.6,0.0,0.8,0.8,2.4000000000000004,0.8,0.0,-0.8,0.8,0.0,0.0,0.8,0.8,1.6,-0.8,0.8,0.0,0.0,-0.8,0.0,0.8,0.8,0.8,-0.8,0.8,0.8,-0.8,0.0,1.6,0.0,2.4000000000000004,-0.8,0.8,0.0,2.4000000000000004,1.6,0.0,0.0,0.8,-0.8,0.0,0.8,0.8,-0.8,0.0,0.8,0.0,1.6,0.8,0.0,0.0,0.8,0.8,-0.8,2.4000000000000004,-1.6,-0.8,1.6,0.8,1.6,0.0,0.0,3.2,0.0,1.6,0.0,0.0,1.6,-0.8,0.8,0.0,0.8,0.8,-0.8,0.8,0.8,0.8,0.0,0.0,1.6,-0.8,0.0,0.8,0.8,0.8,-2.4000000000000004,2.4000000000000004,2.4000000000000004,-0.8,-0.8,4.0,0.8,-1.6,0.8,2.4000000000000004,-0.8,0.8,2.4000000000000004,0.8,0.8,0.8,1.6,0.8,0.0,0.0,0.8,0.0,0.0,-0.8,0.8,1.6,0.8,0.0,0.8,0.0,0.0,0.0,0.0,0.8,-0.8,0.8,0.0,0.0,0.0,0.8,1.6,0.0,1.6,0.0,0.8,1.6,-1.6,1.6,0.8,-0.8,0.8,-0.8,1.6,0.0,0.0,0.8,-0.8,0.0,0.0,-0.8,1.6,0.0,1.6,-0.8,1.6,0.8,-0.8,1.6,0.8,-0.8,0.0,-0.8,1.6,-0.8,0.0,0.8,0.0,1.6,0.0,0.8,-0.8,0.0,0.0,0.0,0.8,0.0,0.0,0.8,0.0,2.4000000000000004,-0.8,-0.8,0.8,-1.6,0.8,-0.8,0.0,1.6,-0.8,0.0,0.0,0.8,1.6,-1.6,1.6,-0.8,0.0,-0.8,-0.8,1.6,0.8,0.0,0.8,0.0,0.8,-0.8,0.8,0.0,0.8,0.0,-0.8,0.0,-0.8,0.0,0.8,0.0,0.8,-0.8,0.0,0.0,0.8,0.0,1.6,0.0,0.0,0.0,0.0,0.8,0.0,0.0,0.8,0.0,0.0,0.8,0.0,0.0,0.0,0.8,0.8,0.0,0.0,0.8,1.6,-0.8,1.6,0.0,0.0,2.4000000000000004,0.0,0.8,1.6,0.8,0.8,-2.4000000000000004,1.6,0.8,-1.6,1.6,0.0,0.0,0.0,0.0,1.6,0.0,0.8,0.0,-0.8,1.6,-0.8,0.0,0.0,1.6,0.0,-0.8,1.6,0.0,0.0,0.0,0.0,1.6,-0.8,0.8,1.6,-0.8,0.0,0.8,0.0,0.0,0.0,0.8,1.6,0.0,0.0,0.0,0.0,-0.8,0.0,0.8,0.0,1.6,-0.8,1.6,0.8,0.0,-0.8,0.0,0.8,0.8,-0.8,0.8,-0.8,0.0,0.8,1.6,0.8,0.0,0.0,0.8,0.0,1.6,0.0,0.8,-0.8,0.0,0.0,-0.8,0.0,0.0,0.8,0.8,0.0,-0.8,0.8,0.8,0.0,0.0,0.8,0.0,-0.8,-0.8,1.6,0.8,0.0,0.0,0.8,-0.8,-0.8,0.8,0.0,0.8,2.4000000000000004,0.8,0.0,1.6,0.0,0.0,1.6,-0.8,-1.6,-0.8,0.0,0.0,0.0,0.0,0.8,0.0,1.6,0.0,-0.8,0.8,0.0,0.0,0.8,0.0,0.8,-0.8,0.8,0.8,0.0,0.0,0.0,0.8,0.0,-0.8,0.8,0.8,0.0,-0.8,0.0,1.6,-0.8,1.6,0.0,0.8,1.6,0.0,1.6,0.8,1.6,0.8,0.8,1.6,0.0,-0.8,1.6,-0.8,0.0,0.0,0.0,0.8,0.0,0.8,1.6,0.8,0.0,-1.6,0.8,0.0,0.0,-0.8,0.8,0.8,-0.8,1.6,0.8,-1.6,1.6,0.8,-0.8,0.8,0.0,2.4000000000000004,0.8,0.0,0.0,1.6,0.8,0.0,0.0,1.6,2.4000000000000004,-0.8,0.0,-0.8,-0.8,0.8,0.8,0.8,-0.8,0.8,1.6,-0.8,0.8,0.0,0.0,0.0,-0.8,-0.8,0.0,1.6,-0.8,0.8,0.0,0.8,1.6,0.8,-0.8,-0.8,0.0,0.8,-1.6,0.0,-0.8,0.0,0.8,0.0,2.4000000000000004,0.8,0.0,1.6
event_109,1625266972.1350386,0.8,0.0,0.0,2.4000000000000004,-0.8,0.8,-0.8,0.0,1.6,0.8,0.0,0.8,0.0,0.8,0.0,0.8,0.0,0.0,0.8,0.0,1.6,0.0,1.6,0.8,0.0,0.0,0.0,0.8,0.8,-0.8,0.8,0.8,0.8,0.8,0.8,0.0,0.0,0.8,0.8,0.8,0.8,0.0,-0.8,0.8,0.0,0.8,1.6,0.0,0.0,0.0,0.8,0.0,0.8,1.6,0.8,0.8,1.6,1.6,0.8,0.8,0.8,-0.8,0.8,1.6,0.8,0.0,0.8,2.4000000000000004,0.8,0.0,1.6,0.8,-0.8,0.0,-0.8,0.0,0.8,0.0,0.0,1.6,0.8,0.8,1.6,1.6,0.0,0.8,1.6,0.8,1.6,0.0,1.6,1.6,0.8,0.0,0.8,1.6,0.8,0.0,0.8,0.0,0.0,0.0,-2.4000000000000004,-44.8,-97.60000000000001,-77.60000000000001,-40.0,-18.4,-8.8,-4.0,-1.6,-6.4,-4.800000000000001,-2.4000000000000004,-3.2,-0.8,0.8,0.0,0.0,0.0,-0.8,0.0,0.8,0.0,0.0,-0.8,0.0,0.8,-1.6,0.8,1.6,-1.6,0.8,-0.8,0.8,0.8,-0.8,0.0,0.0,0.0,0.8,0.0,0.8,0.8,0.0,1.6,-0.8,0.0,-0.8,1.6,0.8,0.8,0.8,1.6,1.6,0.8,0.0,0.0,1.6,1.6,-0.8,0.8,1.6,0.0,0.8,0.8,1.6,0.0,0.0,0.0,0.8,0.0,0.8,-0.8,0.0,0.8,0.8,1.6,1.6,0.0,0.8,0.8,0.8,0.8,-0.8,0.8,0.0,3.2,0.0,0.8,1.6,1.6,0.0,0.8,0.0,2.4000000000000004,-0.8,0.0,0.8,-0.8,0.8,0.8,0.8,0.8,-2.4000000000000004,0.0,0.0,0.8,-0.8,0.8,0.8,0.8,0.8,-0.8,0.8,0.8,0.8,2.4000000000000004,-0.8,0.0,1.6,0.8,0.8,0.0,2.4000000000000004,1.6,-1.6,1.6,0.0,1.6,0.0,1.6,0.8,-1.6,0.8,0.8,0.8,1.6,0.0,0.8,0.0,0.8,0.8,0.0,0.8,-2.4000000000000004,-1.6,0.8,1.6,0.8,0.0,0.0,1.6,0.0,1.6,0.8,0.8,1.6,0.0,0.8,0.8,0.8,0.8,0.0,1.6,0.0,0.8,0.0,0.0,1.6,-0.8,0.8,0.0,0.8,0.8,0.0,0.8,0.8,0.0,0.8,0.0,2.4000000000000004,0.8,-0.8,0.0,1.6,0.8,-0.8,0.8,0.0,0.8,0.0,0.8,0.0,1.6,-0.8,-0.8,0.0,0.8,0.0,0.8,0.8,0.0,0.0,0.8,-1.6,0.8,-0.8,1.6,0.8,1.6,-0.8,0.0,0.0,0.0,0.8,-0.8,0.8,-0.8,0.8,0.8,-0.8,0.8,0.0,1.6,1.6,-0.8,1.6,-0.8,0.0,0.0,-0.8,0.8,-0.8,0.0,-0.8,-0.8,0.8,0.0,0.8,0.8,0.8,1.6,1.6,0.8,-0.8,-0.8,1.6,-0.8,0.8,0.0,1.6,0.0,-0.8,0.8,-0.8,0.0,-0.8,-1.6,0.8,0.8,1.6,0.8,-0.8,0.8,0.0,1.6,0.0,0.0,0.8,-1.6,0.0,0.0,-0.8,1.6,-0.8,2.4000000000000004,-0.8,0.0,0.8,-0.8,0.8,0.0,0.8,0.8,0.8,0.8,0.0,0.0,0.8,0.0,0.8,0.8,0.8,0.0,-0.8,0.0,-0.8,1.6,0.8,-2.4000000000000004,1.6,1.6,-1.6,0.0,1.6,-0.8,0.0,-0.8,0.0,0.0,0.0,-0.8,0.8,1.6,0.0,0.0,0.8,1.6,0.8,0.0,0.0,1.6,-0.8,-0.8,0.8,0.8,0.8,-1.6,0.0,0.0,-0.8,0.8,0.0,0.0,-0.8,0.8,1.6,0.0,0.0,0.0,0.0,0.8,-0.8,0.0,0.0,1.6,0.8,-0.8,0.8,0.0,0.8,1.6,-0.8,0.0,0.0,0.8,0.8,0.8,1.6,0.8,1.6,1.6,0.0,1.6,-0.8,0.0,0.8,0.0,0.0,0.0,0.8,0.8,0.0,0.0,0.8,1.6,0.8,-0.8,0.8,0.8,-0.8,0.0,0.0,1.6,-0.8,1.6,1.6,0.8,0.0,0.8,0.8,0.8,0.0,-0.8,-0.8,1.6,0.0,0.8,1.6,0.0,0.8,0.0,0.8,0.8,-0.8,1.6,0.0,0.8,-0.8,-0.8,0.8,0.8,0.0,0.0,0.8,0.8,1.6,1.6,0.8,1.6,-0.8,0.0,-1.6,-0.8,0.8,0.8,-0.8,0.0,0.0,-0.8,0.0,0.0,0.8,0.0,0.0,0.8,0.0,0.8,0.8,0.0,0.8,-0.8,-0.8,0.0,0.8,0.0,0.8,0.0,0.8,0.0,0.8,0.0,-0.8,0.8,0.0,0.0,-0.8,1.6,0.8,0.0,0.0,2.4000000000000004,0.0,0.0,-1.6,0.8,-1.6,0.8,0.8,0.0,1.6,-1.6,0.0,1.6,0.0,0.0,0.8,1.6,0.0,-1.6,0.8,0.0,1.6,0.8,0.8,1.6,0.0,1.6,0.8,0.8,0.0,0.0,0.8,-1.6,-0.8,0.8,-0.8,0.0,0.0,-1.6,0.8,-0.8,1.6,-0.8,0.0,0.0,0.8,0.0,0.0,1.6,0.0,-0.8,0.8,-0.8,0.0,1.6,0.8,0.8,-1.6,0.0,0.0,0.0,-0.8,0.0,0.8,-0.8,0.8,-1.6,0.0,-0.8,-0.8,0.0,0.0,0.8,0.8,0.0,0.8,0.0,0.8,-0.8,0.8,-1.6,0.0,0.8,0.8,0.0,-0.8,1.6,0.0,0.0,0.8,0.0,1.6,0.8,-1.6,0.0,-0.8,0.0,0.8,0.8,1.6,0.0,0.0,1.6,-0.8,0.0,-0.8,0.8,-0.8,-0.8,0.8,-0.8,1.6,1.6,0.8,1.6,0.0,0.0,-0.8,0.8,0.8,0.0,0.0,0.8,0.8,0.8,-1.6,1.6,0.0,0.0,0.8,0.0,0.8,0.0,0.0,1.6,-0.8,2.4000000000000004,-0.8,0.8,0.0,0.8,0.8,0.0,0.0,1.6,0.0,0.8,-0.8,1.6,0.8,-0.8,0.0,0.0,1.6,0.8,0.0,0.8,-0.8,0.8,0.0,0.0,0.8,0.0,1.6,-0.8,0.0,-0.8,-0.8,0.8,0.0,0.0,0.8,0.0,0.0,0.0,0.8,-0.8,0.0,0.0,-1.6,0.8,1.6,1.6,0.0,-1.6,0.8,0.0,0.8,-0.8,-1.6,0.0,0.0,0.8,0.8,0.0,0.8,-0.8,0.8,0.0,0.0,0.0,0.0,0.8,0.0,-1.6,-0.8,0.0,0.8,0.0,0.0,-0.8,0.8,0.0,-0.8,0.0,-0.8,0.0,0.0,0.0,0.8,-0.8,0.8,0.8,0.8,-0.8,-0.8,0.8,0.0,0.0,0.0,-0.8,0.8,-0.8,0.8,2.4000000000000004,0.0,0.8,-0.8,0.8,0.0,-1.6,0.8,-0.8,0.0,0.8,-1.6,0.8,-1.6,1.6,-0.8,-0.8,0.8,0.0,1.6,0.0,0.0,2.4000000000000004,0.0,0.8,-0.8,0.8,1.6,-0.8,1.6,-0.8,0.0,0.0,-0.8,0.8,-0.8,-0.8,0.0,-0.8,1.6,0.8,-0.8,0.0,-0.8,-0.8,-1.6,1.6,0.0,0.8,0.0,0.0,0.8,0.8,0.0,0.0,0.8,0.8,0.0,1.6,0.8,0.0,0.8,0.8,0.8,0.8,-0.8,0.0,0.0,-1.6,0.0,0.0,0.0,-0.8,0.0,0.8,0.8,0.0,-0.8,1.6,0.0,0.0,-1.6,0.0,1.6,0.8,0.0,-0.8,0.0,0.8,0.0,0.0,0.8,0.8,-0.8,-0.8,0.0,0.0,0.0,1.6,0.0,0.0,-0.8,-0.8,0.0,0.0,-0.8,0.8,0.8,0.0,-0.8,0.0,0.0,0.0,-0.8,0.0,0.8,-0.8,0.0,-0.8,0.0,0.0,0.8,0.8,-0.8,0.8,0.0,0.8,0.8,-0.8,1.6,-1.6,0.0,-0.8,-0.8,0.0,0.0,0.8,-1.6,0.0,0.8,0.0,1.6,0.0,0.0,0.0,0.8,0.8,0.8,0.0,1.6,-0.8,1.6,0.0,-1.6,0.8,-0.8,-0.8,-0.8,0.8,0.8,-1.6,0.0,0.0,-1.6,0.8,0.0,0.8,-1.6,0.0,0.8,0.0,0.0,0.0,0.0,0.8,0.8,0.0,0.0,0.0,0.8,0.0,0.8,0.0,1.6,0.0,0.0,1.6,0.8,0.0,0.8,0.0,0.8,-0.8,-1.6,0.0,0.0,-0.8,0.8,0.0,-0.8,-0.8,0.8,-0.8,0.8,-0.8,0.0,0.0,0.8,-0.8,0.0,0.0,0.0,-0.8,0.0,0.8,-1.6,2.4000000000000004,0.8,0.0,0.8,0.0,0.0,0.0,-1.6,0.8,0.0,0.0,0.0,0.0,0.8,-1.6,0.8,0.8,0.0,0.8,-0.8,0.8,0.8,-0.8,-0.8,0.0,0.8,-1.6,0.8,0.8,0.8,0.0,-0.8,1.6,0.8,0.0,0.0,-0.8,0.8,-0.8,-0.8,0.8,0.8,1.6,0.0,0.0,1.6,0.0,0.0,0.0,1.6,0.8,-0.8,0.8,-0.8,0.8,0.8,0.8,1.6,0.0,0.0,0.0,0.0,0.8,-1.6,0.8,1.6,0.8,1.6,0.0,0.8,0.8,0.0,0.0,-0.8,0.8,0.0,-0.8,1.6,-0.8,0.0,0.8,-0.8,0.0,-0.8,0.0,-0.8,0.0,0.0,-0.8,0.8,0.0,-1.6,0.0,0.0,0.8,0.0,0.8,0.0,0.0,1.6,0.8,-0.8,0.0,0.8,0.0,0.8,-0.8,0.0,1.6,-0.8,0.0,-0.8,-0.8,0.8,0.0,0.8,-0.8,-0.8,0.0,-0.8,1.6,0.0,0.0,1.6,-0.8,-1.6,0.0,2.4000000000000004,-0.8,-0.8,0.0,-0.8,1.6,0.8,-1.6,0.0,0.8,0.0,-0.8,0.0,0.8,0.0,0.0,0.0,1.6,0.8,-1.6,1.6,0.0,0.0,0.8,-0.8,1.6,-0.8,0.8,0.8,0.8,0.0,-0.8,2.4000000000000004,0.0,-0.8,-0.8,-0.8,0.8,0.0,-0.8,0.8,0.0,0.0,-0.8,0.8,0.0,0.8,0.0,0.0,-0.8,0.8,0.0,2.4000000000000004,0.0,0.0,-0.8,0.0,-0.8,0.0,0.0,1.6,-0.8,0.8,0.0,0.0,0.8,0.0,0.0,0.0,0.0,0.0,0.8,0.8,-0.8,0.8,0.0,0.0,0.8,0.0,1.6,1.6,-1.6,0.0,0.8,0.0,0.0,1.6,0.0,0.0,0.8,0.8,-1.6,0.0,0.0,0.0,1.6,-1.6,-0.8,1.6,1.6,0.0,0.8,0.0,1.6,0.8,1.6,0.0,0.0,0.8,0.0,-0.8,-0.8,0.8,0.0,0.0,0.0,0.0,0.0,0.0,0.0,0.8,-0.8,-0.8,0.8,0.0,0.8,0.0,-0.8,1.6,0.8,2.4000000000000004,0.0,0.0,0.8,-0.8,1.6,-0.8,1.6,0.8,-1.6,0.0,0.0,0.8,0.8,0.0,0.8,-2.4000000000000004,0.0,0.8,0.0,0.8,0.0,1.6,0.8,-0.8,1.6,-0.8,1.6,-0.8,0.0,0.0,0.8,0.8,-0.8,0.8,1.6,0.0,1.6,-0.8,0.0,0.8,0.0,1.6,-0.8,0.0,0.0,-0.8,0.8,0.0,2.4000000000000004,0.0,0.0,0.0,-1.6,0.8,0.0,0.0,0.0,0.0,1.6,-0.8,0.8,0.8,0.0,0.8,-0.8,-0.8,0.0,0.8,0.8,0.0,0.0,0.8,0.0,1.6,-0.8,0.8,0.8,0.8,0.0,0.0,0.0,0.8,0.0,1.6,0.0,0.0,-0.8,0.0,0.8,0.0,0.8,1.6,0.8,0.0,-0.8,0.0,0.8,0.8,0.8,0.8,-0.8,0.8,0.0,0.8,1.6,2.4000000000000004,0.8,-0.8,0.0,1.6,0.0,1.6,0.0,-0.8,-0.8,-1.6,0.0,0.0,-0.8,0.8,0.8,0.8,-0.8,0.8,0.8,0.8,0.0,0.0,0.8,0.8,0.0,0.0,-0.8,0.8,0.0,0.0,1.6,-0.8,0.8,0.0,-0.8,0.8,-0.8,1.6,0.0,0.0,0.8,0.0,-0.8,-0.8,0.0,0.8,-0.8,0.8,0.8,0.0,0.0,0.0,0.8,0.0,0.0,-0.8,0.8,0.0,-1.6,-0.8,1.6,-0.8,0.0,0.0,0.8,0.0,0.8,0.0,-1.6,0.8,0.0,-0.8,0.0,0.0,0.0,1.6,0.0,0.8,0.8,0.0,-0.8,0.8,0.0,-1.6,0.0,0.0,0.0,1.6,-1.6,0.0,0.8,-0.8,0.0,-0.8,0.0,-1.6,0.0,1.6,0.8,-0.8,0.0,0.8,0.8,-1.6,0.8,0.8,0.0,0.0,-0.8,0.8,0.0,0.0,0.8,0.8,0.8,-0.8,0.0,-0.8,0.0,0.8,1.6,0.0,1.6,-0.8,0.0,0.8,0.0,0.0,0.0,0.0,0.0,0.0,0.8,0.0,0.8,1.6,0.0,0.0,-2.4000000000000004,0.0,0.0,-0.8,0.8,-0.8,-0.8,-0.8,-0.8,0.8,-1.6,0.8,0.8,-0.8,0.8,-0.8,-0.8,0.8,-0.8,-0.8,-0.8,1.6,0.0,-0.8,0.0,0.0,-0.8,0.8,1.6,-0.8,0.8,0.0,-0.8,0.0,0.8,0.0,1.6,0.0,0.8,0.0,0.0,0.0,0.0,0.0,-0.8,0.0,0.0,0.0,0.8,0.0,1.6,0.8,-0.8,1.6,0.0,-0.8,0.0,0.0,1.6,1.6,0.0,0.0,0.8,0.8,0.8,0.8,0.0,0.8,0.0,0.8,-0.8,-0.8,0.0,0.8,0.8,-0.8,0.0,1.6,-0.8,2.4000000000000004,-0.8,-0.8,0.0,0.0,-0.8,-0.8,0.8,0.0,0.0,0.0,-0.8,0.0,1.6,0.0,0.8,-0.8,0.8,0.0,-0.8,0.8,0.0,1.6,0.0,0.8,0.8,-1.6,0.0,0.0,0.8,0.8,-0.8,0.8,-0.8,0.0,0.0,-1.6,2.4000000000000004,-1.6,0.0,0.8,1.6,1.6,-1.6,-0.8,1.6,0.0,0.8,-0.8,0.0,0.8,0.0,-0.8,-0.8,0.8,0.8,0.8,0.8,0.8,0.8,0.8,-0.8,1.6,-1.6,0.0,0.8,0.8,0.8,-1.6,0.8,0.8,0.0,1.6,0.8,1.6,0.0,0.0,0.8,0.0,1.6,-1.6,0.8,1.6,1.6,0.8,0.8,1.6,0.8,0.0,0.0,-0.8,0.8,0.0,1.6,0.8,0.0,-0.8,0.0,0.0,0.0,-0.8,0.8,0.0,1.6,0.0,0.0,0.8,0.0,1.6,0.0,0.0,-1.6,0.8,1.6,-0.8,0.0,0.8,-0.8,0.0,0.0,0.8,0.8,0.0,0.0,0.0,-0.8,0.0,0.8,0.8,-0.8,0.8,0.0,0.8,0.0,0.8,0.0,0.8,0.8,-1.6,0.8,0.0,-1.6,0.0,-1.6,1.6,1.6,0.8,0.0,-0.8,1.6,-0.8,-0.8,0.8,0.0,0.8,0.0,1.6,1.6,-2.4000000000000004,0.8,0.0,0.0,0.0,-1.6,0.8,0.0,0.0,0.0,0.0,1.6,-0.8,0.0,0.8,-0.8,1.6,-0.8,1.6,0.8,1.6,1.6,0.0,1.6,0.8,0.0,0.8,-0.8,0.8,0.0,0.0,0.8,-1.6,0.0,0.8,0.0,0.8,-1.6,0.0,-0.8,0.0,0.0,0.0,0.8,1.6,-0.8,0.0,0.0,0.8,-0.8,0.0,0.8,-0.8,1.6,0.8,-0.8,0.0,-0.8,0.0,0.0,0.8,0.8,0.0,0.8,0.8,0.0,-0.8,0.0,0.8,0.0,0.0,0.8,0.8,0.0,0.8,0.0,0.0,0.0,0.0,-1.6,0.0,1.6,0.0,1.6,0.8,0.8,0.8,0.8,-0.8,0.0,0.8,0.0,0.0,0.8,0.8,0.0,0.8,0.0,0.0,0.8,0.0,1.6,0.8,-0.8,0.8,0.8,0.8,0.0,0.0,0.8,1.6,0.8,0.0,0.8,1.6,-0.8,0.8,1.6,0.0,1.6,0.0,2.4000000000000004,0.0,0.8,0.0,-0.8,0.0,-0.8,-0.8,0.0,0.0,0.0,0.0,1.6,0.8,0.8,0.0,-0.8,0.0,0.8,-0.8,1.6,-0.8,2.4000000000000004,-0.8,0.0,1.6,0.0,0.8,0.0,0.0,1.6,0.0,0.8,0.0,1.6,0.0,0.8,0.0,-0.8,0.8,0.0,-0.8,0.8,-1.6,0.0,-0.8,0.8,0.0,-1.6,0.0,0.0,-1.6,1.6,0.8,-0.8,0.0,-0.8,-1.6,-0.8,1.6,0.0,-0.8,0.0,0.8,-0.8,2.4000000000000004,0.0,0.0,0.8,0.0,0.0,0.0,0.8,0.8,0.0,0.8,0.0,0.8,0.0,0.8,0.0,-0.8,0.0,-0.8,-0.8,0.8,0.0,0.0,0.0,0.8,0.8,0.8,0.8,-0.8,-0.8,0.8,0.0,2.4000000000000004,-0.8,0.0,1.6,0.8,0.8,0.8,0.0,1.6,0.0,0.0,-0.8,1.6,0.0,0.0,0.8,0.8,0.0,0.8,0.8,0.8,0.0,1.6,-0.8,0.8,-0.8,0.0,0.8,0.8,0.0,0.8,0.0,0.0,0.8,0.8,0.8,0.0,1.6,0.0,0.0,0.0,-0.8,0.8,-0.8,0.8,0.8,-1.6,0.8,0.0,0.0,0.8,-0.8,0.8,0.8,0.0,0.0,0.0,0.0,-0.8,-0.8,0.0,1.6,1.6,-0.8,0.0,0.0,1.6,1.6,-0.8,0.0,0.0,0.0,0.0,0.0,0.8,0.8,0.8,1.6,0.0,1.6,0.8,0.8,0.8,-0.8,0.0,-0.8,0.0,0.8,-0.8,0.0,0.8,0.0,-0.8,0.8,0.8,1.6,-0.8,0.0,0.0,0.0,0.8,-0.8,1.6,1.6,-0.8,2.4000000000000004,0.8,1.6,0.0,-1.6,1.6,-0.8,0.0,1.6,0.0,1.6,-1.6,0.8,0.0,0.0,0.0,0.8,0.8,0.0,0.0,0.8,0.0,0.8,-0.8,1.6,0.8,-0.8,1.6,0.0,0.8,-0.8,0.0,0.8,-2.4000000000000004,0.0,0.8,0.0,0.8,0.0,0.0,-0.8,0.8,1.6,0.8,0.8,0.0,0.8,0.8,0.0,0.8,0.0,1.6,0.8,-1.6,0.8,0.8,0.0,0.0,-0.8,3.2,0.0,0.8,-0.8,-0.8,1.6,0.0,0.0,-0.8,-0.8,0.8,-0.8,1.6,0.8,0.8,0.0,0.0,0.8,0.0,-0.8,1.6,-0.8,0.0,0.0,0.8,0.0,0.0,0.8,0.8,0.0,0.8,0.0,1.6,0.0,1.6,0.8,0.0,0.0,0.8,0.8,0.0,0.0,0.0,-0.8,0.0,0.0,0.8,-0.8,0.8,0.0,0.8,0.8,0.8,0.8,-0.8,-0.8,2.4000000000000004,0.8,-0.8,0.0,1.6,-1.6,-0.8,2.4000000000000004,0.0,0.0,-0.8,0.8,0.8,-0.8,0.8,1.6,0.0,-0.8,0.0,1.6,0.0,-1.6,0.8,0.0,0.0,-0.8,0.0,1.6,-0.8,0.8,0.0,0.0,0.8,-0.8,0.8,0.8,-0.8,0.0,0.0,0.8,0.8,0.0,0.8,0.0,0.0,0.0,0.0,-0.8,0.0,0.0,-0.8,0.8,0.8,0.0,0.8,0.8,0.8,0.0,0.0,0.8,0.0,0.0,-0.8,-0.8,0.0,-0.8,0.8,-0.8,0.8,0.0,-0.8,0.8,0.0,0.0,-1.6,-0.8,0.8,0.8,-0.8,0.0,0.0,0.0,0.0,0.8,0.0,0.0,0.8,0.0,-0.8,-0.8,0.0,1.6,-0.8,0.8,0.0,0.8,0.8,-0.8,-1.6,0.0,0.0,0.0,0.0,0.8,0.8,1.6,-0.8,0.8,0.8,0.0,1.6,1.6,0.0,0.0,0.0,0.0,0.0,0.0,0.0,0.8,-0.8,-0.8,0.8,-0.8,0.0,-0.8,-0.8,0.8,0.0,0.8,-0.8,0.0,0.0,-0.8,1.6,0.0,0.0,0.0,0.0,2.4000000000000004,0.0,0.8,0.0,0.0,1.6,0.0,0.0,0.8,0.0,0.8,0.0,0.0,-0.8,-0.8,0.0,0.0,0.8,-0.8,0.8,0.8,0.0,0.8,-0.8,0.8,0.0,-1.6,0.0,0.8,0.8,0.8,0.0,0.8,-0.8,0.0,0.8,0.0,2.4000000000000004,0.0,0.8,0.8,0.8,0.8,0.0,0.0,0.0,0.0,0.0,0.0,0.0,0.8,0.8,0.8,0.0,0.0,0.8,0.0,0.8,0.0,0.0,-0.8,1.6,0.0,0.0,0.8,0.8,0.0,1.6,0.8,-0.8,0.8,0.0,0.8,0.0,0.8,0.8,-0.8,0.8,0.8,0.8,-0.8,-0.8,0.8,-1.6,0.0,0.0,-0.8,0.0,0.0,0.8,0.0,0.0,0.0,-0.8,1.6,-1.6,-0.8,1.6,0.8,0.0,0.0,-0.8,1.6,0.0,0.8,0.0,-0.8,1.6,0.0,0.8,0.0,0.0,0.8,0.0,1.6,0.8,0.8,1.6,0.0,0.8,-0.8,-0.8,0.0,0.0,0.0,0.0,-0.8,1.6,-0.8,0.8,0.0,0.8,0.8,-1.6,1.6,0.8,2.4000000000000004,1.6,-1.6,0.8,0.0,0.8,0.8,-0.8,1.6,0.0,-0.8,0.0,-0.8,-0.8,-0.8,1.6,0.0,-0.8,0.8,-0.8,0.8,0.0,0.0,0.0,0.8,0.0,-0.8,0.8,1.6,0.8,0.8,0.8,2.4000000000000004,2.4000000000000004,0.8,0.0
event_110,1625266974.2841616,-0.8,0.0,0.0,-0.8,0.0,-0.8,0.8,-0.8,0.8,0.8,-1.6,0.0,-0.8,0.0,0.8,-0.8,0.8,0.0,0.8,0.8,0.0,0.0,0.8,-0.8,-3.2,0.0,0.8,-0.8,0.8,-0.8,0.8,0.8,0.0,0.0,0.0,0.8,0.0,-0.8,0.0,-0.8,0.0,0.0,0.8,1.6,-0.8,0.0,0.8,1.6,0.8,-0.8,0.0,0.8,-0.8,1.6,0.0,1.6,0.8,0.0,1.6,0.8,0.8,-1.6,0.0,1.6,1.6,0.0,0.0,0.8,0.8,0.0,0.8,0.8,0.0,0.0,0.8,0.0,0.0,-0.8,0.0,0.0,0.0,0.0,0.0,0.8,-0.8,-0.8,0.8,0.0,0.0,-0.8,0.0,0.0,0.0,0.0,0.8,0.8,0.0,0.8,1.6,0.0,0.8,1.6,-8.8,-51.2,-76.0,-45.6,-18.4,-11.2,-6.4,-2.4000000000000004,-4.800000000000001,-6.4,-4.0,-3.2,-4.0,0.8,0.8,-1.6,0.0,0.0,-0.8,0.8,-1.6,0.0,-0.8,0.0,1.6,-0.8,0.0,0.8,1.6,0.8,-0.8,0.0,0.8,0.0,-0.8,-0.8,1.6,-0.8,0.8,0.0,0.0,0.8,-1.6,0.8,0.0,-1.6,0.0,-0.8,0.8,0.0,0.0,0.0,1.6,1.6,0.8,0.8,-0.8,0.8,-0.8,0.0,0.8,1.6,-0.8,0.8,0.0,0.8,0.0,0.8,0.8,0.0,0.8,0.0,0.0,0.0,0.0,1.6,0.8,0.8,0.0,0.8,0.0,0.8,-0.8,0.0,0.8,0.8,0.0,0.0,-0.8,0.8,-0.8,-0.8,0.0,-0.8,1.6,0.8,0.0,1.6,0.8,0.8,-1.6,0.0,0.0,0.8,-0.8,-0.8,0.0,-0.8,0.8,0.8,-0.8,0.8,0.8,0.0,0.8,0.8,1.6,-0.8,0.8,-1.6,-0.8,0.8,-0.8,1.6,0.0,0.0,1.6,0.0,1.6,0.0,0.0,0.0,-0.8,1.6,0.0,0.0,0.8,-0.8,0.8,0.8,0.8,0.0,-0.8,1.6,-0.8,0.8,0.0,0.0,1.6,-0.8,0.0,0.0,0.8,0.8,0.8,0.8,0.0,-1.6,1.6,-0.8,1.6,0.8,-0.8,0.8,-0.8,0.0,0.0,0.0,0.8,-0.8,0.0,-0.8,0.0,0.0,0.8,1.6,-0.8,0.0,0.8,-0.8,1.6,-0.8,0.0,0.8,0.8,0.8,-0.8,0.8,1.6,0.0,0.8,0.0,0.8,1.6,0.8,0.8,0.0,2.4000000000000004,0.0,-0.8,0.0,0.8,0.0,-0.8,0.0,1.6,0.8,1.6,0.0,2.4000000000000004,0.0,0.8,2.4000000000000004,0.0,-0.8,0.0,0.0,0.0,-0.8,0.0,0.8,1.6,-1.6,-1.6,1.6,0.8,0.8,0.0,0.0,0.8,0.0,0.0,0.0,0.8,0.0,0.0,1.6,0.8,0.8,0.0,0.0,0.0,1.6,-0.8,-0.8,1.6,0.0,-4.0,3.2,0.0,-0.8,0.0,2.4000000000000004,0.0,-1.6,1.6,0.0,-1.6,0.0,2.4000000000000004,1.6,-0.8,-0.8,2.4000000000000004,0.0,0.8,-0.8,0.8,0.8,-0.8,0.0,0.0,0.0,1.6,-0.8,1.6,-0.8,0.0,-0.8,0.0,0.0,0.0,0.0,0.8,-1.6,-0.8,-0.8,0.8,0.8,-0.8,0.8,0.0,2.4000000000000004,0.8,0.0,0.8,0.0,0.8,-0.8,-0.8,1.6,0.0,0.0,0.8,0.0,0.0,0.0,0.8,-0.8,0.8,0.0,0.0,0.0,0.8,1.6,-0.8,0.8,0.0,-0.8,0.0,0.8,0.0,0.0,0.8,1.6,0.0,0.0,0.8,0.8,0.8,0.0,0.0,0.0,0.8,0.0,1.6,0.8,0.0,0.8,-0.8,0.8,0.8,-0.8,0.0,0.8,0.0,0.0,0.8,0.8,0.8,1.6,0.8,1.6,0.0,0.8,0.0,-0.8,1.6,0.8,0.0,1.6,0.8,2.4000000000000004,0.0,0.8,1.6,0.0,0.8,-0.8,0.0,0.0,0.0,2.4000000000000004,1.6,0.8,0.8,-0.8,0.0,0.8,0.0,0.0,0.0,0.8,0.0,0.8,0.0,0.0,1.6,0.0,0.8,0.0,0.8,2.4000000000000004,0.0,0.0,1.6,-0.8,0.0,0.8,0.8,0.8,-0.8,1.6,0.8,-0.8,0.0,-0.8,0.8,0.0,0.8,0.8,0.8,1.6,0.0,0.8,0.8,-0.8,0.0,0.0,0.8,0.0,-0.8,0.8,1.6,0.0,0.8,0.8,-0.8,0.0,0.0,0.8,-0.8,0.8,0.0,1.6,0.8,0.8,0.8,-0.8,0.0,0.8,-0.8,0.0,0.8,0.8,-0.8,-0.8,0.0,0.8,0.0,1.6,0.8,0.8,0.8,-0.8,0.8,0.0,1.6,0.8,-0.8,0.8,0.0,0.0,0.8,0.0,0.8,-1.6,0.0,0.0,0.8,0.0,0.8,1.6,0.8,0.0,0.0,-1.6,0.8,-1.6,0.8,0.0,0.0,0.8,0.0,1.6,0.8,0.0,0.8,-0.8,0.0,1.6,0.0,0.8,0.0,0.8,0.0,0.0,0.8,0.0,0.8,0.0,0.8,0.0,-1.6,1.6,0.8,0.0,0.8,0.0,1.6,-1.6,0.0,0.0,0.0,0.8,-0.8,-0.8,-0.8,0.8,0.8,0.0,0.8,0.8,0.8,0.8,0.0,0.0,0.0,0.0,-0.8,-0.8,0.0,0.8,-0.8,0.8,0.8,0.0,-0.8,1.6,1.6,-0.8,0.0,1.6,0.0,0.8,0.8,0.8,1.6,0.8,0.8,0.8,0.8,0.0,0.0,0.0,0.8,0.8,0.0,0.8,1.6,1.6,0.0,0.0,0.0,0.0,0.0,-0.8,0.8,0.0,0.0,1.6,-1.6,0.0,0.0,0.8,-1.6,1.6,1.6,-1.6,0.0,3.2,-1.6,-1.6,-0.8,0.0,0.8,-0.8,0.8,0.0,1.6,0.0,0.0,0.8,0.0,0.8,0.0,-0.8,1.6,-0.8,0.0,0.0,-0.8,0.0,-0.8,1.6,0.0,-0.8,0.8,0.0,0.8,0.0,0.8,0.8,0.0,0.0,-1.6,0.0,0.8,-0.8,1.6,-0.8,1.6,0.8,0.8,0.8,-1.6,1.6,-0.8,-1.6,0.8,-0.8,0.8,-0.8,0.8,2.4000000000000004,-0.8,0.0,-0.8,1.6,-0.8,-0.8,0.0,0.0,0.8,0.0,0.0,0.8,-1.6,0.8,0.0,-0.8,1.6,0.0,0.8,0.0,1.6,-0.8,0.0,0.8,0.0,-0.8,1.6,0.0,-0.8,0.0,0.8,-0.8,-0.8,0.8,1.6,0.0,-0.8,0.0,0.0,0.0,0.8,-0.8,1.6,0.0,0.8,0.8,-1.6,0.8,0.8,0.8,0.0,-0.8,0.0,0.8,0.0,-0.8,-0.8,0.8,0.0,-0.8,-1.6,0.0,1.6,-1.6,0.8,-0.8,-0.8,0.0,0.8,0.0,0.0,0.8,0.0,-0.8,0.8,0.8,0.0,0.0,-0.8,0.8,-0.8,1.6,-0.8,0.8,0.8,0.0,0.8,0.8,0.0,0.0,0.8,0.8,-1.6,-0.8,1.6,0.0,-0.8,0.0,1.6,0.0,-0.8,0.0,0.0,0.0,0.8,0.0,1.6,0.0,0.8,0.0,0.8,0.0,0.8,0.0,0.8,1.6,-0.8,0.0,0.8,0.8,0.0,0.0,0.8,0.8,0.0,0.8,0.0,1.6,0.0,0.8,0.0,0.8,-0.8,0.0,0.8,0.8,-0.8,-0.8,0.0,0.8,-0.8,0.8,0.0,0.0,0.0,-0.8,0.0,-0.8,0.0,0.8,-0.8,0.0,0.8,0.8,0.0,0.0,1.6,0.8,-1.6,0.8,0.0,0.0,0.0,0.8,-0.8,-1.6,-0.8,0.0,0.8,0.8,-0.8,0.8,0.8,0.8,0.8,0.0,0.8,-0.8,-2.4000000000000004,0.0,0.8,1.6,0.0,0.0,0.0,0.0,1.6,0.0,0.0,0.8,-0.8,0.8,0.0,0.0,0.0,0.0,1.6,0.0,0.8,-0.8,0.0,0.0,-1.6,0.8,0.0,-0.8,0.0,-0.8,0.0,0.8,-0.8,0.0,-0.8,1.6,0.0,-0.8,0.8,0.8,1.6,-0.8,0.0,1.6,1.6,0.0,0.0,1.6,0.0,-1.6,0.0,-0.8,-0.8,0.0,0.8,0.0,0.0,0.0,-0.8,0.0,0.8,-0.8,0.8,0.8,1.6,0.0,0.8,0.0,0.0,0.0,-0.8,0.8,0.0,0.8,0.8,-0.8,0.8,0.0,1.6,0.0,-0.8,0.8,0.0,-0.8,-0.8,-0.8,-0.8,0.0,0.0,-1.6,0.0,0.0,0.0,0.8,0.0,1.6,0.0,0.0,0.8,-1.6,1.6,1.6,-0.8,1.6,-0.8,1.6,1.6,0.0,0.8,-0.8,0.8,0.0,-0.8,0.8,0.0,0.8,0.0,0.0,1.6,-0.8,0.8,-0.8,0.8,0.0,-1.6,-0.8,-0.8,0.0,0.8,-1.6,1.6,-0.8,0.8,0.0,-0.8,1.6,-1.6,0.8,-0.8,0.8,0.8,-0.8,0.8,0.8,-0.8,1.6,-0.8,0.8,0.0,0.0,0.0,-0.8,0.0,0.0,0.0,-1.6,-1.6,0.0,-0.8,0.8,-0.8,0.8,-0.8,0.0,2.4000000000000004,-1.6,-3.2,1.6,1.6,-1.6,0.0,0.8,0.0,0.0,0.8,0.0,0.8,0.0,-1.6,0.8,0.8,0.0,0.0,0.0,0.8,-0.8,0.0,0.8,-0.8,-0.8,0.8,1.6,0.0,0.8,-0.8,0.8,0.8,-1.6,0.0,-0.8,1.6,0.8,-0.8,0.0,0.8,0.0,0.8,0.0,0.0,0.0,0.8,0.0,0.0,0.8,0.0,0.8,0.8,0.8,0.8,-1.6,0.8,0.8,-0.8,0.8,-0.8,0.8,0.0,-0.8,0.8,0.0,1.6,0.0,0.8,0.0,0.0,0.0,-0.8,1.6,2.4000000000000004,0.0,1.6,0.0,2.4000000000000004,0.0,0.0,0.8,0.8,0.8,-0.8,0.8,2.4000000000000004,-0.8,2.4000000000000004,0.8,0.0,0.0,-0.8,0.8,0.0,-0.8,1.6,0.0,1.6,0.0,0.0,0.8,0.8,0.8,0.0,0.0,-0.8,1.6,1.6,0.0,0.8,0.8,0.8,0.0,0.0,1.6,1.6,-0.8,0.8,0.0,0.0,0.8,0.8,1.6,-0.8,0.0,0.8,0.8,0.8,0.0,0.0,0.8,0.0,-0.8,0.0,1.6,0.8,0.8,1.6,1.6,0.8,0.8,0.0,0.0,0.8,0.0,0.8,0.0,1.6,0.8,0.8,0.0,1.6,0.8,0.0,0.0,1.6,0.8,0.0,-0.8,0.8,0.0,-0.8,0.8,0.8,0.8,1.6,0.8,2.4000000000000004,0.0,-0.8,0.8,0.8,2.4000000000000004,-0.8,1.6,1.6,0.0,1.6,0.8,0.0,1.6,-0.8,0.0,-0.8,0.0,0.0,1.6,1.6,0.0,0.0,0.0,-0.8,0.8,-0.8,1.6,0.8,0.8,0.0,-0.8,1.6,0.8,0.0,1.6,0.0,0.0,1.6,1.6,0.8,0.0,0.0,0.8,0.8,-1.6,0.8,2.4000000000000004,0.8,0.8,0.8,-1.6,0.0,0.0,0.0,0.8,0.8,0.0,0.0,0.8,0.0,0.0,0.0,-0.8,-0.8,0.0,0.8,1.6,0.0,0.0,0.0,0.0,0.8,0.0,0.8,0.8,-0.8,0.0,0.0,0.0,0.8,0.0,0.8,1.6,0.8,0.0,0.0,1.6,0.0,0.0,1.6,0.0,0.0,0.8,0.0,2.4000000000000004,0.8,0.8,0.8,0.0,0.8,0.0,0.0,0.8,0.8,0.8,-0.8,1.6,0.0,-0.8,0.8,0.8,0.8,-1.6,-0.8,0.8,-0.8,0.0,1.6,0.8,1.6,-2.4000000000000004,1.6,-0.8,0.8,0.8,0.0,1.6,0.8,0.0,0.0,-0.8,1.6,0.0,0.0,0.8,0.0,3.2,0.8,0.8,0.0,0.0,1.6,0.0,0.8,0.8,0.0,0.0,0.0,1.6,-0.8,0.0,1.6,-0.8,0.0,0.0,0.8,0.0,0.0,0.8,-1.6,0.0,0.8,-0.8,1.6,1.6,1.6,-0.8,-0.8,1.6,0.8,1.6,0.0,0.8,0.8,0.0,0.8,0.8,0.0,0.8,0.8,0.8,0.8,0.0,-0.8,0.8,1.6,0.0,0.8,0.0,0.0,0.8,0.0,0.0,0.0,1.6,0.8,0.0,0.0,0.0,0.0,0.0,0.8,1.6,0.0,1.6,0.8,1.6,0.0,0.8,0.8,0.8,0.8,0.0,0.0,0.8,-0.8,1.6,0.8,0.0,0.8,0.0,0.8,0.8,-0.8,0.0,0.0,1.6,0.0,-0.8,0.8,-0.8,0.8,0.8,0.0,-0.8,0.0,0.8,0.0,1.6,1.6,0.0,0.0,-0.8,0.8,0.8,0.0,1.6,-1.6,0.8,2.4000000000000004,0.0,0.0,0.0,0.0,0.0,0.0,1.6,-1.6,0.8,0.0,-1.6,-0.8,-0.8,2.4000000000000004,0.0,0.0,0.0,0.8,1.6,0.0,0.0,-0.8,1.6,0.8,-1.6,1.6,0.8,0.0,0.0,-0.8,0.0,-0.8,0.0,0.8,0.0,0.0,0.0,0.0,0.0,-1.6,0.0,0.8,0.8,0.8,-0.8,1.6,0.8,0.8,0.0,0.0,0.8,0.8,0.8,0.0,0.8,1.6,0.0,1.6,0.8,0.8,0.0,-0.8,0.0,0.0,0.0,0.8,0.8,0.0,0.0,0.8,0.0,0.8,-0.8,0.8,0.0,-0.8,0.8,0.0,-0.8,0.8,0.0,0.8,0.0,0.8,0.8,0.0,0.0,0.0,0.8,0.0,-1.6,0.8,0.0,0.8,0.0,0.0,1.6,-0.8,0.8,-0.8,0.0,0.0,-0.8,0.8,-0.8,0.0,0.8,-0.8,1.6,-0.8,0.0,-0.8,0.0,0.8,0.8,0.8,0.8,0.0,1.6,-0.8,0.8,0.8,0.0,0.8,0.0,0.8,0.8,0.0,0.0,-0.8,0.8,0.0,0.8,1.6,0.0,0.8,0.0,0.0,0.0,-0.8,0.8,1.6,0.0,0.0,0.0,0.8,0.8,-0.8,0.8,0.8,1.6,0.8,0.0,0.8,0.8,0.0,0.8,0.0,0.8,-1.6,-1.6,0.0,0.0,0.0,1.6,-0.8,0.8,0.0,0.0,0.8,0.8,0.0,0.8,0.0,0.8,-0.8,0.0,0.0,0.8,-0.8,0.8,-0.8,-0.8,2.4000000000000004,0.0,0.0,0.0,-0.8,0.8,0.0,-0.8,0.0,0.8,0.0,0.0,0.0,-0.8,0.0,0.0,0.8,1.6,0.0,1.6,0.8,0.8,0.8,0.0,0.8,-0.8,-1.6,0.8,0.0,0.8,0.8,-0.8,2.4000000000000004,0.8,1.6,1.6,-0.8,1.6,-0.8,0.0,0.0,0.0,1.6,0.8,0.8,0.8,0.0,0.0,-0.8,1.6,0.8,0.0,1.6,-0.8,0.8,0.0,0.0,1.6,0.0,0.0,0.0,0.0,0.8,-0.8,1.6,0.0,2.4000000000000004,1.6,-0.8,1.6,0.8,0.0,0.8,0.0,1.6,0.0,0.0,0.0,0.0,0.0,0.8,0.0,0.0,0.0,0.0,-0.8,0.8,-0.8,0.0,0.8,0.0,0.0,0.0,0.8,0.0,1.6,0.0,0.0,0.0,1.6,0.0,-0.8,0.0,-0.8,0.0,0.8,-0.8,0.0,0.0,-0.8,0.8,-1.6,-1.6,0.8,0.0,0.0,-0.8,0.0,0.0,-0.8,1.6,0.0,0.8,0.0,-0.8,0.0,-1.6,1.6,0.0,-0.8,0.8,-0.8,1.6,0.8,0.0,0.0,0.8,1.6,-1.6,0.8,0.8,0.0,1.6,-0.8,1.6,0.8,-0.8,0.0,-0.8,0.0,-0.8,0.0,0.8,-0.8,1.6,-0.8,0.8,0.8,0.0,0.8,0.8,0.8,-0.8,0.8,1.6,0.8,0.8,0.0,0.0,0.8,-1.6,0.8,0.0,-0.8,0.8,0.0,0.8,0.8,0.0,1.6,0.0,0.8,0.0,1.6,0.0,-0.8,0.0,0.8,0.0,1.6,0.0,0.0,0.0,0.8,0.0,0.0,0.0,0.0,0.8,0.0,0.8,-0.8,0.0,0.0,0.0,0.0,0.8,1.6,0.0,1.6,-1.6,-1.6,3.2,0.8,-2.4000000000000004,1.6,1.6,-0.8,0.0,0.8,0.0,0.0,0.8,-0.8,-0.8,0.0,0.8,0.8,0.0,0.0,1.6,0.8,1.6,-0.8,0.0,0.0,0.8,0.0,-0.8,0.8,0.0,-1.6,1.6,-0.8,0.0,0.0,-0.8,2.4000000000000004,-0.8,0.0,0.8,0.0,1.6,-0.8,0.8,1.6,0.8,1.6,0.8,1.6,0.0,0.8,1.6,0.0,2.4000000000000004,-0.8,0.0,0.8,0.0,0.8,0.8,0.8,1.6,0.0,-0.8,0.0,0.0,0.8,0.8,1.6,-0.8,0.0,0.8,0.0,0.8,-0.8,0.8,0.0,0.8,0.8,-0.8,0.8,0.0,0.8,1.6,-0.8,-0.8,1.6,0.0,0.0,0.8,1.6,0.0,0.0,0.8,0.8,0.8,0.0,0.0,0.0,0.0,1.6,0.8,-0.8,-0.8,0.0,0.0,0.0,0.8,0.0,0.0,1.6,-0.8,0.0,0.0,1.6,0.8,0.8,0.8,0.8,0.0,0.8,0.0,0.0,0.8,0.8,-0.8,0.0,0.0,0.0,0.0,0.8,0.8,-0.8,0.0,0.0,0.8,0.0,0.0,1.6,-0.8,0.0,-1.6,0.0,2.4000000000000004,0.8,0.8,0.8,-0.8,0.8,-0.8,0.8,0.0,1.6,0.8,-0.8,0.8,0.8,0.0,0.8,-0.8,0.0,-0.8,-0.8,0.8,0.0,1.6,0.0,0.0,0.0,-1.6,0.8,0.0,0.8,-0.8,0.8,0.8,0.0,-0.8,0.0,0.8,0.8,-0.8,0.8,0.8,-0.8,1.6,0.8,0.0,0.8,0.0,0.8,-0.8,0.0,1.6,0.8,0.8,0.0,0.0,0.0,0.0,-0.8,-0.8,0.0,0.8,0.0,0.0,1.6,0.8,0.0,1.6,0.0,0.0,0.8,1.6,0.8,0.8,0.8,0.0,0.0,1.6,0.8,0.0,-0.8,0.0,-0.8,0.0,0.0,0.8,0.8,0.0,0.8,0.0,-0.8,0.0,0.0,0.0,-1.6,-0.8,0.8,0.0,0.8,0.0,0.8,0.8,-0.8,0.8,-0.8,0.8,-0.8,-0.8,0.8,1.6,0.0,0.0,0.0,2.4000000000000004,-1.6,0.8,0.8,-0.8,0.8,0.0,0.0,-0.8,0.8,1.6,0.0,0.0,0.0,-1.6,0.0,-0.8,0.0,0.0,0.0,0.0,-1.6,0.0,-0.8,0.0,0.0,-0.8,2.4000000000000004,-0.8,0.8,0.8,-0.8,1.6,-0.8,0.0,-0.8,-0.8,0.8,-1.6,0.0,0.8,-1.6,-0.8,-0.8,-0.8,0.0,-0.8,0.0,0.0,0.0,0.8,0.8,-0.8,0.0,-0.8,-0.8,0.0,0.8,0.0,0.0,0.0,0.8,-0.8,0.8,0.8,-0.8,0.0,0.0,0.0,0.0,0.0,0.8,0.8,0.0,0.0,0.0,1.6,0.8,0.8,-1.6,0.0,0.0,-0.8,0.0,-0.8,0.8,1.6,0.0,0.0,0.0,0.8,-0.8,0.0,0.8,0.0,2.4000000000000004,-0.8,-0.8,1.6,-0.8,0.0,0.0,0.8,0.8,-0.8,0.0,-1.6,0.0,0.0,0.0,0.8,-0.8,0.0,0.0,-0.8,1.6,-0.8,0.0,0.8,0.0,0.0,-1.6,1.6,-0.8,0.0,1.6,-1.6,0.0,0.0,0.8,0.8,-0.8,1.6,0.0,0.0,-0.8,0.8,1.6,0.0,0.0,0.0,-0.8,0.8,0.0,0.8,0.0,0.0,0.0,-1.6,0.0,0.0,0.0,1.6,-1.6,0.8,0.0,0.8,0.8,-0.8,0.8,0.8,0.0,1.6,0.0,0.0,0.8,0.8,-0.8,-0.8,0.8,0.0,0.8,-0.8,0.0,0.8,0.8,0.0,0.0,-0.8,0.0,-1.6,0.0,0.8,0.0,0.0,0.8,0.8,0.8,0.8,0.8,0.8,0.0,0.0,0.0,1.6,-0.8,0.0,2.4000000000000004,1.6,0.8,0.8,0.8,0.8,0.0,-0.8,0.0,0.8,1.6,1.6,1.6,1.6,-1.6,0.8,0.0,0.0,0.8,0.0,0.8,1.6,0.0,0.0,0.8,1.6,0.8,0.8,0.0,-0.8,1.6,1.6,0.0,0.0,0.0,0.8,-0.8,0.0,0.8,1.6,0.8,-0.8,0.0,0.0,0.0,1.6,-1.6,0.8,0.0,-1.6,1.6,0.0,0.8,0.0,0.8,0.0,-1.6,0.0,0.8,-0.8,0.0,-1.6,1.6,0.0,1.6,0.0,-0.8,2.4000000000000004,-0.8,0.0,0.0,0.0,0.8,0.0,0.8,1.6,0.0,0.0,0.0,0.0,0.0,-0.8,0.0,0.0,0.0,0.8,0.0,1.6,0.0,1.6,1.6,0.0,0.8,-1.6,1.6,0.0,1.6,0.0,0.0,0.8,0.8,0.0,0.0,0.0,0.8,0.0,-0.8,0.0,-0.8,0.0,0.8,0.8,0.0,-1.6,-0.8,0.8,0.0,-0.8,0.8,-0.8,1.6,-1.6,0.0,0.8,0.0,-0.8,0.0,2.4000000000000004,-0.8,0.8,0.8,-1.6,0.8,-0.8,0.0,0.8,-0.8,1.6,0.8,-0.8,0.8,-0.8,-0.8,0.0,1.6,0.8,0.0,0.8,0.0,0.8,0.8,0.0,0.0,0.0,0.0,-0.8
event_111,1625266976.4352844,0.0,1.6,-1.6,1.6,0.0,-0.8,0.8,0.0,0.8,0.8,-0.8,0.0,0.0,0.0,0.0,0.0,0.0,0.0,0.8,0.0,-0.8,0.8,-0.8,-0.8,0.0,0.0,0.0,0.0,0.8,-0.8,0.8,0.8,0.0,0.8,-0.8,0.0,-0.8,0.0,0.8,0.0,0.8,0.8,-0.8,0.8,0.0,0.8,0.0,-0.8,0.8,0.8,0.0,0.8,1.6,0.0,-0.8,0.8,0.0,0.0,0.0,0.0,1.6,0.0,0.0,0.0,0.0,-0.8,-0.8,0.8,0.8,0.8,0.8,0.0,0.8,1.6,-0.8,0.8,0.0,0.8,-0.8,-0.8,0.0,0.0,-0.8,1.6,0.0,0.8,0.8,0.0,0.8,0.8,-0.8,2.4000000000000004,0.0,1.6,0.0,-1.6,1.6,-1.6,0.0,0.0,0.0,0.8,0.0,-23.200000000000003,-100.8,-111.2,-57.60000000000001,-24.800000000000004,-10.400000000000002,-5.6,-1.6,-8.0,-10.400000000000002,-3.2,-5.6,-4.0,0.0,0.0,0.0,-1.6,0.8,0.0,-1.6,1.6,-0.8,-1.6,0.0,1.6,-0.8,-2.4000000000000004,2.4000000000000004,0.8,0.0,0.8,0.8,3.2,0.0,-0.8,-0.8,0.0,0.8,-0.8,0.0,2.4000000000000004,0.8,0.8,0.0,1.6,0.8,-0.8,0.0,1.6,0.0,-0.8,0.0,-0.8,0.8,0.8,-0.8,0.8,0.8,-0.8,1.6,0.0,-0.8,0.0,1.6,1.6,1.6,2.4000000000000004,-0.8,0.8,0.8,0.8,1.6,0.0,1.6,0.8,0.8,0.0,-0.8,0.0,1.6,0.0,0.8,-0.8,0.0,-0.8,1.6,0.8,0.0,0.8,0.8,0.0,-0.8,0.0,1.6,0.0,1.6,-0.8,0.0,1.6,0.0,0.0,-0.8,0.8,0.0,-0.8,0.8,0.0,0.8,0.0,-0.8,0.8,-1.6,-0.8,-1.6,-0.8,1.6,0.0,0.8,-0.8,0.0,0.8,0.0,0.8,-0.8,0.0,1.6,1.6,1.6,0.0,1.6,0.8,0.0,2.4000000000000004,-0.8,0.0,1.6,-1.6,0.0,-0.8,0.0,0.8,0.8,0.8,0.0,2.4000000000000004,0.8,-0.8,1.6,-1.6,0.0,0.0,0.0,0.8,0.8,0.0,0.8,0.0,1.6,-0.8,0.8,-0.8,-1.6,0.8,0.0,2.4000000000000004,-0.8,0.0,1.6,0.0,-0.8,0.0,0.0,0.0,-1.6,0.8,-0.8,1.6,0.8,0.8,1.6,-0.8,0.0,1.6,-0.8,0.8,-0.8,0.8,0.0,0.8,-0.8,-0.8,0.8,0.0,0.8,0.8,0.0,0.0,-0.8,0.0,-0.8,0.0,0.8,0.0,0.0,0.0,1.6,0.8,-0.8,0.0,0.0,0.0,0.0,1.6,0.8,0.8,1.6,0.8,0.8,0.0,0.0,1.6,0.8,0.0,-0.8,0.0,2.4000000000000004,-0.8,0.8,0.0,0.8,1.6,0.0,1.6,0.0,1.6,1.6,-1.6,0.8,0.0,0.0,0.8,-0.8,1.6,-0.8,1.6,0.0,0.8,-0.8,-0.8,1.6,0.0,0.8,0.8,0.0,2.4000000000000004,0.0,1.6,0.8,0.0,1.6,-0.8,1.6,0.8,0.8,0.8,0.0,0.8,1.6,-0.8,2.4000000000000004,0.0,1.6,0.8,-1.6,1.6,0.0,0.8,0.8,0.0,0.8,-0.8,0.8,0.0,0.8,0.0,0.0,0.8,0.0,0.0,-0.8,-0.8,1.6,0.8,0.0,0.0,-0.8,1.6,0.8,0.0,0.0,0.0,0.0,-0.8,0.8,0.8,0.8,0.0,0.0,0.0,0.0,0.0,0.0,0.0,0.0,0.0,0.0,0.0,0.8,0.0,0.0,0.0,0.0,0.0,0.0,1.6,0.8,0.0,1.6,0.8,0.8,0.8,0.8,0.8,0.0,0.8,-0.8,0.0,0.8,-0.8,0.0,0.0,0.8,0.8,0.8,0.0,0.0,0.0,0.0,0.0,0.8,0.0,-0.8,0.8,0.8,1.6,0.0,0.8,0.0,0.0,0.0,0.0,0.8,2.4000000000000004,0.0,0.8,0.8,2.4000000000000004,0.8,1.6,1.6,0.0,0.8,0.0,0.0,0.8,-0.8,1.6,0.0,0.0,0.0,-0.8,0.8,0.8,-0.8,2.4000000000000004,0.0,1.6,-0.8,0.0,1.6,0.0,0.8,-0.8,0.0,1.6,0.8,2.4000000000000004,0.0,0.0,0.0,0.0,0.0,-0.8,0.8,0.8,0.0,1.6,0.0,0.0,0.8,-0.8,0.0,0.8,0.8,0.0,0.0,1.6,0.8,0.8,0.0,0.0,0.8,0.8,0.8,0.0,0.8,0.0,-0.8,-0.8,0.0,0.8,-0.8,0.8,-0.8,-0.8,-0.8,0.8,0.8,0.8,0.8,0.0,0.8,0.0,0.0,0.8,-0.8,0.8,0.0,-0.8,0.8,-0.8,1.6,0.8,0.8,0.8,0.8,0.8,0.0,0.0,0.8,0.0,1.6,0.0,0.8,3.2,0.8,0.8,0.0,0.8,-0.8,-0.8,0.8,-0.8,0.0,0.8,0.0,1.6,0.0,0.8,0.8,-0.8,1.6,0.0,0.8,0.8,0.8,1.6,-0.8,0.0,0.8,0.8,0.8,-0.8,0.0,0.8,0.8,0.0,0.8,1.6,0.8,0.0,0.0,0.0,1.6,0.0,0.8,0.0,0.0,0.0,-0.8,0.0,-0.8,0.8,0.8,-0.8,0.0,0.0,0.0,1.6,-0.8,0.0,0.0,1.6,0.8,0.8,1.6,0.8,0.0,0.8,0.0,-0.8,0.8,0.0,0.0,0.0,-0.8,0.8,1.6,0.0,0.8,0.0,2.4000000000000004,0.8,0.8,0.0,0.8,0.0,-0.8,0.8,0.0,0.0,2.4000000000000004,-0.8,0.8,0.8,0.0,0.0,-0.8,0.8,0.8,2.4000000000000004,1.6,0.0,0.8,1.6,0.0,1.6,0.0,1.6,0.0,0.0,0.0,0.0,0.8,2.4000000000000004,0.8,0.8,0.0,1.6,0.0,1.6,0.0,0.0,1.6,0.0,0.0,0.0,0.0,1.6,-0.8,0.8,0.8,-1.6,2.4000000000000004,0.0,0.8,1.6,-0.8,1.6,0.0,-0.8,1.6,0.0,1.6,0.8,0.8,0.0,-0.8,0.8,0.0,0.0,-0.8,0.8,0.8,0.0,1.6,-0.8,1.6,0.8,-0.8,0.8,2.4000000000000004,0.0,0.8,0.8,2.4000000000000004,1.6,2.4000000000000004,-0.8,-0.8,0.8,0.8,0.8,0.8,0.0,0.8,0.0,1.6,0.8,0.8,0.8,0.0,0.8,-1.6,0.0,0.8,0.0,0.8,0.0,0.0,0.8,0.8,0.0,0.0,0.8,0.0,0.8,0.0,1.6,2.4000000000000004,-1.6,0.8,0.0,1.6,0.0,0.8,0.8,0.0,0.8,0.0,-0.8,1.6,0.0,1.6,0.8,1.6,0.8,0.0,0.8,0.8,0.0,0.8,-0.8,1.6,0.0,0.0,1.6,0.8,1.6,0.8,0.0,0.0,0.8,1.6,-0.8,0.8,2.4000000000000004,0.0,0.8,0.0,0.8,0.0,0.0,1.6,-1.6,0.8,0.0,1.6,1.6,-1.6,1.6,0.8,0.8,1.6,0.0,0.8,0.8,0.8,0.0,-0.8,0.8,0.0,0.0,1.6,0.8,1.6,0.8,0.0,0.0,0.0,1.6,0.8,0.8,0.8,0.8,0.8,0.0,1.6,0.8,0.0,0.8,0.0,0.0,-0.8,-1.6,0.8,0.0,0.8,0.8,0.8,0.8,0.0,1.6,0.8,0.8,0.0,1.6,0.8,1.6,0.8,0.8,0.8,0.8,0.8,0.8,0.8,0.0,0.0,0.8,0.0,0.8,0.8,1.6,1.6,0.0,-0.8,-0.8,0.0,1.6,-0.8,0.8,0.8,1.6,0.8,-1.6,1.6,2.4000000000000004,-2.4000000000000004,-0.8,4.0,0.0,-0.8,1.6,1.6,-1.6,0.0,1.6,0.0,-0.8,0.0,2.4000000000000004,0.0,0.0,0.0,0.0,1.6,0.0,0.8,0.8,0.0,1.6,-0.8,1.6,0.8,0.0,1.6,-0.8,0.0,0.8,0.0,0.8,-0.8,0.0,1.6,0.0,1.6,0.0,0.0,0.0,0.0,0.8,0.0,0.8,0.0,-0.8,0.8,0.0,0.0,0.0,0.0,1.6,-1.6,0.0,-0.8,0.0,0.0,-0.8,0.8,0.8,0.0,0.8,0.8,0.8,0.0,-0.8,0.8,0.8,2.4000000000000004,0.0,0.8,1.6,0.8,-0.8,0.0,0.8,0.8,-0.8,0.8,0.8,-0.8,0.0,0.0,2.4000000000000004,1.6,-0.8,0.8,0.0,0.8,0.0,0.8,0.8,1.6,-0.8,0.0,0.8,0.8,0.8,1.6,1.6,0.0,2.4000000000000004,1.6,0.0,1.6,0.0,1.6,0.0,0.8,2.4000000000000004,0.0,0.0,-0.8,-0.8,-0.8,0.0,0.8,-0.8,0.8,0.0,0.0,0.0,0.8,1.6,-0.8,0.0,0.8,-1.6,0.0,1.6,0.8,0.8,0.0,1.6,0.0,0.8,0.8,-0.8,1.6,-0.8,-0.8,0.8,0.0,0.8,0.0,0.8,0.8,0.8,0.0,0.0,0.0,-0.8,-1.6,0.8,-1.6,0.8,0.0,0.8,1.6,0.8,0.0,0.8,0.0,0.0,-0.8,0.8,0.0,1.6,1.6,1.6,1.6,1.6,0.8,1.6,0.0,0.8,-0.8,0.0,0.0,0.0,0.0,0.8,1.6,1.6,0.8,0.0,0.0,0.0,0.0,0.8,0.0,1.6,-0.8,0.0,0.0,0.8,0.0,0.8,0.0,-0.8,1.6,1.6,0.0,0.8,1.6,1.6,0.0,-0.8,0.8,0.8,-0.8,2.4000000000000004,0.8,-0.8,0.8,0.8,0.8,-0.8,0.8,0.8,0.0,0.8,-0.8,0.0,0.8,-1.6,0.0,0.0,2.4000000000000004,0.8,0.0,0.8,0.0,0.0,1.6,0.0,0.0,-0.8,0.8,-0.8,0.8,0.0,0.0,0.8,0.0,1.6,0.8,0.0,0.8,0.0,0.0,-0.8,-1.6,2.4000000000000004,-0.8,0.8,-0.8,0.0,0.8,-1.6,0.8,-0.8,0.0,0.8,0.0,0.8,0.0,0.0,0.8,0.8,3.2,-0.8,1.6,0.8,-1.6,1.6,-1.6,0.8,0.8,-0.8,1.6,-0.8,0.8,-1.6,0.0,0.0,0.0,-0.8,0.0,-0.8,0.8,-0.8,1.6,0.8,0.8,1.6,0.0,0.8,0.8,1.6,0.8,0.0,-0.8,0.0,0.8,0.0,0.8,0.8,0.0,0.0,0.0,0.0,-0.8,0.8,0.8,0.8,0.0,0.0,0.0,0.0,0.8,0.0,0.8,0.0,-0.8,0.8,0.8,-0.8,2.4000000000000004,0.0,-0.8,2.4000000000000004,1.6,0.0,-0.8,0.8,0.8,0.8,0.8,0.0,1.6,1.6,0.0,2.4000000000000004,0.0,0.0,0.0,0.0,2.4000000000000004,-0.8,-0.8,0.8,0.8,0.8,-0.8,1.6,0.8,0.8,1.6,0.0,1.6,0.8,-0.8,1.6,0.0,1.6,0.8,0.0,0.8,0.0,0.8,0.0,0.0,0.8,0.0,0.8,-0.8,0.8,0.0,0.0,0.8,0.8,-0.8,0.8,-0.8,0.0,0.0,1.6,0.8,0.0,0.8,-1.6,0.8,0.0,0.8,0.0,-0.8,0.0,0.8,0.0,0.8,-0.8,1.6,-0.8,-0.8,0.8,0.8,1.6,-0.8,0.0,0.8,-0.8,0.0,0.0,0.0,0.0,0.8,1.6,0.0,1.6,0.0,0.0,0.8,-0.8,0.0,0.8,0.8,0.8,0.0,0.8,0.0,0.8,1.6,0.0,-0.8,0.8,0.0,0.0,0.0,0.0,0.8,0.8,0.0,0.8,-0.8,0.8,0.8,0.0,-0.8,-0.8,0.0,0.8,0.0,0.8,0.0,1.6,0.0,0.8,0.8,0.0,0.8,-2.4000000000000004,0.8,0.0,0.8,0.0,0.0,1.6,0.0,0.0,2.4000000000000004,0.0,1.6,-0.8,0.0,0.8,-0.8,0.8,0.8,0.0,0.0,-1.6,0.8,-0.8,0.8,0.8,0.0,0.8,-0.8,0.0,0.8,0.0,0.8,-0.8,0.0,0.8,0.0,2.4000000000000004,0.8,0.8,0.0,-0.8,1.6,0.0,0.0,0.8,0.8,0.8,-0.8,0.0,0.0,-0.8,0.8,0.0,0.8,0.0,0.8,0.0,0.8,0.8,-0.8,0.8,-0.8,-1.6,0.0,1.6,0.8,-0.8,0.0,0.8,0.8,0.0,0.0,-0.8,-0.8,0.0,0.0,1.6,0.0,-0.8,0.8,0.0,1.6,1.6,-0.8,0.8,0.8,0.0,0.0,0.0,0.8,0.0,0.0,0.0,0.8,0.8,0.0,1.6,0.0,-0.8,0.8,0.0,1.6,0.8,1.6,0.8,0.8,1.6,0.0,0.8,0.8,0.0,0.8,-0.8,0.8,0.0,0.0,2.4000000000000004,0.0,1.6,0.8,0.8,0.8,0.0,0.8,0.8,0.0,1.6,-0.8,0.8,0.8,0.8,1.6,-0.8,0.0,0.8,1.6,0.0,0.0,0.8,2.4000000000000004,0.0,0.0,-0.8,2.4000000000000004,-0.8,0.0,0.8,0.0,-0.8,-0.8,1.6,1.6,-2.4000000000000004,0.8,1.6,0.0,0.0,0.0,0.0,0.0,0.0,0.8,0.8,1.6,0.0,-0.8,0.8,0.0,0.0,0.8,0.8,0.8,0.8,0.8,0.0,0.8,0.8,0.8,1.6,0.8,1.6,0.8,0.0,0.8,1.6,-0.8,0.0,-0.8,0.8,0.8,0.8,0.0,1.6,-0.8,0.8,0.0,1.6,0.8,-0.8,1.6,0.0,2.4000000000000004,0.8,-0.8,1.6,1.6,0.8,1.6,0.8,0.8,-0.8,-0.8,-1.6,0.8,0.8,0.0,1.6,0.0,0.0,0.0,-0.8,1.6,-0.8,1.6,0.8,0.8,0.8,-0.8,0.8,0.0,0.8,1.6,0.0,2.4000000000000004,0.0,0.0,0.8,-0.8,1.6,0.0,0.8,0.0,0.0,2.4000000000000004,-0.8,0.0,0.8,-1.6,1.6,-0.8,0.8,0.8,0.0,1.6,-0.8,0.8,0.0,-0.8,1.6,-0.8,1.6,0.0,1.6,0.8,-1.6,0.8,0.0,1.6,2.4000000000000004,-2.4000000000000004,-0.8,3.2,0.0,-1.6,0.8,1.6,0.0,-0.8,0.8,0.8,0.8,0.0,0.0,1.6,-0.8,-0.8,0.0,1.6,0.8,0.0,0.0,1.6,1.6,0.0,2.4000000000000004,1.6,0.0,-0.8,0.0,0.0,1.6,0.0,0.8,0.8,0.8,0.0,0.8,0.0,0.0,0.0,0.8,0.8,0.0,0.8,1.6,0.8,0.8,-0.8,0.0,0.0,0.8,-0.8,0.8,0.8,0.0,0.8,0.0,0.0,0.8,0.0,0.8,1.6,-0.8,2.4000000000000004,0.8,0.8,0.8,0.0,0.0,0.0,0.0,0.8,0.0,1.6,0.8,0.0,0.0,-0.8,0.8,0.0,1.6,0.8,0.8,1.6,0.8,0.8,0.0,1.6,0.0,0.0,0.8,0.0,0.0,0.8,-0.8,0.0,0.0,1.6,0.8,-1.6,0.8,0.8,0.8,0.8,0.0,0.8,0.0,0.8,1.6,0.0,0.8,0.0,0.8,0.0,-0.8,1.6,-0.8,0.8,0.0,-1.6,1.6,0.8,0.0,1.6,0.0,0.8,-0.8,0.8,0.0,0.8,0.8,0.0,1.6,0.8,0.0,1.6,0.0,0.8,0.0,0.0,0.8,0.8,0.0,0.8,-0.8,1.6,0.0,0.8,0.0,-0.8,-0.8,0.8,0.0,0.8,0.0,0.0,0.8,0.0,0.8,-0.8,-0.8,0.0,0.8,0.8,-0.8,0.8,0.0,0.0,0.0,-1.6,1.6,1.6,0.8,0.8,-1.6,0.0,0.0,1.6,0.8,-0.8,1.6,0.0,0.0,1.6,-0.8,0.0,0.8,-0.8,-0.8,0.0,2.4000000000000004,0.0,0.8,0.0,0.8,1.6,0.8,0.0,0.8,-0.8,0.0,-0.8,0.8,0.8,0.8,0.0,0.8,0.8,0.0,0.0,0.8,0.8,0.8,0.8,1.6,0.0,0.8,1.6,0.8,1.6,1.6,0.8,0.8,0.0,0.0,0.8,1.6,0.8,1.6,0.0,0.8,0.8,0.8,0.0,0.8,0.0,0.8,0.8,0.8,0.8,0.0,0.8,1.6,1.6,0.8,0.8,0.0,0.0,0.8,0.8,1.6,0.0,1.6,0.0,0.0,0.0,0.8,1.6,0.8,0.8,0.0,0.8,0.8,0.0,-0.8,1.6,-0.8,0.8,0.0,1.6,0.8,-0.8,1.6,0.8,0.0,0.8,0.0,0.0,-0.8,1.6,1.6,-0.8,0.8,0.8,0.8,2.4000000000000004,-1.6,-0.8,0.0,0.0,0.8,0.8,1.6,0.0,1.6,1.6,-0.8,0.8,0.0,0.0,0.0,0.0,0.8,0.8,0.0,0.8,1.6,0.8,0.0,0.8,0.8,-0.8,0.8,-0.8,1.6,1.6,0.0,0.8,0.8,0.0,0.0,0.8,1.6,0.0,0.0,0.8,0.0,1.6,-0.8,2.4000000000000004,0.8,0.0,0.8,0.8,0.8,0.8,0.8,0.0,-0.8,1.6,-0.8,1.6,0.8,0.0,0.0,-0.8,0.0,0.8,0.0,0.8,0.0,0.8,0.8,-0.8,0.0,0.8,0.8,0.0,0.0,0.0,1.6,0.8,-0.8,0.8,0.8,0.8,0.0,0.8,1.6,0.8,-0.8,0.8,0.0,0.0,-0.8,0.8,0.8,0.0,0.0,0.8,0.0,0.8,0.0,0.8,0.0,0.8,-0.8,0.8,2.4000000000000004,0.0,2.4000000000000004,-0.8,2.4000000000000004,0.8,0.8,0.8,-1.6,2.4000000000000004,-1.6,-0.8,0.0,0.0,0.8,-0.8,1.6,2.4000000000000004,-0.8,0.0,-0.8,1.6,-0.8,-0.8,2.4000000000000004,-0.8,0.8,0.8,0.0,0.0,-0.8,1.6,0.8,0.8,2.4000000000000004,-1.6,1.6,0.8,1.6,0.8,0.0,1.6,0.8,0.8,0.0,-0.8,2.4000000000000004,0.0,0.8,0.0,-0.8,1.6,0.8,0.8,1.6,-0.8,0.8,-0.8,0.8,0.0,0.0,0.0,0.8,1.6,0.0,1.6,0.8,1.6,0.8,0.0,0.0,1.6,0.8,0.0,0.8,0.0,1.6,-0.8,0.8,0.8,0.8,0.8,0.8,0.0,-0.8,0.0,0.8,0.8,0.0,0.8,0.8,0.0,0.8,0.8,0.0,0.0,-1.6,-0.8,0.0,1.6,0.8,0.8,0.8,0.0,0.0,1.6,-0.8,-0.8,1.6,0.0,-0.8,0.0,0.8,0.8,0.8,0.8,1.6,0.8,-0.8,0.8,0.0,-0.8,0.0,0.0,1.6,0.0,0.0,0.0,0.0,0.0,-0.8,1.6,1.6,0.0,0.0,-0.8,1.6,0.0,0.0,0.8,0.0,1.6,-0.8,0.8,0.8,0.0,0.8,0.0,0.0,0.0,-0.8,1.6,0.0,0.8,-0.8,0.8,0.0,0.0,0.0,0.8,0.8,1.6,-1.6,0.8,0.0,0.8,0.8,0.0,0.8,-0.8,0.8,2.4000000000000004,-1.6,0.8,0.0,1.6,0.8,0.0,1.6,-0.8,0.8,0.0,0.0,0.8,0.0,0.8,0.0,0.0,0.8,0.0,0.0,0.8,1.6,0.8,1.6,0.0,-0.8,1.6,1.6,0.0,0.0,0.8,1.6,0.8,1.6,0.0,0.0,0.0,0.8,0.0,0.0,1.6,1.6,0.8,0.8,1.6,0.0,0.0,0.8,1.6,-0.8,0.0,-0.8,0.0,0.0,0.8,0.8,0.0,0.8,0.0,0.8,0.8,0.8,0.8,0.8,-1.6,0.8,0.0,1.6,0.8,0.0,1.6,0.8,0.0,0.8,0.0,0.8,-0.8,1.6,0.0,0.8,0.8,-0.8,0.0,0.0,0.0,1.6,-0.8,1.6,0.0,1.6,0.0,-0.8,0.8,0.0,0.8,0.8,0.0,0.8,2.4000000000000004,0.8,0.8,0.0,0.8,0.0,0.8,0.0,1.6,0.8,0.0,0.0,0.8,-0.8,0.8,0.8,0.8,0.8,0.8,2.4000000000000004,-0.8,0.8,0.8,0.0,2.4000000000000004,0.0,0.0,0.0,1.6,1.6,0.0,0.8,1.6,1.6,1.6,0.0,-0.8,0.8,1.6,0.0,0.0,0.8,0.0,0.0,0.8,1.6,0.8,0.8,-0.8,0.0,-0.8,0.8,0.8,0.0,0.8,-0.8,0.8,2.4000000000000004,0.8,0.8,0.0,0.0,0.0,0.0,1.6,0.0,1.6,1.6,0.8,2.4000000000000004,1.6,0.0,0.8,-0.8,2.4000000000000004,0.0,0.0,0.0,0.0,0.0,1.6,1.6,0.0,-0.8,0.8,-0.8,0.8,0.0,1.6,0.8,0.8,0.8,0.0,0.8,2.4000000000000004,0.0,0.8,-0.8,-0.8,1.6,0.8,0.8,0.8,0.0,0.8,-1.6,0.8,0.8,0.8,0.0,0.0,0.8,-0.8,0.8,0.8,-0.8,0.0,0.0,1.6,0.8,0.8,0.8,0.0,1.6,0.0,-0.8,0.8,0.0,0.8,0.0,0.0,0.8,-0.8,1.6,-0.8,-0.8,0.8,-0.8,0.0,0.0,1.6,0.8,0.0,1.6,0.8,0.8,0.8,0.8,0.8,-0.8,-0.8,-0.8,0.8,-0.8,0.0,2.4000000000000004,-1.6,-0.8,2.4000000000000004,0.8,0.0,0.8,0.0,0.0,0.8,1.6,0.8,1.6,0.0,1.6,0.8,0.8,-0.8,0.8,0.8,-0.8,-0.8,0.0,0.8,2.4000000000000004,0.0,0.8,-0.8,-0.8,0.0,0.0,0.0,0.8,0.8,1.6,-0.8,0.0,0.8,0.0,1.6,0.8,1.6,0.0,1.6,0.8,0.0,0.8,-0.8,0.0,0.0,-0.8,1.6,0.8,0.8,0.8,-0.8,0.8,-0.8,0.0,0.0,0.0,1.6,-0.8,1.6,0.8
event_112,1625266980.7815332,0.8,0.8,0.8,1.6,0.0,0.8,0.0,0.0,-0.8,0.0,0.8,-1.6,0.0,0.0,0.0,0.8,0.8,0.8,0.0,0.8,1.6,0.0,0.8,0.0,-0.8,0.0,1.6,1.6,0.0,-0.8,1.6,-0.8,1.6,0.0,-0.8,0.8,-0.8,0.0,0.0,0.0,0.8,0.0,1.6,0.0,0.8,0.0,0.0,0.8,-1.6,-0.8,0.8,-0.8,0.8,0.0,0.0,1.6,0.0,0.0,1.6,0.0,-0.8,0.0,0.8,0.8,0.0,-0.8,0.8,1.6,1.6,-0.8,1.6,0.0,1.6,0.0,0.0,-0.8,0.0,0.8,0.8,0.8,0.8,0.0,0.8,-0.8,-0.8,0.8,0.8,0.0,0.8,-0.8,0.8,-0.8,0.8,0.0,0.0,0.0,-0.8,1.6,0.8,0.0,0.8,0.0,-8.8,-42.4,-51.2,-32.0,-12.8,-7.200000000000001,-3.2,-0.8,-2.4000000000000004,-3.2,-0.8,-1.6,-0.8,0.0,-0.8,0.8,0.0,0.8,0.0,-1.6,0.8,-0.8,0.8,1.6,0.0,0.8,-0.8,1.6,0.8,0.8,0.0,-0.8,1.6,0.8,-0.8,1.6,0.0,1.6,0.8,0.8,2.4000000000000004,0.0,0.8,1.6,0.8,0.8,0.0,0.0,0.8,0.8,0.8,0.0,1.6,0.8,0.8,0.8,-0.8,0.8,0.0,0.0,1.6,1.6,2.4000000000000004,0.8,2.4000000000000004,1.6,0.8,2.4000000000000004,0.0,0.0,0.8,-0.8,1.6,-0.8,0.8,1.6,0.8,0.8,-0.8,0.8,0.0,0.8,0.8,0.0,0.0,1.6,0.8,0.0,1.6,0.8,0.8,0.8,-0.8,0.8,3.2,1.6,0.8,0.8,0.8,-0.8,0.8,0.0,0.8,0.8,0.0,0.8,0.0,0.0,0.0,0.0,1.6,0.0,1.6,1.6,-0.8,0.8,0.8,0.0,1.6,0.0,0.0,-0.8,0.8,0.8,-0.8,1.6,1.6,2.4000000000000004,0.8,-0.8,0.8,0.0,1.6,0.8,0.0,0.8,0.8,0.8,1.6,0.8,0.8,-0.8,1.6,0.8,0.0,0.8,-0.8,0.8,0.8,1.6,1.6,1.6,0.8,0.0,1.6,0.0,0.8,0.8,1.6,1.6,0.8,0.0,1.6,0.0,1.6,0.0,0.0,0.8,0.0,0.0,0.0,0.0,1.6,-0.8,1.6,-0.8,0.8,0.0,0.0,1.6,0.0,0.8,1.6,0.8,1.6,-0.8,0.8,0.8,0.8,1.6,0.0,0.8,0.0,0.0,0.8,0.8,2.4000000000000004,-2.4000000000000004,-1.6,3.2,0.0,-0.8,0.8,0.0,0.0,0.8,-0.8,0.8,0.0,0.0,0.0,0.8,0.0,-0.8,0.8,0.8,0.0,0.0,-0.8,0.0,-0.8,0.8,0.8,0.8,0.8,0.8,0.8,1.6,-0.8,-1.6,2.4000000000000004,-0.8,-0.8,0.0,1.6,1.6,0.8,0.8,0.0,0.0,0.0,0.8,0.8,-0.8,0.8,0.0,0.0,0.8,0.8,0.0,0.8,0.0,0.8,0.0,1.6,0.8,-1.6,0.8,0.0,1.6,0.8,-0.8,2.4000000000000004,-0.8,0.8,1.6,-0.8,0.8,0.0,1.6,0.8,0.8,0.8,0.8,0.8,0.8,-1.6,1.6,-0.8,0.8,0.0,1.6,0.8,-0.8,0.8,-0.8,0.8,1.6,-0.8,0.8,0.8,0.0,0.0,0.8,0.0,0.0,0.8,0.0,-0.8,0.8,0.0,0.8,0.0,-0.8,0.0,-1.6,-0.8,0.0,0.0,0.8,0.0,1.6,0.0,0.8,0.8,-0.8,0.0,-1.6,-1.6,-0.8,0.0,1.6,-0.8,0.8,1.6,0.8,1.6,0.0,0.0,0.8,-0.8,0.0,0.0,0.8,0.0,-0.8,0.8,0.8,0.8,0.0,-0.8,0.8,0.0,0.0,0.0,-0.8,0.0,0.0,-0.8,0.0,0.0,0.8,0.8,0.8,0.0,0.8,0.8,0.8,1.6,0.8,0.0,0.8,0.8,0.0,0.0,-1.6,0.8,0.0,-0.8,0.0,0.0,1.6,0.8,0.8,0.0,-0.8,0.0,-0.8,0.0,0.0,0.0,0.8,0.8,-0.8,0.8,0.0,1.6,-0.8,0.0,0.8,-0.8,0.8,0.8,0.8,-0.8,0.0,0.8,-0.8,0.8,1.6,-0.8,-0.8,0.0,0.0,-1.6,-0.8,0.8,0.0,-0.8,0.0,0.0,0.8,0.8,-0.8,0.0,0.0,-0.8,-1.6,0.8,0.0,-0.8,-0.8,-0.8,1.6,0.8,0.0,-0.8,0.0,0.0,-0.8,-0.8,0.0,0.0,0.0,0.8,0.8,0.8,0.0,0.8,0.8,0.0,0.0,0.0,0.0,0.8,-0.8,0.8,-0.8,0.8,-0.8,0.0,0.0,0.0,0.8,-0.8,0.8,0.8,2.4000000000000004,0.8,0.0,0.0,1.6,0.8,1.6,0.0,0.8,-0.8,-1.6,0.0,1.6,0.0,0.0,0.0,0.8,0.0,0.0,0.0,0.0,-0.8,0.8,-0.8,0.8,-0.8,0.0,0.0,0.8,1.6,-0.8,1.6,1.6,0.8,0.0,0.0,0.0,0.8,0.0,0.0,-0.8,0.0,0.0,0.0,0.0,-0.8,-0.8,-0.8,0.8,0.0,-1.6,0.8,0.0,-0.8,0.8,0.8,0.8,1.6,-1.6,-1.6,-0.8,2.4000000000000004,0.8,0.0,0.0,0.0,1.6,-0.8,-0.8,0.0,0.0,1.6,-1.6,0.8,0.8,0.8,0.0,-0.8,2.4000000000000004,0.0,0.0,0.0,0.8,-0.8,-0.8,0.0,0.8,-0.8,0.0,0.8,0.8,0.8,1.6,0.8,0.0,0.8,-0.8,0.0,0.8,1.6,0.0,0.8,0.0,1.6,0.0,0.8,-0.8,0.0,0.8,0.8,1.6,0.0,0.8,1.6,0.8,1.6,-0.8,0.0,-0.8,0.8,-0.8,-0.8,0.0,0.0,-0.8,0.0,0.8,0.0,-0.8,0.0,-0.8,0.8,1.6,1.6,0.0,0.0,1.6,0.0,0.0,1.6,-0.8,1.6,0.8,-0.8,-0.8,-1.6,1.6,-0.8,-0.8,0.8,0.0,0.8,0.0,0.8,0.0,-0.8,2.4000000000000004,-0.8,-0.8,0.8,0.0,0.0,0.0,-0.8,0.0,0.8,2.4000000000000004,-0.8,0.0,1.6,0.8,2.4000000000000004,0.0,0.0,0.0,0.8,0.8,0.0,0.8,0.0,0.0,0.8,-0.8,0.8,0.8,0.0,1.6,-0.8,0.8,0.0,0.8,0.0,0.8,1.6,0.0,0.0,0.8,0.0,2.4000000000000004,0.0,0.0,1.6,0.8,0.0,0.0,0.0,0.8,-0.8,-0.8,-0.8,0.8,0.0,0.0,0.8,0.8,0.8,0.0,0.0,0.0,-0.8,0.8,-0.8,0.0,0.0,0.0,0.8,-0.8,0.0,0.8,-0.8,0.8,0.8,0.8,0.8,0.8,-0.8,0.8,0.8,0.0,1.6,1.6,0.0,0.8,-0.8,-1.6,1.6,1.6,0.0,0.8,0.8,0.0,-0.8,0.0,0.0,0.0,0.0,0.8,-1.6,0.0,1.6,0.0,0.8,0.0,1.6,0.8,0.8,0.8,-1.6,0.0,0.8,-0.8,0.0,0.0,1.6,0.8,0.0,1.6,0.0,0.8,1.6,0.8,-0.8,-0.8,1.6,-0.8,0.8,0.8,-0.8,2.4000000000000004,0.0,0.8,0.8,0.0,0.8,-0.8,1.6,0.0,0.0,1.6,0.8,2.4000000000000004,0.8,-0.8,0.8,-0.8,1.6,0.0,0.0,1.6,0.0,1.6,1.6,0.0,2.4000000000000004,-0.8,1.6,0.8,0.8,0.0,0.8,0.8,1.6,0.0,-0.8,0.8,1.6,0.8,0.8,1.6,0.0,1.6,0.8,0.8,1.6,0.0,0.8,-0.8,0.8,1.6,0.8,0.8,0.8,0.8,0.0,-0.8,1.6,0.8,0.0,0.8,0.8,0.8,0.8,0.0,0.8,0.8,0.0,-0.8,0.0,1.6,0.8,0.0,1.6,1.6,0.8,2.4000000000000004,-0.8,0.8,0.8,0.0,0.8,0.8,1.6,1.6,-0.8,0.8,1.6,0.8,0.8,1.6,1.6,0.0,0.8,-0.8,0.8,0.8,0.0,0.0,1.6,-0.8,0.8,0.8,0.8,1.6,-0.8,0.8,0.8,0.8,0.0,1.6,0.8,0.8,0.0,0.8,1.6,0.0,0.8,0.0,-0.8,1.6,0.0,2.4000000000000004,0.8,0.0,0.0,-0.8,0.0,0.8,0.0,1.6,0.0,1.6,-0.8,0.0,0.8,0.0,0.8,0.0,0.8,-0.8,1.6,1.6,0.8,0.8,0.0,-0.8,0.8,0.0,2.4000000000000004,1.6,0.0,0.8,-0.8,0.8,-0.8,-0.8,1.6,0.0,2.4000000000000004,0.8,0.0,1.6,-0.8,0.0,0.0,0.0,0.0,0.0,1.6,0.0,0.8,1.6,0.8,1.6,1.6,-0.8,-0.8,1.6,0.8,0.0,-0.8,0.8,0.8,0.8,1.6,0.8,0.8,0.0,0.8,0.8,0.0,0.8,1.6,0.8,0.8,-0.8,0.8,0.8,0.0,0.8,0.8,0.8,0.0,0.0,-0.8,0.8,2.4000000000000004,0.8,0.8,1.6,1.6,0.8,0.0,0.8,0.0,-0.8,0.8,0.0,0.0,0.8,0.8,1.6,0.0,0.0,0.0,-0.8,1.6,-0.8,1.6,0.0,1.6,0.8,0.0,1.6,0.8,0.8,0.8,-0.8,0.8,0.8,0.8,0.0,0.0,0.8,0.0,0.0,0.0,0.0,0.8,0.0,0.8,0.0,-0.8,0.8,0.0,1.6,1.6,0.0,1.6,0.8,1.6,0.8,-1.6,1.6,0.0,-3.2,0.8,3.2,0.0,-0.8,2.4000000000000004,0.8,0.0,1.6,0.0,0.8,1.6,-0.8,0.8,0.8,0.0,0.8,0.0,0.8,0.0,-0.8,0.0,0.8,0.8,-0.8,0.0,0.8,0.0,0.8,0.0,0.0,0.8,0.0,0.0,0.0,0.8,0.8,0.0,0.8,1.6,2.4000000000000004,0.0,0.0,2.4000000000000004,0.8,-0.8,0.8,0.8,1.6,0.0,-0.8,0.0,0.8,0.8,1.6,0.8,0.8,-0.8,0.8,-0.8,0.8,0.0,0.0,1.6,0.8,0.0,0.8,-0.8,1.6,0.0,0.8,0.8,-1.6,1.6,1.6,0.0,0.8,0.0,2.4000000000000004,-0.8,0.8,1.6,-0.8,0.0,0.0,0.0,0.0,0.0,1.6,0.0,0.8,0.8,0.0,1.6,0.8,1.6,0.0,0.0,1.6,-0.8,1.6,1.6,0.8,0.8,0.0,1.6,0.0,0.0,0.0,-1.6,0.8,-1.6,0.8,0.0,0.8,1.6,0.0,0.8,1.6,0.8,1.6,-1.6,0.8,-1.6,0.0,0.8,0.0,0.8,0.0,0.0,1.6,-0.8,0.0,0.0,0.0,1.6,0.0,1.6,0.0,1.6,0.8,0.0,1.6,0.0,0.8,0.8,0.8,0.8,-0.8,0.0,-0.8,0.0,-0.8,0.0,0.8,0.0,-0.8,-0.8,0.0,1.6,-0.8,0.8,0.0,1.6,0.0,-0.8,0.8,0.0,1.6,0.8,0.0,0.0,0.8,1.6,0.0,0.0,0.8,0.0,0.0,0.8,1.6,0.0,0.8,0.8,0.0,-0.8,0.8,0.8,0.8,0.8,1.6,1.6,0.0,1.6,0.8,0.8,0.8,-0.8,0.8,-0.8,2.4000000000000004,1.6,0.8,0.8,0.0,0.8,0.8,0.0,0.8,0.8,1.6,-1.6,0.8,0.8,0.8,1.6,0.8,2.4000000000000004,0.8,-0.8,1.6,-0.8,0.0,0.8,0.0,1.6,0.8,0.8,0.0,0.8,1.6,0.0,0.8,0.0,0.0,0.0,0.0,0.8,1.6,0.0,0.8,0.8,1.6,-0.8,0.0,0.8,0.0,1.6,-1.6,0.0,0.8,0.8,1.6,0.0,1.6,0.0,-0.8,1.6,0.0,-0.8,1.6,0.0,1.6,-0.8,0.0,-0.8,0.8,1.6,-0.8,0.8,-0.8,0.8,1.6,-0.8,1.6,0.8,0.0,0.0,-0.8,1.6,0.0,0.0,0.8,0.0,-0.8,0.0,0.0,0.0,0.8,0.0,0.0,0.8,0.8,0.0,0.0,2.4000000000000004,-0.8,-2.4000000000000004,0.0,0.0,1.6,0.0,0.8,1.6,1.6,1.6,-0.8,0.0,0.8,-0.8,0.0,0.0,1.6,0.8,1.6,0.8,0.8,1.6,0.8,-0.8,0.8,0.0,0.0,-1.6,0.0,0.8,-1.6,0.8,0.8,0.8,1.6,0.8,0.8,0.0,0.0,0.8,0.0,1.6,-0.8,0.8,1.6,0.0,0.8,0.0,0.0,0.0,-0.8,0.8,-0.8,0.8,0.0,0.8,0.8,0.8,-0.8,0.0,-0.8,0.8,0.0,-0.8,0.8,1.6,0.0,-0.8,0.8,0.8,0.0,0.8,0.0,1.6,0.8,0.8,0.8,-1.6,0.0,0.0,0.0,0.0,0.0,0.8,0.0,0.8,0.0,-0.8,0.8,0.8,0.0,-0.8,0.8,0.8,0.0,0.8,0.8,-0.8,0.8,0.0,-1.6,0.8,0.8,0.0,0.0,0.0,1.6,0.0,0.8,-1.6,0.0,2.4000000000000004,-0.8,-0.8,0.0,0.0,1.6,-0.8,0.8,1.6,0.8,0.0,0.0,0.0,-1.6,0.0,1.6,-2.4000000000000004,0.0,-0.8,0.0,2.4000000000000004,0.0,0.8,0.8,1.6,0.8,-1.6,0.8,0.8,1.6,0.0,0.0,1.6,0.8,-0.8,1.6,0.8,0.8,-1.6,0.8,0.0,-1.6,0.8,1.6,1.6,0.0,-1.6,0.8,0.0,0.8,-0.8,0.8,0.8,1.6,-0.8,0.8,0.0,0.8,0.0,0.0,0.8,-0.8,0.8,0.0,0.0,0.0,0.8,0.0,0.0,0.8,0.0,0.8,0.8,-0.8,0.0,-0.8,0.0,0.0,0.0,0.0,-0.8,0.8,0.8,0.8,0.8,-0.8,0.8,0.0,-1.6,0.8,1.6,0.0,-0.8,0.0,0.8,0.8,1.6,0.8,1.6,0.8,0.0,-0.8,0.0,0.8,0.8,1.6,0.0,0.8,0.0,-0.8,0.8,0.0,0.0,-0.8,-0.8,0.8,0.0,0.0,0.0,0.0,0.8,0.0,0.8,0.8,0.0,-0.8,0.0,0.8,0.8,-0.8,0.8,0.0,1.6,-0.8,0.8,-0.8,0.0,0.8,-1.6,0.0,0.0,-0.8,1.6,0.0,0.8,0.0,0.0,0.8,-0.8,0.0,0.0,0.0,1.6,-0.8,-0.8,-0.8,-0.8,0.8,-0.8,1.6,-1.6,0.8,0.8,-0.8,2.4000000000000004,0.8,0.0,0.8,-1.6,0.8,0.8,0.0,0.8,-0.8,0.0,-0.8,0.8,0.0,-0.8,0.8,-0.8,0.8,0.8,-0.8,0.8,-0.8,0.0,-0.8,0.0,2.4000000000000004,0.0,0.8,-0.8,0.0,0.8,0.8,0.8,0.0,0.8,0.0,-0.8,1.6,0.8,0.8,0.8,0.0,0.8,0.8,0.0,0.0,2.4000000000000004,0.0,-0.8,-0.8,0.8,0.8,0.8,0.0,2.4000000000000004,1.6,0.0,0.8,0.8,1.6,-0.8,0.0,0.8,1.6,0.8,0.0,0.8,1.6,0.8,1.6,-0.8,0.8,0.0,-0.8,0.0,-0.8,0.0,1.6,0.8,0.0,0.0,0.8,-0.8,1.6,-0.8,1.6,0.0,0.0,0.8,0.0,0.8,0.8,0.0,0.8,0.8,0.0,0.8,-0.8,0.8,-0.8,1.6,0.0,-0.8,0.8,-0.8,1.6,-0.8,0.8,0.0,-0.8,2.4000000000000004,0.0,0.0,0.0,0.0,2.4000000000000004,0.0,0.8,0.0,-0.8,1.6,-2.4000000000000004,0.0,-0.8,0.8,1.6,-1.6,0.8,1.6,-0.8,2.4000000000000004,0.0,0.8,0.0,0.0,0.8,0.0,1.6,0.0,0.8,1.6,-1.6,1.6,-0.8,0.8,1.6,-1.6,2.4000000000000004,0.0,0.8,0.8,0.0,1.6,0.8,0.8,1.6,0.0,0.0,0.0,-0.8,0.0,0.8,1.6,0.0,1.6,1.6,-0.8,-0.8,1.6,0.0,0.8,-0.8,-0.8,0.0,0.0,-0.8,1.6,0.8,0.8,0.0,1.6,0.8,2.4000000000000004,-0.8,0.0,0.0,0.8,-1.6,0.8,0.8,0.0,0.0,0.8,0.0,0.0,1.6,1.6,0.0,0.0,0.8,0.0,0.0,-0.8,0.8,0.8,0.0,0.0,0.0,0.8,0.0,0.8,0.8,1.6,0.8,0.0,0.8,0.8,0.8,0.8,0.8,0.8,-0.8,0.8,0.8,0.8,0.8,0.0,1.6,0.8,0.8,0.0,-1.6,0.8,-0.8,-0.8,0.0,0.0,1.6,0.0,0.8,1.6,0.0,0.8,0.0,1.6,0.0,-0.8,1.6,-0.8,0.8,0.0,1.6,1.6,-1.6,0.0,0.8,-0.8,1.6,-0.8,0.8,0.8,1.6,0.8,0.0,1.6,0.8,0.8,1.6,-1.6,1.6,0.0,0.0,0.8,-0.8,0.8,1.6,1.6,0.8,0.0,0.8,-0.8,0.8,0.0,-0.8,0.0,1.6,0.8,0.0,0.0,1.6,-0.8,0.0,0.0,0.0,1.6,0.0,0.0,0.0,0.0,0.8,0.0,0.0,0.8,0.8,0.0,-0.8,0.0,-0.8,0.0,0.0,0.0,1.6,0.8,0.0,0.0,1.6,0.8,0.8,0.0,-0.8,-1.6,-0.8,1.6,0.0,0.0,0.8,0.8,1.6,0.8,0.0,-0.8,0.8,0.0,-1.6,0.8,0.0,0.8,0.8,0.0,0.8,0.8,0.8,0.0,-0.8,0.0,0.0,0.8,0.0,-0.8,1.6,-0.8,0.8,0.0,0.0,0.8,0.0,0.0,-0.8,0.0,0.8,0.8,0.0,0.0,1.6,1.6,-1.6,2.4000000000000004,0.0,0.8,0.0,-0.8,0.0,0.0,0.0,1.6,1.6,1.6,-0.8,0.8,0.0,0.0,0.8,0.0,0.8,1.6,0.8,-0.8,0.0,0.8,0.8,-0.8,-0.8,-0.8,0.8,0.0,0.0,0.0,0.0,0.0,0.0,0.0,1.6,1.6,0.0,0.0,0.0,0.0,0.8,0.0,0.8,0.8,0.0,0.8,-0.8,0.0,0.8,-0.8,1.6,0.0,-0.8,0.8,0.0,0.0,0.8,1.6,0.8,0.8,1.6,-0.8,0.0,0.0,0.8,-0.8,0.0,0.8,0.0,-0.8,0.0,0.0,0.8,-0.8,0.0,0.8,-1.6,0.0,-0.8,0.0,0.8,0.0,-0.8,1.6,0.8,0.8,0.8,1.6,-0.8,0.0,0.8,0.0,2.4000000000000004,0.0,0.8,0.0,0.0,0.8,0.8,1.6,-0.8,-0.8,0.0,-1.6,1.6,0.0,0.8,2.4000000000000004,0.0,0.0,0.8,-0.8,0.8,-0.8,0.0,-0.8,0.8,0.8,-3.2,1.6,0.8,0.8,0.8,0.0,0.0,2.4000000000000004,0.8,-0.8,0.8,1.6,-0.8,0.8,0.8,0.0,0.8,0.0,0.8,-0.8,-0.8,0.8,0.0,0.0,-1.6,0.8,2.4000000000000004,0.0,0.8,0.0,0.8,0.0,-1.6,0.0,0.0,1.6,0.8,0.8,1.6,0.8,0.8,1.6,0.8,0.0,0.8,0.8,-0.8,0.0,0.8,0.0,0.0,0.0,0.8,0.0,-0.8,0.0,0.8,0.0,-0.8,0.8,-0.8,0.8,-1.6,0.8,1.6,0.0,0.8,0.8,-0.8,0.0,0.0,0.8,-0.8,0.8,0.0,0.0,0.8,0.0,0.0,0.8,-0.8,0.8,-0.8,0.0,0.0,0.0,0.8,0.0,0.0,0.8,-2.4000000000000004,0.8,-0.8,0.8,-0.8,0.8,1.6,0.0,-0.8,0.0,-0.8,2.4000000000000004,0.0,0.0,0.8,0.0,1.6,0.0,0.0,0.0,-0.8,1.6,-0.8,0.0,0.8,0.8,0.0,0.0,0.0,-0.8,0.8,0.8,-1.6,0.8,0.0,0.0,0.0,0.0,0.8,-0.8,1.6,0.8,-1.6,0.8,0.0,0.8,0.8,-0.8,1.6,-0.8,0.8,0.8,-0.8,0.8,-1.6,-0.8,-0.8,-0.8,0.8,0.0,0.8,-0.8,-0.8,0.8,0.0,1.6,-0.8,-0.8,0.0,-0.8,0.8,-0.8,0.0,1.6,0.0,0.8,0.8,0.0,0.0,0.0,1.6,0.8,1.6,0.0,0.8,1.6,0.8,0.0,0.0,1.6,0.8,0.0,0.8,0.0,-0.8,1.6,0.0,0.0,0.0,0.0,0.0,0.0,0.0,0.0,0.0,-0.8,0.8,-0.8,0.8,0.8,0.8,0.8,0.0,0.8,-0.8,1.6,0.8,-0.8,2.4000000000000004,0.8,0.8,0.0,-1.6,1.6,0.8,0.0,0.0,-1.6,0.0,-0.8,-0.8,0.0,-0.8,0.0,0.8,0.0,0.8,0.0,0.8,0.0,0.0,-0.8,0.0,1.6,0.0,0.8,0.0,0.8,0.0,0.8,0.0,-1.6,0.8,0.0,0.0,0.8,0.8,0.8,0.8,-0.8,1.6,0.8,-0.8,0.0,0.8,0.0,-0.8,0.8,-0.8,-0.8,-0.8,-0.8,1.6,0.8,0.0,0.8,-0.8,0.8,-0.8,0.8,1.6,1.6,0.8,0.0,0.0,1.6,0.0,0.8,0.8,0.8,0.0,0.0,-0.8,0.8,0.8,1.6,0.0,0.0,-0.8,0.0,0.8,0.8,-0.8,0.8,0.8,0.0,-0.8,0.0,0.8,-0.8,0.8,0.0,0.0,0.8,0.0,0.8,0.0,-0.8,1.6,0.0,0.0,0.0,0.8,1.6,0.0,0.8,0.0,0.0,0.0,0.0,1.6,0.8,0.8,1.6,0.0,0.0,0.8,-0.8,1.6,-0.8,-0.8
event_113,1625266982.929656,-0.8,0.8,0.0,1.6,0.0,-0.8,1.6,0.8,0.0,0.0,-0.8,0.0,-0.8,-0.8,0.0,0.8,0.8,-0.8,-0.8,0.8,0.8,0.0,-0.8,0.8,1.6,-0.8,0.0,0.8,0.8,0.0,0.0,-0.8,-0.8,0.0,1.6,0.8,-0.8,0.0,0.8,0.8,0.0,0.0,-0.8,-0.8,0.0,0.0,0.0,0.8,-1.6,0.0,-0.8,0.8,2.4000000000000004,-2.4000000000000004,-0.8,1.6,-1.6,-2.4000000000000004,0.0,0.8,-1.6,0.0,0.0,-0.8,0.8,-0.8,0.8,1.6,-0.8,0.0,0.8,1.6,0.0,-0.8,1.6,0.0,1.6,0.0,0.8,0.0,-0.8,0.0,0.0,-0.8,0.0,-0.8,1.6,0.8,-0.8,0.8,0.8,0.0,0.0,0.0,0.0,0.0,0.8,-0.8,0.0,0.8,0.0,0.8,-2.4000000000000004,-22.4,-44.8,-32.0,-12.8,-5.6,-1.6,0.0,-0.8,-2.4000000000000004,-2.4000000000000004,0.0,-2.4000000000000004,-0.8,0.0,-1.6,-0.8,0.8,0.8,0.0,0.0,0.8,0.8,-0.8,1.6,0.8,0.0,0.8,0.0,0.0,0.0,0.8,0.8,0.0,0.0,0.8,0.8,0.8,-0.8,-0.8,1.6,0.8,0.0,-0.8,1.6,0.8,0.8,0.8,0.0,0.8,0.0,0.0,2.4000000000000004,0.0,0.8,0.0,0.0,1.6,-0.8,0.8,0.8,0.0,0.8,0.0,1.6,0.0,-0.8,1.6,0.0,2.4000000000000004,-0.8,0.0,1.6,-0.8,0.8,0.0,0.8,0.8,-1.6,0.0,-0.8,0.8,-0.8,-0.8,1.6,0.0,0.8,0.0,-0.8,0.8,-1.6,0.8,0.0,1.6,0.8,0.0,1.6,0.0,0.8,1.6,0.0,2.4000000000000004,0.0,0.0,0.8,-0.8,2.4000000000000004,0.0,0.0,0.0,0.0,1.6,0.0,1.6,0.0,-1.6,0.8,-0.8,0.8,0.0,-0.8,1.6,0.0,1.6,0.0,0.0,1.6,-0.8,-0.8,0.8,1.6,0.0,0.0,0.8,1.6,0.0,0.8,0.0,0.0,0.0,0.0,-0.8,0.0,0.8,0.8,-0.8,0.8,0.8,0.0,0.0,0.8,1.6,0.0,-0.8,0.0,0.0,0.0,0.0,0.0,1.6,0.0,0.8,1.6,-0.8,0.0,-1.6,0.0,0.8,0.8,0.0,0.0,0.8,0.8,0.0,0.8,-0.8,0.0,0.8,0.0,0.8,0.0,0.0,0.8,0.8,1.6,0.0,0.8,-0.8,0.8,0.0,-0.8,-0.8,0.8,0.0,1.6,0.8,0.8,0.0,0.0,0.8,-0.8,2.4000000000000004,0.8,0.0,1.6,-0.8,1.6,-0.8,0.8,1.6,0.0,0.8,0.0,0.0,-0.8,0.0,0.0,0.0,0.8,0.8,0.0,0.8,-0.8,0.0,-0.8,0.8,0.0,-2.4000000000000004,0.0,0.8,0.8,1.6,0.0,1.6,0.0,0.8,0.8,-1.6,0.8,-0.8,0.8,-0.8,0.0,1.6,-1.6,0.0,1.6,-0.8,-0.8,0.0,0.0,-0.8,0.0,0.8,0.0,0.8,-0.8,-0.8,1.6,1.6,0.8,0.8,-0.8,0.0,-2.4000000000000004,0.0,0.0,1.6,-0.8,-0.8,1.6,1.6,-0.8,0.8,0.0,0.0,1.6,0.0,0.8,0.8,0.0,1.6,-0.8,1.6,0.8,-0.8,0.0,-0.8,-0.8,0.8,0.0,0.8,-0.8,-0.8,0.8,0.0,1.6,0.0,0.8,0.0,0.0,1.6,-0.8,0.8,0.8,0.8,0.0,-0.8,1.6,0.0,-0.8,0.8,-1.6,-0.8,0.0,0.8,0.8,-1.6,1.6,0.0,-0.8,1.6,0.0,0.0,0.8,-0.8,-0.8,0.0,1.6,0.0,0.8,0.8,0.8,0.8,0.8,0.0,-0.8,0.0,0.8,-0.8,-0.8,1.6,0.8,0.0,-0.8,0.8,0.8,-0.8,1.6,0.8,-0.8,0.0,0.8,-0.8,0.0,-2.4000000000000004,0.0,3.2,-2.4000000000000004,-1.6,2.4000000000000004,0.0,-1.6,0.8,1.6,-0.8,0.8,0.0,1.6,1.6,0.8,-0.8,1.6,0.8,0.0,-0.8,0.0,-0.8,0.0,0.0,1.6,0.0,0.0,0.0,0.8,-0.8,0.8,-0.8,0.8,-1.6,0.0,0.0,0.0,-0.8,0.0,0.8,0.0,0.0,-0.8,0.0,0.8,0.0,0.0,1.6,0.0,-0.8,0.0,0.8,1.6,0.0,0.8,0.0,-0.8,0.0,-0.8,0.0,0.0,0.8,0.8,-0.8,0.8,-0.8,-0.8,1.6,-1.6,-0.8,0.0,0.8,0.0,-1.6,1.6,0.8,0.8,1.6,-0.8,0.0,0.8,0.0,-0.8,0.0,0.8,0.0,0.8,0.8,0.8,1.6,-0.8,0.8,1.6,-1.6,0.0,-0.8,0.8,0.0,0.0,0.8,0.0,0.0,0.8,0.0,0.8,0.0,0.0,0.0,0.8,1.6,-0.8,0.8,0.0,0.0,-0.8,0.8,0.8,0.0,0.8,0.0,0.0,0.8,0.0,1.6,0.0,0.8,-0.8,0.8,0.8,1.6,-0.8,0.8,0.8,0.8,0.0,0.0,0.0,1.6,0.8,0.0,0.8,-0.8,2.4000000000000004,0.8,0.0,0.8,0.0,1.6,0.0,-0.8,1.6,0.8,0.0,0.8,0.8,-0.8,-0.8,0.8,-0.8,0.8,0.0,0.0,0.0,0.0,1.6,0.0,0.8,0.8,-1.6,0.8,-0.8,0.0,1.6,0.0,2.4000000000000004,-0.8,0.8,0.8,-0.8,1.6,0.0,0.0,0.8,0.0,0.8,-0.8,0.8,1.6,-0.8,0.8,0.0,1.6,-0.8,-0.8,1.6,-0.8,0.0,0.0,0.8,0.8,0.0,1.6,0.0,0.8,0.8,-0.8,1.6,0.0,1.6,0.0,0.0,2.4000000000000004,0.8,0.8,0.8,-0.8,0.8,-0.8,0.0,0.8,0.0,0.8,0.8,0.8,0.8,-1.6,0.0,-0.8,1.6,-0.8,0.0,0.0,0.0,0.8,-0.8,1.6,0.0,0.0,0.8,-1.6,-0.8,1.6,0.0,0.8,0.8,0.8,0.0,-1.6,0.0,0.8,0.8,0.0,0.8,-0.8,-0.8,0.0,0.8,0.8,0.8,0.0,0.8,0.0,1.6,0.0,0.0,0.0,-1.6,0.0,0.0,0.8,0.0,0.0,0.0,0.8,0.0,1.6,0.0,0.0,0.8,0.8,-1.6,0.0,0.0,0.0,0.8,0.0,0.8,0.0,0.0,0.0,0.0,0.8,-0.8,0.8,2.4000000000000004,-1.6,0.0,0.0,1.6,0.8,-0.8,0.8,0.8,0.0,0.0,-0.8,3.2,0.8,0.0,0.0,0.0,1.6,-1.6,1.6,0.8,0.8,0.8,0.0,0.0,0.0,-0.8,0.8,0.8,0.0,-0.8,0.8,0.0,0.0,0.8,0.8,0.0,0.8,0.0,0.8,0.0,0.8,0.8,0.0,0.8,-0.8,0.0,0.8,0.0,0.0,0.8,1.6,0.0,-1.6,1.6,0.8,0.0,0.8,0.8,0.8,-0.8,0.0,0.8,-0.8,0.0,0.0,0.8,1.6,0.8,0.8,0.0,-0.8,-0.8,0.8,0.8,0.8,0.0,0.8,0.0,0.8,0.8,-0.8,0.0,-0.8,-0.8,0.0,-0.8,0.8,0.0,0.8,1.6,0.8,0.0,0.0,0.8,0.8,-0.8,-0.8,-0.8,0.8,0.0,0.0,0.0,-0.8,0.0,0.0,0.8,0.0,0.0,0.0,1.6,0.0,0.8,-0.8,1.6,0.0,0.8,1.6,0.8,1.6,0.8,0.8,-0.8,-0.8,1.6,0.8,-0.8,0.8,0.0,0.0,0.0,0.0,1.6,-0.8,1.6,-0.8,0.8,0.0,-0.8,0.8,0.0,0.8,0.8,-1.6,-0.8,0.8,0.8,0.0,0.0,0.8,-0.8,0.0,0.0,-0.8,0.0,-0.8,0.8,0.0,-0.8,0.8,0.0,0.0,0.0,0.0,1.6,-0.8,0.0,0.0,-0.8,0.8,0.0,-1.6,0.0,0.8,0.8,0.0,0.0,0.8,0.8,0.8,-0.8,-1.6,0.0,0.0,0.0,0.8,1.6,0.8,0.8,0.8,0.8,0.0,0.0,0.0,0.8,-0.8,0.8,0.0,0.8,2.4000000000000004,-0.8,0.0,2.4000000000000004,0.0,0.8,0.0,0.0,0.8,-1.6,1.6,0.0,0.8,0.8,0.8,3.2,0.8,0.0,0.8,0.0,1.6,-0.8,0.0,0.0,0.8,1.6,0.0,0.8,0.8,0.0,1.6,0.0,0.0,0.0,0.8,1.6,0.8,0.8,-0.8,0.0,1.6,-0.8,0.8,0.0,0.0,1.6,0.0,0.8,0.0,0.0,0.8,-1.6,1.6,0.0,0.8,-0.8,0.0,0.8,-1.6,0.0,0.0,0.0,0.8,-0.8,1.6,0.8,0.0,0.8,-0.8,1.6,0.0,-0.8,0.8,0.8,1.6,0.8,1.6,0.8,0.0,0.8,-0.8,-0.8,0.8,0.0,0.8,0.8,1.6,0.8,0.0,0.8,1.6,0.8,0.8,0.8,0.0,-0.8,0.8,0.8,0.8,0.8,0.0,0.8,1.6,0.8,-0.8,1.6,0.0,0.0,0.0,0.0,1.6,2.4000000000000004,0.8,2.4000000000000004,0.8,2.4000000000000004,0.0,1.6,-0.8,0.8,0.0,0.0,0.0,0.0,0.8,2.4000000000000004,0.0,1.6,0.0,0.0,0.0,0.0,0.8,0.0,0.0,1.6,0.0,0.8,0.0,0.0,0.0,-0.8,0.8,-0.8,1.6,1.6,0.0,0.0,0.0,0.8,1.6,-0.8,2.4000000000000004,0.8,0.8,0.8,-0.8,0.0,-0.8,0.8,0.0,-0.8,0.8,0.0,1.6,0.8,0.0,0.8,-1.6,0.8,-0.8,0.0,2.4000000000000004,0.0,1.6,0.0,1.6,1.6,-0.8,0.8,0.8,0.8,0.0,-1.6,0.8,0.0,0.8,0.0,0.0,1.6,0.8,0.8,0.8,0.0,0.8,-0.8,0.8,0.0,0.0,0.8,0.0,1.6,1.6,0.0,0.0,0.8,0.8,-0.8,2.4000000000000004,0.8,0.0,0.8,0.0,0.8,0.8,0.0,0.8,0.0,0.8,0.0,0.0,0.0,0.0,0.0,1.6,0.8,0.8,0.0,0.8,0.0,0.8,0.0,1.6,-0.8,1.6,0.0,0.8,0.8,0.0,1.6,1.6,0.0,0.8,1.6,0.8,0.0,0.0,0.8,-0.8,0.0,0.0,0.8,0.8,-0.8,0.8,-0.8,-1.6,0.0,0.8,0.0,0.8,0.8,0.0,-0.8,2.4000000000000004,0.8,0.0,0.0,-0.8,0.0,-0.8,2.4000000000000004,0.0,-0.8,0.8,0.8,1.6,1.6,0.8,1.6,-0.8,0.8,0.0,0.0,0.0,-0.8,0.0,0.0,0.8,1.6,0.8,0.8,0.8,0.0,-1.6,0.8,0.8,0.8,0.0,0.0,0.8,1.6,0.0,0.0,0.8,0.0,0.0,0.8,0.8,1.6,0.0,0.8,0.8,0.8,0.8,0.8,0.0,1.6,0.0,0.8,-0.8,0.8,2.4000000000000004,-1.6,0.8,3.2,-0.8,-1.6,0.8,0.8,-1.6,0.8,0.0,0.8,0.8,-1.6,1.6,1.6,0.0,0.8,0.0,0.0,2.4000000000000004,0.0,0.0,0.8,1.6,0.0,0.0,0.0,0.8,0.8,0.0,0.8,0.8,-0.8,0.8,0.8,0.0,1.6,0.8,0.8,0.0,0.8,0.8,-1.6,1.6,-1.6,-1.6,0.8,0.0,0.8,0.8,0.8,2.4000000000000004,0.0,1.6,0.8,0.0,1.6,-0.8,0.8,0.8,0.8,0.8,0.0,0.8,0.8,1.6,0.0,-0.8,0.8,-0.8,0.8,-0.8,0.8,0.8,0.0,0.8,0.8,0.8,0.8,1.6,0.8,1.6,-0.8,0.8,0.8,2.4000000000000004,-0.8,0.0,0.8,0.8,1.6,1.6,0.0,1.6,0.0,0.0,-1.6,0.8,0.8,0.8,0.8,0.0,0.0,0.0,-0.8,0.8,0.0,0.8,0.0,-0.8,0.0,0.0,0.0,0.0,0.8,0.0,0.8,0.0,0.8,0.0,-0.8,0.0,0.8,0.0,0.0,1.6,0.8,0.8,0.0,0.8,-0.8,-0.8,0.0,0.0,0.0,-1.6,0.8,-0.8,0.0,0.0,-0.8,0.8,0.0,0.8,-0.8,0.0,1.6,-0.8,0.0,-0.8,0.0,0.8,0.0,0.0,-0.8,1.6,0.8,-0.8,0.8,-0.8,0.8,0.0,-0.8,1.6,-1.6,0.8,0.8,0.8,0.8,-0.8,0.8,0.0,-0.8,0.0,-0.8,2.4000000000000004,-0.8,0.0,0.8,-0.8,2.4000000000000004,-0.8,0.8,0.0,0.0,0.8,0.0,1.6,0.8,-1.6,1.6,-0.8,0.8,0.0,-0.8,0.8,-0.8,-0.8,1.6,0.0,0.8,-0.8,0.8,-0.8,0.8,0.0,0.0,0.0,0.8,0.0,-0.8,0.0,0.0,-0.8,0.0,0.0,0.0,1.6,0.8,-0.8,0.8,0.0,0.0,0.0,-0.8,0.8,0.8,-1.6,0.8,0.0,0.0,0.0,0.0,0.0,0.8,0.0,0.8,0.8,1.6,-0.8,0.0,0.0,-0.8,-0.8,-1.6,1.6,0.8,0.0,0.8,0.8,0.0,0.8,0.0,-0.8,0.0,-0.8,-0.8,-0.8,0.0,0.8,0.0,0.8,0.8,0.0,-0.8,0.0,0.8,0.0,0.0,0.0,0.0,0.0,0.0,0.8,0.8,0.0,0.0,0.0,1.6,0.0,-1.6,-0.8,0.8,1.6,0.0,0.0,-0.8,0.8,0.0,0.8,0.0,0.0,1.6,-0.8,-0.8,0.8,-0.8,0.8,0.0,0.0,0.0,0.0,0.0,0.8,0.0,0.0,-0.8,0.8,-0.8,-0.8,0.8,0.8,1.6,0.0,0.0,0.0,0.0,0.8,-0.8,-0.8,0.0,-0.8,0.8,-0.8,0.8,0.0,-0.8,0.8,-1.6,-0.8,0.0,-0.8,0.0,0.0,0.0,0.0,0.8,0.0,0.0,0.0,0.8,0.0,-0.8,0.8,1.6,0.8,0.0,0.0,1.6,0.0,1.6,-0.8,0.0,0.8,0.0,0.0,0.8,0.0,0.8,0.0,-0.8,0.0,0.8,0.0,0.0,0.0,-1.6,0.0,0.0,0.8,0.8,0.0,0.8,0.8,0.8,2.4000000000000004,0.0,0.8,0.0,-0.8,1.6,-0.8,1.6,-0.8,0.8,1.6,0.0,0.0,0.0,0.0,1.6,-1.6,1.6,0.0,0.8,0.8,0.8,2.4000000000000004,0.0,0.0,0.8,-0.8,0.8,-0.8,2.4000000000000004,0.8,0.8,0.8,0.0,0.8,0.8,0.0,1.6,-0.8,0.0,2.4000000000000004,1.6,-0.8,0.0,0.8,-0.8,0.0,0.8,0.8,1.6,-0.8,0.0,0.0,-0.8,0.8,0.8,2.4000000000000004,0.0,1.6,0.8,-0.8,0.8,-0.8,-0.8,1.6,0.0,-0.8,0.8,1.6,0.0,0.0,0.0,0.8,0.8,0.0,0.0,0.0,0.8,0.8,-0.8,0.0,0.8,0.8,0.0,0.8,0.0,0.8,0.8,0.8,0.0,-0.8,-0.8,0.8,0.8,0.8,0.0,0.0,1.6,0.8,0.8,0.8,0.0,1.6,-0.8,0.8,0.0,0.8,1.6,-0.8,0.8,0.8,-0.8,1.6,0.0,0.0,0.8,0.0,0.8,0.0,0.8,0.8,-0.8,1.6,-1.6,0.0,0.8,0.8,0.0,0.0,0.0,-0.8,0.0,0.0,-0.8,2.4000000000000004,0.8,0.8,2.4000000000000004,-1.6,2.4000000000000004,0.0,-0.8,0.8,0.0,1.6,0.0,0.8,1.6,0.0,0.0,-0.8,0.0,-0.8,-0.8,0.8,-1.6,1.6,0.8,0.0,0.8,0.0,1.6,0.0,0.8,0.0,-0.8,0.0,0.8,0.8,0.8,0.0,1.6,0.0,1.6,1.6,0.0,0.8,0.0,-0.8,0.0,0.8,0.0,-0.8,0.0,0.8,0.8,0.0,0.0,1.6,-0.8,0.0,0.8,0.8,0.0,0.0,0.8,1.6,0.8,0.0,0.8,0.8,0.8,0.0,2.4000000000000004,0.0,2.4000000000000004,0.0,0.8,1.6,1.6,0.0,1.6,1.6,0.8,0.0,-0.8,-0.8,0.0,-0.8,2.4000000000000004,0.8,0.0,-0.8,-0.8,0.8,0.0,-0.8,1.6,0.0,1.6,-1.6,-0.8,0.8,0.8,0.8,0.0,0.8,0.0,0.8,1.6,-0.8,0.8,0.0,0.0,1.6,0.0,1.6,0.8,-1.6,1.6,0.0,0.8,0.0,0.0,0.8,-0.8,0.0,-0.8,0.0,1.6,0.0,0.0,0.8,-0.8,0.0,0.0,1.6,0.0,0.8,0.8,0.8,0.8,0.8,1.6,-1.6,1.6,0.8,-0.8,0.0,0.8,0.8,0.8,0.0,0.0,0.8,-0.8,0.0,0.8,-1.6,0.0,0.0,1.6,0.0,0.0,0.0,0.8,0.8,0.0,1.6,0.8,0.0,0.8,0.0,1.6,0.8,0.8,0.8,1.6,1.6,0.0,0.8,0.8,0.8,0.8,0.0,0.0,0.0,0.8,2.4000000000000004,0.8,0.0,0.0,0.0,0.0,0.8,0.0,0.8,0.8,1.6,-0.8,0.0,0.8,0.0,-0.8,0.0,-0.8,0.0,0.0,0.0,0.0,0.0,0.8,0.8,-0.8,0.8,0.8,0.8,0.0,0.0,0.0,-0.8,0.8,0.8,0.0,0.8,0.0,0.8,0.0,1.6,0.8,-0.8,1.6,-2.4000000000000004,0.0,2.4000000000000004,0.8,1.6,0.0,0.8,1.6,0.8,1.6,0.0,0.0,0.8,-0.8,0.8,0.0,0.8,0.0,0.8,1.6,0.8,0.0,0.8,0.8,0.8,-0.8,1.6,0.0,0.0,0.8,-1.6,0.8,0.8,0.0,0.8,0.8,0.8,-0.8,0.0,1.6,0.8,0.8,0.0,0.8,0.8,0.8,0.8,0.8,0.8,0.8,0.0,0.0,-0.8,0.0,0.0,0.8,0.8,1.6,0.0,0.8,0.8,0.8,0.8,0.0,0.8,0.8,-0.8,0.0,0.0,1.6,0.0,0.0,1.6,0.0,0.8,0.8,0.0,0.0,-0.8,0.8,0.8,-0.8,0.8,0.8,0.0,1.6,0.0,-0.8,0.0,1.6,-1.6,-0.8,0.8,0.0,0.8,-0.8,0.0,0.0,1.6,0.8,-1.6,1.6,1.6,0.0,1.6,-0.8,2.4000000000000004,-0.8,0.8,0.0,-0.8,1.6,0.0,0.0,0.8,0.8,1.6,0.0,-0.8,0.8,0.0,0.0,-0.8,0.8,0.0,-0.8,0.0,-0.8,0.0,-0.8,0.0,1.6,0.0,0.8,0.8,0.0,0.8,0.0,0.8,-0.8,0.8,0.0,-0.8,2.4000000000000004,0.0,-0.8,0.8,-0.8,1.6,-0.8,-0.8,-0.8,0.8,0.8,1.6,1.6,0.8,-1.6,0.0,0.0,0.0,0.0,0.0,0.0,0.8,0.0,-0.8,0.0,0.0,0.8,0.0,0.0,0.0,0.8,0.8,0.0,0.0,1.6,0.0,0.0,-0.8,0.8,0.8,-0.8,0.0,-0.8,0.0,0.0,1.6,1.6,-0.8,-0.8,0.0,0.0,0.8,0.0,-0.8,1.6,0.0,0.0,-1.6,1.6,0.0,-0.8,1.6,0.0,1.6,0.8,-0.8,0.0,-0.8,0.8,0.0,0.0,1.6,0.0,1.6,-0.8,1.6,0.0,-0.8,0.8,0.8,0.0,-0.8,0.0,0.0,-1.6,1.6,0.0,0.8,0.0,0.0,1.6,0.0,0.8,0.8,0.0,1.6,0.8,0.8,0.8,0.0,2.4000000000000004,-0.8,0.0,0.8,-0.8,1.6,-1.6,0.8,0.0,-0.8,1.6,0.8,1.6,0.0,0.8,0.8,0.0,-0.8,0.0,0.0,2.4000000000000004,-0.8,0.0,-0.8,0.8,0.0,0.0,1.6,-0.8,1.6,0.8,0.0,0.8,0.0,0.0,0.0,0.0,2.4000000000000004,0.8,0.0,0.0,0.0,0.0,0.0,0.0,0.8,-0.8,0.8,1.6,-0.8,1.6,0.0,0.0,0.8,-0.8,-0.8,0.8,0.8,0.8,0.0,1.6,0.8,0.0,0.8,0.0,0.0,0.8,0.0,0.0,0.0,0.8,0.0,0.8,0.0,0.0,0.8,-1.6,-0.8,0.8,-1.6,0.0,0.0,0.0,0.8,-0.8,-0.8,1.6,0.8,0.0,0.0,2.4000000000000004,-0.8,0.0,1.6,0.8,3.2,-0.8,0.8,1.6,0.8,0.0,0.0,0.8,0.0,-0.8,0.0,0.0,0.8,0.0,0.8,3.2,0.8,0.0,-0.8,0.8,1.6,-1.6,1.6,0.8,0.0,-0.8,-0.8,1.6,0.8,0.8,0.8,1.6,0.8,1.6,0.8,0.0,0.8,0.8,0.8,0.0,0.8,0.8,1.6,0.0,0.8,0.0,0.0,0.8,0.0,0.0,0.0,0.0,0.8,-0.8,0.8,1.6,0.0,0.0,0.0,0.8,0.0,1.6,0.8,0.8,1.6,1.6,0.8,2.4000000000000004,0.0,-0.8,2.4000000000000004,-0.8,0.0,1.6,0.8,0.8,0.0,1.6,0.8,-0.8,0.0,0.8,1.6,0.0,-0.8,1.6,0.0,0.0,0.0,0.0,2.4000000000000004,0.0,0.8,0.8,0.0,0.0,-0.8,1.6,1.6,0.8,0.0,0.8,1.6,1.6,-0.8,1.6,0.0,1.6,0.8,0.0,0.0,0.8,1.6,0.8,0.8,0.0,-0.8,2.4000000000000004,-0.8,0.0,0.0,1.6,0.8,0.0,0.0,0.0,-0.8,1.6,-0.8,1.6,0.8,-0.8,1.6,0.0,0.0,0.0,0.0,1.6,-0.8,0.0,0.8,1.6,0.0,0.8,0.8,-1.6,0.8,0.8,0.0,0.0,-0.8
event_114,1625266987.246903,-0.8,-1.6,0.8,-0.8,3.2,0.8,0.0,2.4000000000000004,0.8,-1.6,0.0,0.0,0.0,0.0,0.0,0.0,0.8,0.8,0.0,1.6,0.8,-0.8,0.0,0.8,0.8,0.0,1.6,-0.8,0.0,-1.6,-0.8,0.8,0.8,0.0,0.8,-0.8,-0.8,0.8,1.6,0.0,0.0,3.2,-2.4000000000000004,-0.8,0.8,0.8,0.8,-0.8,1.6,-0.8,0.0,0.0,-0.8,2.4000000000000004,0.0,0.0,0.8,0.8,2.4000000000000004,0.8,0.0,1.6,0.8,-0.8,0.0,2.4000000000000004,0.8,0.0,1.6,0.8,1.6,0.0,-0.8,0.8,0.0,0.0,-0.8,0.8,1.6,-0.8,0.8,0.8,0.0,1.6,-0.8,1.6,0.8,0.0,0.8,0.0,1.6,0.0,0.8,1.6,0.0,0.8,0.0,2.4000000000000004,0.8,-0.8,-0.8,-1.6,-13.600000000000001,-33.6,-29.6,-13.600000000000001,-8.0,-3.2,-2.4000000000000004,-1.6,-3.2,-2.4000000000000004,-0.8,-2.4000000000000004,-0.8,0.0,-0.8,0.8,0.0,0.8,-1.6,0.8,0.0,0.8,0.0,0.8,-0.8,0.8,-0.8,-1.6,0.8,0.8,0.0,0.0,0.0,0.0,0.8,0.8,-0.8,0.0,-0.8,0.8,0.8,-0.8,0.0,0.0,-0.8,0.0,-0.8,-1.6,0.0,0.8,-0.8,0.0,0.8,0.0,0.0,0.0,0.0,0.8,0.8,0.0,-0.8,0.0,0.8,0.8,0.0,0.0,1.6,0.0,0.8,-0.8,0.0,0.8,-0.8,0.0,-1.6,0.0,0.8,-0.8,0.8,0.8,0.8,0.0,0.0,0.8,-1.6,0.0,0.8,-0.8,0.8,-0.8,1.6,0.8,0.8,0.0,0.0,0.8,0.0,0.0,0.8,0.0,1.6,0.0,0.0,1.6,0.8,0.0,0.8,0.0,0.8,0.0,0.8,-0.8,0.8,-0.8,0.8,0.8,-0.8,-0.8,0.0,0.0,0.8,-0.8,1.6,0.0,0.8,0.0,0.8,0.8,0.0,-0.8,0.0,0.0,0.0,0.8,0.8,1.6,-0.8,-0.8,0.8,-0.8,0.8,0.0,0.0,0.0,-0.8,0.0,-0.8,-0.8,2.4000000000000004,0.0,0.0,0.8,0.0,0.0,0.8,0.8,0.0,-0.8,-0.8,-2.4000000000000004,1.6,1.6,0.0,0.8,-0.8,1.6,0.8,0.8,0.8,-0.8,0.0,0.0,0.0,0.8,0.0,0.8,0.0,0.8,1.6,0.0,0.8,-0.8,0.0,0.0,-1.6,0.8,0.0,0.8,0.8,-0.8,1.6,0.8,0.8,0.8,-0.8,1.6,-1.6,1.6,-0.8,-0.8,0.8,-0.8,0.8,0.8,-1.6,0.8,-1.6,0.8,0.0,-0.8,0.0,-0.8,0.0,0.8,0.8,0.8,-0.8,0.8,0.0,0.0,-0.8,0.8,0.0,-0.8,1.6,-0.8,-0.8,0.0,0.0,-0.8,0.0,0.8,1.6,0.0,0.8,0.8,0.8,0.8,-0.8,0.0,0.0,0.0,0.0,0.0,0.0,0.0,0.0,0.8,0.0,0.0,0.0,0.8,0.0,0.8,-0.8,-0.8,0.0,0.0,0.0,0.8,0.8,0.8,-0.8,0.8,0.8,0.0,1.6,0.8,0.0,2.4000000000000004,0.8,-0.8,0.0,2.4000000000000004,0.0,0.0,0.0,0.8,0.8,0.0,0.8,0.0,0.0,0.0,0.0,1.6,-0.8,0.0,0.0,0.8,0.8,-1.6,1.6,0.8,0.0,0.0,-1.6,1.6,1.6,-0.8,1.6,0.0,2.4000000000000004,0.0,0.8,1.6,-0.8,0.0,-0.8,0.8,0.8,-2.4000000000000004,2.4000000000000004,0.8,0.8,0.8,-0.8,1.6,0.8,0.0,0.8,-0.8,0.8,0.0,0.8,0.8,0.8,0.0,0.0,0.8,0.8,1.6,1.6,0.0,0.8,0.8,0.0,0.0,0.0,0.8,0.8,0.0,0.8,0.0,0.0,1.6,-0.8,0.0,-0.8,0.8,0.0,-0.8,0.0,-0.8,0.0,0.8,0.0,-1.6,-0.8,0.8,0.8,0.0,-0.8,0.8,0.0,0.8,0.8,0.0,0.8,-0.8,0.0,0.0,0.8,0.0,-0.8,-0.8,0.0,0.0,0.8,0.8,0.8,-0.8,0.0,0.8,-0.8,0.0,-0.8,0.0,1.6,-0.8,0.0,-0.8,0.0,0.0,-1.6,0.8,0.0,1.6,0.0,0.0,0.8,0.0,-0.8,0.0,0.0,0.0,-1.6,0.0,0.0,0.0,0.0,0.8,0.8,0.0,0.0,0.0,-0.8,1.6,-0.8,0.8,0.0,0.0,0.0,0.0,0.8,0.8,-1.6,0.8,-0.8,0.0,0.8,0.0,0.8,-0.8,0.8,0.8,-0.8,0.8,-0.8,0.8,-0.8,0.0,0.0,-0.8,0.0,-1.6,0.8,0.8,0.0,0.8,-1.6,0.8,0.8,0.0,0.8,-0.8,-0.8,0.8,0.8,0.8,0.0,0.0,1.6,0.8,1.6,-0.8,0.0,0.0,-0.8,0.0,0.0,0.8,0.8,0.0,0.0,0.8,0.0,0.0,0.0,1.6,-0.8,0.0,0.8,0.0,0.8,0.8,0.0,1.6,0.0,-0.8,0.0,0.0,0.0,-1.6,0.0,0.0,0.8,1.6,0.0,1.6,0.8,0.0,0.8,-0.8,1.6,0.0,-0.8,0.0,-0.8,0.8,0.8,0.0,0.8,-1.6,1.6,-0.8,0.8,0.8,-0.8,0.8,0.0,-1.6,0.0,-0.8,0.8,-0.8,0.0,0.0,-0.8,0.8,0.0,-0.8,-0.8,0.0,0.8,0.0,-1.6,0.0,0.0,0.0,-0.8,-0.8,-0.8,0.0,0.8,-1.6,0.8,0.0,0.0,-0.8,0.8,0.8,-0.8,1.6,-0.8,-2.4000000000000004,0.8,0.8,0.0,0.0,-0.8,0.8,0.0,0.8,0.0,0.0,0.8,0.0,-0.8,0.0,0.0,0.0,0.0,0.0,0.8,0.0,0.0,0.0,-0.8,-0.8,-0.8,-0.8,0.8,-0.8,0.0,-0.8,0.0,0.0,0.0,0.0,0.8,-0.8,-1.6,0.0,0.0,0.8,0.0,0.8,0.0,1.6,0.0,0.0,0.0,0.8,0.0,0.0,0.0,0.8,0.0,1.6,0.8,0.8,0.0,0.0,-0.8,-0.8,0.0,0.8,-0.8,1.6,0.0,0.0,0.0,0.8,0.8,0.8,0.8,0.8,0.8,1.6,-0.8,0.8,0.8,-0.8,0.0,0.0,1.6,0.8,-0.8,0.8,0.0,0.0,0.0,0.8,0.0,-0.8,0.8,0.8,0.0,0.8,-0.8,0.0,0.0,0.0,-1.6,-0.8,0.8,-0.8,0.8,0.0,0.8,1.6,0.8,-0.8,-0.8,0.0,1.6,-1.6,0.8,0.0,-0.8,1.6,-0.8,0.8,0.8,0.8,0.8,0.0,-0.8,-0.8,-0.8,0.0,-0.8,0.8,0.0,0.8,0.8,0.8,0.8,0.0,1.6,-0.8,0.0,0.8,0.8,0.8,-0.8,0.0,0.0,0.0,1.6,0.8,1.6,-0.8,-0.8,0.0,1.6,0.0,0.0,0.8,0.0,-1.6,1.6,-0.8,1.6,-0.8,0.0,0.8,0.0,1.6,-0.8,0.8,0.8,0.8,0.8,0.0,0.8,1.6,0.0,0.0,-0.8,0.8,0.0,-0.8,0.0,0.0,0.8,-0.8,-0.8,0.8,-1.6,0.8,0.0,-0.8,0.0,0.0,1.6,0.0,0.8,1.6,-1.6,2.4000000000000004,-0.8,-0.8,0.0,0.8,1.6,-1.6,0.8,0.0,0.0,2.4000000000000004,-0.8,0.0,0.8,0.8,0.0,-0.8,0.8,0.0,-0.8,0.0,-0.8,0.8,-0.8,0.0,0.8,-1.6,0.0,0.8,0.8,0.8,-1.6,0.8,0.8,0.0,0.8,0.0,0.8,0.0,0.0,0.0,0.0,1.6,-0.8,0.0,0.8,0.8,0.8,0.8,0.0,0.8,0.0,-0.8,0.8,0.0,0.0,0.8,0.8,0.8,-1.6,0.8,0.0,0.8,-1.6,0.0,0.8,0.0,-1.6,0.0,0.8,0.0,0.0,0.8,0.8,-1.6,0.8,0.8,-0.8,0.8,0.0,0.8,0.0,0.8,0.8,0.8,0.0,1.6,0.0,0.0,0.0,0.0,0.0,0.0,1.6,0.0,0.0,0.8,0.8,0.0,0.8,0.8,-1.6,-0.8,0.8,0.0,0.8,0.0,0.8,0.8,0.0,1.6,0.0,0.0,-0.8,-0.8,0.0,0.0,0.0,0.0,0.0,0.0,0.0,0.8,0.0,0.8,0.8,-1.6,0.0,0.8,0.8,0.8,0.0,1.6,-0.8,0.8,1.6,0.0,0.0,-1.6,0.0,1.6,1.6,0.8,0.8,1.6,0.8,0.0,1.6,0.0,0.8,0.0,0.8,0.8,-0.8,1.6,0.8,0.8,0.8,-0.8,0.0,0.0,0.0,0.0,0.8,0.0,0.8,0.0,-0.8,0.0,0.8,0.0,0.0,0.8,0.0,1.6,0.8,-0.8,0.0,0.8,0.0,0.0,-0.8,0.8,0.8,0.8,0.0,-0.8,0.8,-0.8,-0.8,0.0,-0.8,0.8,0.8,0.0,0.8,-0.8,0.0,0.0,-1.6,0.0,-0.8,1.6,0.8,0.8,0.8,1.6,0.0,0.8,1.6,0.0,0.0,0.0,0.0,0.0,0.8,0.8,1.6,-0.8,0.8,0.0,0.0,0.0,0.8,0.8,0.0,0.0,0.8,0.0,0.0,0.0,1.6,0.0,0.0,1.6,0.0,0.8,1.6,0.0,2.4000000000000004,-0.8,0.8,2.4000000000000004,0.0,-0.8,3.2,1.6,-1.6,0.8,2.4000000000000004,-0.8,-0.8,0.0,0.8,0.0,-0.8,0.8,0.8,0.0,0.0,1.6,0.8,-0.8,0.8,1.6,0.8,0.0,0.0,0.8,0.0,0.0,-0.8,0.8,1.6,0.0,0.8,0.0,0.0,0.0,0.8,0.0,0.8,0.8,0.8,0.0,0.8,-0.8,0.0,0.0,0.0,0.8,0.0,0.0,0.0,0.0,0.8,0.0,1.6,-0.8,-0.8,0.8,0.8,0.8,0.0,0.0,1.6,0.8,2.4000000000000004,-0.8,0.0,0.8,-0.8,0.0,-0.8,0.8,-0.8,0.8,0.8,0.0,1.6,0.0,-0.8,0.8,-0.8,1.6,0.0,0.8,0.8,0.0,1.6,0.8,0.0,2.4000000000000004,0.8,2.4000000000000004,0.0,-0.8,2.4000000000000004,0.0,2.4000000000000004,-0.8,0.8,1.6,1.6,2.4000000000000004,0.8,1.6,0.8,0.0,0.8,-0.8,0.8,-0.8,0.8,0.8,0.8,0.8,0.8,0.8,1.6,-0.8,1.6,0.0,0.8,-0.8,-0.8,2.4000000000000004,0.0,0.0,0.8,0.0,0.0,0.0,1.6,0.0,0.8,1.6,-0.8,-0.8,-0.8,0.0,0.8,-0.8,0.8,-0.8,-0.8,0.0,-0.8,1.6,-0.8,0.0,0.0,0.0,0.0,0.0,0.0,0.8,-0.8,-0.8,0.0,0.8,0.0,0.0,0.0,0.8,0.0,0.8,0.0,-1.6,1.6,0.0,0.0,0.8,0.0,2.4000000000000004,0.8,0.8,1.6,-0.8,0.0,0.8,0.8,0.8,-0.8,0.8,-0.8,0.0,0.8,0.0,1.6,0.0,0.8,1.6,0.0,1.6,-1.6,0.8,0.8,0.8,0.8,-0.8,0.0,0.8,-0.8,0.8,-0.8,0.0,0.8,0.0,0.8,-1.6,0.8,0.8,0.0,0.0,-1.6,0.0,0.0,0.8,-0.8,0.0,1.6,0.8,-0.8,0.0,0.0,1.6,0.0,0.0,0.8,0.0,0.8,0.0,0.0,0.8,0.0,1.6,-0.8,-1.6,1.6,0.0,-0.8,0.0,-0.8,-0.8,0.0,1.6,0.0,0.0,0.0,0.0,-0.8,-0.8,0.0,-0.8,0.8,0.0,-1.6,0.0,0.8,0.0,0.8,-0.8,1.6,0.0,0.8,0.0,0.0,0.0,0.0,-0.8,0.8,0.0,0.8,0.8,0.0,0.8,0.0,0.0,0.0,0.8,-0.8,0.0,0.0,0.0,0.0,0.0,0.0,1.6,0.8,0.0,0.8,0.0,-1.6,0.0,0.8,0.8,1.6,-0.8,1.6,0.8,0.8,-0.8,0.8,0.8,-0.8,0.0,0.0,-0.8,0.0,0.0,0.8,0.8,0.8,0.0,-1.6,0.8,0.0,-0.8,0.0,0.0,0.8,-0.8,0.0,0.0,-0.8,0.8,1.6,0.0,-0.8,0.8,1.6,-0.8,0.8,0.8,-1.6,0.8,0.0,0.8,-0.8,0.0,0.0,-0.8,0.0,-1.6,0.8,0.8,-0.8,0.0,-0.8,0.8,0.8,0.0,0.8,0.0,-0.8,-0.8,0.0,2.4000000000000004,0.0,0.0,0.8,0.8,0.0,1.6,0.0,0.0,0.0,0.0,0.0,0.0,0.8,0.8,0.8,0.8,0.0,0.0,0.0,0.0,0.0,-1.6,-0.8,-0.8,-0.8,0.0,0.0,0.0,0.8,0.8,0.0,0.0,0.0,-0.8,-1.6,0.0,0.0,1.6,-0.8,0.0,0.8,0.8,0.0,0.8,0.8,0.0,-0.8,0.8,-0.8,1.6,0.8,0.0,0.8,0.0,0.0,0.0,0.8,0.0,-0.8,2.4000000000000004,0.0,0.0,0.0,-0.8,0.8,0.0,-1.6,1.6,-0.8,0.8,0.8,1.6,0.0,0.0,0.8,0.8,0.0,-0.8,0.0,2.4000000000000004,0.0,0.8,0.8,-1.6,1.6,0.0,1.6,0.8,0.0,0.0,0.0,0.8,0.0,-0.8,0.8,-0.8,-0.8,0.0,2.4000000000000004,0.8,-0.8,0.8,0.8,1.6,1.6,-1.6,0.0,0.0,0.0,0.0,0.8,0.8,0.0,0.8,0.8,0.8,0.8,0.0,0.8,0.8,0.0,0.0,-0.8,0.8,0.0,0.0,0.8,0.0,-0.8,0.0,0.8,0.8,0.0,0.0,0.0,1.6,1.6,0.0,0.0,2.4000000000000004,1.6,0.0,2.4000000000000004,0.8,-0.8,0.8,-0.8,0.8,0.0,0.8,1.6,0.0,0.8,-0.8,0.0,-0.8,-0.8,0.8,0.0,0.8,0.8,0.0,0.8,0.0,1.6,0.0,0.0,0.8,-0.8,1.6,0.8,0.8,0.0,-0.8,0.8,-0.8,0.0,2.4000000000000004,0.0,0.8,0.0,-0.8,0.8,0.0,0.8,0.8,0.0,0.8,0.8,1.6,0.0,0.8,0.0,1.6,0.0,-3.2,1.6,0.8,0.0,0.0,-0.8,1.6,0.8,0.8,0.0,-0.8,1.6,0.0,0.0,0.0,0.0,2.4000000000000004,-0.8,1.6,0.8,0.8,0.8,-0.8,1.6,0.0,-0.8,1.6,0.8,0.8,0.0,0.0,1.6,0.0,0.8,0.8,0.0,0.8,0.0,0.8,0.0,1.6,0.8,0.8,0.8,0.8,0.0,0.8,0.8,0.8,-0.8,0.8,0.0,0.0,0.0,0.8,0.0,0.8,0.8,0.0,0.0,0.8,0.0,0.8,1.6,0.8,-0.8,0.0,0.8,0.0,0.0,0.0,0.8,-0.8,0.8,0.8,0.8,1.6,0.0,0.0,0.8,0.0,0.0,0.0,0.0,0.8,0.0,1.6,0.0,0.0,0.8,0.0,1.6,0.0,0.0,0.8,0.8,0.8,0.0,-1.6,-0.8,0.8,0.8,0.8,0.0,0.8,0.0,0.0,0.0,0.0,-1.6,0.8,-0.8,-0.8,0.8,0.8,0.8,1.6,0.0,0.8,0.8,0.8,1.6,0.0,-0.8,0.8,-0.8,1.6,-0.8,0.8,0.0,1.6,1.6,0.8,0.8,0.0,0.8,-0.8,0.0,1.6,1.6,0.0,0.0,0.0,1.6,0.0,0.8,0.8,0.0,1.6,0.0,0.0,0.0,0.0,0.8,0.0,1.6,0.0,0.8,0.8,0.0,-0.8,0.8,0.0,0.0,0.0,0.0,0.8,1.6,0.0,0.8,1.6,0.0,0.8,1.6,-0.8,0.8,0.0,0.0,-0.8,-0.8,3.2,0.0,-3.2,2.4000000000000004,2.4000000000000004,-3.2,0.0,1.6,-0.8,0.8,0.8,0.8,0.0,1.6,0.8,0.0,1.6,-0.8,0.0,-0.8,0.0,1.6,-0.8,1.6,0.8,-0.8,0.8,1.6,0.0,0.0,-0.8,0.8,0.8,0.8,0.0,0.8,0.0,0.0,1.6,-0.8,0.8,0.8,-0.8,1.6,0.0,0.8,-0.8,-1.6,0.8,0.0,0.8,0.8,0.0,0.8,-0.8,0.8,1.6,0.0,2.4000000000000004,0.0,0.8,1.6,0.8,0.0,0.0,0.0,0.8,0.0,0.0,0.0,0.0,0.8,1.6,0.8,0.0,0.8,0.0,0.8,0.8,0.8,0.0,0.0,1.6,0.0,0.0,0.0,0.8,0.0,1.6,0.0,-1.6,1.6,0.8,0.0,0.8,0.8,0.0,-0.8,0.0,0.8,0.8,0.0,-0.8,0.8,0.0,0.0,0.0,0.0,1.6,0.0,-0.8,1.6,0.8,-0.8,-0.8,1.6,0.0,-1.6,1.6,2.4000000000000004,-0.8,-2.4000000000000004,-0.8,2.4000000000000004,0.8,-1.6,0.0,0.8,1.6,-0.8,0.0,0.8,0.8,0.8,0.0,0.8,1.6,-0.8,0.0,-0.8,1.6,0.0,-0.8,0.0,1.6,0.8,-0.8,-0.8,1.6,0.0,0.8,0.0,-0.8,0.8,-0.8,0.8,0.0,3.2,0.8,-0.8,0.0,0.0,0.8,1.6,0.0,0.8,0.0,0.0,0.8,0.0,0.0,0.8,0.8,0.0,-0.8,0.8,-0.8,0.8,0.0,0.8,0.8,0.8,-0.8,-0.8,1.6,0.8,0.0,0.8,0.0,0.8,2.4000000000000004,0.0,0.8,-0.8,0.8,0.8,-0.8,0.0,1.6,0.8,0.8,0.8,-0.8,0.0,0.0,0.0,0.0,0.8,0.8,0.8,0.0,0.0,0.0,-1.6,0.8,0.0,0.0,0.0,1.6,0.0,-0.8,0.8,0.8,1.6,0.8,0.0,0.0,0.8,0.8,-0.8,-0.8,0.0,0.0,0.8,0.0,0.8,0.0,-0.8,0.0,0.8,0.0,0.0,-0.8,0.8,-0.8,0.8,0.0,0.0,1.6,0.0,1.6,-0.8,0.0,0.8,-1.6,1.6,0.8,-0.8,0.8,0.0,2.4000000000000004,-0.8,0.0,0.0,0.8,0.8,-0.8,0.8,-0.8,0.0,2.4000000000000004,1.6,0.8,0.0,0.8,0.8,-0.8,0.8,0.8,0.0,1.6,-0.8,1.6,-0.8,0.0,0.8,0.0,2.4000000000000004,-0.8,0.8,2.4000000000000004,-1.6,0.8,1.6,0.0,-0.8,-0.8,0.8,-0.8,0.0,0.0,-0.8,0.0,-0.8,0.8,0.0,-0.8,0.8,0.0,0.8,0.8,0.0,0.8,0.8,0.0,0.0,-0.8,1.6,-0.8,0.0,0.0,0.0,0.8,0.0,-0.8,-1.6,-0.8,0.0,0.0,0.0,0.8,0.8,0.8,0.0,1.6,0.8,-0.8,0.0,0.0,-0.8,0.8,0.0,0.0,0.0,-0.8,0.8,0.8,0.0,0.8,0.0,0.0,-0.8,-1.6,0.0,0.0,1.6,-0.8,0.0,1.6,0.8,-0.8,0.0,0.0,0.8,-1.6,-0.8,-0.8,0.8,0.0,0.0,1.6,0.0,0.8,0.0,-1.6,0.8,-1.6,1.6,0.0,0.0,-0.8,-0.8,0.8,-0.8,0.0,0.8,0.0,0.0,0.8,0.8,1.6,0.8,0.8,0.0,0.0,0.8,0.0,2.4000000000000004,-0.8,0.0,-0.8,-0.8,0.8,0.0,0.0,0.0,0.0,1.6,-1.6,1.6,0.8,-0.8,0.8,-0.8,0.0,-0.8,0.0,0.8,0.8,0.0,0.8,1.6,0.0,0.8,0.0,0.0,0.0,0.8,0.0,0.0,1.6,0.0,0.8,0.8,0.0,-0.8,0.8,1.6,0.0,-0.8,0.8,0.0,0.0,-0.8,0.0,2.4000000000000004,-0.8,0.8,0.8,0.0,0.0,-0.8,1.6,0.0,0.8,-0.8,0.0,1.6,0.0,0.0,0.0,-0.8,0.8,-1.6,0.0,0.8,0.0,0.8,0.8,0.8,0.8,0.0,1.6,-0.8,0.8,0.8,0.0,0.8,0.8,0.8,0.0,0.8,0.8,0.0,0.8,0.8,-0.8,1.6,-0.8,0.8,0.0,0.8,1.6,-0.8,0.8,0.8,0.8,0.0,0.0,1.6,-0.8,0.0,0.8,-0.8,0.8,0.8,0.8,-0.8,0.8,0.8,-1.6,1.6,0.0,-1.6,0.8,1.6,0.8,0.0,0.8,0.8,-1.6,1.6,-0.8,-0.8,0.8,0.8,0.0,1.6,0.8,0.8,0.8,0.8,2.4000000000000004,0.8,0.0,0.0,1.6,-0.8,-0.8,0.0,0.0,0.8,0.0,0.0,0.0,-0.8,0.0,1.6,1.6,0.8,0.0,0.8,1.6,1.6,0.0,0.8,1.6,0.8,0.0,1.6,0.0,0.0,1.6,0.0,0.0,0.0,0.0,2.4000000000000004,0.0,0.0,-0.8,0.0,0.0,0.0,-0.8,0.0,-0.8,1.6,-0.8,0.0,0.0,0.8,0.8,0.0,0.0,-1.6,1.6,0.8,-0.8,0.8,-0.8,0.0,0.0,-0.8,2.4000000000000004,0.8,-0.8,0.8,-0.8,0.0,-0.8,0.0,0.0,-0.8,0.8,-0.8,-0.8,0.8,0.0,0.0,0.0,0.8,-0.8,-0.8,2.4000000000000004,0.0,0.8,0.0,0.8,0.8,-0.8,-0.8,-1.6,0.0,0.0,-1.6,0.8,0.0,0.8,-0.8,-0.8,2.4000000000000004,-0.8,0.8,0.8,0.8,0.8,-0.8,0.0,0.8,0.0,1.6,0.0,0.8,0.0,0.8,0.8,0.0,0.8,0.0,0.8,0.0,1.6,0.8,0.0,0.0,1.6,0.0,0.8,0.0,-0.8,-0.8,0.0,0.0,0.0,0.0,1.6,1.6,0.0,0.0,-0.8,-1.6,0.8
event_115,1625266989.3990262,0.8,0.0,0.8,-0.8,-0.8,0.0,0.8,0.8,0.8,0.8,0.0,1.6,-0.8,-0.8,0.8,-0.8,0.0,0.0,-0.8,1.6,0.0,0.0,0.0,-0.8,-0.8,-0.8,0.8,-0.8,-0.8,0.8,0.8,0.0,0.8,0.8,-0.8,1.6,-0.8,-0.8,-1.6,0.8,0.8,-0.8,0.8,0.8,0.8,0.8,0.0,-0.8,0.8,0.8,-0.8,0.0,0.8,0.0,0.8,0.8,0.8,1.6,-1.6,0.0,0.8,-0.8,0.8,0.0,0.0,0.0,-1.6,0.0,0.8,0.0,0.0,0.8,0.0,0.0,-0.8,0.0,0.8,1.6,0.0,1.6,0.8,0.8,-0.8,0.8,0.8,0.0,0.8,-0.8,0.0,0.0,0.0,2.4000000000000004,0.8,0.8,0.0,-0.8,0.0,0.0,0.0,0.8,-0.8,0.0,-14.400000000000002,-68.8,-89.6,-53.6,-21.6,-11.2,-5.6,-2.4000000000000004,-4.800000000000001,-5.6,-2.4000000000000004,-2.4000000000000004,-1.6,1.6,0.8,-1.6,0.8,0.0,-1.6,-0.8,-0.8,0.0,0.0,0.0,1.6,-0.8,-1.6,0.0,0.8,0.8,0.0,0.0,1.6,0.0,-1.6,0.0,1.6,0.8,0.0,-0.8,2.4000000000000004,0.0,0.0,-0.8,0.8,0.0,0.8,0.0,-0.8,0.8,1.6,0.0,0.8,0.0,1.6,0.8,0.8,1.6,0.0,0.8,-0.8,0.0,0.8,-1.6,0.8,0.8,0.0,2.4000000000000004,0.0,0.0,0.0,0.8,1.6,-0.8,2.4000000000000004,-0.8,1.6,0.0,0.0,2.4000000000000004,0.0,0.0,0.0,0.0,0.0,-0.8,1.6,0.8,0.8,0.8,0.0,0.0,-0.8,-1.6,0.8,-1.6,0.8,-1.6,0.8,0.8,-1.6,0.8,0.8,0.0,1.6,0.0,0.8,0.8,0.8,1.6,-0.8,0.8,-0.8,0.0,-0.8,0.0,1.6,0.0,1.6,-0.8,-0.8,-0.8,-0.8,0.8,-0.8,0.8,0.0,-0.8,0.8,0.0,0.8,0.0,-0.8,0.8,0.0,0.8,0.8,0.0,0.0,1.6,1.6,0.0,0.0,-0.8,0.8,0.0,-0.8,0.0,0.0,0.0,0.8,0.0,1.6,0.0,0.0,0.0,1.6,0.0,0.0,0.8,-0.8,0.0,0.0,0.0,1.6,0.0,1.6,2.4000000000000004,0.0,0.8,-0.8,0.8,0.0,0.0,0.8,0.0,0.8,1.6,-1.6,1.6,0.8,1.6,0.8,0.0,0.8,0.0,0.0,1.6,0.0,0.8,0.0,1.6,0.8,0.8,0.8,0.8,0.8,0.8,-0.8,0.0,-0.8,0.8,-0.8,0.0,1.6,0.0,2.4000000000000004,0.0,1.6,1.6,-0.8,1.6,0.8,0.8,0.0,0.0,0.8,-1.6,0.0,0.0,0.0,0.8,0.0,0.8,0.0,0.8,1.6,0.8,1.6,0.0,0.0,-0.8,-1.6,1.6,1.6,0.8,-0.8,0.0,1.6,0.0,0.8,-0.8,-0.8,1.6,0.0,1.6,0.8,0.0,0.8,0.0,1.6,0.8,0.0,0.0,0.8,0.8,0.0,0.0,0.8,0.0,0.8,0.0,0.0,0.0,0.0,0.0,0.0,0.0,0.0,-1.6,0.0,0.0,0.0,0.0,0.0,0.8,1.6,0.0,0.8,0.0,0.0,0.0,0.0,0.0,0.0,0.0,1.6,0.8,0.0,-1.6,-0.8,0.8,0.0,-0.8,0.8,-0.8,0.8,-0.8,-0.8,0.8,-0.8,0.8,0.0,0.0,0.0,0.8,0.8,-0.8,0.8,0.8,0.0,0.0,-1.6,0.8,0.0,0.0,0.8,-0.8,0.0,-0.8,0.0,0.0,-0.8,0.8,-0.8,-0.8,0.0,-0.8,0.8,0.8,0.0,-2.4000000000000004,0.8,1.6,-1.6,0.8,0.0,0.0,0.0,0.0,0.0,0.0,0.0,0.0,0.0,0.8,0.8,0.8,0.8,-0.8,1.6,0.8,-0.8,0.8,0.0,-0.8,-0.8,0.0,0.0,0.8,0.8,0.0,0.0,0.0,-0.8,1.6,0.8,0.0,0.0,0.0,-0.8,0.0,0.0,0.0,0.8,0.8,-0.8,1.6,0.8,-0.8,0.0,-0.8,-0.8,0.0,-0.8,1.6,0.8,-0.8,0.8,-0.8,0.0,0.8,-0.8,0.8,0.0,0.0,0.0,0.0,0.8,0.8,0.8,0.0,0.0,-0.8,-0.8,0.8,-0.8,0.0,0.0,0.0,0.0,0.8,0.8,0.8,0.0,0.8,-0.8,-0.8,0.0,-0.8,0.8,-1.6,-1.6,0.8,-1.6,0.0,0.0,0.0,1.6,-1.6,0.8,0.0,0.8,0.8,-0.8,1.6,0.0,-0.8,0.8,0.0,0.8,0.8,0.8,-0.8,-0.8,1.6,-0.8,0.8,-0.8,-0.8,0.8,-0.8,0.8,1.6,-1.6,-0.8,0.8,0.8,-0.8,0.8,0.8,0.0,0.0,0.0,0.0,0.0,-0.8,-0.8,0.8,0.8,2.4000000000000004,-0.8,0.0,0.0,1.6,-0.8,0.8,0.8,0.8,0.0,-0.8,-0.8,0.8,-0.8,1.6,0.0,0.0,0.0,0.0,0.0,0.8,0.0,0.8,0.8,0.0,-0.8,0.0,0.8,0.8,0.0,-0.8,0.0,-1.6,1.6,0.8,0.0,0.0,-1.6,-1.6,-1.6,-0.8,0.0,0.0,0.0,0.0,0.0,-0.8,-0.8,0.8,0.0,0.8,-0.8,0.0,0.8,0.8,0.0,0.0,-0.8,0.0,-2.4000000000000004,0.8,0.0,0.0,0.0,-0.8,1.6,-0.8,0.8,0.0,-1.6,0.8,-0.8,0.8,0.0,0.0,0.8,-0.8,0.8,-1.6,-0.8,0.0,-2.4000000000000004,0.0,-1.6,0.8,0.8,-1.6,0.8,-0.8,0.0,0.8,-0.8,0.8,0.0,0.0,-0.8,-1.6,0.8,0.0,0.8,0.0,-0.8,1.6,0.0,0.0,0.8,-0.8,2.4000000000000004,-0.8,0.0,0.0,0.0,0.0,0.0,0.8,0.8,-0.8,0.0,-1.6,0.8,0.8,-0.8,0.8,0.0,0.0,-0.8,0.0,1.6,-0.8,0.8,0.0,0.0,0.8,0.0,-0.8,-0.8,0.0,0.0,0.8,0.0,0.0,1.6,0.0,0.0,0.0,-0.8,0.8,0.0,-0.8,-0.8,-0.8,0.8,0.0,0.8,0.0,0.8,1.6,-0.8,-0.8,0.0,1.6,0.0,0.0,0.0,0.8,0.8,0.8,-0.8,-0.8,0.8,0.0,-0.8,0.8,0.0,0.0,0.0,-0.8,0.8,0.8,0.8,0.0,0.8,0.0,-0.8,0.8,0.0,-0.8,0.8,-0.8,0.8,0.0,0.8,0.8,-1.6,0.0,-0.8,-1.6,0.8,0.0,0.8,0.8,-0.8,1.6,-0.8,0.8,0.0,0.0,0.0,-0.8,0.0,0.8,0.0,0.8,-0.8,1.6,-0.8,0.8,-0.8,0.0,0.8,0.0,0.0,0.8,-0.8,0.0,-1.6,0.0,0.8,-0.8,1.6,0.0,1.6,0.8,-0.8,0.8,-0.8,0.0,0.0,0.0,1.6,0.0,0.0,0.0,-0.8,-0.8,0.0,0.8,0.8,0.0,1.6,0.0,0.0,0.0,0.0,-0.8,1.6,-0.8,-0.8,0.0,0.8,0.8,-0.8,0.0,0.8,-0.8,0.8,-0.8,0.0,1.6,1.6,-0.8,0.0,0.0,0.0,0.0,0.0,1.6,0.8,0.0,1.6,0.8,0.0,0.8,0.0,0.8,0.0,0.0,0.0,0.8,0.8,0.8,0.0,0.0,0.8,0.0,1.6,0.8,1.6,0.8,0.0,0.0,0.8,0.0,1.6,0.0,0.0,0.8,-0.8,0.0,2.4000000000000004,-0.8,0.8,0.8,0.0,0.0,-0.8,1.6,0.8,-0.8,0.8,-0.8,0.8,0.8,-0.8,0.0,0.8,1.6,0.0,0.0,0.8,0.8,1.6,-0.8,0.0,0.0,-0.8,0.0,-0.8,0.8,0.0,-0.8,-0.8,-0.8,0.0,0.0,0.8,-0.8,-0.8,0.8,0.8,0.0,1.6,0.8,0.8,0.0,-0.8,-0.8,-0.8,2.4000000000000004,0.0,-0.8,0.0,0.0,0.0,0.8,-0.8,0.8,-0.8,0.8,-0.8,0.0,0.8,0.8,0.0,0.8,0.8,0.0,-1.6,0.0,0.0,-0.8,0.0,-0.8,0.8,0.0,-0.8,0.8,1.6,0.0,0.8,0.8,0.0,0.0,-0.8,0.8,0.0,2.4000000000000004,0.0,0.8,0.8,0.8,-0.8,1.6,0.0,0.8,0.0,-0.8,0.0,0.0,0.0,0.8,0.0,0.0,-0.8,1.6,-0.8,1.6,-0.8,0.0,0.8,-1.6,-0.8,-1.6,0.8,0.8,-1.6,0.0,-0.8,0.0,2.4000000000000004,-0.8,0.8,0.0,0.0,0.8,-0.8,0.0,0.0,1.6,-0.8,0.0,0.0,-1.6,1.6,0.8,0.0,0.0,-0.8,0.8,-0.8,0.0,0.8,-0.8,2.4000000000000004,-0.8,-0.8,0.8,0.8,0.8,-0.8,0.0,0.0,-0.8,0.8,-0.8,0.0,0.0,-0.8,0.0,-0.8,0.8,0.0,0.0,0.0,-0.8,0.8,-0.8,0.8,0.8,-0.8,-0.8,-0.8,-0.8,0.0,-0.8,0.0,0.0,0.8,0.0,0.8,0.0,0.0,0.8,0.0,0.8,1.6,0.8,0.0,0.0,1.6,0.0,0.8,0.8,0.0,0.8,0.0,0.0,0.0,0.0,0.0,0.0,0.0,0.0,0.8,0.0,0.0,0.0,0.8,0.0,0.8,0.0,0.0,0.0,0.8,0.0,0.0,0.8,-1.6,1.6,0.8,0.0,0.0,0.0,1.6,-0.8,-0.8,0.0,0.8,0.8,-0.8,-1.6,-0.8,-1.6,0.0,0.0,0.0,0.8,0.0,-0.8,0.0,0.8,0.8,0.8,0.0,-0.8,0.8,1.6,-0.8,0.8,0.0,0.8,0.0,0.8,1.6,-2.4000000000000004,0.8,0.0,0.8,0.8,-0.8,0.8,0.8,0.0,1.6,-0.8,0.8,0.0,0.0,-0.8,-0.8,0.0,-0.8,0.0,0.0,0.0,1.6,0.0,0.0,0.0,-0.8,0.0,-0.8,0.8,0.0,1.6,1.6,-1.6,0.8,1.6,-1.6,0.0,0.0,0.0,0.0,0.0,-0.8,-1.6,-0.8,0.0,-0.8,0.0,-1.6,0.8,0.0,0.8,-0.8,0.0,0.8,0.0,0.0,-0.8,0.0,-0.8,-0.8,0.8,1.6,0.0,1.6,0.8,-2.4000000000000004,0.8,0.8,-0.8,-0.8,2.4000000000000004,0.8,-1.6,0.8,2.4000000000000004,-2.4000000000000004,-1.6,0.8,0.8,0.0,-0.8,1.6,0.0,-1.6,0.0,0.0,0.8,1.6,-1.6,-0.8,-0.8,2.4000000000000004,1.6,-0.8,0.0,0.0,0.0,0.0,-0.8,0.8,-0.8,0.8,-0.8,0.0,0.0,0.0,1.6,-0.8,1.6,1.6,0.0,0.0,0.0,0.0,-1.6,-0.8,0.0,-0.8,0.0,-0.8,0.8,0.0,0.0,0.8,0.0,-0.8,0.0,0.0,0.0,0.8,-0.8,0.0,0.8,0.8,-0.8,0.8,-0.8,-0.8,-0.8,-1.6,-0.8,0.0,0.0,1.6,0.0,1.6,0.0,0.0,0.0,0.8,0.0,0.8,-0.8,1.6,-0.8,-0.8,0.8,0.8,0.0,0.0,0.8,0.0,1.6,0.8,-0.8,0.8,1.6,-0.8,0.0,0.0,0.0,0.8,-0.8,0.0,0.0,-0.8,0.0,0.8,0.8,0.0,0.0,0.0,0.0,0.0,0.0,0.0,1.6,0.0,0.0,0.0,0.0,0.8,-0.8,0.0,1.6,-0.8,1.6,-0.8,0.0,0.8,-0.8,-0.8,-0.8,0.8,0.8,0.8,0.0,0.8,0.8,0.0,-0.8,0.8,-0.8,0.8,-0.8,0.0,0.0,0.0,0.8,0.8,0.0,0.0,0.8,0.8,0.0,-0.8,0.0,0.0,1.6,0.0,0.0,0.8,-0.8,0.8,-0.8,0.8,0.8,0.0,0.8,-0.8,0.0,0.0,0.8,0.8,-0.8,-0.8,0.0,0.0,0.0,-1.6,0.8,-0.8,0.8,0.0,-0.8,0.8,0.8,0.0,0.8,0.0,-0.8,0.8,0.8,0.0,-0.8,0.0,0.0,0.0,-0.8,0.8,0.8,-0.8,0.8,-1.6,-1.6,0.8,0.0,0.8,-0.8,1.6,0.0,0.0,1.6,-0.8,0.8,0.0,-1.6,-1.6,-0.8,1.6,0.0,-0.8,0.0,0.8,0.0,0.8,0.8,0.0,0.0,-0.8,-0.8,0.0,-0.8,0.0,0.8,-0.8,0.8,0.0,0.0,0.0,0.0,0.0,-0.8,0.8,0.8,0.0,0.8,0.0,0.0,0.0,0.8,0.8,0.0,0.8,-0.8,1.6,0.8,0.8,0.8,0.0,1.6,2.4000000000000004,-0.8,0.8,0.0,0.8,0.0,0.8,0.8,0.0,2.4000000000000004,0.0,1.6,1.6,-0.8,0.8,-0.8,0.0,-0.8,-0.8,1.6,-0.8,0.0,0.8,-0.8,0.0,-0.8,1.6,0.8,-1.6,1.6,-0.8,0.0,0.8,-0.8,1.6,-1.6,0.0,0.8,0.8,0.0,0.0,0.8,-0.8,0.8,0.8,0.0,0.8,0.0,0.8,-0.8,0.8,1.6,-0.8,0.0,0.8,-0.8,0.0,0.8,0.8,0.0,-0.8,2.4000000000000004,-1.6,0.8,1.6,-0.8,0.0,0.8,0.8,0.0,1.6,1.6,-0.8,0.8,1.6,0.0,0.8,0.8,0.0,0.8,-0.8,0.0,0.0,0.8,-0.8,0.0,1.6,0.0,0.0,0.8,0.0,0.0,-0.8,0.0,1.6,0.8,0.0,0.8,0.8,1.6,0.0,1.6,0.0,0.8,0.0,-0.8,0.0,0.8,0.8,1.6,0.8,1.6,0.0,0.0,0.8,0.8,0.8,0.8,-0.8,0.8,-1.6,0.0,0.0,0.8,0.8,0.0,0.8,-0.8,0.8,1.6,0.0,0.8,0.0,0.8,0.0,-0.8,0.8,0.8,0.0,0.0,0.0,-0.8,0.0,0.8,0.0,0.8,2.4000000000000004,0.0,0.0,0.8,0.0,-0.8,0.0,0.0,-1.6,0.8,1.6,0.0,0.0,0.8,1.6,0.8,-0.8,0.8,0.8,0.0,0.8,0.0,0.8,0.0,0.0,0.8,0.0,0.0,0.8,0.0,1.6,0.0,0.8,0.8,0.0,0.8,0.8,0.8,0.0,0.8,1.6,0.8,0.8,0.8,0.0,0.0,0.0,0.0,1.6,0.0,0.0,0.8,0.8,-0.8,1.6,0.0,0.0,0.8,0.0,0.8,0.0,0.0,1.6,0.8,0.0,-1.6,0.0,0.0,0.0,-0.8,0.8,0.0,0.8,0.0,0.0,1.6,0.0,0.8,0.0,0.0,0.8,0.8,1.6,0.0,-0.8,1.6,-0.8,0.0,0.0,0.8,1.6,-0.8,0.8,0.0,-0.8,0.8,0.0,2.4000000000000004,-0.8,0.8,1.6,-0.8,0.8,0.0,0.0,1.6,0.0,-0.8,-0.8,0.8,0.8,-0.8,0.8,1.6,1.6,1.6,0.0,0.0,0.0,0.8,-0.8,0.8,0.8,0.0,1.6,0.8,1.6,1.6,-0.8,1.6,0.0,-0.8,-0.8,0.0,0.8,-0.8,0.8,0.8,0.0,1.6,0.8,0.8,0.8,0.0,0.8,0.8,1.6,0.8,0.8,0.8,0.8,1.6,-0.8,1.6,0.0,0.8,0.0,0.8,-0.8,0.0,0.0,0.8,0.8,0.8,0.0,0.0,0.0,0.8,0.8,0.0,0.8,0.0,-0.8,0.0,0.0,1.6,0.0,0.8,1.6,-0.8,1.6,0.0,0.0,0.8,0.8,0.8,0.0,0.8,0.8,0.8,0.8,0.8,0.8,0.0,0.8,0.0,-0.8,1.6,0.0,0.0,0.8,0.8,0.8,-1.6,0.8,0.8,-1.6,0.8,1.6,1.6,0.0,0.0,1.6,-0.8,2.4000000000000004,0.8,-1.6,2.4000000000000004,-1.6,0.0,0.8,0.0,0.8,0.0,1.6,0.8,-0.8,0.8,0.0,0.8,-1.6,0.0,0.8,0.0,0.8,0.0,0.0,0.8,0.0,1.6,-0.8,0.0,0.8,-2.4000000000000004,0.8,-1.6,1.6,0.0,0.0,2.4000000000000004,-0.8,0.0,0.8,0.0,1.6,0.0,0.8,0.0,0.0,0.0,0.0,1.6,0.8,0.8,0.0,-0.8,1.6,-0.8,0.8,0.8,0.8,1.6,0.0,0.8,0.8,0.0,1.6,0.8,0.0,0.8,1.6,0.8,0.0,0.0,0.0,0.8,-0.8,0.8,0.8,-0.8,0.8,0.0,0.0,0.0,0.0,0.0,0.0,0.0,0.8,0.0,0.8,0.0,-0.8,0.0,0.0,-1.6,-1.6,1.6,0.0,0.0,0.0,1.6,0.8,0.0,0.0,-0.8,0.0,0.0,0.0,1.6,-0.8,0.0,2.4000000000000004,-2.4000000000000004,0.0,3.2,0.0,-1.6,0.8,0.8,-1.6,0.0,0.8,0.0,0.8,-1.6,0.8,1.6,0.0,0.8,-0.8,0.8,0.0,-0.8,0.8,0.0,1.6,0.0,0.8,1.6,-1.6,0.8,-0.8,0.8,0.8,-0.8,0.0,-0.8,0.0,2.4000000000000004,0.0,0.0,-1.6,0.8,0.8,0.0,0.0,-0.8,0.0,0.8,-0.8,0.0,0.0,0.8,0.8,0.8,1.6,0.0,0.8,0.0,0.8,1.6,0.0,0.0,-0.8,0.0,1.6,0.0,0.0,-0.8,0.0,-0.8,-0.8,0.8,0.8,-0.8,0.8,0.8,0.0,0.8,0.0,0.0,0.8,-1.6,0.0,0.8,0.8,0.8,0.0,0.0,1.6,0.0,0.0,0.0,0.0,0.0,0.8,0.0,0.0,0.0,0.0,1.6,0.8,0.0,0.8,0.8,0.8,0.0,0.0,0.0,-1.6,0.8,0.0,-0.8,0.8,-0.8,0.8,-0.8,0.8,0.8,0.0,-0.8,0.0,0.8,2.4000000000000004,0.8,0.0,0.0,2.4000000000000004,0.8,0.0,0.8,0.0,0.0,-0.8,-0.8,0.8,-0.8,1.6,0.0,0.8,0.0,0.0,0.8,0.8,-0.8,0.8,0.0,1.6,0.0,0.0,0.8,0.0,1.6,0.0,0.0,0.8,0.0,0.8,-0.8,-0.8,0.0,0.8,0.8,0.0,2.4000000000000004,0.8,0.0,0.8,-0.8,0.0,0.0,0.8,0.0,0.0,0.8,0.0,-0.8,0.0,-0.8,0.0,0.0,0.0,0.0,-0.8,0.8,0.0,-0.8,-0.8,1.6,1.6,0.8,0.8,0.0,1.6,0.8,-0.8,-0.8,-0.8,0.0,-0.8,0.0,0.8,-0.8,0.0,-0.8,0.0,-0.8,-0.8,0.0,-0.8,0.0,0.0,0.8,0.8,0.0,0.8,0.8,0.8,0.0,-0.8,0.8,-0.8,1.6,0.0,0.0,0.8,-0.8,0.8,0.0,0.0,1.6,-0.8,0.8,0.8,0.0,0.8,0.8,1.6,0.0,0.0,1.6,-1.6,0.8,-0.8,0.0,0.0,0.0,0.8,0.0,0.8,0.0,0.0,1.6,0.0,0.8,0.8,0.8,0.0,-0.8,0.0,-0.8,-0.8,0.8,-0.8,1.6,-0.8,0.0,0.8,-0.8,0.8,0.0,0.8,0.0,-0.8,0.8,0.0,1.6,-0.8,-0.8,1.6,-0.8,0.0,0.0,0.0,0.0,0.0,0.0,0.8,0.0,0.0,-0.8,0.0,0.0,0.0,1.6,-0.8,0.0,0.8,-0.8,0.0,0.8,0.8,-0.8,0.0,0.8,-1.6,0.8,0.0,0.0,0.0,0.0,0.0,0.0,1.6,0.8,0.8,0.0,-0.8,-0.8,-0.8,0.0,0.8,0.0,0.8,1.6,1.6,0.0,0.8,0.0,-0.8,-0.8,-0.8,0.8,0.0,-0.8,0.8,0.0,0.8,-0.8,-0.8,0.0,0.0,0.8,0.8,0.0,0.8,-0.8,0.8,0.0,0.8,0.8,-1.6,0.8,0.0,1.6,0.8,0.0,0.8,-0.8,0.8,0.0,0.0,1.6,0.0,1.6,-0.8,0.0,-0.8,0.0,1.6,0.8,0.8,1.6,-0.8,0.8,0.0,0.8,0.0,0.0,1.6,-1.6,0.0,0.8,0.0,2.4000000000000004,-0.8,0.8,0.8,1.6,0.8,-2.4000000000000004,1.6,0.0,-1.6,0.8,-0.8,0.8,-1.6,0.0,1.6,0.0,0.0,1.6,0.8,0.0,0.0,0.8,-0.8,1.6,0.0,0.8,2.4000000000000004,0.0,0.0,0.0,0.8,0.8,-1.6,1.6,0.0,0.0,0.8,1.6,1.6,1.6,0.0,0.0,0.0,1.6,-0.8,0.8,1.6,-1.6,0.8,1.6,0.0,1.6,0.0,0.8,0.0,0.8,0.0,1.6,0.0,1.6,1.6,0.0,0.0,0.8,1.6,0.0,0.0,0.0,0.8,1.6,-0.8,0.0,1.6,0.8,0.0,0.0,0.8,1.6,0.8,0.8,0.0,0.8,0.0,0.8,0.0,-0.8,0.8,0.8,0.8,0.8,0.0,0.0,0.0,-0.8,-0.8,-0.8,1.6,0.8,0.8,1.6,0.8,1.6,1.6,0.0,0.8,1.6,0.0,-0.8,0.8,0.0,0.8,0.0,0.0,2.4000000000000004,0.8,0.0,0.8,0.0,0.0,0.0,-0.8,0.8,0.8,0.8,0.0,0.8,0.0,0.8,0.8,0.8,0.0,0.0,0.0,1.6,1.6,0.0,0.8,0.8,1.6,0.0,1.6,0.8,-0.8,0.0,-0.8,0.0,0.0,-0.8,1.6,0.8,-0.8,0.8,0.0,0.0,0.0,0.0,0.8,0.0,1.6,0.8,0.0,0.8,0.0,0.8,0.0,0.0,-0.8,2.4000000000000004,0.0,0.0,0.8,-0.8,0.0,0.0,-1.6,0.8,0.8,-0.8,0.8,0.0,0.0
event_116,1625266991.5571496,0.0,0.0,0.0,0.8,0.8,0.0,0.0,0.8,-0.8,0.0,0.0,-0.8,0.0,0.0,0.0,0.0,0.8,0.0,0.0,0.0,0.0,-1.6,0.8,0.8,0.0,0.0,-0.8,0.8,0.0,0.0,-1.6,0.0,-0.8,-1.6,-0.8,-1.6,-0.8,0.0,0.0,0.8,0.0,0.0,-0.8,0.8,-0.8,-0.8,-0.8,0.0,0.0,0.8,0.0,0.0,0.0,0.8,0.8,0.0,0.0,0.0,0.0,-0.8,0.8,1.6,-0.8,1.6,0.8,1.6,0.0,-0.8,0.8,-0.8,0.0,0.0,-1.6,0.8,-0.8,0.8,1.6,0.0,0.0,0.0,0.0,0.8,-1.6,1.6,-0.8,2.4000000000000004,-0.8,-1.6,1.6,-0.8,0.8,0.0,0.8,1.6,0.0,1.6,0.8,0.0,1.6,0.0,0.0,-8.0,-18.4,-12.8,-7.200000000000001,-2.4000000000000004,-2.4000000000000004,-1.6,0.8,-1.6,0.8,-1.6,0.0,0.8,0.0,0.8,0.0,0.0,-0.8,-0.8,0.0,0.0,1.6,0.8,-0.8,0.8,0.8,1.6,0.8,0.0,-0.8,0.8,0.8,0.8,0.0,0.0,0.0,0.0,0.0,0.8,0.0,0.0,0.8,0.0,0.8,0.0,2.4000000000000004,0.0,0.0,0.8,0.0,1.6,0.0,0.0,0.0,-0.8,0.8,-0.8,0.8,0.8,0.0,-0.8,0.0,1.6,0.8,-0.8,0.0,0.0,0.8,0.8,0.0,0.8,0.0,0.8,0.0,0.8,0.8,-0.8,0.8,0.0,0.8,-0.8,-0.8,0.8,0.0,0.8,0.0,0.0,0.8,0.0,1.6,0.0,0.0,1.6,0.0,0.8,-0.8,0.8,1.6,0.0,0.8,-0.8,0.8,0.8,0.0,0.8,-0.8,0.8,0.8,0.0,0.8,0.0,0.0,0.0,0.0,0.8,0.0,0.8,-0.8,-1.6,0.0,0.8,0.8,0.8,0.0,1.6,0.8,0.8,0.0,0.0,1.6,-0.8,0.8,0.8,0.0,0.8,0.0,0.8,0.8,0.0,0.0,-0.8,0.0,-0.8,-0.8,0.0,0.0,0.0,0.0,0.0,1.6,0.0,0.8,1.6,-0.8,1.6,0.0,-0.8,1.6,1.6,0.8,-0.8,0.8,1.6,-0.8,1.6,0.0,0.0,-0.8,-1.6,0.8,0.0,-0.8,1.6,0.8,0.8,0.0,0.0,-0.8,0.8,1.6,0.0,0.8,0.8,0.0,0.0,-0.8,0.8,0.0,0.8,0.8,-1.6,0.8,0.0,-0.8,0.8,0.0,0.0,0.0,-0.8,1.6,0.8,1.6,0.8,-0.8,0.0,0.8,0.0,0.0,-0.8,0.8,-0.8,0.0,0.8,0.0,0.8,0.0,-0.8,0.0,-0.8,0.8,0.0,-0.8,0.8,0.8,0.8,0.8,-0.8,-0.8,1.6,0.8,0.0,0.0,0.0,0.8,0.0,0.0,0.0,0.0,1.6,1.6,2.4000000000000004,0.8,0.0,1.6,0.8,-0.8,-0.8,0.0,1.6,0.8,0.0,0.0,0.8,0.0,0.0,1.6,0.8,1.6,0.0,0.8,0.8,1.6,-0.8,0.8,0.8,0.8,-0.8,-0.8,0.0,-0.8,-0.8,0.8,0.8,0.0,0.0,0.0,0.8,0.8,-0.8,1.6,0.0,0.0,0.0,-0.8,0.8,-0.8,-0.8,0.0,0.0,0.0,0.8,1.6,0.0,0.0,1.6,-0.8,0.8,-1.6,0.0,1.6,-0.8,0.8,-1.6,0.0,0.0,0.0,1.6,0.0,0.8,0.8,0.0,1.6,0.0,0.8,0.8,-0.8,0.0,0.8,2.4000000000000004,0.8,-0.8,1.6,0.0,1.6,0.8,0.0,0.0,-0.8,0.0,-0.8,0.0,0.8,0.8,0.8,0.8,0.8,0.8,0.0,0.8,0.8,0.0,0.8,0.8,0.0,0.0,1.6,0.0,1.6,0.0,0.0,1.6,0.8,1.6,-0.8,-0.8,1.6,0.8,0.8,0.8,0.8,0.8,0.8,0.8,0.0,1.6,0.0,0.0,0.8,0.8,0.8,0.8,0.0,0.8,0.0,0.8,-0.8,0.0,0.0,0.0,0.8,0.8,0.0,0.8,1.6,0.8,0.0,1.6,0.8,-0.8,2.4000000000000004,0.8,0.0,0.8,0.0,0.0,0.0,0.0,0.0,1.6,1.6,0.0,0.8,-0.8,0.0,0.0,0.0,1.6,-0.8,0.8,0.8,0.0,0.8,0.0,1.6,0.0,-1.6,1.6,0.0,0.8,-0.8,0.8,0.8,0.0,1.6,-0.8,-0.8,2.4000000000000004,-0.8,0.0,0.8,-0.8,0.8,0.0,1.6,0.8,1.6,1.6,0.0,1.6,-0.8,0.0,0.8,0.0,0.8,-0.8,-0.8,0.8,-1.6,1.6,0.8,0.8,0.0,-0.8,1.6,0.0,1.6,0.0,0.0,1.6,0.0,0.0,0.8,-0.8,0.8,-1.6,0.8,0.0,0.8,1.6,0.8,0.8,0.0,0.0,1.6,-1.6,0.0,-0.8,0.8,0.0,0.8,0.0,0.0,0.8,-0.8,-0.8,0.8,0.0,0.0,0.0,0.8,-0.8,0.0,0.0,-1.6,0.0,0.8,0.8,0.8,0.0,0.8,-0.8,0.0,0.8,0.0,0.0,-0.8,0.8,0.8,0.0,0.0,-0.8,0.0,0.8,0.0,-1.6,0.0,2.4000000000000004,-0.8,0.0,0.0,0.8,2.4000000000000004,0.0,-0.8,0.0,0.8,0.8,-1.6,0.8,0.0,0.0,0.8,0.0,0.8,-1.6,0.8,0.8,-0.8,0.0,0.0,0.8,0.8,0.0,0.8,0.0,0.8,0.0,0.8,0.8,0.0,0.0,-0.8,0.8,0.0,0.8,0.0,-0.8,0.0,0.8,-0.8,1.6,-0.8,0.8,0.8,-1.6,0.8,0.0,0.0,0.8,0.0,0.8,-1.6,1.6,0.8,0.0,0.8,0.8,-0.8,0.8,0.0,0.0,0.0,0.8,0.0,0.0,1.6,-0.8,1.6,0.0,0.0,1.6,0.0,0.0,0.8,-0.8,0.8,1.6,-0.8,0.0,-0.8,-0.8,0.0,-0.8,0.8,0.0,0.8,0.0,-0.8,0.8,0.8,0.0,0.0,-1.6,0.0,-0.8,0.8,1.6,0.0,0.8,0.8,0.8,1.6,-0.8,0.0,0.8,0.8,-0.8,0.0,1.6,0.8,0.8,0.8,0.8,0.8,0.0,0.8,0.8,0.0,0.0,-0.8,0.8,-0.8,-0.8,0.8,0.8,0.8,0.8,0.8,0.0,-0.8,0.0,-0.8,0.0,2.4000000000000004,-1.6,0.8,0.8,0.8,0.8,2.4000000000000004,0.8,0.0,1.6,0.0,-1.6,0.8,0.0,1.6,0.8,0.8,0.0,0.8,0.0,0.0,-0.8,0.8,0.0,0.8,0.0,-0.8,0.0,0.0,0.0,-0.8,0.0,0.8,1.6,1.6,-0.8,0.8,1.6,0.8,0.0,-0.8,0.8,0.8,0.0,1.6,0.0,0.0,-0.8,0.8,0.0,0.0,-0.8,0.8,0.0,0.8,1.6,-0.8,1.6,-1.6,-0.8,1.6,0.0,0.0,0.8,-0.8,1.6,-0.8,1.6,0.8,-1.6,1.6,0.0,-0.8,0.0,0.0,0.8,0.0,0.8,0.0,0.0,0.0,0.0,0.8,-1.6,0.0,0.0,-0.8,1.6,0.0,0.0,0.8,-0.8,1.6,0.8,0.0,0.0,-0.8,1.6,0.8,1.6,0.8,0.0,1.6,0.0,0.0,0.0,0.0,0.0,-0.8,0.0,0.8,-0.8,0.8,0.0,0.8,0.0,-1.6,1.6,-0.8,0.8,-0.8,1.6,0.0,0.0,0.8,-0.8,0.8,0.8,-0.8,0.8,-0.8,0.0,0.8,0.8,0.0,0.0,1.6,0.8,0.0,0.8,0.8,1.6,0.0,0.8,-0.8,-0.8,-0.8,-0.8,-0.8,-0.8,-0.8,0.8,-0.8,0.8,0.8,0.8,0.0,-0.8,-0.8,0.0,1.6,0.0,-0.8,0.8,0.8,-0.8,0.0,0.8,0.0,0.8,-0.8,-0.8,0.8,0.0,0.8,0.8,0.0,0.8,0.8,0.8,0.8,0.0,-0.8,0.0,-0.8,0.0,0.0,-0.8,-0.8,0.8,0.8,0.8,1.6,0.0,0.0,-0.8,0.0,0.0,0.8,0.8,0.0,0.8,1.6,-0.8,0.8,0.8,-0.8,0.0,-0.8,0.8,-0.8,0.0,0.8,-1.6,0.8,-0.8,0.0,0.0,0.0,0.0,0.8,0.0,0.8,-1.6,0.0,0.0,0.8,0.8,0.8,0.0,-1.6,0.0,0.8,-0.8,0.0,-0.8,0.8,-1.6,-0.8,0.8,0.0,1.6,1.6,-0.8,0.0,-0.8,0.8,0.8,-0.8,0.8,0.8,0.8,0.0,1.6,0.0,0.0,0.8,0.0,0.8,1.6,0.0,0.0,0.0,0.8,0.0,0.8,-0.8,0.8,0.8,0.0,0.0,0.8,0.8,0.8,0.8,0.0,0.8,0.0,0.8,-0.8,1.6,-0.8,-0.8,-0.8,0.8,1.6,0.0,0.8,0.8,0.0,0.8,0.8,0.0,-0.8,0.0,1.6,0.0,1.6,-0.8,0.0,0.8,1.6,0.0,0.8,0.8,0.8,0.8,-0.8,-1.6,1.6,0.0,1.6,0.8,0.8,0.8,0.0,0.8,1.6,0.0,0.8,0.0,1.6,0.0,-0.8,0.8,0.8,0.8,0.0,-0.8,0.0,0.8,0.8,0.0,0.8,0.0,-0.8,0.8,-0.8,0.8,0.8,0.0,0.8,0.0,-0.8,0.8,0.8,0.8,-0.8,0.0,0.8,0.8,0.8,0.0,0.0,1.6,0.0,0.8,0.0,1.6,0.0,-0.8,0.0,0.8,0.8,1.6,0.0,0.0,0.8,0.0,0.8,0.0,1.6,0.8,0.0,1.6,0.8,0.8,0.0,0.8,1.6,0.0,0.0,0.8,0.0,0.0,0.8,0.8,1.6,0.8,0.8,0.8,0.8,0.8,-1.6,0.8,0.8,1.6,0.8,0.0,1.6,0.8,0.8,0.0,-0.8,1.6,0.8,0.0,0.0,0.0,0.8,0.8,0.8,0.8,0.0,0.0,0.0,0.8,-0.8,0.0,0.8,0.8,0.0,0.0,0.0,0.8,-0.8,0.8,0.8,-0.8,0.8,0.8,0.0,0.0,0.8,0.8,-0.8,1.6,-0.8,0.8,1.6,0.8,0.8,-1.6,0.8,1.6,0.0,0.0,-0.8,2.4000000000000004,-0.8,0.8,0.8,0.0,1.6,0.0,-0.8,0.0,0.8,1.6,0.8,0.0,0.8,0.0,1.6,0.8,0.0,0.8,0.0,1.6,0.0,0.0,0.8,0.8,1.6,0.0,0.0,0.8,0.0,1.6,0.0,0.0,0.0,0.8,0.0,0.0,0.8,0.8,0.0,0.8,0.8,0.8,0.8,0.0,0.8,1.6,0.8,0.8,1.6,0.8,2.4000000000000004,0.0,0.8,0.8,0.8,0.8,-0.8,0.8,0.0,0.8,0.8,0.8,1.6,-0.8,0.0,0.8,0.8,0.8,1.6,-0.8,0.8,-0.8,0.8,0.0,-0.8,0.8,0.8,2.4000000000000004,0.0,1.6,0.8,0.0,1.6,-0.8,1.6,0.8,0.0,1.6,0.0,0.8,0.8,0.0,0.8,-0.8,1.6,0.8,0.0,1.6,-0.8,0.0,1.6,1.6,0.0,0.0,0.8,-0.8,0.0,1.6,0.0,0.0,-0.8,0.8,0.8,0.8,0.8,-1.6,1.6,0.0,-1.6,0.8,0.0,1.6,0.0,0.8,0.8,-0.8,0.0,0.0,0.0,0.0,-0.8,0.8,0.0,0.0,0.0,0.0,1.6,-0.8,-0.8,0.8,0.0,0.0,-0.8,0.0,0.8,0.8,0.0,0.0,1.6,0.8,0.0,1.6,0.0,0.8,-0.8,-0.8,0.8,0.8,0.0,0.8,0.0,0.8,-0.8,0.0,0.0,-0.8,-0.8,0.8,0.0,0.8,-0.8,0.0,0.8,0.8,0.0,0.0,0.0,0.0,1.6,1.6,0.0,0.8,0.8,1.6,0.0,0.0,0.0,0.8,-0.8,0.8,0.0,-0.8,1.6,-0.8,0.8,0.0,0.0,2.4000000000000004,0.0,0.8,0.0,0.0,1.6,0.8,0.0,0.0,1.6,0.8,-1.6,0.8,0.8,0.8,1.6,-0.8,0.8,0.0,0.8,-0.8,-0.8,1.6,0.0,0.8,0.8,-0.8,1.6,0.0,1.6,0.8,0.0,0.8,-1.6,2.4000000000000004,0.0,0.0,0.8,0.0,1.6,0.0,0.8,0.8,-0.8,0.8,-0.8,0.0,1.6,0.0,0.8,0.8,2.4000000000000004,0.0,1.6,0.0,-0.8,0.8,-0.8,0.8,-0.8,0.8,1.6,0.0,0.8,0.0,0.8,-0.8,0.8,-0.8,0.8,-0.8,1.6,0.0,0.8,0.8,0.8,0.0,0.8,0.0,0.0,1.6,0.8,0.0,0.0,0.0,-0.8,0.0,0.0,0.0,0.0,0.8,0.0,0.8,0.0,0.0,0.0,0.8,0.8,1.6,1.6,-0.8,0.0,0.8,0.0,2.4000000000000004,-0.8,-0.8,0.0,0.8,1.6,0.0,1.6,2.4000000000000004,0.0,1.6,0.0,0.0,1.6,0.0,0.0,0.0,0.0,0.8,0.8,0.8,0.8,0.0,0.8,0.8,0.8,-0.8,0.0,0.0,0.0,0.8,0.0,0.8,0.8,-0.8,1.6,0.8,0.8,0.8,0.0,0.8,0.8,1.6,0.8,0.8,0.8,0.8,0.0,0.8,0.0,0.8,0.0,0.8,-0.8,0.8,0.0,0.0,0.8,0.8,0.8,0.8,0.0,0.0,0.0,0.0,0.8,0.0,0.0,0.0,0.0,0.8,0.8,0.0,0.8,-0.8,1.6,0.8,0.0,0.0,0.0,0.0,0.0,0.8,0.0,-0.8,0.0,-0.8,0.0,0.0,0.0,-0.8,0.8,0.0,0.8,0.0,0.8,1.6,0.8,0.8,0.0,0.0,-0.8,0.8,0.0,0.8,0.0,-0.8,0.0,0.0,-0.8,-0.8,-0.8,0.8,0.0,-1.6,0.8,0.0,0.8,0.8,0.8,0.8,0.0,0.0,0.8,0.0,0.0,0.0,0.0,0.0,-0.8,0.8,-0.8,1.6,-0.8,0.8,0.8,0.0,1.6,-1.6,0.8,0.8,0.8,0.8,-1.6,0.0,1.6,0.0,2.4000000000000004,-0.8,0.8,1.6,0.0,0.8,-0.8,-0.8,1.6,0.0,0.8,-0.8,1.6,0.0,0.8,0.8,0.0,0.8,-0.8,0.0,1.6,0.0,0.0,0.0,0.0,0.8,-0.8,0.8,1.6,0.8,0.8,0.0,0.0,-0.8,-0.8,0.0,0.8,-0.8,0.0,1.6,-0.8,0.0,0.8,0.0,1.6,-0.8,1.6,0.8,0.0,0.8,-0.8,0.8,-0.8,-1.6,-0.8,0.8,1.6,0.0,2.4000000000000004,0.8,0.0,0.8,-0.8,0.8,0.0,0.0,0.0,0.8,0.8,0.0,1.6,0.8,0.8,1.6,-0.8,0.0,2.4000000000000004,0.0,-1.6,-0.8,4.0,-0.8,-2.4000000000000004,3.2,0.0,-0.8,0.0,1.6,1.6,-1.6,1.6,1.6,0.0,0.8,0.0,2.4000000000000004,0.8,0.8,-0.8,0.0,0.8,0.0,0.8,-0.8,-0.8,0.8,0.0,3.2,0.8,0.0,0.0,0.0,0.8,-0.8,0.0,0.8,0.0,1.6,-0.8,-0.8,0.8,-0.8,0.8,0.0,0.0,-0.8,0.8,0.8,0.0,0.0,1.6,0.0,-0.8,-0.8,0.8,0.0,-0.8,0.8,-0.8,0.0,0.8,0.0,1.6,0.0,0.0,0.8,0.0,1.6,0.8,0.8,0.8,-0.8,0.0,0.0,1.6,0.0,0.0,0.0,1.6,0.0,0.8,-1.6,0.0,1.6,0.0,0.0,1.6,0.0,0.0,2.4000000000000004,0.0,0.8,1.6,0.8,0.8,1.6,0.0,-0.8,0.0,0.0,0.8,0.8,0.0,2.4000000000000004,0.0,0.8,0.8,0.0,0.0,-0.8,1.6,0.0,2.4000000000000004,0.8,-1.6,0.8,1.6,0.0,0.8,0.0,1.6,0.0,0.0,1.6,0.0,0.0,0.8,2.4000000000000004,0.0,-1.6,1.6,-0.8,0.8,0.0,1.6,0.8,1.6,0.8,-0.8,0.8,1.6,-0.8,1.6,0.8,0.8,0.8,0.8,1.6,-1.6,1.6,0.8,0.0,0.0,1.6,0.8,0.0,0.8,0.0,-1.6,-0.8,-0.8,-0.8,1.6,-0.8,0.8,0.0,0.0,0.8,-0.8,0.8,-0.8,-0.8,0.0,0.8,0.8,0.0,0.0,0.8,0.8,0.8,-0.8,-0.8,0.8,0.8,-0.8,-0.8,0.0,0.8,0.8,0.0,0.8,-0.8,-0.8,0.0,1.6,0.8,0.0,0.8,0.8,0.0,0.8,0.0,0.0,0.0,0.8,1.6,0.0,0.0,-1.6,0.0,0.8,0.8,0.8,0.8,0.8,1.6,-0.8,1.6,-0.8,0.0,1.6,-0.8,1.6,-0.8,0.0,1.6,0.0,0.8,0.0,1.6,0.0,0.8,0.8,0.0,0.0,0.0,-0.8,0.0,-1.6,0.8,0.8,0.0,0.8,0.0,1.6,0.8,-0.8,0.0,0.0,0.0,0.0,-0.8,0.8,0.0,0.8,0.0,0.8,-1.6,0.0,0.0,0.0,-1.6,0.0,-0.8,0.8,0.0,-0.8,-0.8,-0.8,-0.8,-0.8,0.0,0.0,-1.6,0.0,0.0,0.0,0.8,0.0,0.0,0.0,0.0,0.0,0.8,0.0,0.0,0.0,0.8,-0.8,1.6,0.0,-0.8,0.8,0.8,-0.8,0.0,0.8,0.0,0.0,-0.8,-0.8,0.0,0.0,0.0,0.8,0.0,-0.8,-0.8,0.0,0.0,1.6,-0.8,0.8,1.6,0.8,0.0,0.0,0.8,0.0,0.0,-0.8,0.8,2.4000000000000004,-2.4000000000000004,2.4000000000000004,0.8,0.0,0.0,0.8,-0.8,-0.8,0.8,1.6,-1.6,0.8,-0.8,-0.8,1.6,0.0,0.0,0.8,0.0,0.0,0.8,0.8,0.0,0.0,0.8,0.0,0.8,-0.8,0.8,0.8,-1.6,0.8,-1.6,0.0,0.8,0.0,1.6,-0.8,0.8,1.6,-1.6,1.6,0.0,0.0,0.0,-0.8,0.8,-1.6,0.8,0.0,0.0,0.0,-0.8,1.6,0.8,0.0,-0.8,-0.8,0.8,-0.8,0.0,0.8,0.8,0.8,0.0,0.8,0.8,-1.6,0.8,0.8,0.0,0.0,0.8,0.8,0.0,0.8,0.8,1.6,-0.8,0.0,0.8,0.0,0.0,0.0,0.8,0.8,0.8,0.0,0.8,1.6,1.6,-0.8,0.8,0.0,1.6,-0.8,0.0,1.6,-0.8,0.8,0.8,1.6,0.8,0.0,0.0,0.0,0.8,0.0,0.0,0.0,0.8,0.8,-0.8,0.8,2.4000000000000004,0.0,0.8,0.8,0.0,0.8,0.0,0.8,-0.8,0.8,0.8,-0.8,-0.8,0.0,0.8,0.0,-0.8,0.8,-0.8,0.0,1.6,0.0,1.6,0.0,0.8,0.0,0.8,0.8,-0.8,0.8,-0.8,-0.8,0.0,0.0,0.8,0.8,0.8,0.8,0.0,2.4000000000000004,-0.8,0.0,1.6,-0.8,0.0,0.0,0.0,0.8,-0.8,1.6,1.6,-0.8,0.0,0.8,1.6,-0.8,-0.8,0.8,0.0,0.8,0.0,0.0,1.6,-0.8,0.8,0.0,0.8,0.0,0.0,0.8,-0.8,1.6,-0.8,1.6,1.6,0.0,0.0,0.8,0.8,0.8,0.0,0.0,-0.8,0.8,0.8,1.6,0.8,0.0,0.0,0.0,0.0,1.6,0.0,1.6,1.6,2.4000000000000004,0.8,0.0,-0.8,1.6,1.6,0.0,0.8,-0.8,1.6,0.8,0.0,0.0,0.0,0.8,0.0,0.0,0.8,0.0,-0.8,0.8,0.0,0.8,0.0,0.8,0.0,0.0,1.6,-0.8,0.8,0.0,0.0,0.8,0.0,0.8,0.0,-0.8,2.4000000000000004,0.0,1.6,0.8,1.6,1.6,0.0,1.6,-0.8,0.8,0.8,-0.8,0.0,0.0,0.8,0.0,0.0,0.8,0.0,0.0,0.0,1.6,0.0,0.0,1.6,1.6,0.0,0.8,0.0,0.0,0.0,-0.8,0.8,0.8,0.8,0.0,0.0,0.8,1.6,1.6,0.8,0.8,0.8,-0.8,0.0,0.0,0.8,-0.8,0.8,1.6,0.0,0.0,2.4000000000000004,0.0,1.6,-0.8,0.0,-0.8,0.0,-0.8,0.0,-0.8,0.8,0.0,-0.8,0.8,0.0,0.8,0.8,0.0,0.0,0.8,1.6,-0.8,0.8,0.8,1.6,0.0,0.0,0.8,1.6,0.0,1.6,0.0,-0.8,-0.8,0.8,0.8,0.0,0.8,1.6,0.0,1.6,0.0,0.0,0.0,-2.4000000000000004,-0.8,0.0,0.8,0.8,0.8,1.6,-0.8,0.8,0.8,0.0,0.0,0.0,0.0,-1.6,0.0,0.8,0.8,0.8,0.0,0.8,0.8,-0.8,0.8,0.8,-0.8,0.8,1.6,0.8,0.0,0.0,0.0,0.8,-0.8,0.0,0.8,1.6,0.0,0.8,0.0,0.8,0.8,-0.8,0.8,0.8,0.8,0.0,1.6,0.0,0.0,0.8,0.0,-0.8,0.0,-0.8,0.8,0.8,0.8,-0.8,0.8,0.8,0.8,-1.6,1.6,2.4000000000000004,-0.8,-0.8,2.4000000000000004,0.0,0.0,2.4000000000000004,0.0,0.0,0.8,0.0,2.4000000000000004,-1.6,-1.6,0.8,1.6,-0.8,-0.8,1.6,1.6,-0.8,-0.8,0.8,0.0,0.0,-0.8,0.0,0.8,0.8,0.0,-0.8,0.8,1.6,-0.8,0.8,0.8,-1.6,0.8,0.0,0.0
event_117,1625266993.7072725,0.8,0.0,0.8,0.8,-0.8,1.6,-0.8,0.0,0.8,0.8,1.6,0.0,0.0,0.0,0.8,2.4000000000000004,0.0,1.6,0.0,0.8,0.8,0.0,1.6,-0.8,0.0,0.0,-1.6,0.0,-0.8,0.8,0.0,0.0,0.0,-0.8,-0.8,0.0,0.0,0.8,-2.4000000000000004,1.6,0.0,-1.6,1.6,0.0,0.8,0.8,0.0,0.0,0.8,0.8,0.8,0.8,1.6,0.8,0.0,0.0,0.0,0.0,0.8,0.8,-0.8,-0.8,0.0,0.8,0.0,0.0,0.0,0.8,0.8,1.6,0.8,0.0,0.0,-1.6,-1.6,0.0,0.0,0.8,0.8,0.8,0.8,0.0,1.6,0.0,0.0,1.6,0.8,0.8,0.0,0.8,0.0,-0.8,0.8,0.0,0.0,0.8,0.0,0.8,0.0,1.6,0.0,-1.6,-14.400000000000002,-42.4,-32.800000000000004,-11.2,-5.6,-1.6,0.8,0.0,-2.4000000000000004,-3.2,-0.8,-0.8,0.8,-0.8,-0.8,0.0,1.6,0.0,1.6,0.8,0.8,0.0,-0.8,0.0,0.8,-0.8,0.0,1.6,0.0,0.0,0.8,-0.8,1.6,-0.8,0.0,1.6,0.8,0.8,0.0,0.0,1.6,-0.8,0.0,0.0,0.0,0.0,-0.8,0.0,0.0,0.0,1.6,-0.8,0.8,0.8,0.0,0.0,-0.8,0.0,-0.8,0.8,-0.8,-0.8,0.8,0.0,0.0,-0.8,0.0,0.8,0.0,0.0,0.0,0.0,0.8,0.8,-0.8,1.6,0.0,1.6,0.0,1.6,0.0,0.0,1.6,0.0,-0.8,-0.8,0.0,2.4000000000000004,0.0,0.0,0.0,-0.8,0.0,0.0,0.0,0.0,-0.8,0.0,0.0,-0.8,1.6,-0.8,0.8,-0.8,-1.6,0.8,0.0,0.8,-0.8,0.0,0.8,0.8,0.0,0.0,0.0,1.6,0.0,0.8,0.8,0.0,0.0,0.0,0.8,-0.8,0.0,1.6,0.0,0.0,-0.8,0.0,0.8,0.0,0.0,0.0,0.0,0.8,-0.8,0.8,0.0,0.8,0.8,0.0,0.0,-0.8,1.6,0.0,-0.8,0.8,0.0,0.8,-0.8,0.0,3.2,0.0,0.0,0.0,0.8,-0.8,-0.8,0.8,-0.8,0.8,1.6,1.6,0.8,0.0,0.8,0.0,0.8,0.8,-0.8,0.8,1.6,0.8,0.8,0.8,1.6,0.0,0.8,0.8,-0.8,1.6,0.8,-0.8,0.0,0.0,0.8,1.6,1.6,0.0,0.0,0.0,0.0,1.6,-0.8,0.0,-0.8,-0.8,0.8,0.0,0.0,0.8,1.6,0.8,0.0,1.6,0.0,0.0,0.8,0.8,2.4000000000000004,0.8,1.6,1.6,1.6,0.0,0.0,0.8,0.0,0.8,-0.8,-0.8,1.6,-0.8,0.8,0.8,0.0,-0.8,0.8,0.8,0.0,0.0,1.6,0.0,0.8,-0.8,-0.8,0.0,0.0,0.8,0.0,-1.6,0.0,0.8,1.6,0.8,-0.8,0.8,-0.8,0.0,0.0,0.0,0.8,-1.6,1.6,-0.8,-1.6,0.0,0.0,1.6,-0.8,0.0,0.8,-0.8,1.6,0.0,0.8,1.6,-0.8,0.0,0.0,1.6,0.8,0.8,1.6,0.0,1.6,1.6,-0.8,0.0,-0.8,0.8,-0.8,-0.8,0.8,0.0,0.8,0.0,0.8,1.6,0.8,1.6,0.8,0.8,-0.8,0.0,0.8,0.0,0.0,0.8,0.8,0.8,0.0,0.8,0.8,1.6,-0.8,0.0,0.8,0.0,-0.8,1.6,0.8,1.6,0.0,1.6,0.8,1.6,0.0,-0.8,-0.8,-0.8,0.0,0.0,0.8,0.0,-0.8,0.8,0.0,0.8,0.0,0.0,0.0,0.8,0.0,0.0,0.8,1.6,-0.8,0.0,0.0,0.0,2.4000000000000004,0.8,0.8,0.0,0.8,0.8,0.0,0.0,-0.8,1.6,0.0,0.0,0.8,-1.6,0.8,0.8,0.0,0.8,-0.8,0.8,0.8,1.6,0.8,0.0,0.8,-0.8,-0.8,0.8,1.6,1.6,0.0,0.0,0.8,-0.8,0.0,-0.8,1.6,1.6,-0.8,0.0,-1.6,-0.8,0.8,-0.8,0.8,0.8,0.8,1.6,0.0,0.8,-0.8,0.8,1.6,-1.6,0.8,0.0,0.0,0.8,0.8,0.8,0.0,0.0,0.8,-1.6,1.6,1.6,0.8,0.0,0.0,0.0,0.0,-0.8,0.8,0.8,0.8,-0.8,0.8,0.0,0.0,0.0,1.6,0.8,0.0,-0.8,0.8,0.0,0.8,-0.8,0.8,-0.8,0.0,-0.8,0.0,0.0,0.0,-0.8,-1.6,1.6,0.8,-1.6,0.0,3.2,-0.8,-1.6,0.8,1.6,-2.4000000000000004,0.0,1.6,0.8,-1.6,-0.8,0.0,-0.8,0.0,0.0,0.8,0.0,0.0,0.0,0.8,0.8,-0.8,-0.8,1.6,-1.6,0.0,1.6,-0.8,0.8,-0.8,0.8,0.8,0.8,0.8,-0.8,0.8,0.8,0.8,1.6,-1.6,0.8,0.0,0.0,1.6,-0.8,0.0,1.6,0.8,0.0,-0.8,0.8,0.0,0.0,0.8,-0.8,1.6,0.0,0.8,0.8,-0.8,1.6,0.0,1.6,0.0,0.0,-0.8,0.0,0.8,0.8,-1.6,0.8,-0.8,1.6,-0.8,0.8,0.8,-0.8,-0.8,0.8,0.8,0.0,-0.8,0.0,0.0,0.0,-2.4000000000000004,0.0,0.0,0.0,0.0,-0.8,0.8,0.0,-0.8,-0.8,0.0,0.8,0.0,0.8,0.8,-0.8,1.6,0.0,-0.8,-1.6,0.0,2.4000000000000004,0.8,0.0,0.0,0.0,0.8,0.0,0.8,0.0,0.0,0.0,0.0,1.6,-1.6,0.0,0.8,-1.6,-1.6,-0.8,1.6,-0.8,0.8,0.0,0.0,0.0,0.0,0.8,0.8,0.8,0.8,-1.6,0.8,1.6,0.0,0.8,0.0,1.6,1.6,0.0,0.8,0.8,0.0,0.0,-0.8,1.6,0.8,-0.8,0.8,0.0,1.6,-0.8,0.8,0.8,0.0,0.0,0.0,0.0,1.6,0.0,0.8,0.0,2.4000000000000004,0.0,0.8,0.8,0.0,0.8,-1.6,-0.8,0.8,-0.8,1.6,0.0,0.8,0.0,0.8,0.0,0.8,0.0,1.6,0.0,0.0,0.0,-0.8,0.0,0.8,0.8,0.0,0.0,0.0,0.8,0.0,0.0,0.8,0.8,0.8,0.0,0.0,1.6,0.8,0.0,0.8,-0.8,0.0,0.0,0.0,-0.8,-0.8,0.8,0.8,0.0,0.0,0.0,0.8,0.8,0.0,-0.8,0.8,0.0,0.0,-0.8,0.0,0.0,-0.8,0.8,0.0,-0.8,0.8,-0.8,0.8,-0.8,1.6,0.8,-0.8,0.8,0.8,0.0,0.8,-0.8,1.6,-0.8,-1.6,0.8,0.0,0.8,-1.6,-0.8,1.6,0.0,0.8,0.0,0.0,0.0,-1.6,0.8,0.0,1.6,0.0,0.0,1.6,0.0,0.0,0.8,0.0,1.6,-1.6,0.8,-0.8,0.0,0.8,0.0,1.6,0.0,0.8,1.6,-0.8,0.8,-0.8,0.8,0.0,0.8,1.6,-0.8,0.8,0.0,-1.6,1.6,-0.8,-0.8,1.6,0.8,0.8,-1.6,0.8,0.0,0.0,0.8,-0.8,0.8,-0.8,0.0,0.8,-0.8,0.0,0.8,0.0,0.8,0.0,0.0,0.0,0.8,0.0,0.0,0.8,-0.8,-0.8,0.8,0.0,0.0,1.6,-0.8,0.0,1.6,-0.8,-0.8,0.8,0.8,-2.4000000000000004,0.0,1.6,-0.8,0.8,0.0,0.0,1.6,1.6,-0.8,0.0,1.6,0.8,-0.8,0.0,0.0,0.8,0.8,0.8,1.6,0.0,0.8,1.6,-0.8,0.8,-0.8,0.0,0.8,0.0,0.8,-0.8,0.0,1.6,-0.8,1.6,-0.8,0.8,0.0,-0.8,0.0,-0.8,0.0,0.8,0.0,0.8,-0.8,0.0,0.0,-0.8,0.0,-0.8,0.0,0.0,-1.6,0.0,0.0,1.6,0.8,0.0,1.6,0.0,0.8,0.0,0.0,-0.8,0.0,0.0,-0.8,0.0,1.6,0.0,0.8,-0.8,0.0,0.0,-0.8,0.8,0.0,0.8,0.0,0.8,0.8,0.0,0.0,0.0,0.8,-0.8,-1.6,0.8,1.6,-0.8,0.0,0.8,1.6,0.8,0.8,0.0,-1.6,1.6,0.8,0.0,0.8,0.0,0.0,1.6,0.0,0.8,2.4000000000000004,0.8,0.8,0.8,0.0,0.0,0.0,0.0,0.0,0.0,-1.6,0.8,0.0,0.8,0.0,0.8,0.0,-0.8,0.0,0.8,0.8,-0.8,0.0,1.6,0.8,-0.8,0.0,0.0,-0.8,-0.8,0.0,0.8,0.8,-0.8,1.6,1.6,0.8,-0.8,0.0,-0.8,0.0,-0.8,0.0,-0.8,0.8,-0.8,0.0,0.8,0.0,0.8,0.0,0.0,0.0,0.0,1.6,-0.8,0.8,0.0,-0.8,0.8,-1.6,0.8,0.8,-0.8,0.0,-1.6,0.0,0.0,0.8,0.8,-0.8,0.8,0.0,-1.6,1.6,-0.8,0.0,0.8,-0.8,-1.6,-0.8,1.6,0.0,0.0,0.8,0.8,0.0,1.6,-0.8,-0.8,0.8,0.0,-0.8,-0.8,-0.8,0.0,-0.8,0.0,1.6,0.8,0.0,-0.8,0.0,-0.8,0.0,0.0,0.0,0.8,-0.8,0.8,0.8,0.8,0.8,0.8,1.6,0.8,0.8,0.8,0.8,2.4000000000000004,0.8,0.0,0.8,0.0,0.0,1.6,0.0,1.6,-0.8,0.0,1.6,0.8,0.0,0.0,0.8,0.0,-0.8,1.6,-0.8,0.8,-0.8,0.0,0.0,0.0,0.8,-0.8,-0.8,2.4000000000000004,1.6,1.6,0.8,-0.8,2.4000000000000004,0.0,-0.8,-0.8,0.8,0.8,-0.8,0.8,0.0,1.6,-0.8,0.0,0.8,-1.6,1.6,0.0,0.0,0.8,-0.8,2.4000000000000004,0.0,0.0,0.8,-0.8,1.6,-1.6,0.0,0.8,0.0,0.8,-0.8,0.0,0.0,0.0,0.8,0.0,0.8,0.0,0.8,0.0,-0.8,1.6,0.0,-0.8,0.8,-0.8,0.8,-0.8,0.8,1.6,-0.8,0.0,0.0,0.8,0.8,-0.8,0.8,0.8,0.8,1.6,0.8,0.8,-0.8,0.0,0.8,0.0,1.6,-0.8,0.0,0.0,0.8,0.8,0.0,0.8,0.8,0.0,0.0,0.0,0.0,-0.8,1.6,0.0,0.0,-0.8,0.0,0.0,0.8,0.0,0.8,0.0,0.8,-0.8,0.0,0.0,0.0,0.0,0.8,0.8,-0.8,1.6,0.8,-0.8,0.8,-0.8,1.6,-0.8,-0.8,1.6,0.0,0.8,0.8,0.0,0.0,-0.8,0.8,0.0,0.0,0.8,0.0,0.8,0.0,0.8,0.0,0.0,0.8,-0.8,0.8,0.0,0.0,1.6,-0.8,0.8,0.0,0.0,1.6,-3.2,2.4000000000000004,1.6,-2.4000000000000004,0.0,2.4000000000000004,0.8,-0.8,0.8,1.6,-1.6,0.8,0.0,0.8,0.8,-2.4000000000000004,0.8,0.8,0.0,0.8,0.0,1.6,0.8,0.0,1.6,0.0,0.8,-1.6,0.0,1.6,0.8,0.8,0.8,1.6,0.8,-0.8,2.4000000000000004,2.4000000000000004,0.0,0.0,0.0,0.0,-0.8,-0.8,1.6,0.0,-0.8,-0.8,0.8,-1.6,0.0,0.0,0.8,0.0,0.8,0.0,0.8,-0.8,0.8,0.0,0.8,0.8,-0.8,1.6,0.0,0.0,0.8,0.8,0.8,0.0,-0.8,0.8,0.8,0.0,-0.8,-0.8,0.0,-0.8,0.0,0.0,-0.8,0.0,1.6,-0.8,1.6,0.8,0.8,1.6,-2.4000000000000004,0.0,0.0,0.8,0.8,0.0,0.8,0.0,0.0,0.8,0.0,-0.8,0.0,0.0,0.0,0.0,0.0,0.8,1.6,0.0,1.6,0.8,0.8,0.8,0.0,0.0,0.0,-0.8,0.8,0.0,0.0,0.0,0.8,0.8,-0.8,0.8,1.6,-1.6,0.0,0.0,0.0,0.8,0.0,0.8,0.0,1.6,0.0,0.0,0.0,0.8,0.8,0.8,0.0,0.8,-0.8,1.6,0.0,0.8,-0.8,0.8,0.0,0.8,0.0,-0.8,0.8,0.0,-0.8,-0.8,-0.8,-0.8,0.0,0.0,-0.8,0.0,0.8,0.8,0.8,0.0,0.8,-0.8,-0.8,-0.8,0.8,0.8,0.0,0.0,0.0,0.0,0.8,0.0,0.8,0.0,0.0,0.0,0.0,0.0,0.0,-1.6,1.6,-0.8,-0.8,0.8,1.6,1.6,-0.8,0.0,1.6,0.0,1.6,-0.8,1.6,0.0,0.0,0.0,-0.8,0.8,0.0,0.0,0.0,-0.8,1.6,0.0,-0.8,1.6,-1.6,0.0,-1.6,0.0,1.6,0.0,0.8,0.8,0.8,0.0,0.8,0.8,0.0,0.0,0.0,-0.8,1.6,0.0,0.8,0.0,0.0,0.0,0.0,0.0,0.8,-0.8,0.0,0.0,1.6,0.0,0.8,0.8,0.0,0.0,0.0,0.0,-0.8,-0.8,0.0,-1.6,0.8,0.0,-0.8,0.8,0.0,0.8,0.8,0.0,0.0,1.6,1.6,0.8,0.0,0.8,-0.8,0.0,0.0,0.0,0.8,-0.8,0.0,-1.6,0.0,0.8,0.0,0.0,0.0,0.8,0.0,0.0,0.0,0.8,-0.8,0.8,0.8,-1.6,0.0,0.8,-0.8,0.0,0.0,0.8,0.8,1.6,0.0,-1.6,1.6,0.8,-0.8,0.8,-0.8,0.8,0.0,0.0,1.6,-0.8,0.0,0.8,0.8,0.0,-1.6,0.8,0.8,-0.8,0.8,0.0,1.6,0.0,0.0,1.6,-0.8,1.6,-2.4000000000000004,0.0,0.8,0.0,0.8,-0.8,1.6,0.8,-0.8,1.6,-1.6,0.8,0.0,0.8,1.6,-0.8,0.0,0.8,0.8,0.0,-1.6,0.8,0.8,0.0,-0.8,-0.8,1.6,0.0,-0.8,1.6,0.0,0.8,-0.8,0.0,0.0,-0.8,1.6,0.0,0.0,-0.8,-0.8,0.0,0.0,0.0,0.8,0.8,0.8,-0.8,0.0,-0.8,0.0,0.8,0.0,0.8,0.0,0.0,-0.8,0.8,0.0,-0.8,-0.8,-0.8,-1.6,0.0,0.8,0.0,0.8,0.0,1.6,0.0,0.0,0.0,0.0,0.8,0.0,-1.6,-0.8,0.0,0.0,0.0,0.0,1.6,0.0,-1.6,0.0,0.0,-0.8,-0.8,-0.8,0.8,-1.6,-0.8,0.0,0.0,-0.8,0.8,0.0,0.0,1.6,0.0,-0.8,0.8,1.6,-0.8,1.6,0.0,0.8,0.0,0.0,0.0,0.0,0.8,-0.8,0.0,0.0,-0.8,0.0,0.8,0.0,0.0,-1.6,-0.8,0.0,-0.8,1.6,-0.8,0.8,-1.6,0.8,1.6,-0.8,0.0,0.0,1.6,0.8,-0.8,0.8,-0.8,0.0,0.0,1.6,0.8,-0.8,0.8,1.6,-1.6,0.0,0.0,-1.6,-0.8,0.0,0.8,-2.4000000000000004,0.8,0.0,-0.8,1.6,0.8,-0.8,0.8,-0.8,-0.8,-1.6,1.6,-0.8,0.8,0.0,0.8,1.6,0.0,0.8,0.8,-0.8,1.6,0.8,0.0,0.8,1.6,0.0,2.4000000000000004,0.8,0.0,-0.8,0.8,0.8,-0.8,-0.8,0.0,0.0,0.8,0.0,0.0,0.8,0.8,0.0,0.8,-0.8,0.0,-0.8,1.6,1.6,0.8,0.8,1.6,0.8,0.8,-0.8,0.0,0.8,1.6,-0.8,0.0,0.0,0.0,0.0,0.8,0.8,0.0,0.0,1.6,0.8,0.0,-0.8,1.6,0.0,0.8,-0.8,-0.8,1.6,0.8,0.0,0.8,-0.8,-0.8,0.8,0.8,0.0,0.0,0.8,0.8,-0.8,-0.8,0.0,0.8,0.8,0.8,0.8,-0.8,2.4000000000000004,0.8,0.0,0.8,0.0,0.8,0.0,0.8,0.0,-0.8,0.8,-0.8,-0.8,0.0,1.6,0.8,-0.8,0.0,0.0,0.0,1.6,-0.8,0.8,0.0,0.0,-0.8,0.0,0.0,0.0,0.0,0.8,-0.8,0.0,1.6,0.0,0.8,0.8,0.0,-0.8,0.8,0.0,0.0,0.8,0.8,-0.8,0.0,0.8,0.0,0.0,0.0,0.8,-0.8,1.6,0.8,0.0,0.8,0.8,0.0,0.8,0.0,0.8,0.0,-0.8,-0.8,-0.8,0.8,0.8,0.0,0.0,-1.6,0.8,-1.6,0.0,-1.6,0.0,0.8,0.0,-0.8,0.8,0.0,1.6,0.0,0.0,0.8,0.0,1.6,0.8,0.0,0.0,0.0,0.0,-1.6,0.0,0.0,-0.8,0.8,0.0,0.0,0.0,-0.8,1.6,0.0,0.0,0.8,0.0,0.0,-0.8,1.6,0.0,-0.8,0.0,-1.6,0.8,0.8,0.0,0.0,-0.8,1.6,0.8,0.8,0.0,-1.6,2.4000000000000004,0.0,0.0,0.0,0.0,2.4000000000000004,-2.4000000000000004,0.8,0.8,-0.8,0.0,0.0,1.6,0.0,0.0,0.0,-0.8,1.6,0.0,0.0,0.8,-0.8,0.8,0.0,0.0,1.6,0.8,1.6,0.0,0.8,0.0,-0.8,1.6,0.8,0.8,0.8,0.8,0.0,-0.8,0.8,0.0,0.8,0.0,1.6,0.8,0.0,0.0,0.0,0.8,0.0,-0.8,1.6,0.0,0.8,0.0,-0.8,0.0,0.0,0.8,0.0,0.8,-0.8,0.8,0.8,-0.8,0.0,0.8,-1.6,0.8,-1.6,0.0,0.8,0.0,0.8,0.8,0.0,0.0,-0.8,0.0,-1.6,0.0,0.8,0.8,0.8,0.0,0.8,-0.8,-0.8,0.0,-1.6,0.8,0.0,0.0,1.6,-0.8,2.4000000000000004,0.8,-0.8,-0.8,0.0,0.0,-0.8,0.8,0.0,0.8,0.8,0.0,0.0,-0.8,0.0,0.8,0.8,-0.8,-0.8,-0.8,0.8,-0.8,0.8,0.0,2.4000000000000004,-0.8,0.8,3.2,-2.4000000000000004,0.0,2.4000000000000004,-0.8,-0.8,2.4000000000000004,0.8,0.0,0.0,0.8,0.0,1.6,0.0,0.8,1.6,-0.8,-0.8,0.8,0.0,2.4000000000000004,-0.8,0.0,0.0,0.0,-0.8,0.0,0.0,0.0,0.8,0.8,-0.8,0.8,0.0,0.8,-0.8,0.8,0.0,-0.8,0.8,1.6,-0.8,1.6,0.0,0.0,-0.8,-0.8,0.8,-0.8,-0.8,0.0,0.8,-0.8,0.0,0.8,0.0,0.8,0.0,0.8,-0.8,0.0,0.8,-0.8,0.0,-0.8,-1.6,0.0,0.8,0.8,0.0,0.8,1.6,0.0,1.6,0.0,-0.8,0.0,-0.8,0.8,0.0,0.0,0.0,-0.8,-0.8,0.0,0.8,0.0,-0.8,1.6,-0.8,0.0,0.8,-0.8,0.8,-0.8,0.8,0.8,0.0,1.6,0.0,0.8,-0.8,-0.8,1.6,0.0,1.6,0.0,0.8,0.0,0.8,0.8,-1.6,0.8,0.0,-0.8,0.8,-1.6,0.8,0.0,0.8,0.8,-0.8,0.0,0.8,-0.8,0.0,-0.8,0.0,-0.8,1.6,-0.8,-0.8,0.0,0.0,0.0,0.8,0.0,-0.8,0.8,0.0,0.0,0.8,0.8,-0.8,0.0,0.0,0.8,0.8,-0.8,0.8,0.0,-0.8,0.8,0.0,0.0,0.0,0.0,1.6,0.0,0.8,0.0,0.0,0.0,-0.8,-0.8,0.0,0.0,0.0,0.0,0.0,1.6,0.0,0.8,0.8,0.0,1.6,-0.8,0.0,0.8,-0.8,0.0,0.0,0.8,0.8,0.0,0.0,0.0,0.8,-0.8,-0.8,0.8,0.0,-0.8,0.0,-0.8,1.6,0.0,0.8,0.0,1.6,1.6,-0.8,1.6,0.8,1.6,0.8,-0.8,0.8,0.0,0.0,0.8,-0.8,0.0,-0.8,0.0,0.8,-0.8,0.8,0.0,0.8,0.8,-0.8,0.8,0.0,0.8,-0.8,0.0,0.8,0.0,0.0,0.0,0.8,0.8,0.8,0.0,0.8,0.8,1.6,0.0,-0.8,0.0,0.8,0.0,-0.8,-0.8,0.8,0.0,0.0,-0.8,0.0,-0.8,-0.8,0.0,0.0,0.8,0.8,0.0,-1.6,0.0,0.0,-1.6,0.0,-0.8,-0.8,0.0,0.8,0.0,0.0,0.0,0.8,1.6,0.8,-0.8,0.0,0.8,0.8,-0.8,-0.8,0.0,0.0,0.8,0.0,0.8,0.0,0.0,0.8,0.8,-0.8,-1.6,-0.8,1.6,-0.8,0.0,0.8,-0.8,0.8,0.8,1.6,0.0,0.0,-0.8,-1.6,0.0,0.8,0.0,0.8,0.0,1.6,-0.8,0.0,-1.6,-0.8,1.6,0.0,0.0,0.0,0.8,2.4000000000000004,0.0,1.6,0.0,0.0,0.8,0.0,0.0,0.0,-0.8,1.6,-1.6,-0.8,-0.8,-0.8,0.0,-0.8,0.8,-0.8,0.8,1.6,-1.6,1.6,0.0,-0.8,0.0,-0.8,0.8,0.8,0.8,0.8,0.0,0.8,-1.6,0.0,0.8,0.0,0.8,-0.8,0.8,1.6,0.0,1.6,0.0,0.0,0.8,0.8,0.8,-0.8,1.6,0.0,0.0,0.8,0.0,0.0,-1.6,0.8,0.0,-0.8,0.0,0.0,0.0,0.0,-0.8,1.6,0.0,-0.8,0.0,-0.8,0.0,0.0,0.8,0.0,0.0,-0.8,0.0,0.8,0.8,0.0,0.0,0.8,-0.8,-0.8,0.0,0.0,2.4000000000000004,0.0,0.8,1.6,0.0,0.8,0.8,-0.8,0.0,-0.8
event_118,1625266995.863396,1.6,0.8,0.8,1.6,0.0,1.6,-0.8,0.0,1.6,0.8,0.8,0.0,0.8,0.0,0.0,0.8,0.8,0.8,0.8,0.0,0.0,0.8,0.0,0.8,0.8,0.0,-1.6,0.0,1.6,1.6,1.6,0.8,0.8,0.8,0.0,0.8,-1.6,0.8,0.0,-1.6,0.8,0.0,0.8,0.0,0.0,0.0,0.0,0.8,0.0,0.8,-0.8,-1.6,0.8,0.0,0.8,0.8,0.8,2.4000000000000004,0.0,0.0,0.8,0.8,0.8,-0.8,1.6,0.0,1.6,1.6,-0.8,1.6,1.6,0.0,0.8,-0.8,0.8,0.0,0.0,1.6,-0.8,0.0,1.6,0.0,0.8,0.8,0.8,-0.8,0.8,0.0,-1.6,0.0,0.8,-0.8,-0.8,0.0,0.8,0.0,0.0,0.0,0.0,0.8,0.8,0.0,0.0,-17.6,-60.00000000000001,-64.0,-36.00000000000001,-13.600000000000001,-7.200000000000001,-4.800000000000001,-0.8,-4.800000000000001,-7.200000000000001,-3.2,-2.4000000000000004,-0.8,0.0,0.8,0.0,-1.6,0.0,-0.8,0.0,1.6,0.8,-0.8,0.0,2.4000000000000004,-0.8,0.0,1.6,1.6,2.4000000000000004,0.0,0.0,0.0,0.0,0.8,-0.8,2.4000000000000004,0.8,0.8,0.8,0.8,2.4000000000000004,0.0,0.8,2.4000000000000004,0.0,0.0,-0.8,1.6,0.8,0.0,0.8,-0.8,1.6,0.8,0.8,2.4000000000000004,0.0,0.8,0.0,0.8,1.6,0.8,0.8,0.8,0.0,0.8,0.0,2.4000000000000004,0.8,0.0,0.0,0.0,0.0,-0.8,0.8,2.4000000000000004,0.0,1.6,-0.8,0.0,0.0,0.0,0.8,0.8,1.6,1.6,0.0,0.0,0.0,1.6,-0.8,0.0,0.8,0.0,0.0,0.8,2.4000000000000004,-0.8,-1.6,1.6,0.0,-2.4000000000000004,2.4000000000000004,1.6,-0.8,0.0,0.8,-0.8,0.8,0.8,-0.8,0.8,0.8,-0.8,0.8,0.8,0.8,0.0,0.0,0.0,0.0,0.8,1.6,0.8,0.8,0.8,1.6,1.6,2.4000000000000004,-0.8,0.8,1.6,0.0,0.8,-0.8,1.6,0.8,0.0,1.6,1.6,1.6,0.0,0.0,1.6,0.0,0.0,0.8,0.8,2.4000000000000004,0.0,1.6,-0.8,0.0,1.6,0.0,1.6,0.0,0.0,0.8,0.0,3.2,-0.8,0.8,0.8,0.8,0.8,0.8,1.6,0.8,-0.8,1.6,-0.8,0.0,0.0,1.6,0.8,0.0,0.0,0.0,-0.8,0.0,0.0,1.6,-0.8,1.6,0.0,-0.8,1.6,0.0,0.8,0.0,0.8,0.0,0.0,0.8,0.0,0.0,0.0,-0.8,-0.8,0.8,0.8,0.8,0.0,1.6,0.0,0.0,0.0,1.6,0.8,-0.8,0.8,0.0,0.8,1.6,0.0,0.8,0.8,-1.6,0.0,-0.8,0.8,0.8,-0.8,-0.8,0.8,1.6,0.8,0.8,0.8,0.8,0.0,0.0,0.8,0.8,0.8,0.8,0.8,0.8,0.0,0.8,0.0,0.0,0.0,0.0,0.8,0.0,0.8,0.8,0.8,1.6,0.0,0.8,0.0,0.8,0.0,-1.6,0.8,0.8,1.6,0.8,-0.8,1.6,0.8,0.8,0.8,0.0,1.6,-0.8,-1.6,0.0,0.0,0.0,0.0,0.8,0.0,-0.8,0.0,-1.6,1.6,-0.8,0.8,0.8,0.0,0.8,-0.8,0.8,1.6,0.0,1.6,0.0,0.0,1.6,0.0,0.0,0.0,0.0,2.4000000000000004,0.0,0.8,1.6,0.0,0.0,-0.8,0.0,-0.8,0.8,0.0,0.8,0.8,0.0,0.0,-1.6,0.8,1.6,0.0,1.6,0.0,0.8,1.6,1.6,0.8,0.0,1.6,1.6,0.8,0.8,0.0,0.0,0.8,0.0,0.8,0.8,0.8,1.6,0.0,0.8,1.6,0.0,2.4000000000000004,0.0,0.8,-0.8,0.0,0.8,0.0,0.8,1.6,-0.8,1.6,0.0,0.8,0.0,0.0,1.6,0.0,1.6,0.8,0.8,0.8,0.8,0.8,1.6,0.0,0.8,1.6,0.0,0.0,0.8,1.6,0.8,0.8,1.6,0.0,0.8,-1.6,0.0,0.8,0.8,0.8,0.8,-0.8,2.4000000000000004,0.0,0.0,0.8,1.6,-0.8,0.8,1.6,-0.8,1.6,0.8,0.0,0.8,0.0,0.0,-0.8,-0.8,1.6,-0.8,0.0,0.8,-0.8,-0.8,0.0,1.6,-1.6,-0.8,1.6,0.8,1.6,0.8,0.8,0.0,0.8,0.8,-1.6,0.0,1.6,0.8,0.0,0.8,1.6,0.8,1.6,0.0,-0.8,1.6,0.0,-0.8,0.8,0.8,1.6,1.6,0.8,1.6,0.8,0.0,0.0,0.8,0.8,0.0,0.0,-0.8,0.8,0.0,1.6,0.8,0.8,2.4000000000000004,0.8,1.6,0.8,0.0,0.8,0.0,1.6,0.8,0.8,1.6,0.8,0.0,0.0,0.8,0.8,0.0,0.0,0.0,1.6,0.0,0.8,1.6,-0.8,-0.8,0.0,0.8,0.8,-1.6,0.8,0.0,0.8,0.0,-0.8,0.8,0.0,0.8,-0.8,0.0,-0.8,0.8,1.6,0.0,0.8,0.0,-0.8,0.8,-0.8,0.0,0.0,-0.8,0.8,-0.8,-0.8,0.8,-0.8,0.8,-0.8,0.8,1.6,0.0,0.8,0.0,1.6,0.0,0.0,0.8,-0.8,1.6,1.6,0.0,2.4000000000000004,0.0,1.6,1.6,-1.6,-1.6,0.0,0.8,0.0,0.0,1.6,0.0,1.6,0.0,0.8,1.6,0.0,0.0,0.0,0.0,-0.8,-1.6,1.6,0.0,-0.8,0.0,0.8,1.6,0.0,0.8,0.8,0.8,-1.6,0.0,1.6,1.6,-0.8,0.8,0.8,0.8,-0.8,0.0,0.0,1.6,0.0,-1.6,0.0,0.0,-0.8,0.8,0.8,0.8,-1.6,0.0,0.0,0.0,-0.8,0.0,0.0,0.0,-0.8,-0.8,0.0,0.8,0.0,0.0,0.0,0.0,0.8,0.8,1.6,-0.8,-1.6,0.0,0.0,-0.8,1.6,0.8,-0.8,0.0,0.8,-1.6,0.0,0.0,-0.8,0.8,-0.8,0.8,1.6,0.0,0.8,-0.8,0.0,0.8,-0.8,0.8,0.0,0.0,0.8,-0.8,1.6,-0.8,0.8,-0.8,-0.8,0.8,-0.8,0.0,0.0,0.8,0.8,-0.8,0.8,0.8,0.0,-0.8,0.0,0.8,0.0,0.8,1.6,-0.8,0.0,0.0,0.0,1.6,0.8,1.6,0.0,0.8,0.0,-0.8,1.6,0.0,1.6,0.0,0.0,1.6,0.0,0.0,0.0,0.0,1.6,0.8,0.0,-0.8,0.8,0.8,0.8,0.8,0.8,-0.8,0.8,0.0,0.8,-0.8,0.8,0.0,0.8,0.0,0.8,0.8,0.0,0.0,-0.8,0.0,0.0,1.6,0.8,0.8,0.0,-0.8,-0.8,-1.6,0.0,0.8,0.0,0.0,-0.8,0.8,-0.8,0.0,0.0,-0.8,0.0,0.0,0.8,0.8,0.0,0.8,-0.8,0.0,0.0,-1.6,0.8,1.6,0.0,0.8,0.0,0.8,0.8,0.8,0.0,-0.8,1.6,0.0,-0.8,1.6,-0.8,0.8,0.0,0.0,2.4000000000000004,0.0,0.0,0.0,0.0,0.0,-0.8,1.6,-0.8,0.0,0.0,0.0,0.0,0.0,0.0,0.8,0.0,0.8,-0.8,-0.8,-0.8,1.6,0.8,0.0,0.8,0.8,-1.6,0.8,-0.8,0.8,0.8,0.0,0.8,-0.8,0.0,1.6,0.8,0.0,-0.8,0.0,-0.8,0.0,-0.8,-0.8,0.0,0.0,0.0,-0.8,0.0,0.0,0.8,0.0,0.0,0.0,0.8,0.8,0.0,0.0,0.8,-0.8,0.8,-1.6,0.0,2.4000000000000004,0.0,0.0,0.0,-0.8,0.0,0.0,0.0,-0.8,0.0,0.0,0.0,1.6,-0.8,0.0,0.8,-1.6,-0.8,0.0,1.6,0.0,0.0,0.0,0.8,0.8,0.0,0.0,0.0,-0.8,0.0,0.0,0.0,1.6,0.8,0.8,-1.6,1.6,1.6,-2.4000000000000004,0.0,0.8,0.0,0.8,-0.8,1.6,0.0,0.8,0.0,0.0,1.6,0.0,1.6,1.6,0.8,0.0,-1.6,0.8,1.6,-0.8,0.8,0.0,2.4000000000000004,0.0,0.0,0.8,0.0,0.8,-2.4000000000000004,0.0,1.6,-1.6,2.4000000000000004,0.8,1.6,0.0,-1.6,0.0,0.0,0.0,0.0,0.0,0.8,-0.8,0.0,0.0,0.8,-0.8,-0.8,1.6,-1.6,0.8,0.0,0.8,0.0,0.0,0.0,0.0,0.0,0.8,0.8,0.8,0.8,0.0,0.0,0.0,0.0,0.0,0.0,0.0,0.8,0.0,0.0,0.0,0.8,0.8,0.0,-0.8,0.0,0.8,-0.8,0.0,-0.8,-0.8,0.8,2.4000000000000004,0.0,0.8,1.6,-0.8,0.0,0.8,0.8,1.6,-0.8,0.0,0.0,0.8,0.8,0.8,2.4000000000000004,-0.8,0.0,0.8,0.0,0.8,-0.8,0.8,2.4000000000000004,0.0,0.8,0.0,0.8,0.0,-0.8,0.8,0.0,2.4000000000000004,0.0,-0.8,1.6,0.0,0.0,0.8,0.8,0.8,-1.6,0.8,-1.6,0.0,0.8,0.0,1.6,-0.8,0.8,1.6,-0.8,2.4000000000000004,-0.8,1.6,-0.8,0.0,0.8,-1.6,0.8,0.0,0.0,0.8,-0.8,0.0,1.6,0.8,0.0,-0.8,0.8,0.0,0.0,-0.8,0.0,0.8,-0.8,0.0,-0.8,-1.6,0.0,0.0,0.8,0.0,0.0,0.8,-0.8,1.6,0.0,0.0,0.8,-0.8,-0.8,0.8,0.8,0.8,0.0,0.0,0.8,0.0,0.8,0.0,-0.8,0.8,0.0,0.0,0.0,0.8,0.0,0.0,0.0,0.0,0.8,0.0,0.0,1.6,0.0,0.0,0.8,-0.8,0.8,0.0,0.0,0.0,0.0,0.0,0.8,0.8,0.8,-1.6,-0.8,0.0,0.8,1.6,0.8,0.8,0.0,0.0,1.6,-0.8,0.8,0.8,0.0,0.0,-0.8,0.0,0.8,0.0,0.8,-0.8,0.8,-0.8,0.0,-0.8,-0.8,1.6,0.0,0.0,0.8,0.0,2.4000000000000004,0.0,-0.8,0.0,0.0,1.6,0.8,0.0,0.0,0.0,0.8,0.0,0.8,0.8,0.0,0.8,0.0,0.8,-0.8,0.0,1.6,-0.8,0.8,0.0,0.0,0.8,0.0,0.8,0.0,0.8,0.0,-0.8,0.8,1.6,0.8,0.8,0.0,0.8,0.8,1.6,0.0,-1.6,2.4000000000000004,0.8,-1.6,0.8,0.8,0.8,0.0,0.8,0.8,0.8,0.8,0.0,0.0,0.0,0.0,0.0,1.6,0.0,1.6,0.0,1.6,0.0,0.0,1.6,0.0,0.8,-0.8,0.8,0.8,0.8,0.8,1.6,-0.8,0.8,0.0,0.0,-0.8,0.0,-1.6,0.0,0.0,0.8,0.0,2.4000000000000004,-0.8,0.8,0.8,0.0,-1.6,-0.8,0.0,0.0,0.0,1.6,-0.8,0.0,-0.8,0.0,0.8,0.0,0.8,-0.8,0.8,1.6,-0.8,0.8,0.0,0.0,0.0,0.0,0.8,1.6,-0.8,0.0,-0.8,-0.8,0.0,1.6,0.8,0.0,0.8,-0.8,-0.8,0.0,-1.6,-0.8,0.0,-0.8,-1.6,-0.8,1.6,-1.6,0.0,0.0,0.0,1.6,0.0,0.8,0.0,0.8,0.8,-0.8,0.0,-0.8,0.0,-0.8,0.0,2.4000000000000004,0.0,0.8,0.0,0.8,0.8,-0.8,0.0,0.0,0.0,0.8,0.0,0.8,0.8,0.0,0.0,0.0,0.8,0.8,0.0,0.8,1.6,0.0,0.0,0.8,0.8,0.0,1.6,-0.8,0.8,-0.8,-0.8,0.8,0.0,0.0,-0.8,0.8,1.6,-0.8,0.8,-0.8,1.6,0.0,0.8,0.0,0.8,2.4000000000000004,0.0,0.0,0.8,-0.8,0.8,0.0,0.8,0.8,0.0,0.8,-0.8,1.6,-0.8,-0.8,0.8,0.0,1.6,-0.8,0.0,0.0,-1.6,0.0,-0.8,0.0,0.0,-0.8,0.0,-0.8,1.6,0.0,0.0,2.4000000000000004,0.0,0.0,0.0,0.8,1.6,-0.8,0.8,0.8,0.8,1.6,0.0,1.6,0.8,0.8,0.0,0.0,2.4000000000000004,0.0,0.0,0.8,0.8,0.8,-0.8,0.0,0.8,-0.8,1.6,0.0,0.8,0.0,-0.8,1.6,1.6,1.6,0.8,0.8,0.8,-0.8,0.0,0.0,0.0,3.2,0.0,1.6,1.6,-0.8,0.0,0.0,0.8,0.0,0.0,-0.8,-0.8,0.0,-0.8,0.8,0.8,0.8,-0.8,-0.8,0.0,0.8,-0.8,1.6,0.8,0.0,-1.6,0.0,0.0,0.8,-0.8,0.0,1.6,0.8,1.6,0.8,-0.8,0.8,0.0,1.6,0.0,0.0,0.8,0.0,0.0,0.0,0.0,-0.8,0.0,0.8,0.0,0.0,0.8,0.8,0.0,0.8,0.8,0.8,1.6,0.0,-0.8,-0.8,0.8,0.8,0.0,0.0,0.8,-0.8,0.0,0.0,-0.8,0.0,-0.8,-0.8,1.6,-0.8,0.8,0.0,0.0,0.0,0.0,0.8,0.0,0.8,0.0,-0.8,0.8,0.0,1.6,1.6,0.0,1.6,0.0,0.0,0.8,-0.8,-0.8,-0.8,-0.8,-0.8,2.4000000000000004,0.0,0.0,1.6,0.8,-0.8,1.6,0.8,0.8,0.0,-0.8,0.0,-0.8,1.6,0.0,0.0,0.8,-0.8,0.8,-0.8,0.8,0.8,0.0,0.0,0.8,-0.8,0.0,0.8,0.8,0.0,-0.8,0.0,-0.8,0.8,1.6,0.0,0.0,0.8,0.0,-0.8,-0.8,0.8,0.0,0.8,0.0,0.0,-0.8,-0.8,0.0,-0.8,-0.8,0.8,0.8,-0.8,0.8,0.0,-0.8,0.0,-0.8,-1.6,-0.8,0.8,-0.8,0.0,0.0,1.6,0.0,0.0,0.8,-1.6,0.8,-0.8,-0.8,1.6,-0.8,0.8,1.6,-0.8,0.8,-0.8,0.8,0.8,-0.8,0.8,-0.8,0.0,-0.8,0.0,0.8,-0.8,1.6,0.8,-0.8,0.8,0.0,0.8,-0.8,1.6,0.8,0.0,0.8,0.8,0.8,1.6,-1.6,0.0,-1.6,0.0,0.0,-1.6,0.0,-0.8,-0.8,1.6,-0.8,0.0,-0.8,-0.8,0.0,1.6,-0.8,-0.8,1.6,0.8,-0.8,0.0,0.0,0.8,0.8,0.0,0.8,0.0,0.8,0.8,0.0,0.0,0.0,-0.8,0.0,0.0,1.6,0.8,0.0,0.8,0.8,-0.8,0.0,0.0,1.6,-0.8,0.0,0.0,-0.8,0.0,0.0,-1.6,1.6,-0.8,-0.8,-0.8,0.8,0.8,0.0,0.0,1.6,0.0,0.8,-0.8,0.8,0.8,0.0,-0.8,-0.8,0.8,0.8,0.8,0.8,0.0,0.8,0.8,0.0,0.8,0.0,0.8,-1.6,0.0,0.8,0.0,0.8,0.0,0.8,-0.8,0.8,1.6,-0.8,0.8,0.8,-0.8,2.4000000000000004,0.0,0.8,0.8,1.6,0.8,0.0,1.6,1.6,0.0,0.0,-1.6,1.6,0.8,1.6,2.4000000000000004,0.0,0.8,0.0,0.0,0.0,-0.8,1.6,-0.8,2.4000000000000004,0.0,-1.6,1.6,-1.6,0.8,0.0,0.8,1.6,-0.8,1.6,1.6,-0.8,0.0,0.0,1.6,-0.8,0.0,3.2,-1.6,1.6,0.0,0.0,-0.8,1.6,1.6,-0.8,0.8,0.0,0.0,1.6,0.0,0.0,0.8,0.0,0.0,-0.8,0.8,-0.8,0.8,0.8,0.8,1.6,0.0,0.8,0.0,1.6,-0.8,0.8,0.0,0.8,0.8,1.6,0.0,1.6,0.0,1.6,0.0,0.8,0.8,0.0,0.0,0.0,0.8,-0.8,0.8,0.8,0.0,0.8,0.8,0.0,0.8,-0.8,2.4000000000000004,0.0,1.6,0.8,-0.8,0.8,1.6,1.6,0.0,0.8,1.6,0.0,0.0,0.8,0.0,1.6,1.6,0.8,0.0,-0.8,0.8,-0.8,0.8,-1.6,0.8,0.0,0.8,0.8,0.0,0.8,0.8,0.0,0.8,0.8,0.0,1.6,0.0,0.0,-0.8,0.0,0.8,0.0,0.0,0.0,0.8,0.0,0.0,0.8,-0.8,1.6,0.8,0.0,-0.8,0.0,0.8,-0.8,0.8,0.0,-0.8,0.8,-0.8,-1.6,0.8,0.8,0.8,0.8,-1.6,0.8,0.8,0.8,0.0,0.0,0.8,0.0,0.8,0.0,0.8,0.0,0.8,0.8,0.0,0.0,0.0,0.8,1.6,-0.8,0.0,0.8,0.8,0.8,0.0,0.8,2.4000000000000004,0.8,1.6,0.8,0.8,1.6,-0.8,0.8,1.6,1.6,0.8,0.8,0.0,1.6,0.0,0.0,0.0,1.6,0.0,-0.8,0.8,0.0,0.0,1.6,0.8,0.8,-0.8,0.0,0.0,0.8,0.0,0.0,0.8,0.8,-0.8,1.6,0.8,0.0,0.0,0.0,1.6,0.0,0.8,0.8,-1.6,0.8,-0.8,0.8,0.0,0.0,3.2,-0.8,0.8,3.2,-0.8,-2.4000000000000004,1.6,0.8,-3.2,0.8,2.4000000000000004,-0.8,-1.6,1.6,1.6,-1.6,-0.8,0.8,-1.6,-0.8,1.6,0.8,1.6,-0.8,0.8,0.8,0.8,0.0,-1.6,1.6,0.8,-0.8,0.8,1.6,1.6,0.0,1.6,0.8,0.0,0.8,0.0,1.6,0.0,-0.8,0.0,0.0,1.6,0.0,0.8,1.6,0.8,0.0,0.8,0.0,0.0,-0.8,0.0,0.8,0.8,0.0,0.8,1.6,1.6,0.0,0.8,0.0,0.0,-0.8,0.0,-0.8,0.0,-0.8,0.8,0.8,0.8,-0.8,0.0,0.0,0.8,-0.8,2.4000000000000004,0.0,1.6,0.0,-0.8,0.8,0.0,1.6,0.8,-0.8,0.0,0.0,0.8,0.0,0.0,0.8,0.0,0.0,-0.8,0.8,0.0,-0.8,2.4000000000000004,-0.8,-0.8,0.8,0.8,0.8,-0.8,0.8,0.0,0.0,1.6,0.0,0.0,1.6,0.8,0.8,-0.8,2.4000000000000004,0.8,0.8,0.8,0.0,0.8,0.0,-0.8,0.8,0.0,0.8,0.0,0.0,1.6,0.0,1.6,0.0,0.8,1.6,0.0,1.6,0.0,-0.8,0.0,-0.8,2.4000000000000004,-0.8,0.8,0.8,0.8,0.8,-0.8,0.8,0.0,-0.8,0.0,0.8,0.8,1.6,0.0,0.8,1.6,1.6,-0.8,1.6,1.6,-0.8,0.0,0.0,0.8,-0.8,-0.8,0.8,-0.8,0.8,0.0,0.0,0.0,0.0,-1.6,0.8,0.0,0.8,0.0,0.0,0.0,0.0,0.0,0.8,0.0,0.0,1.6,0.8,1.6,-0.8,0.8,0.0,-1.6,0.0,0.8,0.0,0.8,-1.6,0.0,-0.8,0.0,0.8,0.0,0.0,1.6,0.0,-0.8,0.8,2.4000000000000004,-1.6,0.8,0.8,0.0,0.0,0.8,1.6,-1.6,0.0,2.4000000000000004,0.0,0.8,-0.8,-0.8,1.6,0.0,0.8,0.0,0.0,0.8,-0.8,2.4000000000000004,0.8,0.8,0.0,0.0,1.6,-0.8,0.8,0.8,0.0,0.8,-1.6,0.8,0.8,-0.8,0.8,0.8,1.6,0.8,0.0,1.6,0.0,1.6,0.0,0.0,0.8,0.8,-0.8,0.0,0.0,1.6,0.0,0.8,0.0,1.6,0.8,0.0,0.8,0.8,0.0,0.8,-0.8,0.8,0.8,0.0,1.6,0.0,0.0,0.0,0.8,1.6,0.8,0.8,0.0,-0.8,1.6,0.8,0.0,0.8,0.0,0.0,0.0,0.0,0.0,0.8,0.8,0.8,0.8,-0.8,0.0,0.8,-0.8,0.0,0.8,0.0,1.6,0.0,0.8,0.8,0.8,0.0,-0.8,0.8,1.6,0.0,0.0,0.8,1.6,0.0,0.8,0.0,0.0,0.8,-0.8,0.8,-0.8,-0.8,2.4000000000000004,1.6,-1.6,2.4000000000000004,0.0,-0.8,0.8,0.8,-1.6,-1.6,0.8,0.0,0.0,0.8,0.0,2.4000000000000004,0.8,0.0,0.8,-0.8,1.6,-1.6,0.0,0.8,1.6,-0.8,0.0,0.8,0.8,0.0,1.6,-0.8,0.8,0.8,0.0,0.8,0.8,-0.8,1.6,0.0,0.8,-0.8,0.8,0.8,0.0,0.0,0.0,0.8,0.0,0.0,-0.8,-0.8,0.8,0.0,0.8,0.8,-0.8,2.4000000000000004,0.8,0.0,0.8,0.0,0.8,0.8,0.0,0.8,0.0,0.0,0.0,0.0,-0.8,-0.8,0.0,0.0,-0.8,0.0,0.8,0.0,0.8,0.8,-0.8,0.0,0.0,-0.8,-1.6,0.8,1.6,-0.8,1.6,0.0,-0.8,0.0,0.0,0.0,-0.8,0.0,0.0,0.0,0.8,-1.6,0.8,0.0,0.8,1.6,0.0,0.8,0.0,0.0,0.0,-0.8,0.0,-0.8,0.0,0.0,0.8,0.8,0.0,1.6,0.0,0.8,1.6,-0.8,0.8,1.6,0.8,0.8,-0.8,2.4000000000000004,-0.8,-0.8,0.0,0.0,0.8,-0.8,0.0,0.8,-0.8,2.4000000000000004,0.0,0.0,0.8,0.0,0.8,0.0,0.0,0.8,0.0,0.8,0.0,0.8,0.0,0.0,0.8,0.0,1.6,-0.8,0.8,0.8,0.0,0.0,0.8,1.6,0.0,0.0,0.8,0.0,0.0,0.0,0.0,0.0,0.0,0.0,0.8,0.0,0.8,0.0,0.8,0.8,0.0,0.0,0.8
event_119,1625266998.012519,0.8,0.8,0.0,0.8,-1.6,0.0,0.0,0.0,0.8,0.0,1.6,0.8,0.8,2.4000000000000004,0.0,0.0,-1.6,-0.8,0.8,0.8,0.8,0.8,0.8,1.6,0.0,0.8,-0.8,0.8,0.0,-1.6,1.6,-0.8,-0.8,1.6,0.0,2.4000000000000004,-1.6,0.0,0.0,0.0,0.8,0.0,-0.8,0.0,0.0,-0.8,-0.8,0.8,0.0,0.0,1.6,0.0,1.6,0.0,-0.8,0.8,0.8,0.8,0.0,-0.8,0.0,0.0,0.8,0.0,0.0,-0.8,-0.8,0.8,0.8,0.0,0.8,0.8,-0.8,0.0,0.8,0.8,0.8,0.0,-0.8,0.0,2.4000000000000004,-0.8,-2.4000000000000004,1.6,1.6,-2.4000000000000004,0.8,2.4000000000000004,-1.6,-0.8,1.6,0.8,-0.8,0.0,1.6,1.6,-0.8,0.0,0.8,0.0,0.0,-0.8,-8.8,-44.8,-62.400000000000006,-36.8,-15.2,-8.8,-4.800000000000001,-1.6,-1.6,-3.2,-0.8,-1.6,-2.4000000000000004,-0.8,-0.8,0.0,1.6,0.0,0.0,-0.8,2.4000000000000004,0.0,0.8,-0.8,-0.8,-0.8,-1.6,0.0,0.8,-0.8,0.8,-0.8,0.8,-0.8,-1.6,0.0,0.0,-0.8,0.8,-0.8,0.8,-0.8,-0.8,0.0,0.0,0.0,-0.8,0.0,0.0,0.0,0.0,0.0,1.6,-0.8,-0.8,0.0,0.0,0.8,0.0,-0.8,0.8,-1.6,-0.8,0.0,0.8,1.6,0.8,0.0,0.8,-0.8,1.6,0.8,-1.6,0.8,0.0,-2.4000000000000004,-1.6,0.8,0.0,-0.8,0.8,0.0,0.8,0.8,-1.6,0.0,-0.8,0.0,-1.6,0.0,0.8,0.0,-0.8,0.0,-0.8,0.0,-0.8,0.8,2.4000000000000004,-0.8,0.0,-1.6,0.0,0.0,0.0,0.8,0.8,-0.8,0.8,0.0,0.8,-0.8,-1.6,1.6,0.0,0.8,-0.8,0.8,1.6,0.8,0.0,0.8,-0.8,0.8,-1.6,0.8,-0.8,-0.8,-0.8,0.0,0.8,0.0,0.8,1.6,-0.8,0.8,-0.8,0.0,0.0,0.0,-0.8,-1.6,0.0,-0.8,0.0,0.8,-0.8,0.0,0.0,0.0,0.8,-1.6,1.6,0.0,-0.8,0.8,0.0,1.6,-0.8,0.0,0.0,-1.6,0.8,-0.8,0.0,0.0,0.0,0.8,0.0,0.8,0.0,-1.6,1.6,-0.8,-0.8,-0.8,0.0,0.8,-0.8,0.8,0.8,0.8,1.6,-1.6,0.0,0.8,0.8,0.0,0.8,0.8,0.8,0.0,0.0,1.6,0.8,0.0,0.8,0.0,-0.8,-0.8,-0.8,0.8,0.8,0.0,0.8,0.8,-0.8,0.0,0.8,0.0,0.0,0.0,0.0,1.6,0.8,0.8,0.8,0.0,0.8,-0.8,2.4000000000000004,0.0,0.0,0.0,0.0,0.8,-0.8,0.0,1.6,-0.8,0.0,-0.8,0.0,-1.6,0.0,0.8,0.0,0.0,0.8,0.0,0.0,-0.8,1.6,1.6,0.0,0.8,-0.8,1.6,0.0,0.8,0.0,-0.8,0.8,-0.8,-1.6,1.6,0.8,0.8,-0.8,0.8,0.0,-0.8,1.6,0.0,0.8,0.0,-0.8,0.0,0.0,0.0,0.8,0.0,1.6,-1.6,1.6,0.8,0.0,0.8,0.0,1.6,0.8,0.8,0.0,-1.6,1.6,0.0,-0.8,0.0,-0.8,1.6,-0.8,0.0,1.6,-0.8,0.0,0.0,1.6,0.0,-1.6,1.6,0.0,0.0,0.8,0.8,0.8,-1.6,2.4000000000000004,1.6,0.0,1.6,0.8,-0.8,0.8,2.4000000000000004,0.0,0.8,1.6,0.8,-0.8,0.8,-0.8,0.0,-0.8,-0.8,-0.8,0.0,0.0,1.6,0.0,0.0,-0.8,-0.8,0.0,0.8,-0.8,0.8,0.0,0.8,0.8,-0.8,0.8,0.8,0.8,0.0,0.0,0.0,0.8,1.6,0.0,0.8,0.8,0.0,0.8,0.0,0.8,0.8,0.0,1.6,-0.8,-0.8,0.0,0.8,1.6,-0.8,0.8,1.6,0.0,2.4000000000000004,0.0,0.0,0.0,-1.6,-1.6,-1.6,1.6,0.0,0.0,0.0,-0.8,0.8,0.8,0.0,-0.8,0.8,1.6,-0.8,0.0,0.8,0.0,0.0,0.0,0.8,0.8,-2.4000000000000004,1.6,0.8,-0.8,0.0,0.0,0.0,-1.6,-0.8,0.0,0.0,0.0,0.0,0.8,1.6,0.0,0.8,0.8,1.6,1.6,0.0,0.8,0.0,0.8,0.0,1.6,0.0,0.8,0.0,-0.8,0.0,0.8,0.8,0.8,0.0,0.0,0.0,-0.8,-1.6,0.8,-0.8,1.6,0.0,2.4000000000000004,0.0,-0.8,0.0,0.0,0.0,0.0,0.0,0.0,0.8,0.0,-0.8,-0.8,0.0,1.6,0.0,0.0,0.8,0.8,-0.8,-0.8,0.0,-1.6,0.8,0.0,0.0,0.0,0.0,0.8,-0.8,0.8,1.6,-0.8,1.6,-0.8,-0.8,0.0,0.8,0.8,0.0,0.8,1.6,1.6,0.8,-0.8,0.0,0.8,0.0,0.0,0.0,1.6,0.8,0.8,0.8,0.8,0.8,0.8,0.8,0.8,-0.8,0.0,-0.8,0.0,0.0,0.0,0.8,0.0,-0.8,0.0,0.0,0.8,0.0,-0.8,0.8,-0.8,0.0,0.0,-0.8,0.8,0.8,0.8,1.6,0.8,0.0,0.0,0.0,-0.8,0.0,0.0,0.8,0.0,-0.8,0.0,0.8,0.0,1.6,-1.6,1.6,0.0,0.0,0.0,-0.8,0.0,0.8,1.6,0.8,0.8,0.0,1.6,0.8,0.8,0.0,0.8,0.0,-0.8,0.0,0.8,-0.8,0.0,-0.8,0.8,0.0,0.8,0.8,-0.8,0.8,0.8,0.8,0.0,-0.8,0.8,0.0,0.8,-0.8,-1.6,-0.8,1.6,0.0,0.0,-0.8,1.6,0.0,0.0,0.0,-1.6,2.4000000000000004,0.0,-0.8,1.6,0.0,0.8,0.8,0.8,2.4000000000000004,0.0,0.0,0.0,0.8,0.0,-0.8,1.6,0.0,0.0,-0.8,-0.8,1.6,-0.8,1.6,0.8,0.8,2.4000000000000004,-1.6,1.6,0.8,0.8,0.8,0.0,0.8,0.0,0.0,0.8,0.8,2.4000000000000004,-0.8,0.0,-0.8,-0.8,1.6,0.8,1.6,0.0,-0.8,0.8,0.0,2.4000000000000004,0.0,0.0,0.8,0.0,0.8,-0.8,0.0,1.6,0.8,0.8,0.0,-0.8,0.8,0.8,0.8,0.8,0.0,0.0,0.0,0.0,0.8,0.8,0.0,0.0,0.8,-0.8,0.0,0.8,0.8,-0.8,0.0,0.8,0.8,0.0,0.0,-0.8,0.0,0.0,-0.8,0.0,1.6,0.0,0.0,0.8,0.0,0.0,0.0,-0.8,-0.8,0.0,0.8,0.0,0.0,0.8,0.8,0.0,-0.8,0.8,0.8,0.8,0.8,0.8,0.0,0.0,-0.8,0.8,0.0,0.0,0.0,0.0,0.8,0.0,1.6,0.8,-0.8,0.8,0.0,0.0,0.0,0.8,0.8,-3.2,3.2,1.6,-0.8,0.0,1.6,0.0,0.0,-0.8,0.0,0.0,1.6,-1.6,1.6,0.0,-0.8,0.0,0.8,0.8,0.0,-0.8,1.6,0.0,0.0,0.0,0.0,0.8,0.0,0.0,0.8,0.8,1.6,0.0,0.8,-1.6,0.0,0.8,-1.6,1.6,0.0,0.0,2.4000000000000004,0.0,0.8,0.0,0.8,0.0,-0.8,2.4000000000000004,0.0,0.0,1.6,0.0,0.8,0.0,-0.8,-0.8,-0.8,1.6,-0.8,0.0,0.0,0.8,0.0,0.0,0.0,0.8,0.8,0.0,-1.6,0.0,-0.8,0.0,0.0,0.0,0.0,0.8,0.0,0.0,0.8,0.0,0.0,0.8,0.0,0.0,-0.8,0.0,0.8,0.8,0.8,0.8,0.0,0.8,-0.8,0.0,0.8,1.6,0.0,0.8,1.6,0.8,0.8,1.6,0.8,0.8,0.0,0.0,-2.4000000000000004,0.0,-0.8,0.8,0.8,0.0,0.8,0.0,-0.8,1.6,0.0,1.6,0.0,0.8,0.0,0.0,0.8,0.0,0.0,0.8,0.0,0.0,0.8,0.8,0.8,-0.8,0.8,0.8,0.0,0.0,0.0,1.6,-0.8,0.0,0.0,-0.8,0.8,-0.8,0.8,-0.8,0.0,0.8,-0.8,0.8,0.8,-0.8,0.0,-0.8,0.0,0.8,1.6,0.8,-0.8,0.0,0.8,0.8,0.8,-0.8,-0.8,0.0,0.0,-0.8,0.0,0.0,0.0,0.0,0.0,0.0,0.0,-0.8,0.0,0.8,-0.8,-0.8,0.8,0.0,0.8,0.0,0.0,0.8,0.8,0.0,0.0,0.0,0.8,-0.8,0.8,0.0,0.8,0.0,0.0,0.8,1.6,0.0,0.8,0.0,0.8,0.8,0.0,0.8,0.0,0.8,0.8,0.8,-0.8,-0.8,0.0,0.0,0.0,-0.8,-0.8,0.0,0.0,0.0,0.0,0.8,0.0,-0.8,0.8,0.0,-1.6,0.8,0.8,0.0,0.0,0.0,0.0,0.0,0.0,0.0,1.6,0.0,0.0,0.8,0.0,0.0,0.8,0.0,0.8,-0.8,-0.8,0.8,0.0,0.8,0.0,0.8,0.0,-2.4000000000000004,0.0,0.8,0.0,0.8,0.0,1.6,0.8,1.6,0.8,0.0,0.8,0.0,0.0,0.8,0.0,0.8,0.8,0.8,0.0,1.6,0.8,-0.8,0.0,-0.8,1.6,0.0,-0.8,1.6,0.0,0.0,0.8,1.6,0.0,1.6,0.0,0.8,0.8,-1.6,-0.8,3.2,1.6,0.0,0.0,1.6,0.8,0.8,0.0,0.8,1.6,-0.8,0.0,0.8,0.0,1.6,-0.8,0.8,0.0,0.0,0.0,0.0,0.0,0.8,-0.8,0.8,0.0,0.8,0.0,0.8,0.8,-0.8,0.0,0.0,0.8,0.8,-1.6,0.8,0.0,-0.8,-0.8,-0.8,1.6,0.8,-0.8,0.8,-1.6,0.8,0.0,0.0,1.6,-1.6,0.8,0.0,0.0,0.0,-0.8,0.8,0.0,-0.8,-0.8,-0.8,1.6,0.0,0.0,0.0,0.0,0.0,0.8,1.6,-1.6,0.8,0.8,-0.8,0.8,0.0,0.0,0.8,-0.8,1.6,0.0,0.8,0.8,0.0,0.8,0.0,0.0,0.0,-0.8,0.8,-0.8,1.6,0.8,0.0,0.8,-0.8,0.8,0.0,1.6,1.6,1.6,0.8,-0.8,1.6,0.8,-0.8,0.8,0.0,0.8,0.0,0.0,0.0,0.8,0.8,-0.8,0.0,1.6,0.0,0.0,-0.8,1.6,-1.6,0.8,0.8,0.8,-0.8,0.8,0.8,0.0,0.8,0.0,-0.8,0.0,1.6,0.0,0.0,-0.8,0.8,0.0,-0.8,-0.8,0.0,-0.8,-0.8,0.0,0.0,-0.8,0.0,-0.8,0.8,1.6,-0.8,1.6,0.8,1.6,-0.8,-0.8,1.6,-0.8,-0.8,0.8,0.8,1.6,-0.8,0.0,1.6,0.8,1.6,0.0,0.8,0.0,-0.8,0.8,0.0,1.6,0.0,0.0,0.8,0.8,0.8,-0.8,0.0,0.8,-0.8,0.8,-0.8,-0.8,0.8,-0.8,1.6,0.8,0.8,0.8,0.0,1.6,-0.8,-0.8,0.8,-0.8,0.8,-0.8,0.0,0.8,0.0,0.8,-0.8,-0.8,0.0,0.0,0.0,0.0,0.0,0.8,0.8,0.8,0.0,0.0,0.0,-0.8,0.8,0.0,-1.6,0.0,0.0,-0.8,0.0,-0.8,0.8,0.8,0.8,0.8,-0.8,0.8,0.0,-0.8,0.0,0.0,0.0,0.0,0.0,0.0,0.8,0.8,0.0,-0.8,-0.8,0.0,0.0,-0.8,0.0,-0.8,0.0,0.0,-0.8,0.0,0.0,0.8,0.0,-1.6,0.8,2.4000000000000004,0.0,0.8,0.0,1.6,0.0,0.8,0.0,-0.8,0.8,0.0,-0.8,0.8,-0.8,0.8,-0.8,0.0,0.0,0.8,0.0,0.0,0.0,-0.8,0.0,1.6,0.8,0.0,-0.8,-0.8,0.8,-0.8,0.8,-0.8,0.0,0.0,-2.4000000000000004,0.8,0.0,0.8,0.0,-0.8,1.6,0.0,0.0,0.8,0.0,0.8,-1.6,0.0,0.8,1.6,0.0,0.8,0.0,0.8,-0.8,0.0,-0.8,0.0,-0.8,0.0,0.0,0.8,0.8,0.0,-0.8,0.0,0.0,0.8,0.0,0.8,0.8,0.0,0.8,-0.8,-0.8,0.0,-1.6,0.8,0.8,0.8,0.0,-0.8,-0.8,-0.8,-0.8,0.8,0.0,0.0,0.8,-0.8,-0.8,0.0,-0.8,-1.6,0.0,-0.8,0.0,0.0,0.8,0.0,0.8,-0.8,0.0,0.8,0.8,0.0,-0.8,0.0,1.6,-0.8,0.8,0.0,0.0,0.0,0.0,0.8,-1.6,-0.8,0.0,0.0,-0.8,-0.8,0.0,0.8,0.0,0.8,0.0,0.8,0.0,0.0,0.8,-0.8,-0.8,-0.8,-0.8,0.8,0.0,1.6,0.0,-0.8,1.6,0.0,1.6,0.8,1.6,0.0,-2.4000000000000004,0.0,0.8,-1.6,1.6,0.0,0.0,-1.6,-0.8,0.0,0.0,0.0,0.0,-0.8,0.0,-0.8,0.0,0.0,1.6,1.6,-0.8,0.0,-0.8,1.6,0.8,0.0,0.8,-0.8,0.8,0.8,0.0,2.4000000000000004,0.8,0.0,0.0,0.0,0.0,-0.8,0.8,-0.8,-0.8,0.8,0.0,0.8,0.0,1.6,0.0,0.0,-0.8,-1.6,-0.8,1.6,0.8,-0.8,0.8,0.8,0.0,1.6,-0.8,-0.8,0.8,0.8,0.0,-0.8,1.6,0.0,-0.8,0.0,0.8,0.8,-0.8,0.0,0.8,-1.6,0.0,0.0,0.8,0.0,-0.8,0.0,0.8,0.8,0.8,0.8,0.0,-0.8,0.8,0.0,-0.8,2.4000000000000004,-0.8,0.8,0.8,0.8,0.8,0.0,0.8,0.0,-0.8,0.0,-0.8,0.8,-0.8,1.6,0.8,0.0,0.8,0.0,0.0,1.6,-2.4000000000000004,0.8,0.8,0.0,-3.2,0.0,1.6,-2.4000000000000004,0.0,0.0,-0.8,0.8,0.8,1.6,0.0,0.0,0.8,0.0,0.0,0.0,0.0,0.8,-0.8,0.8,-0.8,0.0,0.8,-0.8,0.0,-0.8,0.8,-0.8,-0.8,1.6,0.0,-0.8,0.8,-1.6,0.0,-0.8,0.8,0.8,0.8,0.8,-1.6,0.0,0.8,0.0,0.0,0.0,0.0,-0.8,0.0,0.8,0.8,0.0,0.8,1.6,0.0,0.0,0.0,0.0,0.0,-1.6,-0.8,0.8,0.0,0.8,0.8,1.6,0.8,0.0,0.8,0.0,0.0,-0.8,0.8,0.8,0.8,1.6,-0.8,0.8,1.6,-1.6,0.0,0.8,0.0,0.8,-0.8,1.6,0.0,0.8,0.0,0.0,1.6,-1.6,0.0,-0.8,0.0,0.0,0.0,0.8,0.0,-0.8,-0.8,0.0,0.8,-1.6,0.8,-0.8,-0.8,2.4000000000000004,0.0,0.8,0.0,-1.6,1.6,-1.6,-0.8,0.8,0.0,0.8,-0.8,0.8,-0.8,-0.8,0.0,-0.8,0.8,-0.8,0.0,0.0,0.8,0.8,-0.8,0.8,-0.8,-1.6,0.0,0.0,0.0,0.0,0.0,0.8,-0.8,1.6,0.0,-1.6,1.6,-1.6,0.8,0.0,0.0,0.8,0.8,0.0,0.8,0.0,0.8,0.0,0.0,0.0,0.8,0.0,-0.8,0.8,-0.8,1.6,1.6,0.0,0.8,0.8,0.0,0.0,-0.8,0.0,0.8,1.6,0.8,0.8,0.0,0.8,0.0,0.8,0.0,0.0,0.0,0.0,-0.8,-0.8,0.0,1.6,0.0,0.0,-0.8,0.8,0.0,0.0,0.0,-0.8,0.8,0.8,-0.8,0.8,0.8,0.0,0.0,0.0,0.0,-0.8,1.6,0.8,0.0,0.0,0.0,0.0,0.0,-1.6,0.0,0.0,-0.8,0.8,0.0,-0.8,0.0,0.8,0.8,0.0,0.8,0.0,0.8,0.0,0.8,-0.8,0.8,0.0,-0.8,0.0,1.6,-0.8,0.0,0.0,0.8,0.0,0.8,0.0,0.0,0.8,0.0,-0.8,0.8,0.8,0.0,0.0,0.0,0.8,0.8,0.0,0.0,0.0,-0.8,-0.8,0.0,0.0,0.0,0.0,0.0,1.6,0.0,-0.8,0.8,0.0,0.0,0.0,0.8,0.8,0.8,0.0,0.8,0.8,1.6,0.0,0.0,0.0,0.0,-0.8,-0.8,-0.8,0.8,0.0,1.6,0.0,0.8,0.0,-0.8,0.8,0.0,-1.6,0.8,0.0,1.6,-0.8,0.0,1.6,0.0,0.8,0.8,0.8,0.0,0.8,1.6,0.0,0.0,0.8,-0.8,0.0,0.0,0.8,2.4000000000000004,-0.8,0.8,0.0,0.0,1.6,0.0,0.8,-0.8,0.8,1.6,-0.8,1.6,0.0,0.0,1.6,-0.8,0.8,-0.8,0.8,0.8,-0.8,0.8,1.6,1.6,2.4000000000000004,0.0,0.0,0.0,1.6,0.0,0.0,1.6,0.8,1.6,-0.8,0.8,0.8,-0.8,0.8,0.0,0.0,-0.8,-0.8,1.6,-0.8,0.8,0.8,0.8,0.8,0.0,0.8,0.8,0.8,0.0,0.8,0.8,2.4000000000000004,1.6,0.0,0.0,1.6,0.0,0.8,-0.8,0.0,0.0,0.0,0.8,0.0,0.0,1.6,0.0,0.8,-0.8,0.0,0.8,0.8,-0.8,0.0,0.0,0.8,0.8,-0.8,0.0,1.6,0.0,0.0,1.6,0.0,1.6,0.8,1.6,0.0,-0.8,1.6,0.0,0.0,0.8,-0.8,0.0,0.8,0.0,-0.8,2.4000000000000004,0.8,-0.8,0.8,0.0,1.6,0.0,0.0,0.8,0.0,0.0,-0.8,-1.6,0.8,0.0,0.8,0.8,0.0,0.8,-1.6,1.6,0.0,-0.8,1.6,-0.8,0.0,0.0,0.0,0.8,0.0,0.0,0.0,1.6,0.8,-0.8,0.8,-0.8,0.0,0.0,-0.8,0.8,-0.8,0.0,0.8,0.0,1.6,0.0,0.8,1.6,-0.8,0.8,0.0,2.4000000000000004,0.0,0.8,1.6,1.6,0.8,-0.8,0.0,0.8,-1.6,0.8,0.8,0.0,0.8,0.8,1.6,0.8,0.0,0.0,0.0,1.6,-0.8,0.0,0.8,0.0,-0.8,0.0,0.8,-0.8,0.0,1.6,0.0,0.0,0.8,0.8,0.0,0.0,0.0,0.8,0.0,0.8,0.8,0.8,-1.6,0.8,0.8,-1.6,0.8,0.0,0.8,0.8,0.0,0.8,0.0,1.6,0.8,0.0,0.0,0.0,-0.8,-1.6,1.6,0.0,0.0,0.8,0.8,1.6,0.0,0.8,0.0,1.6,0.8,-1.6,0.8,0.8,0.8,0.8,0.0,0.8,0.8,0.0,0.8,0.0,-0.8,0.0,0.8,0.8,0.8,0.0,-0.8,1.6,0.8,-0.8,1.6,-0.8,0.8,-0.8,0.0,1.6,0.8,0.8,0.8,0.8,2.4000000000000004,-0.8,0.8,0.8,1.6,0.8,-0.8,-0.8,0.0,0.8,1.6,0.8,2.4000000000000004,0.0,0.8,0.8,-0.8,0.8,0.0,0.0,0.8,-0.8,1.6,0.0,1.6,0.0,0.8,0.8,-0.8,1.6,1.6,0.0,2.4000000000000004,1.6,0.0,0.0,-0.8,0.8,1.6,0.8,1.6,1.6,-0.8,0.0,0.8,0.0,0.8,0.8,0.8,0.0,0.8,0.8,-0.8,0.0,0.0,0.0,0.8,1.6,0.8,0.0,0.8,0.8,0.8,0.8,0.0,0.0,-0.8,0.8,-0.8,0.0,0.8,0.8,0.0,0.0,0.8,0.8,0.8,0.8,0.8,0.0,0.0,-1.6,2.4000000000000004,0.0,0.0,0.8,0.0,1.6,0.0,0.8,0.8,0.0,0.0,-0.8,0.8,2.4000000000000004,0.8,0.8,1.6,2.4000000000000004,0.0,0.8,0.8,-0.8,0.8,0.0,0.0,0.0,-0.8,0.8,0.8,0.0,0.8,0.0,0.8,0.8,-0.8,0.8,-0.8,1.6,0.8,0.0,2.4000000000000004,0.0,0.8,1.6,0.8,0.0,0.8,1.6,0.0,0.0,0.8,-0.8,0.8,0.0,0.8,1.6,0.0,0.0,0.8,-0.8,0.0,0.8,1.6,0.0,0.8,0.0,0.0,0.8,0.0,0.0,1.6,-0.8,-0.8,0.0,1.6,0.8,0.8,1.6,0.8,0.8,1.6,-0.8,-0.8,2.4000000000000004,0.8,-0.8,0.0,0.8,0.8,0.0,0.8,0.0,0.8,0.8,-0.8,1.6,0.0,0.0,0.8,0.0,0.8,-0.8,-0.8,0.8,-0.8,1.6,0.8,0.0,0.0,0.8,2.4000000000000004,0.0,1.6,1.6,-0.8,2.4000000000000004,0.8,1.6,0.8,0.0,0.8,-0.8,1.6,0.0,0.8,1.6,0.0,0.8,0.0,0.0,0.8,-0.8,1.6,0.0,0.8,0.8,0.0,1.6,-1.6,0.0,0.8,0.0,0.8,0.0,0.0,0.8,0.8,1.6,-0.8,1.6,0.0,-0.8,1.6,0.0,0.8,0.0,0.8,0.8,0.8,0.0,-0.8,0.8,0.0,0.0,1.6,0.0,1.6,0.8,-1.6,0.8,0.8,0.0,-0.8,0.8,1.6,-0.8,1.6,0.0,0.8,1.6,0.0,0.0,0.0,0.8,-0.8,0.0,0.8,0.0,0.8,0.8,0.8,0.8,0.8,0.8,0.8,-0.8,-0.8,0.8,0.8,0.0,1.6,0.0,1.6,0.0,0.8,1.6,0.8,1.6,-0.8,0.8,1.6,1.6,0.0,0.8,0.0,0.8,-0.8
event_120,1625267002.3187652,1.6,0.8,0.8,-1.6,0.0,0.8,0.0,-0.8,1.6,0.8,-0.8,1.6,0.0,-1.6,0.0,-0.8,0.0,0.0,0.8,0.8,0.8,1.6,0.0,0.0,0.0,-0.8,-0.8,0.0,0.8,0.8,0.0,0.8,0.8,0.0,1.6,0.0,0.0,0.8,1.6,-0.8,-2.4000000000000004,3.2,0.8,-2.4000000000000004,0.8,1.6,0.0,-2.4000000000000004,1.6,0.8,-1.6,-0.8,0.8,0.8,0.0,-1.6,1.6,0.8,0.8,0.0,0.8,2.4000000000000004,0.0,0.8,0.8,0.8,1.6,0.0,0.8,0.8,0.8,0.0,0.0,0.8,-0.8,0.0,0.8,-1.6,1.6,0.0,2.4000000000000004,0.8,0.0,0.0,0.0,0.8,0.8,-0.8,1.6,0.0,3.2,0.0,0.0,0.8,0.8,0.8,0.0,1.6,1.6,1.6,1.6,0.0,-7.200000000000001,-38.400000000000006,-53.6,-33.6,-12.8,-5.6,-3.2,-2.4000000000000004,-1.6,-4.0,-3.2,-1.6,-2.4000000000000004,0.8,0.0,-0.8,-0.8,-1.6,0.0,0.8,-0.8,0.0,0.0,-0.8,2.4000000000000004,0.8,0.8,-0.8,0.8,1.6,-0.8,2.4000000000000004,0.8,-0.8,0.8,0.8,0.0,0.0,0.0,0.8,0.8,0.8,0.8,0.0,0.8,0.0,0.8,-0.8,0.0,0.0,0.0,0.8,-0.8,0.8,0.8,0.0,0.8,0.0,0.8,0.0,0.0,0.8,0.0,2.4000000000000004,-0.8,0.0,1.6,0.0,-0.8,0.0,-0.8,1.6,0.0,0.8,0.8,0.8,0.8,0.8,0.8,0.0,0.0,0.0,0.0,0.8,0.0,0.0,0.8,0.8,0.8,0.0,0.8,-0.8,-0.8,0.8,0.0,0.0,0.8,0.8,0.0,0.8,0.0,0.0,0.0,0.0,0.0,0.8,0.0,0.8,0.0,0.8,0.0,0.8,0.0,0.0,0.8,0.0,0.8,0.8,0.0,0.0,1.6,0.8,-0.8,0.8,1.6,-0.8,0.8,0.0,0.8,0.8,0.8,0.8,-0.8,1.6,0.0,-0.8,2.4000000000000004,0.8,0.0,0.8,0.0,0.8,-0.8,-0.8,1.6,0.8,0.8,0.0,0.0,0.0,0.0,1.6,0.0,1.6,0.0,-0.8,2.4000000000000004,-0.8,0.8,-0.8,0.0,1.6,0.8,0.8,0.0,0.8,1.6,0.0,2.4000000000000004,-0.8,1.6,0.0,-1.6,0.8,0.0,-0.8,1.6,0.0,1.6,-0.8,0.8,0.0,0.0,0.0,-0.8,0.0,0.8,0.0,0.8,-0.8,0.8,0.8,0.0,1.6,-1.6,1.6,-0.8,-0.8,0.0,0.0,0.8,-0.8,0.0,0.0,0.8,0.8,0.8,0.8,0.0,0.0,0.0,0.0,0.0,0.0,0.0,0.8,0.8,0.0,0.0,0.8,0.0,-0.8,0.8,0.8,0.8,0.0,0.8,-0.8,0.0,0.8,-0.8,0.0,0.8,0.0,0.0,0.0,0.8,0.0,-0.8,-0.8,0.0,0.0,0.0,0.8,1.6,-1.6,0.8,0.0,0.8,-0.8,-0.8,0.8,0.0,0.8,0.0,0.0,1.6,-0.8,0.8,0.0,0.0,2.4000000000000004,0.0,0.8,1.6,0.8,-2.4000000000000004,1.6,2.4000000000000004,-1.6,-0.8,1.6,-0.8,0.8,-0.8,1.6,0.0,-0.8,1.6,0.8,0.0,-0.8,0.0,3.2,-2.4000000000000004,0.8,0.0,0.0,0.0,-1.6,0.8,0.0,-1.6,-1.6,1.6,1.6,0.0,-0.8,0.8,0.0,0.8,-1.6,0.0,0.8,-0.8,0.8,-1.6,0.8,0.8,0.0,0.0,0.0,0.8,0.0,0.0,0.8,0.0,0.8,0.8,-0.8,-1.6,-0.8,0.8,0.0,-0.8,0.0,-0.8,0.0,0.8,0.8,0.0,-0.8,0.0,0.0,0.8,0.8,-0.8,0.8,0.8,1.6,0.0,-0.8,0.0,1.6,-0.8,-0.8,0.8,-0.8,0.0,0.0,0.0,1.6,0.8,0.0,0.0,0.8,0.8,-1.6,-0.8,0.0,0.8,0.8,-0.8,0.8,0.0,0.8,0.8,0.0,2.4000000000000004,0.0,0.0,0.8,0.0,0.8,0.0,0.8,0.8,-1.6,0.8,-1.6,0.8,0.8,-0.8,0.8,-0.8,0.0,0.0,0.0,0.8,0.0,0.8,-0.8,-0.8,0.8,0.8,0.0,-0.8,0.8,0.0,0.0,0.8,0.0,0.0,0.0,0.0,0.8,-1.6,0.0,0.0,-0.8,0.8,0.8,0.8,-0.8,0.0,0.0,0.0,1.6,-1.6,-0.8,1.6,0.8,1.6,-0.8,0.8,1.6,0.0,0.8,-0.8,-0.8,1.6,-0.8,0.0,-0.8,0.0,0.0,0.8,0.0,0.8,1.6,0.8,0.0,0.0,-1.6,0.8,0.0,0.0,0.0,0.8,-0.8,0.8,0.0,0.0,0.8,-0.8,0.8,-1.6,-0.8,0.8,0.8,0.0,0.0,0.8,1.6,-1.6,0.8,-1.6,0.8,0.0,-0.8,0.0,0.0,0.0,1.6,-0.8,1.6,-0.8,0.8,-1.6,0.0,-0.8,0.8,0.8,0.0,0.8,0.8,-0.8,0.0,0.0,0.0,0.8,-0.8,0.8,0.0,-0.8,0.0,0.0,0.8,0.0,0.8,1.6,0.8,0.8,0.0,0.0,-0.8,0.0,1.6,0.0,0.8,0.8,0.0,0.8,-0.8,0.0,-0.8,0.8,0.0,-0.8,0.8,0.8,0.0,0.0,-0.8,0.0,0.0,0.8,0.0,0.0,0.8,0.0,-0.8,-0.8,0.0,0.8,-0.8,0.0,0.0,0.0,0.0,0.0,0.8,-0.8,-0.8,-0.8,0.0,0.0,0.8,0.8,1.6,0.0,1.6,0.8,0.0,1.6,0.0,0.8,0.0,1.6,0.0,0.8,0.0,0.8,0.8,0.8,0.8,0.8,0.8,-0.8,0.8,1.6,-0.8,1.6,1.6,0.8,0.0,0.0,0.0,0.8,0.0,0.8,-0.8,1.6,0.8,-0.8,0.0,0.8,0.8,0.0,0.0,0.8,0.8,0.0,0.0,0.8,0.8,0.8,1.6,-0.8,0.8,0.8,0.0,1.6,-1.6,-1.6,0.8,0.0,0.0,-1.6,0.8,0.0,-0.8,0.8,0.0,0.8,0.0,-0.8,0.0,-1.6,1.6,0.0,-0.8,0.0,0.0,0.8,0.0,-0.8,0.0,-1.6,2.4000000000000004,-0.8,0.8,1.6,-0.8,0.8,0.0,0.8,0.8,-0.8,1.6,0.0,0.0,0.8,-0.8,0.8,-0.8,0.8,0.0,0.8,2.4000000000000004,-0.8,1.6,0.0,0.8,0.8,0.0,1.6,0.8,0.0,1.6,0.8,2.4000000000000004,0.8,1.6,0.8,1.6,0.0,-1.6,3.2,0.8,-3.2,3.2,1.6,-1.6,-0.8,1.6,0.0,0.0,-0.8,0.8,0.8,0.0,-0.8,1.6,0.8,0.8,0.0,0.8,-0.8,0.0,1.6,1.6,0.8,0.0,0.0,1.6,0.0,0.8,0.8,1.6,0.8,0.0,0.0,0.0,0.8,0.0,0.0,0.0,0.0,0.8,0.8,0.8,1.6,-1.6,2.4000000000000004,-0.8,-0.8,0.8,0.0,0.8,0.8,0.8,0.8,0.0,1.6,0.0,0.8,0.0,-0.8,0.0,0.0,0.8,0.8,-0.8,0.8,0.0,0.8,0.0,0.0,0.8,0.0,0.8,0.0,-0.8,1.6,-0.8,0.0,0.0,0.0,0.8,0.8,-0.8,-0.8,0.8,0.0,0.0,2.4000000000000004,-0.8,0.0,2.4000000000000004,0.8,-0.8,1.6,1.6,0.0,-0.8,0.0,0.8,0.0,1.6,0.0,2.4000000000000004,0.8,0.0,0.0,-0.8,0.8,0.0,0.8,0.8,-0.8,0.0,-1.6,0.0,1.6,0.0,0.8,0.0,0.0,0.8,0.8,0.0,0.8,1.6,0.0,0.0,0.0,0.8,1.6,0.0,0.8,0.8,-0.8,0.0,0.8,0.0,0.8,0.0,0.8,0.8,0.8,0.8,0.0,0.8,0.0,-0.8,0.8,0.8,0.8,0.0,0.0,0.8,-0.8,0.8,0.0,-0.8,0.0,-0.8,0.8,0.8,0.0,0.8,0.8,0.0,0.0,-0.8,1.6,0.8,0.0,0.0,-0.8,-0.8,0.0,0.0,-0.8,-0.8,2.4000000000000004,0.8,-0.8,0.8,0.0,0.8,-0.8,0.8,0.8,1.6,0.8,-0.8,0.8,1.6,-0.8,0.8,-0.8,1.6,0.0,-0.8,0.8,-1.6,0.0,0.0,0.0,0.0,-0.8,1.6,-0.8,0.0,-0.8,-0.8,0.8,0.0,-0.8,0.0,0.8,0.8,-1.6,0.0,0.0,-0.8,0.8,0.8,0.8,0.8,0.0,0.0,0.8,-0.8,0.0,0.8,0.0,1.6,0.0,-0.8,0.0,0.8,0.8,-0.8,0.8,0.0,0.0,0.8,0.0,-1.6,0.8,-0.8,0.0,0.0,1.6,0.8,-0.8,-0.8,0.8,0.8,0.0,0.0,0.8,0.8,0.8,-1.6,0.8,0.8,-0.8,0.8,0.0,1.6,0.8,0.0,0.8,0.0,0.0,0.0,-1.6,0.8,0.0,0.8,0.0,0.0,0.8,-0.8,1.6,0.0,0.0,0.8,0.0,0.8,1.6,0.0,1.6,0.0,3.2,-0.8,0.0,0.8,0.8,-0.8,-0.8,0.0,0.8,0.8,0.8,0.0,0.8,-0.8,0.0,1.6,-0.8,-0.8,0.8,0.0,1.6,-0.8,0.8,0.8,0.0,0.8,0.0,0.0,0.0,0.8,1.6,-0.8,0.0,1.6,0.0,-0.8,-0.8,1.6,0.8,-0.8,0.8,-0.8,0.8,-0.8,0.8,1.6,0.0,0.8,0.0,0.8,0.0,0.8,0.0,1.6,0.0,-0.8,-0.8,1.6,-0.8,0.0,0.0,1.6,0.8,0.8,0.0,-1.6,0.8,0.0,0.0,0.0,0.8,0.8,0.8,0.0,0.0,0.0,0.0,0.0,0.0,0.0,0.0,-0.8,-0.8,-0.8,0.0,0.8,1.6,-0.8,0.8,0.8,0.0,0.8,-1.6,1.6,0.0,2.4000000000000004,0.8,0.0,1.6,0.0,1.6,0.0,0.0,0.8,-0.8,0.8,-0.8,0.0,0.0,0.0,0.8,-0.8,0.0,0.8,-0.8,0.8,-1.6,0.8,0.0,-0.8,0.8,-1.6,-0.8,0.8,0.8,1.6,-1.6,0.8,2.4000000000000004,-0.8,0.8,0.0,0.8,0.0,0.0,0.0,0.0,1.6,-1.6,0.8,0.0,-1.6,2.4000000000000004,0.0,0.0,-0.8,-0.8,2.4000000000000004,-1.6,1.6,0.0,0.0,0.8,-1.6,0.0,0.0,0.0,0.0,0.0,0.8,0.8,0.0,1.6,0.0,0.0,0.0,0.0,0.0,0.0,1.6,0.0,0.0,0.0,0.0,0.0,0.0,0.8,0.8,-0.8,-0.8,0.0,0.8,0.8,0.8,0.8,0.8,0.0,0.0,0.8,1.6,0.0,-0.8,0.8,0.8,1.6,0.0,0.0,0.8,0.0,-0.8,1.6,0.0,0.8,0.0,-0.8,0.8,-0.8,0.0,1.6,0.8,-0.8,-0.8,0.0,-0.8,0.8,0.8,-0.8,0.0,0.8,0.0,0.0,0.8,0.0,-0.8,0.0,0.8,-0.8,0.8,0.0,-0.8,0.0,0.0,0.8,0.0,0.0,1.6,0.8,0.0,0.0,-0.8,-1.6,-0.8,0.8,-0.8,-0.8,0.8,0.0,0.0,-0.8,0.8,-0.8,0.0,0.0,-1.6,0.8,1.6,0.0,0.8,0.0,0.8,0.0,0.8,0.8,-0.8,1.6,0.0,-0.8,0.8,-0.8,0.8,0.0,0.0,0.8,0.0,0.0,-0.8,0.0,0.0,-0.8,0.8,0.0,0.0,-0.8,-1.6,1.6,0.0,0.0,0.0,-0.8,0.0,-1.6,0.8,0.8,0.0,0.0,0.8,0.8,1.6,-0.8,0.0,0.0,0.0,-1.6,-1.6,0.0,0.0,-0.8,1.6,0.8,0.8,-0.8,0.0,1.6,-0.8,-0.8,3.2,-0.8,0.0,-0.8,0.0,-0.8,1.6,0.0,0.8,0.8,-0.8,0.8,1.6,-1.6,0.0,0.8,0.8,0.8,-0.8,0.0,0.8,0.0,1.6,0.0,0.0,-0.8,0.8,1.6,-0.8,0.8,0.8,-0.8,2.4000000000000004,0.8,1.6,0.8,0.0,0.8,0.0,1.6,0.0,0.8,0.8,0.0,0.8,0.8,-0.8,0.0,0.0,0.0,-0.8,0.8,0.0,0.8,0.0,0.0,0.8,0.8,0.8,0.0,0.0,0.0,0.0,-0.8,0.8,0.0,0.0,0.8,0.8,0.8,-0.8,0.8,0.0,0.0,-1.6,-0.8,0.8,1.6,0.8,0.0,0.8,1.6,-0.8,0.8,0.0,0.8,0.8,-0.8,-0.8,-0.8,0.0,1.6,1.6,0.0,-0.8,0.0,0.0,0.0,-0.8,1.6,-1.6,0.8,0.8,0.8,1.6,0.8,0.0,0.8,0.0,0.8,0.8,0.8,0.0,-0.8,0.8,0.0,-0.8,0.0,0.8,0.8,-0.8,0.0,-0.8,-1.6,0.8,0.0,1.6,0.0,-0.8,1.6,-1.6,0.0,0.0,-0.8,1.6,-0.8,-0.8,-0.8,0.8,0.8,-1.6,0.8,1.6,0.0,0.8,-1.6,0.0,1.6,0.0,0.8,-0.8,0.8,0.8,-0.8,0.0,0.8,0.0,0.0,0.0,1.6,-0.8,0.8,0.0,0.8,0.8,-0.8,0.8,0.8,0.8,0.8,0.0,1.6,0.0,0.0,0.8,0.0,2.4000000000000004,0.0,0.8,0.8,0.8,0.8,0.0,0.8,-0.8,-0.8,1.6,-0.8,0.8,-0.8,0.0,0.0,-0.8,0.8,-0.8,0.0,0.8,0.0,0.8,0.0,0.0,-0.8,-1.6,0.0,0.8,0.0,0.8,0.0,-1.6,2.4000000000000004,0.0,-2.4000000000000004,1.6,0.8,-2.4000000000000004,-0.8,1.6,0.0,-0.8,0.0,0.8,0.0,-0.8,0.0,0.8,0.0,-1.6,0.8,0.0,1.6,1.6,0.8,0.8,0.8,-0.8,-1.6,-0.8,0.8,0.0,0.0,0.0,0.8,0.8,-0.8,0.0,-1.6,0.8,-0.8,-0.8,0.8,0.0,0.0,0.0,0.8,0.0,-1.6,1.6,0.0,0.0,-0.8,-1.6,0.8,0.0,0.8,1.6,0.0,1.6,0.0,1.6,0.0,-0.8,1.6,-2.4000000000000004,0.8,0.0,2.4000000000000004,0.0,-1.6,0.8,0.8,0.0,1.6,0.0,1.6,-1.6,0.0,0.8,-0.8,-0.8,0.0,0.8,1.6,-2.4000000000000004,0.0,0.8,1.6,-0.8,0.8,1.6,0.0,0.8,0.8,0.0,2.4000000000000004,-0.8,0.0,0.8,0.8,2.4000000000000004,0.0,0.8,0.8,-0.8,0.8,0.0,0.0,0.8,0.0,0.0,-0.8,0.8,0.0,-0.8,0.8,-0.8,0.8,0.0,0.0,-0.8,0.0,0.8,0.0,0.0,0.0,0.0,0.8,1.6,0.8,0.8,0.8,0.8,0.0,0.0,0.8,0.0,0.0,0.0,0.0,0.8,0.0,0.0,0.0,0.0,0.8,0.8,0.0,0.0,0.8,0.8,0.0,0.0,0.0,0.0,0.0,0.0,0.8,0.8,0.0,0.0,0.0,0.0,0.8,0.8,0.8,0.8,0.8,1.6,0.0,1.6,-1.6,0.8,0.0,-0.8,0.0,-0.8,-0.8,0.0,-0.8,1.6,0.0,0.8,0.0,0.0,0.8,0.8,0.0,0.0,0.0,0.8,-1.6,0.8,0.0,0.0,1.6,-0.8,1.6,0.0,0.0,1.6,0.0,0.8,0.8,0.8,0.0,-0.8,2.4000000000000004,0.0,0.0,0.0,-0.8,0.0,0.8,0.0,0.0,-0.8,0.0,0.8,0.0,0.0,0.0,0.0,1.6,-1.6,0.0,0.8,1.6,0.8,0.0,0.0,0.8,0.8,0.8,0.0,-0.8,1.6,0.0,0.0,-0.8,0.8,0.8,0.8,0.8,0.0,1.6,0.8,0.0,0.8,0.0,0.8,0.0,1.6,-0.8,0.0,-0.8,0.0,0.0,0.8,0.0,1.6,0.0,0.0,0.0,0.8,2.4000000000000004,0.8,0.8,0.0,1.6,0.8,0.0,1.6,0.0,-0.8,-0.8,-1.6,0.8,-0.8,0.8,0.8,0.0,0.8,0.8,0.0,0.8,-0.8,0.8,0.0,0.8,0.0,-0.8,0.0,-0.8,2.4000000000000004,0.0,0.0,1.6,0.0,0.8,-0.8,-0.8,2.4000000000000004,0.0,0.8,0.0,0.0,0.8,-0.8,0.8,0.8,-0.8,0.8,0.0,0.0,0.0,0.8,0.0,-0.8,0.0,0.0,0.8,0.8,-0.8,-0.8,-0.8,0.8,0.0,0.8,0.8,0.8,0.8,0.0,-0.8,0.0,0.0,0.8,-1.6,-0.8,0.8,0.0,0.0,0.8,0.0,-0.8,0.0,0.0,0.0,0.0,-1.6,0.0,0.0,-0.8,0.0,0.0,0.8,0.8,0.8,1.6,0.0,0.8,-0.8,0.0,0.0,0.8,0.0,0.8,1.6,1.6,0.0,1.6,0.0,0.8,0.0,0.0,1.6,-1.6,0.0,1.6,0.8,1.6,-0.8,1.6,-0.8,0.8,0.0,0.0,0.0,0.0,0.8,0.0,-0.8,0.8,-0.8,0.8,0.8,0.0,2.4000000000000004,0.8,0.0,0.8,0.0,0.8,0.0,0.0,0.0,0.0,1.6,-0.8,1.6,0.0,-2.4000000000000004,1.6,0.0,1.6,0.8,0.0,1.6,0.8,-0.8,-0.8,2.4000000000000004,-0.8,-1.6,1.6,-0.8,0.0,0.0,-1.6,1.6,0.0,0.8,0.0,-1.6,0.8,0.0,0.8,0.0,0.0,0.0,-0.8,0.8,0.8,-0.8,0.0,0.0,0.0,-1.6,0.0,0.8,-0.8,0.8,0.0,0.0,0.0,0.8,0.8,0.0,0.0,0.0,-1.6,0.0,-0.8,1.6,0.0,0.0,0.8,0.0,0.0,0.8,0.0,0.0,-0.8,-1.6,0.0,0.8,-0.8,1.6,0.0,0.8,0.0,-0.8,0.0,0.0,-0.8,0.0,-0.8,1.6,-0.8,-0.8,0.8,-0.8,0.8,-0.8,0.0,-0.8,0.8,0.8,0.0,0.8,-0.8,-1.6,0.0,-0.8,0.8,0.8,0.8,1.6,-0.8,0.0,0.8,1.6,0.0,0.0,2.4000000000000004,0.0,-0.8,1.6,0.0,0.0,0.0,0.0,-0.8,-0.8,0.8,-0.8,0.8,0.8,0.8,0.8,0.0,0.0,-1.6,0.0,0.8,-1.6,0.8,0.0,0.8,0.8,0.0,1.6,1.6,0.0,1.6,0.0,0.8,0.0,0.0,0.0,0.0,0.8,0.0,1.6,0.8,0.0,0.8,0.8,-0.8,0.0,0.8,0.0,0.0,0.0,0.8,1.6,0.8,0.0,0.8,-0.8,0.0,0.0,-0.8,-0.8,0.0,0.0,2.4000000000000004,-0.8,0.8,0.0,0.0,0.8,0.8,0.0,0.8,-0.8,1.6,-0.8,-0.8,0.0,-0.8,0.8,0.0,-0.8,0.0,0.8,0.8,0.8,0.0,0.8,0.0,0.8,0.0,0.8,0.8,-0.8,0.0,0.8,-1.6,0.0,0.0,0.0,0.0,0.0,1.6,0.8,0.8,0.0,0.0,1.6,-1.6,0.0,-0.8,0.0,0.8,0.0,0.8,0.0,0.0,1.6,-0.8,0.0,0.0,0.0,0.8,-0.8,0.8,0.0,0.0,0.8,0.0,0.8,-0.8,0.8,0.8,-0.8,0.0,-1.6,0.0,0.8,-0.8,0.0,1.6,-0.8,0.0,-0.8,0.8,0.8,0.0,0.8,0.0,1.6,-0.8,0.8,0.8,0.8,-0.8,0.8,1.6,0.0,0.0,0.0,-1.6,1.6,0.0,2.4000000000000004,0.0,0.0,0.0,0.0,0.0,0.8,0.0,0.8,0.0,1.6,0.0,-0.8,0.0,0.8,0.8,0.0,0.8,-0.8,1.6,0.8,0.0,0.0,1.6,0.0,-0.8,0.0,1.6,0.8,0.0,0.0,0.0,-0.8,-0.8,0.0,-0.8,0.8,0.8,0.0,0.0,0.0,0.0,-1.6,0.0,0.8,-0.8,0.8,0.0,0.0,0.8,-0.8,3.2,-0.8,0.8,0.0,-1.6,1.6,-0.8,-0.8,0.0,0.8,0.0,-0.8,3.2,0.0,-1.6,2.4000000000000004,-0.8,0.8,-0.8,0.0,0.8,0.0,0.8,-0.8,1.6,1.6,-1.6,2.4000000000000004,0.8,0.8,0.8,-0.8,0.0,0.0,1.6,0.8,0.8,1.6,0.8,0.8,0.8,0.0,1.6,-0.8,0.8,0.0,0.0,0.8,0.8,0.8,0.0,-0.8,1.6,-1.6,0.8,0.0,1.6,0.0,0.8,0.8,-0.8,0.8,0.0,0.8,1.6,-0.8,-0.8,1.6,0.8,0.0,0.8,0.8,0.8,-1.6,-0.8,1.6,0.8,0.8,0.8,0.0,-0.8,0.0,0.0,0.8,0.0,0.8,0.8,0.8,1.6,0.0,0.0,0.0,-0.8,-0.8,0.0,1.6,0.8,-0.8,0.8,0.0,-0.8,0.0,0.0,-0.8,-0.8,0.8,-0.8,0.8,0.0,-0.8,1.6,0.0,0.0,0.8,0.0,0.0,0.0,0.0,0.0,0.0,0.8,0.0,0.8,-0.8,0.0,0.0,0.0,0.8,0.8,0.0,0.8,-0.8,0.8,0.8,0.0,0.0,0.0,1.6,-0.8,0.8,0.8,0.0,0.8,-0.8,0.0,0.8,-1.6,0.8,0.0,1.6,-0.8,0.0,0.0,0.0,-0.8,0.0,0.0,1.6,-0.8,1.6,0.0,0.0,0.0,-0.8,0.0,-1.6,0.8,0.0,0.0,0.0,-0.8,1.6,-0.8,-0.8,1.6,0.0,0.8,-1.6,0.0,0.0,0.0,0.0,-0.8,0.8,0.8,0.0,0.0,0.8,0.8,0.8,0.8
event_121,1625267004.467888,0.0,0.0,0.8,0.0,1.6,0.8,0.0,1.6,-0.8,0.8,-0.8,0.0,0.8,0.0,1.6,0.0,0.0,0.8,0.0,1.6,0.8,0.0,2.4000000000000004,-0.8,0.8,0.0,0.8,0.0,0.8,1.6,0.0,0.0,0.0,0.0,0.8,-0.8,1.6,0.0,0.0,1.6,0.0,0.0,0.8,-0.8,0.8,-1.6,1.6,0.0,-1.6,1.6,0.0,0.8,0.0,0.8,0.8,0.8,0.8,0.0,0.8,0.0,-0.8,1.6,0.0,0.0,1.6,0.0,0.8,-0.8,0.0,-0.8,1.6,2.4000000000000004,0.8,0.0,1.6,0.0,0.8,0.0,0.8,0.8,0.0,-0.8,-0.8,3.2,0.8,0.0,2.4000000000000004,0.8,0.8,0.8,0.0,-0.8,0.0,0.0,-0.8,1.6,0.8,0.8,0.0,0.8,0.8,0.0,-1.6,-21.6,-44.8,-38.400000000000006,-19.200000000000003,-9.600000000000001,-6.4,-1.6,-1.6,-2.4000000000000004,-0.8,-1.6,-0.8,-0.8,0.0,0.0,-1.6,0.8,0.0,1.6,0.8,0.0,1.6,-0.8,0.8,0.8,-1.6,1.6,-1.6,0.8,0.0,-0.8,0.8,0.8,0.8,0.8,0.0,0.8,-0.8,0.0,0.0,-0.8,0.0,0.0,0.0,0.0,0.0,0.0,-0.8,1.6,0.0,0.0,1.6,0.0,0.0,-1.6,0.0,0.0,-0.8,0.8,-0.8,0.0,0.0,-0.8,0.8,-1.6,0.0,0.0,-0.8,0.0,-0.8,2.4000000000000004,-1.6,0.0,0.8,-1.6,1.6,0.0,0.0,1.6,0.8,0.0,0.0,0.8,0.8,0.0,1.6,-0.8,0.0,1.6,0.0,-0.8,0.0,0.0,0.8,0.8,0.8,0.0,1.6,-0.8,0.0,1.6,-1.6,-0.8,0.0,0.0,0.8,0.8,-0.8,1.6,0.0,0.8,0.8,0.8,0.8,-0.8,0.8,0.0,0.0,0.0,-0.8,0.0,0.8,-1.6,0.0,-0.8,1.6,-0.8,0.0,1.6,0.0,0.8,0.8,0.8,0.8,-0.8,0.8,-0.8,0.0,0.0,0.8,0.8,0.8,-0.8,0.8,0.0,0.0,-0.8,0.8,0.8,-0.8,0.8,0.0,0.0,0.0,0.8,0.8,0.0,0.0,0.8,0.8,0.0,0.0,0.8,0.0,0.8,1.6,-0.8,0.0,0.8,0.0,0.8,0.0,0.0,0.0,0.8,-1.6,-1.6,0.8,0.8,0.8,0.0,0.8,1.6,0.0,1.6,0.8,-0.8,0.8,0.0,-0.8,0.8,0.8,0.8,0.0,0.0,0.8,0.8,0.0,0.0,1.6,-0.8,0.0,0.0,0.8,0.0,-0.8,0.8,0.8,0.0,1.6,0.0,0.8,0.8,0.0,0.8,0.0,0.8,0.0,0.8,0.0,0.8,0.0,0.0,0.0,1.6,0.8,-0.8,0.8,1.6,0.0,0.8,0.8,0.8,0.0,-0.8,0.0,0.0,-0.8,1.6,-0.8,0.8,-0.8,0.0,0.8,0.0,1.6,0.8,0.0,0.8,1.6,0.8,-0.8,0.8,0.8,-0.8,1.6,-0.8,0.8,0.0,-1.6,1.6,-0.8,-0.8,0.0,-0.8,0.8,-1.6,0.8,0.8,0.0,0.8,0.0,1.6,0.0,-1.6,0.8,-0.8,2.4000000000000004,0.8,0.0,0.0,0.0,1.6,0.0,0.8,-0.8,0.0,1.6,-1.6,0.0,0.0,-0.8,0.0,0.0,0.8,-0.8,-0.8,0.8,-0.8,-0.8,0.8,0.8,1.6,-1.6,-1.6,1.6,0.8,0.8,0.8,0.8,0.0,0.8,-0.8,0.0,0.8,1.6,-0.8,1.6,0.8,0.8,0.0,1.6,0.8,0.8,-0.8,-0.8,0.0,-0.8,0.0,1.6,0.8,0.8,-0.8,1.6,0.0,0.8,0.0,1.6,0.0,0.8,0.0,0.8,0.8,0.0,0.0,0.0,0.0,0.0,1.6,0.0,-0.8,-0.8,0.8,0.0,-1.6,0.0,0.0,0.8,0.0,0.8,0.8,-0.8,0.0,0.0,0.0,0.8,0.0,1.6,0.0,0.8,1.6,-0.8,2.4000000000000004,-0.8,-0.8,0.8,-0.8,0.8,-0.8,0.0,0.0,0.0,1.6,-0.8,-0.8,-0.8,-0.8,0.8,-1.6,0.0,0.0,-0.8,1.6,-0.8,0.0,-0.8,0.0,0.8,-0.8,0.0,0.0,-0.8,0.8,0.0,0.0,0.0,0.0,1.6,0.8,0.0,-0.8,0.0,0.8,0.8,2.4000000000000004,0.0,1.6,1.6,0.0,0.8,0.8,0.8,0.8,-0.8,0.8,-0.8,0.0,0.0,0.0,0.8,0.0,0.8,0.8,-0.8,0.8,-0.8,0.8,0.8,0.8,0.0,-0.8,0.8,0.8,0.0,0.8,0.0,0.8,0.0,0.8,0.0,0.8,0.0,0.8,0.0,-0.8,0.8,0.8,-0.8,0.0,0.0,-0.8,-0.8,0.0,0.0,0.0,0.0,0.8,0.0,0.8,0.8,0.0,0.8,-0.8,0.0,0.0,0.8,0.0,0.0,0.0,1.6,-0.8,0.8,0.0,-2.4000000000000004,1.6,-0.8,0.0,1.6,0.0,1.6,0.8,1.6,1.6,0.0,0.8,-0.8,0.8,0.8,0.0,0.8,-0.8,0.0,0.0,0.0,1.6,0.0,0.8,1.6,0.0,0.0,-0.8,1.6,0.0,0.8,1.6,0.0,0.8,1.6,0.0,0.8,0.0,0.8,0.0,0.8,0.0,-0.8,0.0,1.6,0.0,0.0,-0.8,0.8,0.0,0.0,0.0,-0.8,0.8,0.8,-0.8,0.0,0.8,0.0,0.0,0.0,0.8,-0.8,0.8,0.8,-0.8,0.0,0.8,0.0,0.0,-0.8,2.4000000000000004,0.8,0.0,0.0,0.8,-1.6,-2.4000000000000004,0.8,0.8,-0.8,0.8,0.0,-0.8,0.8,-0.8,0.8,0.8,-0.8,-0.8,0.8,1.6,0.0,0.0,-0.8,0.8,0.8,0.8,-0.8,1.6,0.8,0.0,0.0,0.8,0.0,0.8,0.8,-1.6,2.4000000000000004,0.0,0.8,0.8,0.0,-1.6,0.0,-0.8,0.8,-0.8,0.8,-0.8,0.0,0.8,0.8,1.6,0.8,-0.8,0.8,-0.8,0.8,0.8,-0.8,0.0,0.0,1.6,-0.8,0.8,0.0,0.8,0.8,-1.6,-0.8,0.0,0.0,1.6,0.8,1.6,-0.8,0.0,0.8,0.0,0.0,0.0,0.0,1.6,-0.8,0.0,0.8,0.0,0.0,-0.8,0.0,-0.8,1.6,1.6,0.8,0.8,0.0,0.8,0.0,-0.8,0.0,0.8,0.0,0.8,-0.8,0.0,-0.8,0.8,1.6,0.0,0.8,0.0,1.6,0.0,0.0,0.0,1.6,0.0,-0.8,0.0,0.8,-0.8,-0.8,-0.8,1.6,0.8,1.6,-0.8,-0.8,1.6,-0.8,0.0,0.0,1.6,0.8,-0.8,0.8,0.8,0.8,0.0,0.0,0.8,-0.8,-1.6,-0.8,0.0,0.0,0.0,1.6,0.8,0.0,1.6,0.8,1.6,0.0,0.0,1.6,1.6,3.2,-0.8,1.6,0.8,0.8,2.4000000000000004,-1.6,0.0,0.0,0.0,0.8,-1.6,0.8,0.0,0.0,1.6,-0.8,0.8,-0.8,0.8,1.6,-1.6,0.8,0.8,0.8,0.0,-0.8,0.8,0.0,0.0,0.8,0.0,0.8,0.0,0.8,0.0,-1.6,0.8,-0.8,0.0,0.0,0.8,1.6,-1.6,1.6,0.0,-0.8,0.0,0.0,0.8,0.0,-0.8,0.8,0.0,1.6,0.0,0.0,0.8,0.0,-0.8,-0.8,0.8,0.8,-0.8,0.8,0.8,0.0,1.6,0.0,0.8,0.8,0.8,0.0,-0.8,0.0,0.0,0.8,0.8,0.8,0.0,0.0,-0.8,0.8,-1.6,0.0,0.0,0.0,-0.8,0.8,0.0,0.0,0.0,0.8,0.0,0.0,0.8,-0.8,0.8,0.8,1.6,0.8,1.6,0.0,0.8,-1.6,0.0,0.0,0.8,-0.8,-0.8,1.6,0.8,1.6,0.8,0.0,0.8,-0.8,-0.8,-0.8,0.0,0.0,0.8,0.0,0.8,-0.8,0.8,0.8,0.8,0.0,0.0,1.6,0.8,1.6,0.8,0.8,0.8,0.0,1.6,0.0,0.8,1.6,0.0,0.8,0.8,0.0,-1.6,-0.8,0.8,-0.8,0.8,0.8,0.0,0.0,0.0,1.6,-0.8,0.0,0.8,0.0,0.0,0.8,0.0,0.8,0.0,1.6,0.0,1.6,0.8,-0.8,1.6,-1.6,0.0,0.8,0.0,1.6,0.0,0.8,0.0,-0.8,-0.8,0.0,0.8,0.0,0.0,1.6,-0.8,0.8,-0.8,-0.8,0.8,0.0,0.0,0.8,0.0,0.0,-0.8,0.8,1.6,1.6,0.8,0.8,1.6,0.8,0.0,0.8,0.0,1.6,0.8,0.0,0.0,-0.8,0.8,1.6,0.8,0.8,0.0,0.0,0.0,-0.8,0.0,0.8,0.0,0.8,-1.6,0.8,-0.8,1.6,0.0,-0.8,0.0,0.0,1.6,1.6,-0.8,1.6,0.0,2.4000000000000004,0.0,-1.6,1.6,1.6,0.0,0.8,0.0,0.0,0.0,0.0,0.8,-0.8,1.6,-0.8,0.0,0.8,0.0,0.0,0.0,0.0,0.0,1.6,2.4000000000000004,0.0,0.0,0.8,0.8,0.8,0.0,0.8,0.0,0.0,1.6,-0.8,1.6,0.0,0.8,0.0,0.0,1.6,0.8,0.0,0.8,0.0,0.0,0.0,-0.8,0.8,0.0,0.0,0.0,0.0,-0.8,0.8,0.8,0.0,0.0,-0.8,0.0,0.8,0.8,0.0,0.0,1.6,0.0,0.0,1.6,0.8,0.0,0.8,-0.8,-0.8,-0.8,0.0,0.8,0.8,0.8,0.8,0.0,0.0,0.8,-0.8,0.8,0.0,0.8,0.0,1.6,0.0,0.0,2.4000000000000004,0.0,-2.4000000000000004,2.4000000000000004,2.4000000000000004,-0.8,-0.8,2.4000000000000004,0.8,-1.6,0.8,1.6,-0.8,0.0,0.0,2.4000000000000004,-0.8,0.0,2.4000000000000004,0.8,1.6,-0.8,0.8,1.6,-0.8,0.8,0.8,0.0,1.6,-0.8,-0.8,0.0,1.6,0.8,-0.8,1.6,0.8,1.6,1.6,-1.6,0.8,0.0,0.8,1.6,-0.8,1.6,0.0,0.8,0.8,0.8,0.8,-0.8,0.8,0.8,-0.8,0.8,0.0,0.8,0.0,0.0,0.8,0.0,0.0,0.0,0.8,1.6,-0.8,0.0,0.8,0.0,0.8,0.0,1.6,0.0,1.6,0.0,0.0,0.0,0.0,0.0,0.8,-0.8,1.6,0.0,0.8,0.0,1.6,0.0,-1.6,0.0,0.0,0.8,-0.8,0.0,0.0,0.0,0.0,0.0,0.8,1.6,-0.8,0.8,-1.6,0.0,0.8,0.0,0.8,0.8,0.0,-0.8,0.0,0.0,0.0,0.8,0.8,0.8,0.8,-0.8,0.8,0.0,0.0,0.8,0.8,1.6,-0.8,0.8,0.8,0.8,0.8,-0.8,1.6,0.8,0.0,-1.6,0.0,1.6,-1.6,0.8,0.8,-0.8,0.8,-1.6,0.0,0.8,0.0,0.8,0.0,1.6,0.0,-0.8,0.8,0.0,1.6,-1.6,0.0,0.8,-0.8,1.6,0.0,0.0,2.4000000000000004,0.0,1.6,0.8,0.0,1.6,-1.6,0.8,-0.8,1.6,0.0,-0.8,1.6,0.0,0.0,1.6,0.0,0.8,0.0,0.8,-0.8,0.0,0.8,0.0,0.8,0.8,0.8,0.8,0.0,0.0,0.0,1.6,0.8,0.0,1.6,-0.8,0.0,0.8,0.0,1.6,0.8,0.0,2.4000000000000004,1.6,0.8,0.8,1.6,0.8,0.0,0.0,0.8,0.0,0.0,0.0,0.8,-0.8,0.0,0.8,-0.8,0.8,0.8,0.8,0.0,0.8,0.8,-0.8,0.0,-0.8,-0.8,-0.8,0.8,1.6,0.0,0.8,0.8,0.0,0.8,0.0,0.0,0.8,0.0,0.0,0.8,0.0,0.0,0.0,0.0,0.8,0.0,-1.6,0.0,0.8,0.0,-0.8,0.0,-0.8,-0.8,0.0,0.0,1.6,0.0,0.0,0.8,0.0,0.8,0.8,0.0,0.8,0.0,1.6,0.8,0.8,2.4000000000000004,-0.8,0.8,0.0,0.0,0.8,0.0,0.8,0.0,0.0,1.6,0.8,1.6,-0.8,0.8,0.8,0.0,0.0,0.8,0.0,0.8,-0.8,0.8,0.0,0.8,0.0,0.0,1.6,-0.8,1.6,0.8,0.8,0.8,0.0,0.0,-0.8,-0.8,0.8,0.0,-0.8,0.0,-0.8,0.0,-0.8,0.0,0.0,0.0,0.8,1.6,0.0,0.0,0.0,0.8,1.6,0.0,-2.4000000000000004,1.6,0.8,-0.8,0.8,1.6,0.0,0.0,1.6,-0.8,-0.8,0.8,-0.8,0.0,0.0,0.0,0.0,1.6,0.0,0.8,0.8,0.0,0.0,0.8,0.0,0.0,-1.6,0.0,0.0,0.0,0.0,0.8,0.0,0.0,0.0,0.8,0.0,-0.8,0.0,1.6,2.4000000000000004,0.0,0.8,0.0,0.8,-0.8,0.8,1.6,-0.8,0.8,-0.8,0.8,1.6,-0.8,1.6,0.0,0.0,0.0,-0.8,0.8,0.0,-0.8,0.8,0.0,1.6,0.0,0.0,0.8,-0.8,0.8,0.0,0.0,0.8,0.8,0.0,0.0,0.0,0.0,0.0,0.8,-0.8,0.8,0.0,0.0,0.8,-0.8,0.0,0.0,-0.8,0.0,0.8,0.0,0.0,0.8,0.0,0.0,0.0,0.8,0.0,0.0,-0.8,2.4000000000000004,0.0,-1.6,0.8,0.8,0.8,0.0,-0.8,0.0,1.6,0.0,0.0,0.0,0.8,1.6,0.0,1.6,0.0,0.0,0.8,0.0,0.8,-0.8,0.0,0.0,0.0,0.0,0.0,0.8,0.8,1.6,0.8,1.6,1.6,0.8,0.0,0.0,0.0,2.4000000000000004,0.0,0.8,0.8,0.8,0.0,0.8,-0.8,1.6,-0.8,-0.8,0.0,0.0,0.8,0.0,0.8,0.8,0.0,1.6,-1.6,0.8,-0.8,0.0,0.8,0.0,0.8,-1.6,0.0,0.0,-1.6,1.6,0.0,-0.8,1.6,-0.8,0.0,0.8,1.6,-0.8,0.0,0.8,0.0,0.8,-0.8,0.0,0.8,-1.6,0.0,-1.6,0.0,1.6,-0.8,1.6,0.0,0.0,0.8,-0.8,1.6,-0.8,0.0,0.8,0.0,-0.8,-0.8,0.0,0.8,0.8,0.8,-1.6,0.0,0.8,-0.8,0.8,0.0,0.8,0.0,0.0,0.8,0.8,0.8,0.0,0.0,0.0,-0.8,-0.8,0.0,0.8,0.0,0.0,0.8,0.8,1.6,0.0,1.6,0.8,0.0,0.0,0.0,0.8,1.6,0.0,0.8,0.8,1.6,0.0,0.0,-0.8,0.0,0.0,-1.6,0.0,0.8,0.0,2.4000000000000004,-0.8,1.6,-0.8,-0.8,0.8,0.0,0.8,0.8,0.0,0.8,-1.6,0.0,0.0,0.0,0.0,-0.8,0.8,-0.8,0.8,0.8,-0.8,1.6,-1.6,0.0,0.0,0.0,1.6,0.8,0.0,0.0,-0.8,0.8,0.0,0.8,0.0,1.6,1.6,-0.8,0.8,1.6,0.0,0.8,0.0,0.0,-0.8,0.0,1.6,0.0,1.6,0.0,0.8,0.8,0.0,0.0,-0.8,2.4000000000000004,0.8,0.0,0.8,0.8,1.6,-0.8,0.0,0.8,-0.8,-0.8,1.6,0.8,0.0,-0.8,0.8,-0.8,0.0,0.0,-0.8,1.6,0.8,0.8,0.8,0.0,0.0,-0.8,1.6,0.0,0.0,0.8,0.8,1.6,0.8,-1.6,0.8,0.0,0.8,0.0,0.0,0.0,0.0,0.8,1.6,0.8,0.8,0.0,0.8,-0.8,0.8,0.0,1.6,0.0,0.8,0.0,0.0,0.8,0.8,0.8,0.0,0.0,0.0,1.6,0.8,0.8,0.0,0.8,-0.8,0.0,0.8,0.8,1.6,-0.8,0.0,0.0,-1.6,-0.8,0.8,0.8,0.0,0.0,0.0,-0.8,0.8,0.0,0.0,0.8,0.0,0.0,-0.8,1.6,0.8,0.0,1.6,0.8,0.0,-0.8,0.8,0.8,-2.4000000000000004,2.4000000000000004,1.6,-1.6,0.8,1.6,0.8,-0.8,2.4000000000000004,0.0,0.0,0.8,-0.8,0.8,0.8,-1.6,1.6,0.0,0.0,0.0,0.8,0.8,0.8,0.8,0.8,0.0,0.0,0.8,0.8,2.4000000000000004,-0.8,0.8,0.0,1.6,0.0,0.8,0.8,0.0,0.0,0.0,0.0,1.6,0.0,1.6,0.0,0.0,0.0,-0.8,0.0,0.8,0.8,0.8,-0.8,0.8,0.0,0.0,0.0,0.8,1.6,0.0,0.0,-0.8,0.8,0.8,0.0,0.0,0.0,0.0,0.0,0.0,1.6,2.4000000000000004,-0.8,0.0,0.0,-1.6,0.8,0.0,0.8,0.0,0.0,0.8,0.0,0.8,0.0,-0.8,0.8,0.0,-0.8,0.8,0.8,0.0,0.8,1.6,2.4000000000000004,1.6,0.8,-0.8,0.8,0.8,0.8,0.8,0.0,1.6,0.8,0.0,1.6,0.0,0.8,0.0,0.0,1.6,-0.8,0.8,-1.6,0.0,0.8,0.8,2.4000000000000004,0.8,1.6,1.6,0.0,1.6,0.8,0.0,0.0,0.0,1.6,-0.8,0.8,0.8,0.8,0.0,0.0,0.8,0.8,-0.8,0.0,0.0,0.0,0.0,0.8,0.8,1.6,0.0,0.8,0.0,0.8,-0.8,0.8,0.0,1.6,0.8,-0.8,0.8,0.0,1.6,0.8,0.0,0.8,1.6,0.8,-0.8,1.6,0.0,0.8,0.0,0.0,0.0,0.8,0.0,0.8,0.8,-0.8,0.8,0.0,0.8,0.8,0.8,0.8,0.0,1.6,0.0,0.0,0.8,0.0,-0.8,0.0,1.6,0.0,0.8,0.8,0.8,0.0,0.8,0.8,0.0,1.6,0.0,-0.8,0.8,0.0,1.6,0.0,-0.8,0.8,0.0,0.8,0.0,0.0,0.0,0.0,0.8,0.0,0.0,0.8,0.0,1.6,0.0,2.4000000000000004,0.8,0.8,1.6,-1.6,0.8,0.8,0.8,1.6,0.8,1.6,0.8,-0.8,1.6,-0.8,0.8,0.0,-0.8,0.8,0.0,0.8,0.0,0.8,0.8,-0.8,1.6,-0.8,1.6,0.0,0.0,0.8,0.0,0.0,0.8,0.0,1.6,-0.8,0.8,0.8,-0.8,1.6,0.8,0.0,0.0,0.8,2.4000000000000004,0.8,0.0,0.0,0.8,-1.6,-0.8,0.8,-0.8,0.8,1.6,0.0,0.0,0.0,0.8,0.0,0.0,0.8,0.0,1.6,0.0,-1.6,0.8,1.6,0.0,0.0,1.6,1.6,0.0,1.6,0.0,-0.8,0.0,0.0,0.0,0.0,0.8,0.8,0.8,0.8,0.8,0.8,0.0,0.0,0.8,0.0,0.0,0.0,0.0,0.0,1.6,0.8,0.0,0.0,-0.8,0.0,0.0,0.0,0.0,0.0,0.0,0.8,0.0,1.6,0.0,0.8,0.0,0.0,0.8,0.0,0.0,-0.8,-0.8,1.6,0.0,1.6,0.0,-0.8,0.8,0.0,0.0,0.8,0.0,0.8,-1.6,1.6,0.0,-1.6,0.0,0.0,1.6,-0.8,0.0,0.0,0.8,1.6,-0.8,1.6,0.8,-0.8,0.8,-0.8,1.6,0.8,-0.8,0.0,0.0,-0.8,0.0,0.8,0.0,-0.8,0.8,1.6,0.0,0.0,0.0,0.8,0.0,-0.8,0.0,0.0,1.6,0.8,0.0,0.8,0.8,1.6,0.0,0.0,-0.8,0.8,1.6,-0.8,0.8,0.8,0.8,0.8,0.8,1.6,0.8,0.0,0.8,0.8,0.8,0.0,-0.8,0.0,0.8,-1.6,0.8,2.4000000000000004,0.0,0.0,1.6,0.0,-0.8,0.0,0.8,0.0,2.4000000000000004,1.6,0.8,2.4000000000000004,0.8,0.8,0.8,0.0,0.8,0.8,-0.8,0.0,1.6,0.8,0.8,1.6,0.8,-0.8,0.8,0.0,0.8,-0.8,0.8,0.8,0.8,0.8,0.0,1.6,0.8,0.0,0.0,-0.8,0.8,1.6,1.6,0.8,-0.8,0.8,-0.8,-0.8,0.0,0.8,1.6,-0.8,0.8,0.0,-0.8,0.8,0.0,1.6,0.0,0.8,1.6,0.0,1.6,0.8,0.8,1.6,-0.8,0.0,0.0,0.8,0.8,0.0,1.6,0.8,-0.8,0.8,0.0,0.8,0.0,0.0,0.0,0.0,0.8,0.0,0.8,0.0,0.8,0.8,0.0,0.8,0.8,0.0,0.8,-1.6,0.0,0.8,-0.8,0.0,1.6,0.0,0.0,0.8,0.8,0.8,-0.8,0.8,0.8,0.8,0.0,1.6,1.6,0.8,0.8,0.8,-0.8,0.8,0.0,-0.8,-0.8,-0.8,0.8,1.6,0.0,0.8,-1.6,0.8,-0.8,1.6,-0.8,0.0,0.8,-0.8,1.6,0.0,0.0,1.6,0.8,0.8,0.8,-0.8,1.6,0.0,0.0,-0.8,0.0,0.0,-0.8,0.0,0.8,0.0,0.0,-0.8,0.8,-0.8,0.0,0.8,0.0,0.8,0.8,0.8,0.0,0.0,0.0,-0.8,0.0,0.8,-0.8,0.8,0.8,0.0,0.0,0.0,0.8,0.0,0.8,0.0,0.0,1.6,0.0,-0.8,-0.8,0.0,0.8,0.0,0.8,1.6,0.8,0.0,0.0,0.8,0.0,0.0,0.8,-0.8,0.0,-0.8,0.0,0.8,0.8,1.6,0.0,0.0,0.8,-0.8,0.8,0.8,1.6,0.0,0.0
event_122,1625267006.6230114,0.8,1.6,0.0,0.8,0.8,1.6,-0.8,1.6,0.8,0.8,0.0,0.0,0.0,0.0,-0.8,0.8,0.8,0.8,-0.8,0.0,0.8,0.0,-0.8,1.6,0.0,1.6,-0.8,-0.8,0.0,0.8,0.0,0.0,0.0,0.8,0.8,1.6,0.8,0.8,1.6,0.8,0.0,-0.8,0.8,1.6,-0.8,0.8,0.0,0.0,-0.8,-0.8,0.0,-1.6,0.8,0.0,0.0,2.4000000000000004,0.0,0.8,1.6,-1.6,0.0,-0.8,1.6,0.8,0.0,0.8,-0.8,0.8,1.6,-0.8,0.8,-0.8,0.0,0.0,0.0,0.8,-0.8,1.6,-0.8,0.0,0.0,0.0,0.8,0.0,0.0,0.0,-0.8,0.8,0.8,0.8,0.8,0.8,0.8,0.0,1.6,0.0,-0.8,0.0,0.0,1.6,0.8,0.8,-5.6,-43.2,-58.4,-36.8,-13.600000000000001,-6.4,-2.4000000000000004,0.0,-4.0,-4.800000000000001,-3.2,-2.4000000000000004,-1.6,0.8,0.8,0.0,-0.8,-1.6,0.8,-1.6,0.0,0.8,0.0,-0.8,0.0,0.8,-1.6,-0.8,1.6,-0.8,-0.8,1.6,0.0,1.6,-0.8,0.0,1.6,-0.8,-0.8,-0.8,1.6,0.0,-0.8,0.0,-0.8,0.8,-0.8,-0.8,0.0,-1.6,1.6,-0.8,0.8,0.8,-0.8,1.6,-0.8,0.0,0.8,0.8,0.0,-0.8,0.0,1.6,-0.8,1.6,-0.8,-0.8,1.6,-1.6,1.6,0.0,0.8,0.8,0.8,0.0,-0.8,0.8,0.0,0.0,1.6,-1.6,0.0,-0.8,-0.8,0.8,-1.6,0.8,1.6,0.8,0.8,0.8,0.8,0.0,0.0,0.8,0.0,2.4000000000000004,0.0,0.8,1.6,0.8,0.8,0.0,0.0,0.8,0.0,0.8,-0.8,0.8,0.0,0.0,0.8,0.0,0.0,0.0,-0.8,0.8,-1.6,0.0,0.0,1.6,-0.8,-1.6,0.8,0.0,0.0,0.8,0.0,0.0,0.0,0.8,0.8,-0.8,0.0,3.2,0.0,-2.4000000000000004,3.2,2.4000000000000004,-1.6,1.6,0.0,-1.6,-1.6,0.0,0.8,-0.8,0.0,0.0,0.8,0.0,0.0,0.0,0.8,0.0,-0.8,-0.8,2.4000000000000004,0.0,0.0,-0.8,0.8,1.6,0.0,0.8,0.0,0.8,0.8,-1.6,0.8,0.0,0.0,0.8,0.0,1.6,-0.8,0.0,0.8,-0.8,0.0,-2.4000000000000004,0.8,-0.8,0.0,0.8,-0.8,2.4000000000000004,0.0,0.8,0.8,-0.8,0.8,-1.6,0.8,-0.8,0.0,0.8,-0.8,0.8,1.6,-0.8,0.8,-0.8,0.8,0.0,-0.8,0.0,-0.8,0.8,0.8,0.0,0.8,-1.6,0.0,0.0,0.8,1.6,-0.8,0.0,0.8,-1.6,-0.8,0.0,0.0,0.0,0.0,0.0,-0.8,0.8,1.6,0.0,0.0,0.0,0.0,0.0,-0.8,0.8,0.8,0.0,0.0,0.0,0.0,-0.8,0.8,0.0,-0.8,0.8,-0.8,0.8,0.8,0.8,0.0,0.0,0.0,-0.8,-0.8,0.8,0.0,0.0,0.0,0.8,0.8,1.6,-1.6,-0.8,0.8,-0.8,-0.8,0.8,1.6,0.8,0.8,0.0,1.6,0.8,-0.8,0.8,0.8,0.0,-0.8,0.0,0.8,-0.8,0.0,0.0,0.8,0.8,-0.8,1.6,0.0,0.8,0.0,0.8,0.0,1.6,0.0,0.0,0.0,0.0,0.0,0.8,0.0,-0.8,0.0,0.0,0.0,0.0,0.0,1.6,0.0,0.0,0.0,0.0,0.8,-0.8,-0.8,0.8,0.0,2.4000000000000004,0.8,0.0,0.0,0.8,0.8,-0.8,1.6,0.0,0.0,0.8,-0.8,0.8,0.0,-0.8,0.0,-0.8,0.0,0.8,0.0,0.8,-0.8,-0.8,0.8,0.8,1.6,0.0,0.8,0.0,0.0,1.6,-0.8,0.0,0.0,-0.8,-0.8,0.0,1.6,0.0,0.8,0.0,0.0,0.0,1.6,0.8,1.6,0.8,0.0,0.0,-0.8,0.8,0.0,0.0,0.0,0.0,0.8,0.0,0.0,0.8,-0.8,0.0,-0.8,-0.8,0.8,0.0,0.8,1.6,0.8,0.8,0.8,1.6,0.8,0.0,0.8,0.8,2.4000000000000004,-0.8,1.6,0.8,0.8,0.0,-0.8,0.0,-0.8,-0.8,0.8,-0.8,0.8,0.8,0.8,1.6,-0.8,0.8,-0.8,0.0,1.6,-1.6,1.6,0.8,0.8,0.0,-2.4000000000000004,1.6,0.0,0.0,1.6,0.0,0.8,0.8,1.6,0.8,-1.6,0.0,0.0,0.0,-0.8,0.0,0.0,-1.6,1.6,-1.6,-1.6,0.0,-0.8,0.0,-0.8,0.0,0.0,-1.6,1.6,0.0,0.0,0.8,-0.8,0.0,-1.6,1.6,0.0,0.0,0.8,0.8,0.0,1.6,-0.8,-0.8,0.0,0.0,0.0,0.0,1.6,0.0,0.0,0.0,-0.8,0.0,0.0,0.0,0.0,0.0,-0.8,0.0,0.0,0.0,-0.8,0.0,1.6,0.0,-0.8,1.6,0.0,0.8,-1.6,0.8,0.8,0.0,0.8,0.0,0.8,1.6,-0.8,0.8,-0.8,1.6,0.0,-0.8,0.0,0.8,0.8,0.8,0.8,1.6,-0.8,0.8,-0.8,0.0,0.0,0.8,0.0,0.8,0.0,-0.8,0.0,1.6,-1.6,0.0,0.8,-1.6,2.4000000000000004,0.8,0.8,0.8,0.0,1.6,-1.6,0.8,0.8,0.8,1.6,-0.8,0.8,-0.8,0.8,0.8,0.0,0.8,0.0,-1.6,1.6,-0.8,0.8,0.0,0.8,0.0,-0.8,1.6,0.8,0.8,0.0,-0.8,2.4000000000000004,0.8,0.8,0.0,0.8,1.6,-0.8,0.8,0.0,0.8,1.6,-0.8,0.0,0.8,0.0,1.6,0.0,0.8,0.0,-0.8,-0.8,-0.8,0.8,-0.8,0.8,1.6,0.8,0.8,1.6,0.8,0.0,-0.8,0.8,-0.8,1.6,0.8,0.0,1.6,0.8,0.0,1.6,0.0,0.0,0.0,0.0,0.8,-0.8,-0.8,1.6,0.8,0.8,0.0,0.8,0.0,0.0,-0.8,1.6,-0.8,0.8,0.0,0.0,0.8,0.0,0.0,-0.8,0.8,0.8,1.6,0.8,0.0,0.8,1.6,-0.8,0.0,-1.6,0.8,0.0,0.0,1.6,0.8,0.0,0.0,0.0,1.6,-0.8,2.4000000000000004,0.8,0.0,0.8,0.0,0.8,0.8,0.0,-1.6,0.8,1.6,0.0,0.0,0.0,0.8,1.6,0.0,0.8,-0.8,0.8,0.8,0.0,0.0,0.0,0.0,0.8,0.0,0.8,0.8,-0.8,0.0,0.8,0.0,-0.8,0.0,0.0,-0.8,0.8,0.0,1.6,0.8,0.8,1.6,0.0,1.6,-0.8,0.8,0.0,0.8,0.0,0.8,0.8,2.4000000000000004,0.0,0.8,0.0,0.0,-0.8,0.8,0.0,0.8,0.8,0.8,0.8,1.6,0.0,0.8,0.0,-0.8,0.8,0.0,0.0,0.0,0.0,-0.8,0.8,0.8,0.8,0.8,0.0,0.0,0.8,0.8,0.0,0.0,0.0,-1.6,0.0,0.0,0.0,0.8,0.0,0.8,0.8,0.8,0.8,-0.8,1.6,-0.8,0.8,0.8,0.8,1.6,0.8,0.0,0.0,-0.8,0.8,0.8,0.8,0.8,-0.8,0.8,-0.8,0.8,0.8,0.0,0.8,0.8,0.8,-0.8,0.8,0.8,0.0,0.8,0.8,0.0,0.8,0.0,0.0,0.0,-0.8,0.8,-0.8,0.8,0.8,0.8,1.6,0.8,0.8,1.6,0.0,0.8,1.6,0.8,0.0,0.0,1.6,0.0,0.8,0.8,1.6,0.0,0.8,0.8,0.0,0.8,0.8,-0.8,0.0,-0.8,0.8,0.0,0.8,-0.8,0.0,0.0,0.8,0.0,0.0,0.8,0.8,0.0,0.8,0.0,1.6,0.0,0.0,0.8,1.6,1.6,1.6,-0.8,0.8,0.0,0.8,0.0,0.0,1.6,0.8,0.0,-0.8,1.6,0.0,0.0,0.0,0.0,0.8,0.0,0.8,0.0,0.0,1.6,-0.8,0.0,0.0,-1.6,0.8,0.0,0.8,0.0,0.0,2.4000000000000004,0.0,0.8,0.0,-0.8,1.6,-1.6,1.6,0.8,0.0,1.6,-0.8,0.0,0.8,0.8,0.8,0.0,1.6,-1.6,0.0,0.8,-0.8,1.6,-1.6,-0.8,0.8,-0.8,0.8,0.0,0.8,0.0,-0.8,2.4000000000000004,-0.8,2.4000000000000004,0.8,0.8,1.6,0.0,0.8,0.0,-0.8,0.8,0.0,0.8,-0.8,0.8,1.6,0.0,1.6,0.0,0.8,0.8,-0.8,1.6,-0.8,1.6,0.8,0.8,0.0,-0.8,0.8,0.0,0.0,0.8,0.0,0.0,0.8,0.0,1.6,0.0,0.8,0.0,-0.8,0.0,0.0,0.8,-0.8,0.0,0.0,-0.8,0.8,0.8,0.8,0.0,0.0,0.8,0.0,0.0,0.0,0.0,1.6,-1.6,-0.8,3.2,0.0,-2.4000000000000004,0.8,0.8,-0.8,0.0,1.6,-0.8,0.0,1.6,0.8,0.8,0.0,0.8,0.8,0.8,0.0,0.8,0.8,0.0,0.8,0.0,0.0,0.0,-0.8,0.8,0.0,0.8,-0.8,1.6,0.8,0.0,0.0,0.8,0.8,-0.8,0.0,0.8,1.6,1.6,-0.8,0.0,1.6,-0.8,1.6,-0.8,0.0,0.8,-1.6,0.8,0.0,-0.8,0.8,-1.6,1.6,-0.8,0.0,0.0,-0.8,0.0,0.0,0.0,0.8,-1.6,0.8,0.0,0.0,0.0,0.0,0.8,0.0,0.8,0.0,-0.8,0.8,0.8,0.8,-0.8,0.0,1.6,-0.8,0.8,-0.8,0.0,1.6,-0.8,0.8,0.8,1.6,0.8,0.0,0.0,0.0,0.0,-0.8,0.0,-0.8,0.0,0.8,1.6,0.0,-0.8,0.0,1.6,0.8,0.8,0.8,0.8,0.8,1.6,-0.8,0.0,0.8,0.0,0.0,0.8,0.8,0.0,-0.8,0.0,1.6,-0.8,0.0,-0.8,0.8,0.0,0.0,0.0,0.0,1.6,1.6,0.8,0.0,-0.8,-0.8,-0.8,0.0,3.2,0.0,0.8,0.0,1.6,0.8,0.0,0.8,1.6,0.0,-0.8,0.0,0.8,0.0,1.6,0.0,0.0,0.0,0.8,0.8,0.8,0.0,0.8,0.0,0.0,0.0,0.8,0.8,-0.8,0.8,0.8,0.8,0.8,0.8,1.6,-0.8,0.0,0.0,-0.8,0.8,0.0,0.0,0.0,0.0,0.8,0.0,0.0,-0.8,0.0,0.8,-1.6,1.6,0.0,0.8,0.8,0.0,0.8,0.8,-0.8,0.0,-0.8,1.6,0.0,0.0,0.8,0.8,1.6,0.8,0.0,0.0,1.6,0.8,0.0,0.0,0.8,0.0,0.8,0.8,1.6,-0.8,-1.6,0.8,0.0,-1.6,0.8,-0.8,0.0,0.8,0.0,0.0,0.8,0.0,0.8,0.8,0.8,0.0,-0.8,0.8,0.0,1.6,0.0,0.0,2.4000000000000004,0.8,0.0,0.0,-0.8,0.8,-0.8,-0.8,-0.8,1.6,0.0,0.0,0.8,0.8,0.8,0.0,-0.8,0.8,-0.8,0.8,-0.8,0.0,-0.8,-1.6,0.8,0.8,-0.8,0.8,0.0,0.0,0.8,0.0,0.8,0.0,1.6,0.0,-0.8,1.6,0.8,1.6,-0.8,0.0,0.0,-1.6,0.8,-0.8,0.8,0.8,0.0,1.6,0.0,0.8,0.8,0.0,2.4000000000000004,0.0,0.8,0.0,1.6,1.6,0.8,0.8,0.0,0.8,0.8,-0.8,0.0,0.0,1.6,0.0,-0.8,1.6,0.0,0.0,0.8,0.0,0.8,0.0,0.8,1.6,-0.8,0.0,0.0,0.8,0.8,0.0,1.6,0.8,0.8,0.0,0.0,1.6,-1.6,0.0,0.8,0.8,0.8,0.0,1.6,0.8,1.6,0.0,0.8,0.0,0.8,0.0,-0.8,0.8,-0.8,0.0,1.6,-0.8,1.6,0.0,0.8,0.0,0.8,1.6,0.0,0.0,1.6,0.0,0.0,0.0,0.8,0.8,0.0,0.0,-1.6,1.6,0.8,0.8,0.8,0.0,1.6,-0.8,-0.8,2.4000000000000004,0.0,0.8,0.0,0.0,0.0,-0.8,3.2,-0.8,-0.8,0.8,0.0,0.8,-0.8,0.8,0.0,0.8,0.0,-2.4000000000000004,0.0,0.0,0.8,0.8,0.0,0.8,0.8,1.6,0.0,-0.8,1.6,0.0,0.8,0.8,-0.8,1.6,0.0,0.8,2.4000000000000004,0.8,1.6,0.8,0.0,-0.8,-0.8,0.8,-0.8,0.8,0.8,-0.8,3.2,-1.6,2.4000000000000004,1.6,0.0,1.6,0.0,1.6,0.0,1.6,0.8,1.6,1.6,1.6,0.8,1.6,0.0,2.4000000000000004,0.0,0.0,0.0,0.0,0.8,1.6,0.8,0.0,-0.8,0.0,0.8,1.6,0.0,0.8,0.0,0.8,0.0,0.0,-0.8,0.8,0.8,0.0,1.6,0.0,1.6,0.8,-0.8,0.8,1.6,0.0,0.0,0.0,2.4000000000000004,1.6,0.0,0.8,0.8,-0.8,0.8,1.6,0.0,0.0,0.8,1.6,-0.8,0.8,0.8,1.6,1.6,0.8,0.0,0.0,0.8,0.0,0.8,0.8,0.8,1.6,0.8,0.0,1.6,0.8,1.6,-0.8,0.0,0.8,0.8,0.8,0.0,1.6,0.0,-0.8,0.8,0.0,0.0,0.0,-0.8,0.8,0.0,0.8,0.8,0.8,1.6,0.0,0.8,0.8,0.8,0.8,0.0,1.6,0.8,0.8,1.6,0.8,1.6,-0.8,0.8,1.6,1.6,0.8,-0.8,0.8,0.0,0.0,1.6,-0.8,1.6,-0.8,0.0,0.0,0.0,-0.8,1.6,0.0,0.8,0.0,0.0,0.0,0.0,0.8,0.8,0.8,0.0,1.6,0.8,-1.6,0.0,0.8,1.6,0.0,0.0,0.0,1.6,0.8,1.6,0.8,-0.8,0.0,1.6,1.6,0.8,0.0,0.8,0.8,1.6,0.0,0.8,0.0,-1.6,-1.6,0.8,1.6,0.0,0.0,1.6,0.0,1.6,1.6,0.8,0.8,0.8,0.8,0.0,0.0,0.8,0.8,0.8,0.8,0.0,1.6,-0.8,0.8,0.8,0.0,1.6,-0.8,0.8,0.0,-0.8,1.6,0.8,1.6,0.8,0.8,1.6,0.0,1.6,0.0,0.8,3.2,0.0,0.8,0.0,0.8,0.0,0.0,0.8,-0.8,0.0,0.0,-1.6,1.6,-1.6,0.8,0.8,0.0,0.0,-0.8,0.0,1.6,0.0,2.4000000000000004,0.8,1.6,-0.8,0.8,1.6,-0.8,0.8,0.8,0.0,0.0,0.8,1.6,0.0,0.0,1.6,1.6,0.8,0.8,0.8,0.0,-0.8,0.0,0.0,0.0,0.0,-0.8,0.8,0.0,0.8,0.0,0.0,0.8,0.8,0.8,1.6,0.0,-0.8,0.8,2.4000000000000004,-0.8,0.8,1.6,0.8,-1.6,0.8,0.8,-1.6,0.0,0.0,0.0,0.8,0.8,0.8,0.8,0.8,0.8,0.0,1.6,-0.8,0.8,0.0,-0.8,0.8,0.0,0.0,0.8,0.0,1.6,-0.8,0.8,0.8,0.0,0.8,-2.4000000000000004,1.6,0.0,0.0,0.8,0.0,0.8,0.8,0.8,0.0,-1.6,1.6,-1.6,-0.8,0.0,-0.8,0.8,0.8,0.8,-0.8,-0.8,1.6,-1.6,1.6,-0.8,0.8,0.0,0.0,0.8,0.8,-0.8,0.8,0.0,0.8,-0.8,0.0,1.6,-0.8,0.8,0.0,0.8,0.8,-1.6,0.8,1.6,0.8,-0.8,-0.8,1.6,-1.6,0.0,0.8,-1.6,0.8,-0.8,1.6,0.0,0.0,0.8,-0.8,1.6,-1.6,-0.8,0.0,0.0,0.8,-1.6,0.8,0.8,0.8,1.6,0.0,0.0,0.8,0.0,-0.8,0.8,0.8,0.8,0.8,0.8,1.6,0.8,-0.8,0.0,0.0,0.0,0.0,0.0,1.6,0.8,0.0,0.0,0.0,0.8,0.8,-0.8,0.0,0.8,0.0,-0.8,1.6,2.4000000000000004,0.8,0.8,0.8,1.6,-1.6,0.8,0.0,0.0,0.8,-1.6,0.0,0.0,-0.8,1.6,-0.8,1.6,-0.8,0.0,0.8,0.0,0.0,0.8,0.0,1.6,0.0,0.8,0.0,1.6,0.8,0.0,1.6,-0.8,1.6,0.8,0.8,1.6,0.8,0.0,-0.8,-1.6,1.6,0.0,-0.8,1.6,0.0,0.0,0.0,0.8,0.8,0.0,0.8,0.0,0.8,0.0,0.8,0.8,1.6,0.8,-1.6,0.8,1.6,0.8,0.8,0.0,0.8,0.8,0.8,0.0,-0.8,0.8,0.8,-0.8,0.8,0.8,0.8,0.8,0.0,0.8,0.0,0.0,0.8,0.0,0.0,-0.8,-0.8,0.8,0.0,0.0,0.0,0.8,0.8,0.0,1.6,0.0,0.0,-1.6,0.0,0.8,1.6,0.0,0.8,1.6,0.8,0.0,0.8,-0.8,0.8,0.0,0.0,-0.8,0.0,0.0,0.8,0.0,0.8,-0.8,0.0,0.0,0.8,0.0,0.8,0.0,0.0,0.0,-0.8,0.8,0.8,0.0,0.0,-0.8,0.0,0.8,0.8,0.0,-0.8,-0.8,-0.8,0.8,-0.8,0.0,0.0,-0.8,0.0,-0.8,-1.6,0.8,-0.8,0.8,-1.6,1.6,0.8,0.0,1.6,-0.8,0.8,0.0,-0.8,-0.8,0.0,1.6,-0.8,0.0,0.0,0.8,0.8,0.0,-0.8,0.8,0.8,0.0,-1.6,0.0,0.8,-0.8,0.8,-0.8,1.6,0.8,-0.8,1.6,0.0,-0.8,0.0,0.8,-0.8,0.0,0.0,0.8,0.8,0.0,1.6,0.8,-0.8,0.8,0.0,0.0,0.0,1.6,0.0,1.6,1.6,1.6,0.0,1.6,0.0,0.8,0.8,0.0,-0.8,0.8,0.0,1.6,0.8,0.8,-1.6,0.0,-0.8,0.8,0.0,1.6,0.8,0.8,0.8,0.0,0.8,0.0,-0.8,1.6,0.0,0.0,2.4000000000000004,0.0,1.6,0.8,0.0,0.0,0.0,0.0,0.0,1.6,-0.8,-1.6,1.6,-1.6,0.0,0.8,0.0,0.8,0.0,0.0,-0.8,0.8,0.8,-0.8,1.6,-0.8,-0.8,0.8,0.8,1.6,-0.8,0.0,0.0,0.0,2.4000000000000004,-0.8,0.0,0.8,-0.8,0.8,0.0,0.8,0.0,-0.8,1.6,0.8,0.8,0.0,0.0,1.6,-0.8,0.8,-0.8,0.8,0.0,-0.8,0.0,0.0,1.6,0.8,0.0,0.0,-0.8,-0.8,0.0,0.0,0.8,-0.8,0.8,1.6,0.8,0.0,0.0,-0.8,0.8,-0.8,0.8,0.0,0.0,-0.8,0.8,2.4000000000000004,-0.8,0.0,0.8,0.0,0.8,-0.8,0.8,-0.8,0.8,0.0,-0.8,0.8,-0.8,0.0,0.8,-0.8,-1.6,0.0,0.8,-0.8,0.0,0.0,0.0,0.0,-0.8,0.0,0.0,0.0,0.0,-0.8,0.8,0.0,0.0,0.0,-0.8,0.0,0.8,0.8,0.0,-0.8,0.0,0.0,0.0,-1.6,0.0,1.6,-0.8,0.8,0.0,1.6,-0.8,-0.8,0.0,-0.8,0.8,0.0,-0.8,0.8,0.0,0.8,0.8,-0.8,0.8,-0.8,1.6,0.0,0.0,0.8,-1.6,0.8,0.0,0.0,0.8,-0.8,2.4000000000000004,0.0,0.0,2.4000000000000004,0.0,1.6,-1.6,-0.8,0.8,0.8,0.8,-1.6,0.0,0.0,0.0,2.4000000000000004,-1.6,0.8,0.0,-0.8,0.0,-0.8,0.8,1.6,0.8,1.6,-0.8,0.0,-0.8,0.0,1.6,0.8,0.8,0.0,0.0,-0.8,-0.8,0.8,-0.8,0.0,0.8,-0.8,1.6,0.0,0.8,-0.8,0.0,0.8,0.0,-1.6,0.8,0.0,0.0,0.0,0.0,-0.8,0.0,-1.6,-0.8,-0.8,0.0,1.6,-0.8,0.8,0.8,0.0,0.8,0.0,-0.8,0.0,1.6,0.0,0.0,1.6,0.0,0.0,0.0,-0.8,-0.8,0.0,0.8,-1.6,0.8,0.8,0.0,0.0,-0.8,0.8,0.0,-0.8,1.6,0.0,-0.8,0.8,0.8,0.8,-0.8,0.0,0.8,1.6,0.8,0.0,0.8,-0.8,0.0,0.0,0.0,0.8,0.8,-0.8,0.8,0.8,0.8,-0.8,0.8,0.0,0.0,-0.8,-0.8,-0.8,0.8,0.0,1.6,-0.8,0.0,0.8,-0.8,0.8,0.0,-0.8,0.8,-1.6,0.8,-0.8,0.0,0.0,0.0,0.0,0.0,0.0,0.0,2.4000000000000004,0.8,-0.8,0.0,-0.8,-0.8,-0.8,-0.8,0.8,0.8,-1.6,0.0,-0.8,0.8,0.0,-0.8,0.8,0.0,0.0,0.0,-0.8,0.8,-0.8,0.8,0.0,-0.8,-1.6,0.8,1.6,0.8,0.0,0.8,0.0,0.0,0.0,0.0,-0.8,0.8,-0.8,0.8,0.8,0.8,0.8,0.0,0.0,0.0,0.0,0.0,-0.8,1.6,-0.8,0.8,-1.6,-0.8,0.8,-0.8,0.8,0.0,0.8,0.8,0.0,0.8,-0.8,-1.6,0.8,0.8,0.8,0.0,0.8,0.0,-0.8,0.8,0.8,0.8,0.8,0.0,1.6,-0.8,0.8,-0.8,0.0,1.6,0.8,0.0,-0.8,0.0,0.8,-1.6,0.8,0.0
event_123,1625267008.772134,0.8,-1.6,0.8,-0.8,0.8,-0.8,0.0,0.8,-0.8,0.8,0.0,1.6,1.6,0.0,0.0,0.0,0.0,1.6,0.0,1.6,0.0,0.0,0.8,0.0,0.8,0.8,0.0,1.6,0.0,0.0,1.6,0.0,1.6,0.0,0.8,0.0,1.6,0.8,-1.6,0.0,1.6,-0.8,0.0,0.0,1.6,0.0,-1.6,0.0,0.0,0.8,0.8,-0.8,0.0,0.0,0.8,0.0,1.6,-0.8,0.0,-0.8,0.8,-0.8,0.0,0.0,0.0,-0.8,0.0,0.0,0.0,1.6,0.8,0.0,0.8,0.8,0.0,0.0,-0.8,0.8,0.8,0.0,0.8,-0.8,-0.8,0.0,0.8,1.6,0.0,1.6,0.8,0.8,1.6,0.0,1.6,0.0,-0.8,-0.8,-0.8,1.6,0.0,0.8,0.8,-1.6,-15.2,-35.2,-30.4,-16.0,-5.6,-1.6,-2.4000000000000004,-0.8,-1.6,-1.6,-1.6,-1.6,1.6,-0.8,-0.8,0.0,0.0,0.8,-0.8,0.8,0.0,0.8,0.8,0.0,2.4000000000000004,0.0,0.0,1.6,0.0,0.8,-0.8,0.0,1.6,0.0,1.6,1.6,0.8,2.4000000000000004,-0.8,1.6,0.8,0.8,0.0,-1.6,0.8,0.0,0.0,1.6,0.0,1.6,-1.6,0.8,0.0,0.0,1.6,0.0,1.6,0.8,-1.6,0.8,-0.8,1.6,0.0,0.8,0.8,-0.8,0.8,0.0,0.0,0.0,0.0,1.6,0.0,0.0,0.8,0.0,0.0,0.0,0.0,-1.6,0.0,0.8,-0.8,0.8,0.8,0.0,0.0,0.8,0.0,0.0,0.0,-1.6,-1.6,-0.8,0.8,0.0,0.0,1.6,0.0,0.0,0.8,-0.8,-0.8,0.8,0.8,0.0,-0.8,0.0,0.0,0.8,-1.6,-0.8,0.0,-0.8,0.0,0.0,-0.8,0.0,0.0,0.8,0.8,0.0,0.8,0.0,0.0,0.0,0.0,0.0,-0.8,-1.6,0.8,0.0,0.8,0.0,0.8,0.0,0.8,0.0,-0.8,0.8,0.8,-0.8,0.0,-1.6,2.4000000000000004,0.0,0.8,1.6,0.0,0.8,-0.8,-0.8,0.8,-1.6,0.8,-0.8,0.8,0.8,-0.8,0.8,-0.8,-0.8,0.0,0.0,0.8,0.8,0.8,0.0,0.8,0.8,0.0,0.8,0.0,0.8,1.6,-0.8,0.8,-0.8,-0.8,1.6,0.8,0.8,0.0,1.6,0.8,0.0,0.8,0.0,0.0,1.6,-1.6,-0.8,0.0,1.6,0.0,0.8,0.8,0.0,0.8,1.6,0.0,0.0,1.6,0.8,0.8,0.0,0.0,0.8,0.0,0.8,0.8,0.0,0.8,0.0,0.8,-0.8,0.8,0.8,0.0,0.0,-0.8,-0.8,0.8,0.0,0.8,0.8,0.8,0.0,-0.8,1.6,0.8,1.6,0.0,-0.8,0.8,0.8,-0.8,1.6,0.0,1.6,-0.8,-0.8,0.8,0.0,0.8,0.0,1.6,0.8,-0.8,0.0,-0.8,2.4000000000000004,-3.2,0.0,3.2,-1.6,0.8,0.8,0.0,-0.8,0.0,0.8,0.8,-0.8,1.6,0.0,0.8,-0.8,0.0,1.6,0.0,0.0,0.0,0.8,0.8,0.0,0.0,0.0,-0.8,-0.8,-1.6,-0.8,0.8,0.0,-0.8,0.8,0.0,-0.8,0.8,-0.8,-0.8,0.0,0.0,0.8,-0.8,0.0,0.8,0.8,1.6,0.0,0.8,0.8,0.8,-0.8,0.8,0.8,0.0,0.0,0.8,0.0,0.0,0.0,0.8,0.8,0.8,0.8,1.6,1.6,0.8,-0.8,0.0,2.4000000000000004,0.8,0.8,0.8,0.0,0.8,0.0,0.8,0.8,1.6,0.0,0.0,1.6,0.8,0.0,1.6,0.8,0.8,1.6,-2.4000000000000004,0.8,0.0,-0.8,0.8,0.8,0.8,-1.6,0.8,0.0,0.8,0.0,0.0,0.8,0.0,-2.4000000000000004,0.0,-0.8,1.6,0.8,0.0,1.6,0.0,1.6,0.8,0.8,1.6,-0.8,1.6,-0.8,-0.8,0.8,0.8,0.8,0.8,0.8,0.0,0.0,1.6,0.8,-0.8,0.8,-0.8,0.8,1.6,1.6,-0.8,0.0,0.0,-0.8,-0.8,0.8,0.0,2.4000000000000004,-0.8,1.6,0.8,0.8,0.8,-0.8,1.6,0.0,-0.8,0.0,0.0,0.8,0.8,0.8,0.8,0.0,0.0,0.0,0.8,0.8,-0.8,0.0,-0.8,0.8,0.0,0.0,0.0,0.0,0.0,0.8,0.0,0.0,-0.8,0.0,0.8,0.8,0.0,-0.8,0.0,0.8,-0.8,1.6,0.8,0.0,0.0,0.8,0.0,0.0,0.0,0.0,0.0,-0.8,0.0,0.0,-0.8,0.8,-0.8,1.6,0.0,0.8,0.0,-0.8,0.8,0.0,0.0,0.8,-0.8,-0.8,0.0,0.8,0.0,0.0,-0.8,-0.8,0.0,-0.8,0.8,1.6,-1.6,0.8,-0.8,-0.8,0.8,-0.8,0.0,-0.8,0.8,0.8,-0.8,0.8,0.0,0.0,0.0,-1.6,0.8,0.0,1.6,0.0,0.0,1.6,-0.8,0.8,0.8,0.0,0.0,0.0,0.8,0.0,0.8,0.8,0.0,1.6,0.0,0.8,0.0,0.0,0.8,-0.8,0.0,0.8,-1.6,0.0,0.8,0.0,0.8,0.0,1.6,0.0,0.8,0.8,-0.8,-0.8,0.0,0.0,1.6,-0.8,0.8,0.0,2.4000000000000004,0.0,0.0,0.0,0.8,0.8,-0.8,-0.8,0.8,0.0,0.0,0.0,0.8,-0.8,0.0,0.0,0.0,-0.8,0.0,0.0,0.0,-0.8,-1.6,0.8,0.8,-0.8,0.8,0.0,-1.6,0.0,0.0,0.0,0.0,0.0,-0.8,-0.8,-0.8,0.0,0.0,-0.8,1.6,0.0,-0.8,0.0,0.0,0.0,-0.8,-0.8,0.0,0.0,0.0,0.8,-1.6,1.6,0.0,-1.6,0.8,0.8,0.8,0.0,-1.6,1.6,-0.8,0.8,-0.8,-0.8,0.8,-0.8,0.0,0.0,0.8,0.8,0.0,0.8,0.8,-0.8,0.0,-0.8,0.8,-0.8,0.0,0.0,0.0,1.6,-0.8,0.0,0.8,-0.8,0.8,0.0,1.6,0.0,0.0,1.6,0.0,1.6,0.8,0.0,1.6,1.6,0.8,0.8,0.8,1.6,-0.8,0.8,0.0,0.0,0.8,1.6,0.8,0.8,0.0,0.8,-0.8,0.8,-0.8,0.0,1.6,1.6,0.0,-0.8,0.8,0.8,0.0,0.0,0.0,0.0,0.0,1.6,0.8,-0.8,1.6,0.8,-1.6,-0.8,1.6,0.0,-1.6,0.8,-0.8,-0.8,0.8,0.8,0.0,0.0,0.8,0.8,0.0,0.0,0.8,0.8,1.6,-0.8,-0.8,0.8,0.8,-0.8,0.0,0.0,2.4000000000000004,0.0,1.6,1.6,-1.6,1.6,0.0,-0.8,0.8,0.8,0.8,0.8,0.0,1.6,0.0,0.8,0.0,0.0,0.0,-1.6,0.8,0.0,0.0,0.0,0.0,1.6,0.0,0.8,0.8,0.0,2.4000000000000004,-1.6,0.8,0.8,1.6,0.8,-0.8,0.8,0.8,0.0,1.6,-0.8,1.6,0.0,0.0,0.0,-1.6,0.0,0.8,0.8,0.8,-0.8,0.8,0.0,0.0,-0.8,0.0,0.8,0.0,0.0,0.8,0.8,0.8,0.8,0.0,0.8,-0.8,0.8,0.8,0.0,0.0,0.8,0.8,0.8,0.0,1.6,1.6,0.0,0.8,-0.8,-0.8,0.8,1.6,0.0,0.0,0.8,0.8,0.0,0.8,-0.8,0.0,0.0,-0.8,-0.8,0.0,0.8,0.8,0.8,1.6,0.8,0.0,0.0,0.0,0.0,-0.8,0.8,0.0,0.8,1.6,0.8,0.8,0.0,0.0,0.0,0.0,0.8,0.0,0.0,-0.8,-0.8,0.8,-0.8,0.8,0.8,0.8,0.8,0.0,0.8,0.8,0.8,0.0,0.8,0.8,2.4000000000000004,-0.8,2.4000000000000004,0.0,1.6,0.0,-0.8,0.8,0.0,0.0,-0.8,0.0,1.6,0.0,2.4000000000000004,0.8,0.0,0.8,-1.6,0.8,0.8,-0.8,0.0,-0.8,1.6,-1.6,0.0,1.6,-0.8,1.6,0.8,0.0,0.0,0.8,0.8,-0.8,0.0,0.0,0.8,0.8,0.0,1.6,0.0,-0.8,0.0,-0.8,0.0,0.0,0.8,0.0,-0.8,0.8,0.0,0.0,0.8,0.8,0.8,0.0,0.8,-0.8,0.0,2.4000000000000004,-0.8,0.8,0.8,0.8,1.6,1.6,0.0,-1.6,1.6,0.0,-0.8,0.8,0.0,0.8,0.0,0.8,0.8,0.0,-0.8,-0.8,2.4000000000000004,-0.8,0.0,0.0,-0.8,1.6,-0.8,0.0,1.6,0.0,0.0,0.8,0.0,0.0,-1.6,0.8,0.8,0.8,0.8,0.8,1.6,0.8,1.6,0.8,0.0,0.8,-0.8,0.8,-0.8,0.0,0.0,0.0,0.8,0.0,0.8,0.8,0.0,0.8,-0.8,1.6,0.8,0.8,0.0,0.0,0.8,0.0,-0.8,2.4000000000000004,-0.8,0.8,0.0,1.6,0.8,-0.8,1.6,0.8,0.0,0.8,-0.8,0.8,-0.8,0.0,0.8,-1.6,1.6,0.0,0.0,0.8,0.0,0.0,-0.8,0.0,0.8,-0.8,1.6,-0.8,-0.8,0.8,0.8,1.6,-0.8,0.0,0.8,0.0,1.6,-0.8,0.0,0.8,0.0,0.0,-0.8,0.8,0.8,0.0,0.0,0.0,0.0,0.0,1.6,0.8,-0.8,0.8,-0.8,0.8,1.6,0.0,1.6,0.8,0.0,0.8,0.8,0.0,0.8,-0.8,0.8,0.0,1.6,0.0,0.0,1.6,1.6,0.8,0.8,0.0,0.8,0.8,-0.8,-0.8,0.0,0.8,0.8,0.0,0.8,0.0,0.8,0.0,0.0,0.0,0.0,0.0,0.8,0.0,0.8,0.0,1.6,-0.8,0.0,0.0,0.0,1.6,0.8,0.8,0.0,0.0,0.0,0.0,-0.8,1.6,0.8,-1.6,0.0,2.4000000000000004,-1.6,0.8,2.4000000000000004,-0.8,0.0,1.6,0.0,1.6,0.0,-0.8,0.8,0.8,0.0,-1.6,0.8,1.6,0.8,-0.8,0.0,1.6,0.8,0.8,0.0,-0.8,0.8,0.0,0.0,-0.8,0.0,0.8,-0.8,1.6,0.8,0.0,0.0,0.8,1.6,-0.8,-0.8,0.8,0.0,0.8,0.0,0.0,1.6,0.0,0.0,0.8,0.8,0.8,-0.8,0.8,0.8,0.8,0.8,0.0,0.8,1.6,0.0,0.8,0.0,0.0,0.0,0.8,0.0,0.8,0.0,0.8,0.0,0.8,0.8,0.0,0.8,0.0,0.0,0.0,-0.8,0.8,-0.8,-0.8,0.8,0.0,-0.8,-0.8,1.6,-0.8,0.8,1.6,-0.8,0.8,0.0,0.0,0.8,-0.8,0.8,0.0,0.0,0.0,0.0,0.8,-0.8,0.8,0.0,-1.6,0.8,0.0,0.8,0.8,0.8,0.0,0.0,-0.8,-0.8,0.8,2.4000000000000004,0.0,0.0,0.0,0.8,1.6,0.0,0.0,-0.8,0.8,-0.8,-0.8,1.6,0.8,0.8,1.6,0.0,0.8,0.0,0.0,0.8,0.0,0.0,-0.8,0.0,0.0,0.0,1.6,-0.8,0.8,0.8,0.0,0.8,0.0,0.8,-0.8,-0.8,0.0,0.8,0.0,0.0,-0.8,0.0,0.0,0.8,0.8,0.8,0.8,0.0,-0.8,0.0,-0.8,0.8,0.0,0.0,0.0,0.0,0.0,0.0,0.8,0.8,0.0,0.0,0.0,0.0,0.0,0.8,0.0,1.6,0.0,0.0,0.8,0.8,0.8,-0.8,0.8,1.6,-0.8,0.0,0.0,0.0,0.0,-0.8,0.0,-1.6,0.8,-0.8,0.0,0.0,-0.8,1.6,-0.8,0.0,0.8,-0.8,1.6,-0.8,0.0,0.0,0.0,1.6,-0.8,1.6,1.6,0.0,0.8,0.0,0.0,0.0,-0.8,0.8,-0.8,1.6,0.0,0.0,0.0,0.0,1.6,-1.6,0.8,0.8,-0.8,0.8,-1.6,0.8,0.8,-1.6,0.8,-0.8,0.0,0.8,0.8,1.6,-1.6,0.0,1.6,0.0,1.6,0.0,1.6,0.8,0.8,0.8,-0.8,0.8,-0.8,0.8,0.0,-1.6,0.8,0.0,1.6,0.8,-0.8,0.0,0.0,-0.8,0.8,-0.8,0.0,0.0,1.6,-0.8,0.0,0.8,0.0,0.0,-0.8,0.0,-0.8,-0.8,0.8,0.8,0.0,0.8,0.0,-1.6,-0.8,0.0,0.8,-0.8,-0.8,-0.8,0.0,0.0,0.0,0.8,0.8,0.0,0.8,0.8,0.0,0.8,0.0,0.8,0.0,0.0,0.8,1.6,0.8,-0.8,0.0,0.8,0.0,0.8,0.0,-0.8,0.8,-0.8,0.0,0.8,0.0,0.8,0.0,0.0,0.8,0.0,0.8,0.0,0.8,0.0,-2.4000000000000004,-0.8,0.0,0.0,0.0,-0.8,0.8,-0.8,0.0,0.8,0.0,0.8,-1.6,0.8,0.8,2.4000000000000004,0.8,0.0,0.8,0.0,0.0,1.6,-0.8,0.8,-0.8,-0.8,0.0,0.0,0.0,0.0,0.8,0.8,0.0,0.8,0.0,0.8,0.0,0.0,0.8,0.8,0.0,-0.8,0.0,0.8,0.0,0.0,0.0,0.0,1.6,0.0,0.0,0.8,0.0,0.8,0.0,0.8,1.6,0.0,0.8,0.0,1.6,0.0,-0.8,0.8,-0.8,0.8,0.8,-0.8,0.0,0.0,0.8,-1.6,1.6,0.0,-0.8,-0.8,0.0,0.0,-0.8,-0.8,2.4000000000000004,0.8,0.0,0.8,0.8,0.0,0.8,-0.8,-0.8,0.8,0.8,0.8,0.8,1.6,0.0,0.0,0.8,0.8,-0.8,-0.8,0.0,0.8,-0.8,0.0,0.0,1.6,1.6,0.8,2.4000000000000004,0.0,0.8,0.0,-0.8,0.8,0.8,0.0,0.8,0.0,1.6,-0.8,0.8,0.0,0.0,0.8,-0.8,0.8,0.0,-0.8,2.4000000000000004,-0.8,0.8,-0.8,0.8,0.8,0.8,0.0,-0.8,0.0,0.8,0.8,0.0,0.0,0.0,0.0,-1.6,1.6,0.0,0.0,1.6,-0.8,1.6,0.0,0.8,0.0,-0.8,0.8,0.0,0.8,0.0,0.0,-0.8,-0.8,0.0,-0.8,0.0,0.8,-0.8,0.8,0.8,0.0,-0.8,0.8,-0.8,-1.6,0.0,0.8,0.0,0.8,0.8,1.6,0.8,0.8,0.8,-0.8,0.8,0.8,0.0,-0.8,1.6,0.8,0.0,0.0,0.0,0.0,-1.6,0.8,0.0,-0.8,0.8,0.0,0.0,0.8,-0.8,0.0,0.0,0.8,0.0,0.8,0.8,-0.8,-0.8,0.8,-0.8,1.6,-0.8,0.8,0.8,0.8,0.0,0.8,0.8,0.8,-0.8,0.0,-0.8,0.8,-0.8,0.0,0.8,0.8,0.0,0.0,0.0,1.6,-0.8,1.6,-1.6,0.8,-0.8,-0.8,0.8,-0.8,0.8,0.0,0.8,0.0,-0.8,0.8,0.0,0.0,1.6,0.0,0.8,0.0,0.8,1.6,-0.8,0.8,0.0,-1.6,0.8,0.0,0.8,0.0,0.8,0.0,-1.6,0.8,0.8,-0.8,0.8,0.0,0.0,-0.8,0.8,0.8,0.0,0.8,0.0,0.8,1.6,0.0,-0.8,0.0,0.8,0.0,0.0,0.8,0.0,0.0,0.0,0.8,0.0,0.0,0.8,0.0,0.0,0.0,0.8,0.0,0.0,0.0,0.0,1.6,0.8,-0.8,0.8,0.8,0.0,-1.6,0.8,0.0,0.0,-0.8,0.8,0.8,0.8,-0.8,0.8,0.0,0.8,0.0,-0.8,0.8,-0.8,0.8,2.4000000000000004,0.0,1.6,0.0,0.8,0.0,0.8,0.0,0.0,0.8,0.8,0.0,0.0,-0.8,0.8,0.0,0.0,0.0,-0.8,1.6,-0.8,0.0,-0.8,0.8,0.0,0.0,0.0,0.8,1.6,0.0,-0.8,1.6,-1.6,0.0,1.6,0.0,0.8,0.0,1.6,0.0,0.0,0.8,-1.6,1.6,0.8,-0.8,1.6,0.8,0.8,0.0,-0.8,1.6,-0.8,2.4000000000000004,0.0,-0.8,2.4000000000000004,0.0,0.8,0.0,0.8,1.6,0.0,2.4000000000000004,1.6,0.0,0.8,-0.8,1.6,-0.8,0.0,0.8,0.8,0.8,0.8,0.8,0.8,0.0,0.8,0.0,1.6,1.6,-0.8,1.6,1.6,1.6,0.0,0.8,1.6,1.6,-0.8,0.8,1.6,1.6,-0.8,0.8,0.8,0.0,0.0,1.6,1.6,0.0,-1.6,0.8,0.8,-0.8,0.0,0.0,0.8,2.4000000000000004,1.6,0.0,0.0,0.8,0.8,0.0,0.8,-1.6,0.8,1.6,0.0,0.8,0.8,0.8,-0.8,0.0,1.6,0.8,0.0,0.0,0.0,-0.8,-0.8,0.8,0.8,0.0,0.8,0.0,0.0,0.8,0.0,1.6,0.8,0.0,-0.8,-0.8,1.6,-0.8,0.8,0.8,0.8,0.8,0.8,-0.8,-0.8,1.6,0.0,-1.6,1.6,0.8,0.0,1.6,0.8,0.8,0.0,0.0,0.8,-0.8,0.0,-0.8,1.6,0.0,0.0,0.8,0.0,0.0,0.8,0.0,1.6,0.8,0.8,-0.8,0.8,0.0,0.8,0.8,0.8,0.8,1.6,0.0,0.8,0.0,0.0,0.8,0.0,0.8,0.0,0.0,0.8,0.0,0.8,-0.8,-0.8,-0.8,0.8,-0.8,0.8,-0.8,0.8,-0.8,-0.8,0.8,0.0,0.8,0.0,0.0,0.8,0.8,0.8,-0.8,0.8,1.6,0.0,0.0,-0.8,0.8,0.8,0.0,0.8,-0.8,-1.6,0.0,0.0,0.8,0.0,0.8,0.0,0.0,0.8,-0.8,0.0,0.0,-1.6,-0.8,0.0,1.6,1.6,0.0,0.8,-0.8,0.0,0.8,0.0,0.8,0.8,1.6,-0.8,0.0,1.6,0.0,0.8,0.0,0.8,1.6,0.0,0.8,0.0,-0.8,0.8,-0.8,0.8,0.0,0.0,0.8,0.8,2.4000000000000004,0.0,0.8,0.8,0.0,0.8,0.0,0.8,1.6,-0.8,0.8,0.8,1.6,0.0,0.0,0.0,0.0,0.8,0.0,0.0,0.8,-0.8,1.6,0.8,-0.8,0.8,0.0,-0.8,0.8,0.0,0.8,0.0,1.6,0.0,-0.8,-0.8,0.8,0.0,-0.8,0.8,0.0,0.8,0.8,-0.8,0.0,0.0,1.6,-0.8,-0.8,0.8,0.8,0.0,0.0,0.0,-0.8,0.0,-0.8,0.0,0.8,0.8,0.8,0.8,0.8,2.4000000000000004,0.8,1.6,0.0,-1.6,0.8,0.8,0.0,0.8,0.8,1.6,0.0,0.8,0.8,-0.8,0.8,-0.8,0.0,-0.8,0.8,0.8,-1.6,0.8,0.8,-0.8,0.8,-0.8,1.6,-0.8,-0.8,-0.8,-0.8,0.8,0.0,0.0,0.8,-1.6,0.8,0.8,0.0,0.0,-1.6,0.8,-0.8,0.8,0.0,0.0,1.6,0.0,0.0,0.8,-0.8,1.6,-0.8,-0.8,0.0,0.0,0.0,0.0,1.6,-0.8,0.0,0.0,-0.8,2.4000000000000004,-0.8,0.0,0.0,0.8,0.0,-1.6,0.0,0.0,-0.8,0.8,-0.8,0.8,1.6,-0.8,0.8,0.8,1.6,0.0,-0.8,0.8,0.8,0.0,0.0,0.8,0.0,-1.6,0.0,0.8,0.0,0.0,1.6,1.6,-1.6,0.8,0.8,0.0,1.6,-0.8,-0.8,0.8,0.8,1.6,0.0,1.6,0.8,1.6,1.6,-0.8,-0.8,0.0,1.6,-0.8,0.8,1.6,0.8,0.8,0.8,2.4000000000000004,1.6,0.0,1.6,0.8,0.0,0.8,0.8,0.8,0.0,0.0,-0.8,0.8,0.8,0.8,0.8,-0.8,0.8,-0.8,0.0,1.6,0.8,0.8,0.8,2.4000000000000004,1.6,-1.6,1.6,0.8,0.0,1.6,-0.8,0.8,0.0,-0.8,0.8,0.0,0.8,-1.6,0.0,0.8,0.0,0.8,0.0,0.8,1.6,0.0,1.6,0.0,1.6,0.8,-0.8,0.8,-0.8,1.6,0.8,0.8,0.8,-0.8,1.6,-0.8,0.0,0.8,0.8,0.0,0.8,0.8,-0.8,0.0,0.8,0.0,0.0,0.8,0.0,0.8,0.8,0.0,0.0,0.0,0.8,-1.6,0.8,1.6,-0.8,0.8,0.8,0.8,1.6,0.8,0.0,0.0,0.8,0.8,0.0,0.8,0.8,0.0,0.8,0.8,1.6,0.8,0.0,0.8,1.6,0.8,0.0,-0.8,0.8,0.8,0.0,0.8,0.8,0.8,0.0,0.8,0.8,0.8,0.0,0.8,0.8,1.6,-0.8,1.6,1.6,2.4000000000000004,0.0,0.0,0.0,0.8,0.8,0.0,-0.8,1.6,0.0,2.4000000000000004,0.8,0.8,0.0,0.0,0.8,0.8,-0.8,1.6,0.8,0.8,0.8,0.0,0.8,1.6,0.8,0.0,0.8,0.0,0.8,1.6,0.0,0.0,0.0,0.0,0.8,-0.8,1.6,0.8,-0.8,0.8,-0.8,0.0,0.8,0.0,0.0,-0.8,1.6,0.8,0.0,1.6,0.0,0.8,0.8,-0.8,0.0,0.0,1.6,-0.8,0.0,0.0,-0.8,0.0,0.0,0.0,0.8,0.0,-0.8,0.0,0.0,0.0,0.0,0.0,-1.6,0.8,0.0,0.0,0.0,0.0,0.0,-1.6,0.0,-0.8,0.0
event_124,1625267010.9212573,0.0,0.8,0.0,-0.8,0.8,0.0,0.8,0.0,-0.8,0.8,0.0,-1.6,0.0,0.0,0.0,0.0,0.8,0.0,0.8,0.8,0.0,-0.8,0.0,0.0,-0.8,1.6,-0.8,-2.4000000000000004,2.4000000000000004,0.0,0.0,0.0,0.8,0.0,-0.8,0.8,0.8,0.8,-0.8,-0.8,1.6,-1.6,0.0,1.6,0.0,0.8,0.0,0.8,0.8,0.8,0.8,-0.8,2.4000000000000004,0.0,0.0,0.8,0.8,0.8,0.8,-0.8,1.6,0.0,0.0,0.0,0.0,-0.8,0.8,0.0,0.0,-0.8,0.0,0.0,2.4000000000000004,0.0,-0.8,1.6,0.0,0.8,0.0,0.0,0.8,0.8,0.0,-1.6,0.0,1.6,0.8,1.6,0.0,0.0,-0.8,-0.8,0.0,0.0,-0.8,1.6,0.0,0.8,-0.8,-0.8,0.0,0.0,-3.2,-48.0,-104.80000000000001,-74.4,-29.6,-11.2,-8.0,-1.6,-0.8,-7.200000000000001,-5.6,-5.6,-3.2,-0.8,0.8,-0.8,0.0,0.8,0.0,-1.6,0.0,0.8,0.0,0.0,0.8,0.0,-0.8,-0.8,2.4000000000000004,0.0,0.8,0.0,0.8,0.8,-0.8,0.0,1.6,-0.8,0.0,-0.8,2.4000000000000004,1.6,0.0,0.8,0.0,0.8,1.6,-0.8,0.0,1.6,0.8,0.0,0.0,0.8,0.8,0.8,-1.6,0.0,0.8,0.8,1.6,0.8,-0.8,0.8,0.0,0.0,-0.8,0.0,0.0,1.6,0.8,-0.8,0.8,0.0,0.0,0.0,0.0,0.8,1.6,0.0,0.8,-0.8,0.8,-0.8,0.8,0.8,0.8,0.0,-0.8,-0.8,0.0,-0.8,0.8,-0.8,0.8,0.0,0.8,0.8,0.8,-0.8,0.8,0.0,0.8,-0.8,0.0,0.8,0.0,0.0,0.0,0.8,-0.8,1.6,0.0,0.0,0.0,0.0,0.0,0.0,0.0,0.0,0.8,-0.8,0.0,1.6,0.0,-0.8,0.8,0.0,0.8,-0.8,0.8,0.8,0.0,0.8,-0.8,1.6,-0.8,-0.8,1.6,0.8,0.8,0.0,0.0,0.8,0.0,1.6,0.0,-0.8,0.0,-1.6,0.0,-0.8,0.0,0.0,-0.8,1.6,0.0,-0.8,0.0,-0.8,1.6,-1.6,-0.8,-0.8,0.0,0.8,-1.6,0.0,0.8,0.0,0.8,-0.8,0.8,0.0,-1.6,0.8,0.8,2.4000000000000004,0.0,0.8,1.6,0.0,0.8,0.8,0.0,1.6,-1.6,1.6,0.0,0.8,0.8,0.0,1.6,0.0,0.0,0.8,-1.6,0.8,-0.8,0.8,0.8,-0.8,0.8,-0.8,0.0,0.8,0.8,0.8,0.0,0.8,0.8,0.8,0.0,0.0,0.8,-0.8,1.6,0.0,0.0,0.8,0.0,0.0,0.0,-0.8,-0.8,-0.8,0.0,0.0,0.8,0.8,-0.8,0.8,0.8,0.0,1.6,0.0,-1.6,-0.8,0.8,0.0,0.0,0.0,0.0,0.8,-0.8,0.0,-0.8,0.0,0.8,0.0,1.6,0.0,0.0,0.8,0.0,1.6,0.8,0.0,0.8,0.0,-0.8,0.0,1.6,0.0,0.0,3.2,-0.8,1.6,0.0,0.8,0.8,-0.8,0.8,-0.8,-0.8,1.6,0.8,0.8,0.0,1.6,1.6,-1.6,1.6,-1.6,1.6,0.0,-0.8,1.6,0.0,1.6,0.8,0.0,1.6,-0.8,0.8,-0.8,0.8,1.6,0.0,0.0,-0.8,0.0,0.8,-0.8,0.0,0.0,0.8,0.0,-0.8,1.6,0.8,-0.8,0.8,0.0,1.6,-0.8,0.8,1.6,0.0,0.0,-0.8,0.0,-1.6,0.8,1.6,0.0,0.0,0.8,0.0,-0.8,0.0,0.8,0.0,0.0,0.0,0.0,0.0,0.0,-0.8,1.6,1.6,0.0,0.8,2.4000000000000004,0.0,0.0,0.0,0.0,-1.6,0.0,0.0,0.0,0.0,-1.6,0.8,0.8,0.0,0.8,0.0,0.0,0.8,-0.8,0.0,0.8,0.8,-0.8,0.0,0.8,0.0,0.8,0.0,-0.8,0.8,0.0,0.8,1.6,0.0,0.8,0.0,2.4000000000000004,0.8,0.8,1.6,0.8,0.0,-1.6,-0.8,0.8,0.0,0.8,0.0,0.0,0.0,0.0,-0.8,0.8,0.0,0.8,-0.8,0.8,0.0,0.0,0.8,-0.8,0.8,0.0,0.0,-0.8,0.8,0.8,-0.8,0.0,1.6,-0.8,0.0,0.8,0.8,0.8,0.0,0.0,-0.8,0.0,-0.8,0.0,0.0,-0.8,0.8,0.8,0.0,0.8,0.8,0.0,0.8,0.0,0.8,0.0,1.6,0.8,0.0,0.8,0.8,0.8,0.8,0.8,0.8,0.0,0.8,0.8,0.8,0.8,0.0,-0.8,0.8,0.8,0.0,-0.8,0.8,0.8,-0.8,0.0,0.8,0.8,0.0,-0.8,0.8,0.8,0.8,1.6,0.8,0.0,-0.8,-0.8,1.6,-1.6,1.6,-0.8,-0.8,0.8,-0.8,0.0,0.8,0.0,0.8,-0.8,0.8,-0.8,0.0,0.0,-0.8,1.6,-0.8,-0.8,0.0,-0.8,1.6,-1.6,0.8,0.8,0.0,0.0,-0.8,1.6,0.0,-0.8,0.8,-0.8,0.0,0.0,0.0,0.0,-0.8,1.6,0.0,-0.8,0.8,0.0,1.6,-0.8,1.6,0.8,-1.6,1.6,0.0,0.0,0.0,-0.8,0.8,-1.6,0.8,0.0,-0.8,2.4000000000000004,-0.8,0.0,-0.8,0.0,1.6,0.0,0.0,0.0,0.8,0.8,0.0,0.0,0.0,0.0,-0.8,0.0,0.8,0.0,0.8,0.0,0.8,0.8,0.0,0.0,0.0,-0.8,0.0,0.0,0.8,0.0,0.0,-0.8,0.0,0.8,0.0,1.6,-0.8,0.0,-0.8,0.0,1.6,0.8,0.8,0.8,2.4000000000000004,1.6,-0.8,1.6,0.8,0.8,0.0,-1.6,0.8,-0.8,0.0,1.6,0.0,1.6,0.0,0.8,-0.8,-0.8,0.8,0.0,0.8,0.8,-0.8,0.8,0.0,0.8,0.8,0.8,0.0,-0.8,1.6,0.8,0.0,0.0,-0.8,0.8,-0.8,-0.8,1.6,0.8,0.8,0.0,-0.8,0.0,0.0,-0.8,-0.8,0.8,0.8,0.8,1.6,0.0,0.8,0.8,0.0,0.0,-1.6,0.8,1.6,0.8,0.8,0.0,1.6,0.0,0.8,0.8,-0.8,0.8,-0.8,0.0,0.0,0.8,0.8,0.0,1.6,1.6,-0.8,1.6,0.0,0.0,0.0,0.0,-0.8,-0.8,1.6,-1.6,-0.8,2.4000000000000004,-0.8,0.8,1.6,-0.8,0.0,-0.8,0.0,0.0,1.6,0.8,-0.8,0.8,1.6,0.0,0.8,0.0,0.8,0.8,-0.8,-0.8,0.0,0.0,0.0,0.8,0.8,-0.8,-0.8,0.0,2.4000000000000004,0.0,0.0,0.8,0.8,-1.6,-0.8,0.8,0.0,0.0,1.6,0.8,0.0,0.0,0.0,0.0,0.0,-0.8,-0.8,-0.8,-0.8,0.8,0.8,-0.8,0.8,-0.8,0.0,0.8,-0.8,0.8,-1.6,1.6,-0.8,0.0,0.8,0.0,0.0,0.8,-0.8,0.0,-1.6,2.4000000000000004,0.0,-0.8,0.0,0.8,1.6,0.8,-0.8,0.8,-0.8,0.0,0.0,0.0,0.8,0.0,-0.8,-0.8,0.8,-0.8,0.0,0.8,0.0,0.0,-0.8,-1.6,-0.8,0.0,0.0,0.0,0.8,0.0,0.0,0.8,0.0,-0.8,-0.8,0.8,0.0,0.8,-0.8,0.0,0.8,0.0,-0.8,0.8,0.8,0.8,-0.8,0.0,-1.6,0.0,0.0,1.6,1.6,0.0,0.0,0.8,-0.8,0.8,-0.8,0.8,-0.8,0.8,0.0,-0.8,0.8,0.8,0.0,0.8,0.0,0.0,0.0,0.8,0.0,-0.8,0.8,-0.8,0.0,0.0,0.8,0.8,-0.8,0.8,0.0,0.0,1.6,0.8,1.6,0.0,-0.8,1.6,0.8,0.8,1.6,-0.8,0.8,-0.8,0.0,0.0,0.0,0.0,-0.8,0.8,0.0,0.8,1.6,-0.8,0.0,0.0,0.0,0.8,0.0,0.8,0.8,0.8,0.8,1.6,0.0,-0.8,0.0,0.8,0.0,0.0,-0.8,0.0,-0.8,0.0,0.8,0.8,0.0,0.8,0.8,1.6,0.0,-0.8,0.8,0.0,2.4000000000000004,0.0,0.8,0.8,0.8,0.8,0.0,0.8,0.0,0.0,0.8,-0.8,0.8,-0.8,0.8,0.8,-0.8,0.0,0.0,0.0,0.0,-1.6,0.8,0.0,1.6,-0.8,0.0,0.0,0.8,0.0,-0.8,1.6,-0.8,1.6,0.8,0.0,0.0,-0.8,0.8,-1.6,-0.8,1.6,0.0,0.0,0.8,0.0,0.0,0.0,0.0,0.0,-0.8,0.8,0.0,0.8,0.8,0.0,0.8,-0.8,-0.8,-1.6,0.0,0.8,-0.8,1.6,0.0,1.6,0.0,-0.8,0.8,-0.8,0.8,0.0,0.0,1.6,-0.8,1.6,0.0,-0.8,0.8,0.0,0.0,0.0,1.6,0.8,-1.6,1.6,-0.8,0.0,0.0,-0.8,2.4000000000000004,0.0,0.8,0.8,0.8,1.6,-1.6,1.6,0.8,1.6,1.6,0.0,2.4000000000000004,0.0,-0.8,1.6,-0.8,0.8,-0.8,0.0,-0.8,-1.6,1.6,-0.8,1.6,2.4000000000000004,-1.6,1.6,-0.8,0.0,-0.8,0.8,0.0,-0.8,0.8,0.0,-0.8,1.6,-0.8,0.8,0.8,0.0,2.4000000000000004,0.0,0.0,0.8,0.0,0.8,0.0,-0.8,0.8,-0.8,-0.8,0.0,0.8,0.0,0.0,0.0,0.8,-0.8,0.0,0.8,0.0,0.8,0.0,0.0,0.8,-0.8,-0.8,-0.8,1.6,-0.8,-0.8,0.0,0.8,-0.8,0.8,0.0,0.0,0.0,0.0,-0.8,0.0,0.0,0.0,1.6,0.0,0.0,0.0,-0.8,0.8,-0.8,-0.8,-0.8,-0.8,0.8,0.0,-0.8,0.8,0.8,2.4000000000000004,-0.8,0.0,0.8,0.0,-0.8,0.0,0.0,0.0,-0.8,0.8,0.0,1.6,0.0,0.8,0.8,0.0,0.0,-0.8,0.0,0.0,0.0,0.8,0.0,0.8,0.0,0.0,0.8,-0.8,0.0,0.0,-0.8,1.6,-1.6,0.8,0.8,0.8,0.8,-0.8,0.0,-1.6,0.8,1.6,-0.8,1.6,0.0,0.8,0.0,-0.8,0.8,0.0,-1.6,1.6,0.0,-0.8,0.0,0.8,0.8,0.0,0.8,0.8,0.0,0.8,0.0,0.8,0.8,0.8,-0.8,0.8,1.6,1.6,0.0,0.0,0.8,0.0,1.6,0.0,0.8,1.6,0.0,0.0,0.0,0.8,0.8,0.8,0.0,0.8,0.8,0.8,0.8,0.8,0.0,0.8,0.0,0.8,1.6,-0.8,0.8,0.0,0.0,0.0,0.8,1.6,0.0,-0.8,0.8,0.8,2.4000000000000004,0.0,0.0,2.4000000000000004,0.8,0.8,0.0,0.8,0.0,-0.8,0.0,-1.6,0.8,0.0,1.6,0.8,0.0,0.8,0.8,0.8,0.0,-1.6,1.6,-0.8,0.8,0.8,0.0,1.6,0.0,0.8,0.8,0.8,1.6,1.6,1.6,0.8,-0.8,1.6,0.0,0.0,0.8,0.8,1.6,0.0,0.8,-0.8,-1.6,0.8,0.8,0.8,0.0,0.8,0.8,-0.8,0.0,0.0,0.0,1.6,0.0,-1.6,0.0,1.6,0.8,0.0,0.8,1.6,1.6,0.0,0.0,0.0,1.6,0.8,-0.8,0.0,-0.8,0.8,0.0,0.8,0.0,0.8,1.6,0.0,0.8,0.0,0.0,0.8,0.0,0.8,0.0,0.0,0.8,-0.8,0.0,0.8,1.6,0.8,-0.8,1.6,0.0,0.8,0.8,0.0,0.0,0.8,0.0,0.0,-0.8,0.8,0.0,0.0,0.8,0.0,0.0,0.8,-0.8,1.6,-0.8,0.0,0.0,-0.8,1.6,0.0,1.6,0.8,-0.8,0.0,0.0,2.4000000000000004,0.0,1.6,2.4000000000000004,0.0,1.6,0.0,0.8,0.8,-0.8,0.0,0.0,0.8,1.6,0.0,0.8,-0.8,0.8,-1.6,-0.8,0.8,0.0,0.0,0.8,0.0,1.6,0.0,1.6,-0.8,0.8,-0.8,-1.6,1.6,0.0,0.8,0.0,0.0,1.6,-0.8,0.8,-0.8,-0.8,1.6,-1.6,0.0,0.0,0.0,0.8,0.0,1.6,0.8,0.0,0.8,0.0,0.0,-0.8,0.0,0.8,0.0,0.8,0.8,0.8,0.8,0.8,0.8,0.0,0.0,0.0,0.0,0.0,-0.8,1.6,0.0,0.0,0.0,0.0,0.8,0.8,0.0,0.8,0.8,0.0,0.0,0.8,-1.6,0.8,0.0,0.8,0.0,0.0,0.0,0.8,-0.8,0.8,0.0,2.4000000000000004,-0.8,0.0,0.8,0.8,-0.8,0.8,0.8,0.0,0.8,2.4000000000000004,-0.8,0.8,0.8,0.0,0.8,-0.8,0.8,0.0,-1.6,0.8,-0.8,0.0,0.0,0.0,0.8,-0.8,0.8,-0.8,-0.8,0.8,0.0,0.0,0.0,-0.8,-0.8,0.0,2.4000000000000004,-0.8,0.0,0.8,0.0,0.8,-0.8,0.8,0.0,0.0,-0.8,0.0,0.8,-0.8,-0.8,-0.8,0.0,0.8,1.6,-0.8,0.8,0.8,-0.8,-0.8,-0.8,0.0,0.8,0.8,0.0,0.0,0.0,0.0,1.6,0.0,0.0,0.8,0.8,0.8,0.8,0.0,0.0,0.8,1.6,0.0,0.8,-0.8,0.0,0.0,-0.8,-0.8,0.8,0.0,0.8,0.8,0.8,0.0,0.8,0.0,0.8,0.0,0.8,0.0,0.8,-0.8,-0.8,0.8,0.0,0.0,0.8,0.8,0.8,0.8,0.0,0.8,0.0,0.8,0.0,-1.6,-0.8,-0.8,0.0,-0.8,-0.8,0.8,-0.8,0.8,-0.8,0.8,0.8,-0.8,0.8,-0.8,0.8,0.0,-0.8,1.6,-0.8,-0.8,0.0,0.8,0.8,-0.8,0.0,-0.8,0.8,0.8,-0.8,0.8,0.8,0.8,0.0,0.0,0.8,-0.8,0.8,0.8,0.8,2.4000000000000004,0.0,0.8,0.8,-0.8,0.0,-1.6,0.0,0.0,-0.8,1.6,0.8,-0.8,0.0,0.0,0.8,0.0,-0.8,0.8,0.0,3.2,0.8,0.0,0.0,0.8,0.0,0.8,0.0,1.6,0.0,-0.8,0.0,1.6,0.0,1.6,0.0,1.6,-0.8,0.8,-0.8,0.0,-0.8,-0.8,0.8,1.6,-1.6,0.0,0.0,0.8,0.0,-0.8,0.0,0.8,1.6,0.0,0.8,0.8,0.8,0.8,-0.8,0.0,0.8,0.0,0.8,0.0,1.6,0.0,0.0,0.8,0.0,1.6,0.8,0.8,0.8,0.0,0.8,-0.8,0.8,0.0,-0.8,0.8,1.6,0.0,0.0,0.0,2.4000000000000004,0.0,0.8,0.0,-1.6,0.8,-0.8,-0.8,0.0,-0.8,0.8,0.0,0.8,0.0,0.0,0.8,-0.8,0.8,0.0,-0.8,0.0,0.0,0.0,0.0,0.8,0.8,0.8,1.6,0.8,0.8,0.0,-0.8,0.0,0.0,1.6,-1.6,-0.8,0.8,-0.8,-0.8,0.8,-0.8,0.8,-0.8,0.0,0.0,0.0,0.8,1.6,0.8,0.8,0.0,0.0,0.0,0.8,-0.8,0.0,0.0,0.0,0.8,0.0,0.0,0.8,0.0,0.0,0.0,0.0,0.8,0.8,0.0,0.0,0.0,0.0,0.0,0.0,0.8,0.8,0.0,0.8,0.0,0.0,0.0,-0.8,1.6,-1.6,0.0,1.6,-0.8,-0.8,1.6,0.8,-1.6,0.0,3.2,-1.6,0.0,0.0,0.8,0.0,-2.4000000000000004,1.6,1.6,0.0,-0.8,0.8,0.8,0.0,-0.8,1.6,0.0,0.0,-0.8,1.6,0.0,-0.8,0.8,-0.8,0.0,-0.8,-1.6,0.8,-1.6,0.0,0.0,0.8,1.6,-0.8,1.6,0.8,-0.8,0.8,0.0,1.6,0.8,0.0,0.8,-0.8,2.4000000000000004,0.0,0.8,0.8,0.0,0.8,-1.6,0.8,0.8,-0.8,1.6,0.0,2.4000000000000004,0.0,0.8,0.0,0.0,1.6,0.0,0.0,0.8,-1.6,0.8,0.8,0.8,1.6,0.0,1.6,0.0,1.6,1.6,0.8,0.0,0.0,0.0,0.8,-0.8,1.6,0.8,0.8,0.8,0.8,0.0,0.8,1.6,0.8,0.0,1.6,0.8,-1.6,0.8,0.8,0.0,1.6,0.8,0.0,0.8,1.6,0.8,0.0,0.8,1.6,0.8,1.6,0.8,0.0,0.8,0.0,0.8,0.0,1.6,0.8,0.0,1.6,0.8,1.6,0.0,1.6,0.8,-0.8,0.0,0.0,0.0,0.8,0.0,0.8,1.6,0.8,0.8,0.0,0.8,0.0,0.0,0.8,0.0,2.4000000000000004,-0.8,0.8,1.6,1.6,0.8,0.0,1.6,1.6,-0.8,0.8,0.0,0.8,0.8,0.8,0.8,0.8,0.8,1.6,-0.8,2.4000000000000004,-0.8,0.0,0.0,1.6,0.0,-0.8,0.0,0.0,0.8,0.8,0.8,0.8,0.8,0.8,1.6,0.8,0.8,0.8,0.8,0.8,0.8,1.6,0.0,0.8,0.8,-1.6,0.8,0.8,0.8,0.0,0.0,1.6,0.8,0.8,0.0,0.0,0.8,0.0,-0.8,0.0,2.4000000000000004,0.8,0.0,1.6,0.8,0.8,1.6,0.0,-0.8,0.8,0.8,0.8,1.6,0.0,0.8,0.8,1.6,2.4000000000000004,0.0,0.8,0.8,1.6,-1.6,0.0,0.8,0.8,0.8,0.8,0.0,0.8,-1.6,0.8,0.0,-0.8,1.6,0.0,1.6,0.0,1.6,0.8,0.8,2.4000000000000004,0.8,-0.8,1.6,-0.8,0.0,0.0,0.0,0.0,0.0,2.4000000000000004,2.4000000000000004,0.8,0.0,-0.8,2.4000000000000004,0.0,0.8,-0.8,0.0,1.6,0.8,0.8,0.0,0.0,1.6,0.8,2.4000000000000004,0.8,0.8,2.4000000000000004,0.8,0.8,0.0,0.8,0.0,-0.8,1.6,0.8,1.6,0.0,0.0,1.6,-0.8,0.8,1.6,0.0,1.6,0.0,0.8,0.0,0.8,0.8,0.8,0.8,0.8,-0.8,0.0,1.6,0.8,0.8,1.6,1.6,1.6,1.6,0.0,0.0,1.6,0.8,-2.4000000000000004,0.8,0.0,0.0,0.8,0.8,0.8,0.0,0.0,0.8,0.0,1.6,0.8,-1.6,2.4000000000000004,0.8,-0.8,0.8,1.6,0.8,0.0,0.8,0.8,0.8,0.8,-1.6,2.4000000000000004,1.6,0.0,0.8,0.8,1.6,0.0,0.8,0.0,0.8,0.0,0.0,0.8,0.0,-0.8,2.4000000000000004,0.0,2.4000000000000004,0.0,-0.8,0.8,0.0,0.0,0.0,0.0,1.6,0.8,0.0,0.0,-0.8,0.8,0.8,0.8,0.0,0.8,1.6,-0.8,1.6,0.8,1.6,0.0,-0.8,1.6,1.6,0.8,0.8,-0.8,0.8,-0.8,0.8,0.8,-0.8,1.6,0.0,1.6,1.6,0.0,1.6,0.8,-0.8,-0.8,0.0,1.6,0.8,0.8,0.0,0.8,1.6,0.8,0.8,0.0,1.6,0.8,0.0,1.6,-0.8,0.8,0.8,0.0,0.0,0.8,0.0,0.8,0.8,-0.8,0.8,0.0,0.0,0.8,0.0,0.0,0.0,0.0,0.8,0.8,1.6,1.6,0.0,0.8,0.0,2.4000000000000004,0.0,-0.8,0.8,1.6,0.0,0.8,0.0,0.8,-0.8,0.0,-0.8,1.6,0.0,0.0,1.6,1.6,-1.6,0.8,0.0,0.8,-0.8,1.6,0.8,0.8,0.8,0.8,1.6,0.8,0.0,0.8,-0.8,1.6,0.8,1.6,0.0,-0.8,0.8,1.6,-0.8,0.0,0.0,0.8,-0.8,0.8,0.8,-0.8,0.8,-0.8,0.8,0.8,0.0,0.8,-0.8,1.6,1.6,0.0,1.6,-1.6,-0.8,0.8,0.8,0.8,0.0,0.8,0.0,0.8,1.6,-0.8,0.8,0.0,-0.8,0.8,-0.8,1.6,0.8,0.8,0.8,0.8,0.8,-0.8,0.8,0.8,0.0,0.0,0.0,0.0,0.8,0.8,0.8,1.6,0.0,0.0,0.0,0.8,0.0,0.0,1.6,0.8,1.6,0.0,0.8,0.8,0.8,0.8,0.8,0.8,1.6,0.8,0.8,0.0,1.6,0.8,0.8,2.4000000000000004,0.0,-1.6,0.0,0.0,1.6,-0.8,0.0,0.0,0.0,0.8,-0.8,0.0,1.6,0.8,0.8,0.0,0.0,2.4000000000000004,0.0,1.6,0.8,0.8,1.6,0.0,0.0,0.8,0.8,0.0,0.0,0.8,-0.8,1.6,0.8,-0.8,0.8,0.8,1.6,0.8,0.8,1.6,0.0,1.6,0.0,-1.6,0.8,1.6,0.8,-1.6,0.8,3.2,0.0,0.8,0.8,0.0,1.6,0.0,0.0,2.4000000000000004,0.0,0.8,0.8,2.4000000000000004,0.8,1.6,1.6,0.8,1.6,0.8,0.8,1.6,0.0,0.8,0.8,0.0,1.6,0.8,0.8,-0.8,0.0,0.8,0.0,1.6,0.0,1.6,1.6,0.8,1.6,1.6,0.0,0.0,-0.8,1.6,0.0,-0.8,0.0,0.8,0.8,0.8,0.8,0.8,0.0,0.0,0.8,0.8,-0.8,1.6,0.0,0.8,-0.8,-0.8,0.8,0.8,0.8,-1.6,0.8,-0.8,0.8,1.6,0.0,2.4000000000000004,0.0,0.0,0.8,-0.8,1.6,0.8
event_125,1625267013.07238,1.6,0.0,0.0,0.0,1.6,0.8,0.8,0.0,0.0,0.8,-0.8,-0.8,0.8,-0.8,1.6,0.0,0.8,-0.8,-0.8,1.6,0.0,0.0,0.0,-0.8,1.6,-0.8,0.0,0.8,0.8,0.0,0.0,0.0,0.0,0.0,1.6,-0.8,0.8,1.6,0.0,0.8,-0.8,0.8,0.8,0.0,0.8,-1.6,0.8,0.0,1.6,1.6,-0.8,1.6,0.0,0.8,1.6,0.0,1.6,0.8,-0.8,0.0,-0.8,1.6,0.0,0.0,0.0,0.8,0.8,0.0,0.0,0.8,0.8,1.6,-0.8,1.6,1.6,0.8,1.6,0.0,1.6,-0.8,-0.8,0.8,0.8,0.8,0.0,0.0,1.6,-0.8,0.8,0.8,0.8,0.0,0.0,0.8,0.8,1.6,0.0,0.8,0.8,1.6,0.8,-2.4000000000000004,-19.200000000000003,-27.200000000000003,-16.0,-6.4,-4.0,-1.6,-0.8,-0.8,-0.8,-1.6,-0.8,-0.8,0.0,-1.6,-2.4000000000000004,0.0,-0.8,0.8,-0.8,0.0,0.8,0.8,-1.6,-0.8,-0.8,0.0,-0.8,0.8,-0.8,0.8,0.0,-0.8,3.2,-1.6,-2.4000000000000004,1.6,1.6,-1.6,-0.8,2.4000000000000004,-0.8,-1.6,0.0,-0.8,1.6,-1.6,0.0,1.6,-0.8,0.0,-0.8,1.6,0.0,0.0,1.6,-1.6,-0.8,0.0,0.0,2.4000000000000004,-0.8,0.0,0.8,-0.8,2.4000000000000004,-0.8,0.8,0.8,-0.8,0.8,-0.8,1.6,0.0,0.0,0.8,-0.8,0.8,0.0,0.0,0.8,-1.6,0.0,0.0,0.0,0.0,-0.8,0.8,-0.8,0.0,0.0,0.0,1.6,0.0,0.0,0.8,0.0,1.6,-0.8,1.6,0.8,1.6,-0.8,0.0,1.6,-0.8,0.0,0.0,0.0,0.0,0.0,0.8,1.6,0.0,0.0,0.0,-0.8,0.8,0.0,0.8,0.0,0.0,-1.6,0.0,0.0,-0.8,0.0,0.0,0.8,0.0,0.0,0.0,-0.8,0.0,-0.8,1.6,0.0,0.0,1.6,0.8,-0.8,0.8,-0.8,-1.6,0.0,0.8,0.0,-0.8,0.0,0.0,0.0,0.0,0.8,0.0,-0.8,0.0,-1.6,0.0,0.8,-1.6,0.8,-0.8,0.0,0.0,0.0,0.8,-0.8,0.8,-0.8,-0.8,0.0,0.0,0.8,0.0,0.0,0.0,-0.8,0.8,-0.8,0.0,0.0,-1.6,0.8,-0.8,0.8,0.0,-1.6,2.4000000000000004,0.0,-0.8,0.8,-0.8,0.8,-0.8,0.0,0.0,0.8,0.8,0.0,1.6,1.6,-0.8,0.8,-0.8,1.6,0.8,-1.6,0.8,-0.8,1.6,1.6,0.0,2.4000000000000004,-0.8,0.8,-0.8,-0.8,-0.8,0.8,0.8,0.8,-1.6,0.0,0.0,0.8,-1.6,0.0,-0.8,-1.6,0.8,0.8,0.0,1.6,0.8,0.8,0.0,-0.8,0.0,0.8,0.0,0.0,0.0,-0.8,0.0,0.0,0.0,-0.8,0.0,0.0,-0.8,0.0,0.0,-0.8,0.8,0.0,0.0,0.0,1.6,0.0,-0.8,0.8,0.8,0.8,1.6,0.0,0.8,0.0,0.0,-0.8,0.0,0.8,0.8,0.8,0.8,0.8,1.6,0.0,0.8,0.8,0.0,0.8,-1.6,0.0,0.0,0.0,0.8,0.0,0.0,-0.8,1.6,0.8,0.0,0.0,0.0,0.8,0.8,0.0,0.8,0.8,2.4000000000000004,-0.8,0.8,0.8,0.8,0.8,-0.8,-0.8,0.8,-0.8,1.6,0.8,0.8,0.0,0.8,0.0,0.0,0.0,1.6,0.8,1.6,0.0,0.8,0.8,1.6,0.8,0.0,0.8,0.0,0.8,0.8,0.0,0.0,1.6,0.0,0.0,0.0,0.8,0.8,0.8,0.0,-0.8,0.0,-0.8,0.8,0.8,0.0,0.0,1.6,0.0,0.8,0.8,0.0,2.4000000000000004,-0.8,-0.8,-0.8,0.8,1.6,-0.8,0.8,0.0,1.6,2.4000000000000004,-2.4000000000000004,0.0,2.4000000000000004,-1.6,0.0,0.0,0.8,0.8,2.4000000000000004,0.8,0.8,0.8,0.0,0.8,2.4000000000000004,0.0,0.8,0.8,0.8,1.6,0.0,1.6,0.0,-0.8,0.8,0.8,0.8,0.8,0.0,1.6,0.0,0.8,0.0,0.8,0.8,0.8,1.6,0.0,0.8,0.0,-0.8,1.6,-0.8,1.6,0.0,0.0,0.8,0.0,0.0,0.0,-0.8,1.6,-0.8,0.8,1.6,0.8,0.0,0.0,0.8,0.0,0.0,0.8,0.0,0.0,0.8,0.8,0.8,0.0,0.8,-0.8,0.0,0.0,0.0,1.6,-0.8,0.0,0.8,0.0,0.0,-1.6,0.8,-0.8,0.0,0.8,0.8,0.8,0.0,0.0,0.0,0.0,0.0,0.0,0.8,0.8,0.0,0.0,-0.8,0.8,0.0,0.0,-0.8,0.0,0.0,0.0,0.0,0.8,0.8,0.0,0.0,0.0,-0.8,0.8,0.8,-0.8,0.0,-1.6,0.0,0.0,-0.8,0.8,0.0,1.6,0.0,0.8,0.8,0.0,1.6,-1.6,0.8,0.8,0.8,0.8,-0.8,0.8,0.8,0.0,1.6,-0.8,0.8,0.8,0.0,0.8,0.0,1.6,1.6,0.0,1.6,-0.8,1.6,-0.8,0.0,0.8,-0.8,1.6,0.0,0.0,0.8,-0.8,1.6,0.0,0.8,1.6,0.0,2.4000000000000004,0.8,0.0,1.6,-0.8,0.8,-0.8,0.0,1.6,0.0,0.8,0.0,0.8,-1.6,0.0,1.6,-0.8,0.8,0.0,1.6,0.0,0.8,0.8,-0.8,0.0,0.0,-0.8,0.8,0.0,0.8,0.0,0.0,0.8,0.8,1.6,0.8,-0.8,0.0,0.0,0.0,0.0,-0.8,0.0,0.0,0.0,1.6,0.8,0.0,0.0,1.6,-0.8,0.0,0.8,0.0,0.8,0.0,-0.8,0.8,0.0,0.0,0.8,0.0,0.8,0.0,0.8,0.0,0.0,0.8,0.8,0.8,1.6,0.8,0.0,1.6,0.0,0.8,-0.8,-0.8,0.8,-0.8,0.8,0.8,0.8,1.6,0.8,0.8,0.0,0.0,1.6,-0.8,1.6,-0.8,-0.8,0.8,0.8,1.6,0.0,0.8,0.8,0.8,1.6,0.0,0.0,0.8,0.0,0.8,-0.8,0.0,0.0,-1.6,0.0,-0.8,-0.8,0.8,0.0,2.4000000000000004,-0.8,0.8,1.6,0.0,0.8,-0.8,0.8,0.8,-1.6,0.0,0.0,0.8,0.8,-0.8,0.0,0.0,0.8,0.8,0.0,0.8,0.8,0.8,0.8,0.0,1.6,0.8,0.8,0.0,0.8,1.6,0.0,1.6,1.6,0.8,0.0,-0.8,0.8,0.8,0.0,0.8,0.8,0.8,0.0,0.8,0.0,0.0,-0.8,0.8,1.6,2.4000000000000004,0.0,0.8,0.8,0.0,0.8,0.8,0.0,0.0,0.0,0.0,0.0,0.8,-0.8,0.0,1.6,0.0,0.0,0.8,-0.8,0.8,-0.8,0.0,-0.8,0.8,0.8,-0.8,0.8,0.0,0.0,0.8,0.8,0.8,0.8,0.0,0.0,-0.8,2.4000000000000004,0.0,0.0,0.0,0.0,0.8,-0.8,-0.8,0.8,-0.8,0.0,0.0,-0.8,0.8,0.0,0.0,-0.8,0.8,0.8,-0.8,0.8,-0.8,0.0,0.0,0.8,0.8,-0.8,0.0,1.6,0.0,0.8,0.0,-0.8,0.8,0.8,-0.8,-2.4000000000000004,1.6,0.8,-2.4000000000000004,0.8,3.2,-1.6,-0.8,0.0,0.0,-1.6,0.0,0.0,0.0,0.0,-0.8,0.8,0.8,0.0,0.8,1.6,0.8,0.0,-0.8,0.0,1.6,1.6,-0.8,0.8,2.4000000000000004,1.6,0.0,1.6,0.8,1.6,-0.8,0.8,0.8,-1.6,0.0,1.6,1.6,1.6,-0.8,1.6,-0.8,0.8,0.8,0.0,0.8,0.8,0.0,0.8,0.0,0.0,-0.8,0.8,0.8,0.0,2.4000000000000004,0.8,0.0,0.8,0.0,0.0,-0.8,-0.8,0.0,0.8,0.0,0.0,0.8,0.0,0.0,0.8,-0.8,0.8,0.8,0.0,1.6,0.0,0.0,0.8,0.0,0.0,-0.8,0.8,0.0,-0.8,0.8,0.0,0.8,0.0,0.0,0.8,-1.6,0.8,-0.8,-0.8,0.0,0.0,0.8,0.0,-0.8,2.4000000000000004,-0.8,-1.6,-0.8,0.0,0.0,0.0,1.6,-0.8,0.8,0.0,0.0,0.8,-0.8,0.8,0.8,0.0,0.0,-1.6,0.0,0.0,1.6,0.0,0.0,0.8,-0.8,-0.8,0.0,-0.8,0.8,-0.8,0.8,0.0,0.8,0.0,0.0,0.0,0.8,0.8,0.0,0.8,0.0,-1.6,0.8,-0.8,0.8,0.0,0.0,0.8,-0.8,0.8,-0.8,-0.8,-0.8,0.0,0.8,0.0,0.8,0.0,-0.8,0.8,0.0,0.0,0.0,-1.6,0.0,-1.6,-1.6,0.0,0.0,0.8,0.0,0.8,0.0,-0.8,1.6,0.0,0.8,0.0,0.8,-0.8,-0.8,2.4000000000000004,0.8,0.0,0.8,0.0,1.6,0.8,0.0,-0.8,0.0,1.6,-1.6,0.8,0.8,-0.8,0.8,-0.8,1.6,0.8,-0.8,1.6,0.8,0.0,0.0,0.0,1.6,-0.8,0.0,0.8,0.8,0.8,-0.8,0.0,-0.8,0.0,-0.8,0.0,0.8,0.0,0.0,0.8,0.8,0.8,-0.8,0.0,0.8,0.8,0.0,-0.8,0.8,0.0,0.0,1.6,0.8,1.6,0.0,0.0,0.8,1.6,0.0,1.6,0.0,0.8,0.0,0.0,-0.8,-0.8,0.0,0.8,0.8,-0.8,0.8,0.8,0.8,-0.8,0.8,0.0,0.0,-0.8,0.8,1.6,-0.8,0.0,0.8,-1.6,0.0,0.8,-0.8,-0.8,0.8,0.8,0.8,0.8,0.8,1.6,0.8,-0.8,-0.8,0.0,0.0,0.8,0.8,0.0,0.0,-0.8,2.4000000000000004,-0.8,-0.8,1.6,0.0,0.0,0.0,1.6,0.8,-1.6,0.8,0.0,0.0,0.0,-0.8,0.8,-0.8,0.0,0.0,0.8,0.0,-0.8,0.0,0.8,-0.8,0.8,-0.8,0.8,-0.8,0.0,1.6,-0.8,2.4000000000000004,0.0,0.0,0.8,-0.8,0.0,0.8,0.0,0.8,-0.8,0.0,-0.8,0.8,0.8,1.6,0.0,0.0,0.0,0.0,0.0,0.8,-0.8,0.0,0.0,0.8,0.8,-0.8,0.0,0.8,0.8,0.0,-0.8,-0.8,0.8,0.8,0.0,0.0,0.0,0.0,0.0,-0.8,0.8,1.6,0.8,0.8,-0.8,-0.8,0.8,0.8,0.8,0.8,0.8,0.0,0.0,0.0,0.8,0.8,0.8,0.0,-1.6,-0.8,0.8,0.0,0.8,-0.8,1.6,0.8,1.6,0.0,-2.4000000000000004,0.8,0.8,0.0,0.0,0.8,0.8,0.0,1.6,1.6,-0.8,0.0,0.0,1.6,0.0,-0.8,1.6,0.8,-0.8,-0.8,0.0,0.8,-0.8,0.0,1.6,-0.8,1.6,0.0,-0.8,0.0,1.6,0.8,-0.8,0.8,0.8,-1.6,0.8,-0.8,0.0,-0.8,-0.8,0.0,-0.8,0.8,0.8,0.8,1.6,-0.8,0.0,-1.6,0.0,0.0,0.8,0.0,1.6,0.0,-0.8,1.6,0.0,0.0,0.8,0.0,0.0,1.6,0.0,0.0,1.6,-0.8,1.6,0.0,0.0,0.8,0.8,0.8,1.6,0.0,0.0,-0.8,1.6,0.8,-0.8,0.8,0.8,0.0,1.6,0.0,0.0,0.0,-0.8,-0.8,0.0,1.6,0.0,0.0,0.8,0.0,1.6,1.6,0.0,0.8,0.8,0.8,-0.8,0.0,1.6,0.0,0.8,0.0,1.6,0.8,-0.8,-0.8,-0.8,-1.6,0.0,0.0,0.8,-0.8,-0.8,0.8,0.8,0.8,-0.8,0.0,1.6,0.8,0.8,-0.8,2.4000000000000004,2.4000000000000004,0.0,0.8,0.8,2.4000000000000004,0.0,0.8,1.6,0.0,0.8,-0.8,0.8,1.6,-1.6,1.6,-0.8,0.8,0.0,-0.8,0.8,0.0,0.8,1.6,0.0,1.6,-1.6,0.0,0.8,0.0,0.8,-0.8,0.8,0.0,0.8,1.6,0.0,0.8,0.0,1.6,0.0,-1.6,2.4000000000000004,0.0,0.0,-0.8,0.0,0.8,0.8,0.8,0.8,0.8,0.0,-0.8,0.0,0.8,0.8,0.0,0.8,0.0,0.0,0.0,1.6,0.8,0.8,0.8,0.8,0.0,0.8,0.0,0.0,1.6,-0.8,0.0,0.0,0.8,0.8,0.0,0.8,2.4000000000000004,0.0,0.0,0.0,0.8,0.0,-0.8,-0.8,0.0,0.0,0.0,-0.8,2.4000000000000004,0.0,0.8,0.0,1.6,0.0,-1.6,0.8,0.0,1.6,-0.8,1.6,0.8,0.0,0.8,0.0,-1.6,1.6,-0.8,0.8,0.0,0.8,0.0,0.8,0.8,-1.6,0.0,0.0,-0.8,1.6,-0.8,0.0,0.0,0.0,0.8,-0.8,1.6,0.0,1.6,1.6,-0.8,0.8,1.6,0.0,1.6,-0.8,0.0,0.0,-0.8,1.6,0.8,1.6,0.0,0.8,0.8,-1.6,1.6,0.0,0.0,0.8,0.0,1.6,-0.8,1.6,1.6,-0.8,1.6,0.0,-0.8,0.0,1.6,0.8,-0.8,0.8,1.6,0.8,1.6,-0.8,-0.8,0.0,-0.8,0.0,0.8,1.6,1.6,-0.8,1.6,1.6,0.8,-0.8,0.8,1.6,-0.8,-0.8,0.8,-0.8,0.8,-0.8,1.6,1.6,0.0,0.8,0.8,0.8,0.0,-0.8,0.0,0.8,1.6,1.6,1.6,0.8,0.8,0.0,0.8,0.8,1.6,0.8,-0.8,0.0,0.0,0.0,0.8,0.0,0.8,-0.8,0.8,0.0,0.0,0.0,0.8,0.0,1.6,0.0,0.0,0.0,1.6,0.0,-0.8,0.8,-0.8,0.8,0.8,0.0,0.8,0.0,1.6,-0.8,0.0,0.8,0.0,-0.8,0.0,0.0,-0.8,-0.8,0.8,0.0,0.0,0.8,1.6,0.0,0.8,0.8,1.6,1.6,0.0,-1.6,0.8,2.4000000000000004,0.8,0.8,0.0,1.6,0.0,0.8,0.8,-0.8,0.0,0.0,-0.8,0.0,0.8,0.0,-0.8,0.0,0.8,1.6,0.8,0.0,0.8,0.0,0.0,0.0,0.0,0.0,0.0,0.0,1.6,0.8,-0.8,0.8,0.8,-0.8,0.8,0.8,-1.6,2.4000000000000004,1.6,0.0,0.0,1.6,0.0,0.8,0.0,0.8,1.6,-0.8,-1.6,1.6,0.8,0.8,0.8,0.8,0.0,0.8,-0.8,0.0,0.8,0.0,0.0,1.6,0.0,0.8,0.0,0.0,1.6,0.0,1.6,0.0,0.8,0.8,0.0,0.8,-1.6,0.0,0.8,-0.8,0.8,0.8,0.0,0.8,-0.8,-0.8,-0.8,0.8,1.6,0.0,1.6,0.0,0.8,1.6,-0.8,0.8,0.0,0.0,-0.8,-0.8,2.4000000000000004,0.0,0.8,-0.8,0.0,0.8,-0.8,-0.8,-0.8,0.0,0.0,-0.8,0.0,-0.8,0.0,0.8,-0.8,1.6,0.8,0.0,0.8,0.8,0.8,-0.8,-0.8,-0.8,0.0,0.0,0.0,0.8,0.0,0.0,0.8,0.0,0.8,0.0,0.8,0.0,0.0,0.0,0.8,0.8,0.8,-0.8,0.0,0.0,0.8,-0.8,0.0,0.0,0.0,0.0,0.0,0.0,0.8,0.0,0.0,-0.8,1.6,-1.6,0.8,0.0,1.6,0.0,0.0,0.8,0.0,0.0,0.0,0.0,0.0,0.0,0.8,1.6,0.0,1.6,0.0,0.0,0.8,0.0,1.6,0.0,0.0,0.0,-1.6,1.6,0.0,0.0,0.8,-0.8,1.6,-0.8,0.8,1.6,-1.6,0.8,-1.6,-0.8,0.0,0.0,1.6,-1.6,0.8,0.8,0.0,1.6,-1.6,1.6,0.0,0.0,0.0,-1.6,0.0,0.0,0.0,0.8,0.0,0.8,-0.8,-0.8,0.8,-0.8,0.0,-0.8,0.8,0.0,-0.8,0.8,-0.8,0.8,-0.8,0.0,0.0,-0.8,0.0,0.8,-0.8,1.6,-1.6,0.8,0.8,0.0,0.0,0.0,0.0,0.8,0.0,0.0,0.0,0.8,0.0,1.6,0.8,0.0,0.0,-0.8,0.8,0.0,-0.8,0.0,0.0,0.8,-0.8,-0.8,0.8,0.0,0.0,0.8,0.8,0.0,0.8,0.8,0.0,0.8,1.6,0.0,-1.6,-1.6,0.0,0.0,0.0,-0.8,0.0,-0.8,-0.8,0.8,-1.6,0.0,0.0,-0.8,0.8,0.0,-0.8,0.0,0.0,0.8,-1.6,0.0,0.8,-0.8,0.8,0.0,0.8,0.0,0.8,0.8,-1.6,1.6,0.8,-0.8,0.8,0.0,0.8,0.0,0.0,0.0,-1.6,0.0,-0.8,0.8,0.0,-1.6,0.0,-0.8,-0.8,0.0,-0.8,0.8,-0.8,0.0,1.6,-0.8,2.4000000000000004,-0.8,0.0,0.8,0.8,0.8,-0.8,0.8,1.6,-0.8,1.6,-1.6,0.8,0.8,-1.6,0.0,-1.6,0.0,1.6,0.0,0.8,-0.8,0.8,-0.8,0.8,0.0,-0.8,0.0,0.0,-0.8,-0.8,-0.8,0.8,0.0,0.8,0.8,-0.8,0.8,0.0,-0.8,0.8,-0.8,0.8,0.0,0.8,0.0,0.8,0.0,0.0,0.0,0.0,0.8,-0.8,0.0,-0.8,0.0,0.8,-0.8,0.8,0.0,0.0,0.8,-0.8,0.0,0.0,1.6,0.0,-0.8,1.6,0.0,0.8,0.8,0.0,-0.8,0.0,0.0,-0.8,0.0,0.8,0.0,0.0,-0.8,0.8,0.8,0.0,0.8,0.0,0.8,0.0,0.0,0.8,-0.8,0.8,0.8,1.6,1.6,0.8,0.8,0.0,1.6,0.8,0.8,1.6,0.8,0.0,1.6,0.0,1.6,-0.8,0.8,0.0,0.0,0.0,0.0,0.8,0.8,1.6,1.6,-0.8,0.0,0.8,0.8,0.0,0.0,1.6,0.0,-0.8,1.6,-0.8,-0.8,0.0,0.0,0.0,0.0,-0.8,0.0,0.8,0.8,0.8,0.0,0.0,0.0,0.0,-1.6,0.0,0.8,-0.8,0.0,-0.8,-0.8,-1.6,-0.8,0.0,0.0,-0.8,0.8,0.8,0.8,-0.8,0.0,0.8,-0.8,-0.8,0.0,0.8,0.8,-0.8,0.8,1.6,0.0,1.6,0.0,0.0,0.8,-0.8,0.0,0.0,0.8,0.0,0.0,1.6,0.8,0.8,-0.8,0.0,0.0,-0.8,0.0,0.0,0.0,0.8,-0.8,1.6,0.0,0.8,0.0,0.0,0.8,-0.8,-1.6,0.0,0.0,2.4000000000000004,0.8,0.0,1.6,0.8,0.8,0.8,0.0,1.6,-0.8,0.0,-0.8,0.8,0.8,0.8,0.8,0.8,0.0,0.0,0.0,0.8,0.0,0.8,0.0,0.0,-0.8,-1.6,1.6,0.0,0.0,1.6,-0.8,0.8,0.8,0.0,-0.8,0.0,0.8,-0.8,0.8,0.0,0.0,1.6,-0.8,-0.8,0.8,-1.6,0.0,0.0,-0.8,0.0,0.0,1.6,-0.8,0.0,0.0,0.0,0.0,-0.8,-1.6,0.8,1.6,0.0,0.0,0.8,0.0,0.8,0.0,-0.8,-0.8,0.8,0.8,-1.6,0.8,0.0,0.8,-0.8,0.8,1.6,0.8,0.8,0.8,0.0,0.0,-0.8,1.6,0.0,0.8,1.6,-0.8,0.8,0.0,0.0,0.8,-0.8,0.0,-1.6,0.0,0.8,0.8,1.6,0.0,0.8,0.0,-1.6,0.8,-0.8,1.6,-0.8,0.0,0.0,-0.8,0.8,0.0,0.8,1.6,-1.6,0.0,-1.6,0.0,0.0,0.0,0.8,0.0,0.8,-0.8,-0.8,0.8,-0.8,0.8,0.0,0.0,1.6,0.8,0.0,-0.8,0.0,0.8,0.0,0.8,0.8,1.6,0.0,-0.8,0.8,0.0,0.0,1.6,0.0,1.6,0.8,0.0,0.8,0.0,0.0,-0.8,1.6,0.0,-0.8,0.0,0.8,0.8,0.8,0.0,0.8,0.8,1.6,0.0,0.0,0.8,0.8,-0.8,0.0,0.8,0.8,0.0,0.0,0.0,0.0,0.0,0.8,0.8,0.0,0.0,0.0,0.8,0.0,0.0,0.0,0.8,0.8,0.8,0.0,1.6,0.8,0.0,0.0,0.0,1.6,0.8,0.0,-0.8,1.6,0.0,0.8,0.8,0.8,0.0,-0.8,0.8,0.0,0.0,1.6,0.8,0.8,0.8,-0.8,0.0,0.0,0.0,0.0,-0.8,1.6,0.8,0.0,0.8,0.0,1.6,0.0,0.8,0.8,0.8,1.6,0.0,0.0,0.8,0.0,-0.8,-1.6,1.6,0.8,-1.6,1.6,0.0,-1.6,0.0,0.8,0.0,-0.8,2.4000000000000004,0.0,0.8,1.6,0.0,0.8,0.0,0.0,0.0,-2.4000000000000004,2.4000000000000004,0.0,0.0,-0.8,0.0,1.6,-0.8,0.0,1.6,0.0,1.6,-1.6,0.8,0.8,-0.8,-0.8,0.0,1.6,0.8,-0.8,0.0,0.8,-0.8,0.0,0.8,0.8,0.0,0.0,0.8,0.8,0.8,0.8,0.8,-0.8,-0.8,0.0,0.8,0.0,2.4000000000000004,0.0,0.8,0.0,0.8,0.8,0.8,0.8,0.8,0.0,0.0,0.0,0.8,0.0,0.8,0.0,0.0,-0.8,0.0,0.0,0.8,-1.6,1.6,0.0,0.0
event_126,1625267015.2225032,1.6,0.0,0.0,0.0,0.8,0.8,0.0,-0.8,-0.8,0.8,0.0,-0.8,0.8,0.0,0.8,0.0,-0.8,2.4000000000000004,0.8,-0.8,1.6,-0.8,-0.8,-0.8,-0.8,0.0,0.0,0.0,0.0,0.8,0.8,0.0,2.4000000000000004,0.8,0.8,0.0,0.8,0.0,1.6,0.8,0.0,0.0,0.8,0.0,-0.8,0.0,0.8,0.8,0.0,0.8,0.0,-1.6,1.6,0.8,-1.6,0.0,0.0,0.0,0.0,-0.8,0.0,0.8,2.4000000000000004,-0.8,0.0,-0.8,0.8,1.6,0.0,1.6,0.0,1.6,1.6,0.0,0.8,0.0,0.0,0.8,-0.8,1.6,0.0,-0.8,1.6,0.0,-0.8,0.0,0.8,0.8,-0.8,0.0,0.8,0.0,0.8,0.0,0.0,0.0,-0.8,-0.8,0.8,1.6,0.8,0.0,-8.0,-46.400000000000006,-61.6,-37.6,-15.2,-6.4,-2.4000000000000004,0.0,-0.8,-4.800000000000001,-2.4000000000000004,-0.8,-1.6,1.6,0.8,0.8,0.0,-0.8,1.6,-1.6,0.0,0.0,-0.8,0.8,0.0,0.0,0.0,0.0,0.8,0.0,1.6,0.0,0.8,1.6,-0.8,3.2,-0.8,0.8,0.0,0.0,0.8,0.8,0.0,0.0,-0.8,0.0,-0.8,-0.8,0.0,0.8,1.6,-0.8,0.0,0.0,-1.6,1.6,-1.6,0.8,-0.8,0.0,0.0,0.0,0.8,-1.6,0.8,1.6,-0.8,0.8,0.8,0.0,0.0,0.0,1.6,-0.8,0.0,1.6,0.0,0.8,-0.8,0.8,-0.8,-0.8,0.0,-0.8,0.8,0.0,0.0,1.6,-1.6,1.6,1.6,-1.6,0.8,0.8,0.0,0.0,0.8,0.8,0.8,0.0,0.8,0.8,1.6,-0.8,-1.6,0.8,0.0,0.8,0.8,0.8,0.0,0.8,0.0,0.0,0.0,-0.8,0.0,-0.8,-0.8,0.0,0.0,0.0,0.0,-0.8,0.0,0.8,0.8,-0.8,0.8,0.0,0.0,-1.6,0.0,0.8,0.8,0.0,1.6,0.8,1.6,-0.8,0.8,-0.8,0.8,-0.8,-0.8,0.0,0.0,0.0,0.0,0.8,1.6,-0.8,0.8,0.8,-1.6,0.8,1.6,0.8,1.6,-0.8,0.8,0.0,1.6,-0.8,0.0,0.0,-2.4000000000000004,1.6,1.6,0.8,1.6,0.8,2.4000000000000004,-0.8,0.0,0.8,0.0,0.0,-0.8,0.0,0.0,0.8,1.6,-0.8,0.8,0.0,-0.8,0.8,-0.8,0.0,0.0,0.0,0.0,-0.8,0.8,0.8,0.8,0.0,0.0,2.4000000000000004,0.0,1.6,0.0,-0.8,0.8,0.0,0.0,0.0,0.0,0.8,0.0,0.0,0.8,0.8,1.6,0.0,0.8,-0.8,0.0,0.0,0.0,1.6,0.8,0.0,0.8,0.0,0.0,1.6,0.8,0.8,-0.8,0.0,0.0,1.6,0.0,0.0,2.4000000000000004,1.6,0.8,1.6,0.8,-0.8,0.0,-0.8,-0.8,-0.8,-1.6,1.6,-0.8,0.0,0.8,0.0,0.0,0.0,-0.8,0.8,0.0,0.0,0.0,0.8,-0.8,0.8,0.8,-0.8,1.6,0.8,0.8,1.6,-0.8,0.0,0.0,-0.8,0.8,0.0,1.6,0.8,0.0,0.8,-0.8,-0.8,-0.8,0.0,0.8,-0.8,0.0,0.0,0.8,0.8,-0.8,-0.8,0.0,0.0,-0.8,0.0,0.8,0.8,0.0,0.0,0.8,1.6,0.0,-0.8,0.8,0.0,0.8,-0.8,0.0,0.8,0.8,0.0,0.0,0.8,0.8,0.0,0.0,0.0,0.0,-0.8,0.0,0.8,-0.8,0.0,0.8,1.6,0.0,0.8,0.8,0.8,0.0,-0.8,0.8,0.0,0.0,-0.8,0.0,0.0,0.8,0.0,-0.8,0.8,0.8,-0.8,0.0,-0.8,0.0,-0.8,0.0,0.0,0.8,0.0,0.8,0.8,0.8,0.0,0.8,0.0,0.0,0.0,0.0,-0.8,0.0,0.0,0.0,0.8,-0.8,0.8,0.8,0.0,-1.6,1.6,-0.8,-0.8,-0.8,0.0,0.0,-0.8,0.0,0.8,-1.6,0.0,-0.8,1.6,0.0,0.0,0.8,-0.8,1.6,0.0,-0.8,0.0,-1.6,-0.8,0.8,0.0,1.6,-1.6,0.8,0.0,0.0,0.0,-1.6,0.0,0.0,-0.8,0.8,0.0,0.8,0.0,0.0,1.6,0.0,1.6,-0.8,0.8,0.8,-1.6,0.8,0.0,0.8,0.8,0.0,0.8,0.0,0.0,0.0,0.0,0.0,0.0,-0.8,-0.8,0.0,1.6,0.0,0.8,-0.8,0.8,0.0,0.0,-0.8,0.0,0.8,0.0,-0.8,0.0,-0.8,0.8,-0.8,0.0,-0.8,0.8,0.0,0.0,0.0,0.0,0.0,-0.8,0.0,0.0,0.0,0.8,-0.8,0.0,0.0,-0.8,0.8,0.8,0.0,0.0,0.0,0.0,-1.6,1.6,0.8,-2.4000000000000004,1.6,0.8,-1.6,-0.8,0.0,0.0,-0.8,0.8,0.0,0.0,0.8,-0.8,1.6,-0.8,-0.8,0.0,-2.4000000000000004,1.6,0.0,0.0,0.8,-0.8,1.6,-0.8,0.0,0.8,-0.8,0.8,-2.4000000000000004,0.0,0.8,-0.8,0.0,0.0,0.0,0.8,0.0,0.0,-0.8,1.6,0.0,-0.8,0.0,-0.8,0.8,-1.6,0.0,1.6,-1.6,0.8,0.0,0.0,0.0,-1.6,1.6,0.0,0.8,0.8,-0.8,1.6,0.8,-0.8,0.0,-0.8,0.0,-0.8,-0.8,0.0,0.0,0.8,1.6,1.6,0.0,0.0,0.8,-0.8,0.0,0.0,0.0,1.6,0.0,-0.8,0.0,0.0,0.0,0.0,0.0,0.0,-0.8,1.6,0.0,0.0,0.8,0.8,0.0,-0.8,-0.8,0.8,0.0,0.0,0.8,-0.8,0.0,0.8,0.0,0.0,0.0,0.0,0.8,0.0,0.0,0.0,0.0,0.8,-0.8,0.0,0.0,1.6,0.0,-0.8,0.0,0.8,0.8,0.0,0.0,-0.8,0.8,0.0,0.0,0.0,0.8,0.0,0.8,0.0,0.8,0.8,0.0,0.8,0.8,-0.8,-0.8,-0.8,0.8,-0.8,0.8,-1.6,0.8,0.8,-0.8,1.6,0.0,0.8,-0.8,0.0,1.6,0.8,0.8,0.0,-1.6,2.4000000000000004,0.0,1.6,0.8,0.8,0.8,-0.8,1.6,0.0,-0.8,1.6,0.0,0.8,0.0,0.0,0.0,0.0,0.0,0.0,-0.8,0.8,-0.8,0.0,0.0,-0.8,0.0,0.0,0.8,0.8,1.6,0.0,0.0,0.0,1.6,1.6,0.0,-1.6,0.0,0.8,-0.8,0.0,0.0,0.0,-0.8,-0.8,-0.8,0.0,0.8,0.0,0.0,0.8,0.0,-0.8,0.8,-0.8,-0.8,-0.8,1.6,0.8,0.8,1.6,1.6,1.6,0.8,-0.8,0.8,0.8,0.0,-0.8,0.0,0.8,0.0,0.0,1.6,0.0,1.6,0.0,0.8,1.6,-0.8,0.0,0.8,0.8,0.8,0.8,0.8,0.8,0.8,0.8,1.6,0.8,0.0,0.0,-0.8,0.8,1.6,-0.8,0.8,0.8,1.6,0.8,0.0,0.8,0.0,0.8,0.0,0.0,0.8,0.0,2.4000000000000004,0.8,0.8,0.8,0.8,0.0,0.8,0.0,0.0,-0.8,0.8,0.0,0.0,0.0,-0.8,0.8,0.0,0.0,0.0,2.4000000000000004,1.6,-1.6,0.8,1.6,-1.6,0.8,0.0,0.0,1.6,0.0,0.8,-0.8,0.0,0.0,0.0,1.6,0.0,0.8,0.8,0.8,1.6,0.8,0.0,0.8,-0.8,-0.8,0.0,0.8,0.8,0.8,0.8,0.8,0.8,1.6,0.8,-1.6,0.8,-0.8,0.0,-0.8,0.0,0.0,-0.8,0.8,2.4000000000000004,-0.8,0.0,0.0,0.8,0.8,0.0,0.0,0.8,1.6,0.0,0.8,1.6,0.0,0.0,1.6,0.0,0.8,-1.6,0.8,0.0,1.6,0.0,0.0,0.8,0.8,0.0,0.8,-0.8,0.8,-0.8,0.0,0.0,-0.8,0.8,0.0,0.8,0.8,-0.8,0.0,-0.8,0.0,0.0,0.8,2.4000000000000004,0.0,0.8,0.0,0.8,0.8,0.0,0.0,0.0,-0.8,1.6,0.8,0.8,0.0,0.8,0.8,-1.6,1.6,0.8,2.4000000000000004,0.8,0.8,0.8,-1.6,1.6,0.0,0.0,0.8,-1.6,1.6,0.0,0.0,0.8,-0.8,0.8,0.0,-1.6,0.8,1.6,1.6,0.0,0.8,0.8,0.8,2.4000000000000004,0.8,-0.8,0.0,0.0,0.0,-0.8,0.8,0.8,0.8,0.8,0.0,0.8,0.0,0.8,0.0,0.0,0.0,0.8,0.8,0.0,0.0,0.8,0.8,0.0,0.0,0.8,0.8,-0.8,-1.6,0.8,0.0,0.0,-0.8,0.8,1.6,0.8,0.0,0.8,0.0,0.8,0.0,0.0,0.8,0.0,0.8,2.4000000000000004,0.0,1.6,-0.8,0.8,0.8,0.8,0.8,0.8,0.0,1.6,-0.8,0.0,-0.8,0.8,1.6,0.0,0.8,-1.6,1.6,0.8,-0.8,0.8,0.0,0.0,0.8,-0.8,1.6,0.0,0.8,0.8,-0.8,0.0,-0.8,1.6,-0.8,0.0,0.8,0.0,0.0,0.8,0.0,0.0,0.0,-0.8,-1.6,0.0,0.8,0.0,1.6,0.0,0.8,0.8,0.8,0.8,-0.8,0.8,0.8,-1.6,0.8,0.8,0.8,0.0,0.8,2.4000000000000004,0.0,0.8,1.6,0.8,-0.8,-0.8,-0.8,0.8,0.0,0.8,0.0,1.6,0.0,0.8,0.8,0.0,0.0,0.0,-0.8,0.0,1.6,0.0,1.6,0.8,0.8,-0.8,1.6,0.0,0.8,0.8,0.0,-0.8,1.6,0.8,1.6,0.0,-0.8,0.0,0.0,-0.8,1.6,-0.8,0.8,-0.8,0.8,0.0,-0.8,0.0,0.8,1.6,0.0,-0.8,0.0,0.8,0.8,0.0,0.8,0.8,0.0,-0.8,-1.6,0.8,0.8,-0.8,0.8,-0.8,-0.8,0.0,-0.8,0.0,-1.6,0.0,0.8,-1.6,0.8,-0.8,0.0,0.8,-0.8,0.0,-0.8,0.8,0.0,0.0,1.6,0.8,1.6,0.8,-0.8,0.0,0.0,0.8,-0.8,-0.8,0.8,0.0,0.0,-0.8,0.8,0.8,0.0,0.8,0.8,0.0,0.0,0.0,0.0,0.8,0.8,0.8,0.8,0.8,0.8,0.8,0.0,0.8,-0.8,0.0,0.8,1.6,0.0,0.8,0.8,0.8,0.0,0.0,0.0,0.0,-0.8,0.0,-0.8,-0.8,0.8,0.8,0.8,0.8,-1.6,0.0,-0.8,0.8,0.0,0.8,0.0,0.0,0.8,-0.8,1.6,0.8,-0.8,0.8,0.0,0.0,0.8,0.0,0.8,-0.8,1.6,1.6,-0.8,0.8,0.0,0.0,0.0,0.8,0.0,-3.2,0.8,0.8,0.0,2.4000000000000004,-0.8,0.8,0.0,0.8,0.0,0.0,0.8,-1.6,-0.8,0.8,0.8,0.8,-1.6,0.0,0.8,-0.8,1.6,0.0,0.0,0.8,0.0,0.8,0.0,0.0,0.8,-0.8,1.6,0.8,0.8,0.0,0.0,1.6,-1.6,1.6,0.0,-0.8,1.6,-0.8,0.0,0.0,0.0,0.8,0.0,0.8,0.0,0.8,0.8,0.0,2.4000000000000004,-0.8,0.0,1.6,0.0,0.8,0.8,-0.8,0.0,0.0,0.8,-0.8,0.8,1.6,0.8,0.8,0.0,0.8,0.0,-1.6,0.8,0.0,0.8,0.8,0.8,0.0,0.0,0.0,0.0,0.0,0.0,0.8,-0.8,2.4000000000000004,1.6,-0.8,0.0,0.0,1.6,-0.8,0.0,2.4000000000000004,0.0,-0.8,0.0,0.0,-0.8,0.0,0.0,0.0,0.0,0.8,0.0,0.8,0.0,0.8,0.8,0.0,0.0,-1.6,0.0,1.6,-0.8,1.6,0.0,1.6,0.8,-0.8,0.8,-0.8,0.0,0.8,0.8,0.0,-0.8,1.6,0.8,-1.6,2.4000000000000004,-0.8,1.6,-0.8,-0.8,0.0,-0.8,0.8,0.0,0.0,1.6,0.0,2.4000000000000004,0.8,0.0,1.6,0.0,1.6,-1.6,0.8,0.8,0.8,0.0,-0.8,0.8,1.6,0.0,1.6,0.0,1.6,0.8,-0.8,1.6,0.8,0.8,0.8,0.0,0.8,-0.8,0.8,0.0,1.6,0.0,0.8,0.8,0.8,0.0,0.0,0.0,0.0,0.8,0.8,0.0,0.8,0.8,0.8,0.8,0.0,0.0,0.8,0.8,0.0,0.8,0.8,0.0,0.8,0.0,0.0,0.8,0.0,-0.8,-0.8,0.8,0.8,-0.8,0.8,1.6,0.0,1.6,0.0,0.8,-0.8,0.8,0.8,-0.8,1.6,0.0,0.8,0.8,0.0,0.8,0.0,0.0,-1.6,0.8,0.8,0.8,1.6,0.8,1.6,0.8,-0.8,1.6,0.8,-0.8,0.0,0.0,0.8,0.8,0.8,0.8,1.6,1.6,0.0,0.0,0.0,0.0,0.0,0.0,0.0,1.6,0.0,0.8,1.6,1.6,0.0,0.8,0.8,0.0,1.6,-0.8,-0.8,0.8,-0.8,1.6,1.6,0.0,0.0,0.0,0.0,0.0,-0.8,0.8,0.0,2.4000000000000004,0.8,0.0,1.6,0.0,0.0,-0.8,0.0,0.0,1.6,0.8,1.6,0.8,0.0,-0.8,0.0,0.0,0.0,0.8,-0.8,0.8,0.0,-1.6,0.0,0.0,1.6,0.0,0.8,0.8,0.0,0.8,0.8,0.0,0.8,0.0,-0.8,0.0,0.8,0.8,0.8,0.8,2.4000000000000004,0.0,0.8,-0.8,-0.8,0.8,-0.8,0.0,0.8,0.8,0.8,1.6,0.0,0.0,1.6,0.0,-1.6,1.6,-0.8,0.0,0.0,1.6,0.8,0.0,0.8,0.8,0.8,1.6,0.0,1.6,0.0,-0.8,1.6,0.0,2.4000000000000004,0.0,0.8,1.6,0.8,1.6,0.0,1.6,0.8,-0.8,0.8,-0.8,0.0,0.0,0.0,0.8,0.8,0.0,0.8,0.8,1.6,-2.4000000000000004,2.4000000000000004,0.0,-0.8,1.6,-1.6,0.8,0.0,0.0,0.8,0.0,0.8,0.8,1.6,0.8,-0.8,0.0,0.0,0.8,-0.8,0.8,1.6,0.0,0.8,-0.8,-0.8,0.8,-0.8,0.8,0.8,1.6,1.6,-0.8,0.8,0.0,0.0,0.8,0.8,0.0,0.8,0.8,0.0,0.0,0.0,0.0,0.0,0.8,-0.8,0.8,0.8,0.0,-0.8,0.0,-0.8,0.8,0.8,0.0,2.4000000000000004,0.0,0.0,0.0,-0.8,-0.8,-0.8,1.6,0.0,-0.8,0.8,-1.6,1.6,0.8,0.8,0.0,0.8,0.8,0.0,0.0,0.8,0.0,0.0,0.0,1.6,0.8,-0.8,1.6,0.0,1.6,0.0,-0.8,0.0,-0.8,0.0,1.6,-0.8,0.8,-0.8,0.8,0.0,0.8,0.0,0.8,0.8,0.8,-0.8,0.8,-0.8,0.8,0.0,-0.8,0.8,-0.8,1.6,-0.8,0.8,1.6,0.0,0.0,-0.8,0.8,0.8,0.0,0.0,-0.8,0.0,-0.8,-0.8,0.8,0.0,-0.8,0.0,0.0,0.8,0.0,1.6,0.0,0.8,0.8,-2.4000000000000004,0.8,0.0,0.8,-0.8,-0.8,1.6,0.8,0.8,0.8,-0.8,0.8,-0.8,0.8,0.0,-0.8,0.8,0.0,0.8,0.8,0.0,0.0,0.8,0.8,-0.8,0.0,0.8,0.0,0.8,-0.8,0.0,1.6,0.8,0.0,0.0,0.0,0.0,-0.8,0.0,0.0,1.6,-0.8,0.8,0.8,0.8,0.8,0.8,0.0,0.8,0.8,0.0,0.0,0.0,-0.8,1.6,1.6,0.0,0.8,-0.8,0.8,0.0,-0.8,1.6,-0.8,1.6,0.0,-0.8,0.0,-0.8,1.6,0.0,0.0,0.0,0.8,1.6,0.0,0.8,0.8,0.0,1.6,-1.6,0.8,0.0,0.0,0.8,-0.8,0.0,0.8,0.8,0.0,0.0,0.8,0.0,0.0,0.8,-1.6,0.0,0.0,-1.6,-0.8,-0.8,2.4000000000000004,0.8,0.8,0.0,0.0,0.0,0.8,0.8,0.0,0.0,0.8,-0.8,1.6,0.8,0.8,0.0,-0.8,1.6,0.8,-1.6,0.8,0.0,-0.8,0.8,-0.8,0.0,0.0,0.0,0.8,0.8,0.0,-0.8,0.8,0.0,0.0,-0.8,0.8,0.0,2.4000000000000004,-0.8,0.8,0.8,0.0,0.8,1.6,-0.8,0.0,0.8,-1.6,-0.8,0.8,-1.6,0.8,0.0,0.8,-0.8,0.0,-0.8,1.6,-0.8,1.6,0.0,0.0,0.8,0.0,0.0,0.0,0.0,0.8,0.0,0.8,0.8,0.0,0.8,0.0,0.0,0.0,0.0,-0.8,0.0,1.6,-0.8,0.8,0.8,-0.8,0.8,0.0,0.8,-0.8,0.0,0.8,-0.8,0.8,0.8,0.0,0.8,-0.8,0.0,-0.8,0.0,0.8,-0.8,0.8,-0.8,0.0,0.8,0.0,0.8,0.8,0.0,0.0,0.0,1.6,0.0,0.0,0.0,-0.8,0.8,0.8,0.8,0.8,-0.8,0.0,-1.6,0.0,-0.8,0.0,0.8,0.0,-0.8,0.0,0.0,0.0,0.8,0.8,0.8,0.0,2.4000000000000004,0.0,0.8,0.8,0.8,0.0,0.8,0.0,0.8,0.0,0.0,0.0,0.8,0.8,1.6,0.0,0.0,0.8,0.0,0.0,0.0,0.0,0.8,-0.8,0.8,0.0,0.0,0.8,0.8,0.0,0.0,0.8,-0.8,2.4000000000000004,0.0,-0.8,0.8,0.0,1.6,-0.8,0.0,0.8,-0.8,0.0,0.0,1.6,0.8,-0.8,0.0,0.0,1.6,0.0,0.0,0.8,0.0,0.8,-0.8,0.8,-0.8,-1.6,1.6,0.8,0.8,0.8,-0.8,0.8,0.0,1.6,0.8,-1.6,1.6,-2.4000000000000004,0.0,0.8,-0.8,1.6,-0.8,1.6,1.6,0.0,0.8,-1.6,1.6,-0.8,-0.8,1.6,-0.8,0.8,0.0,0.8,2.4000000000000004,-0.8,0.8,0.8,0.8,0.8,-0.8,0.8,0.0,0.8,0.0,0.0,1.6,-0.8,0.0,0.8,0.0,1.6,-1.6,0.8,0.8,-0.8,0.8,0.0,0.8,0.8,-0.8,0.8,0.0,1.6,-0.8,-0.8,0.0,0.0,0.8,-0.8,0.0,0.8,0.8,1.6,0.0,0.0,1.6,0.8,-0.8,-0.8,0.8,-0.8,0.0,0.0,0.0,-1.6,0.0,0.0,-0.8,-0.8,0.8,-0.8,-1.6,0.0,0.8,0.0,0.8,0.8,-0.8,0.0,0.8,0.0,0.0,0.0,0.8,0.8,0.8,0.0,0.0,1.6,0.8,-0.8,-0.8,0.8,0.0,-0.8,0.0,0.8,0.0,1.6,-1.6,0.8,0.8,-1.6,1.6,-2.4000000000000004,-0.8,0.0,0.0,0.8,0.0,0.8,-0.8,-0.8,0.8,0.8,2.4000000000000004,0.0,0.0,-1.6,-0.8,0.8,0.0,-0.8,0.8,0.8,1.6,-2.4000000000000004,0.8,0.8,0.8,0.0,-1.6,1.6,0.0,-0.8,2.4000000000000004,-0.8,1.6,0.0,0.0,0.0,-0.8,0.0,0.8,0.8,1.6,0.8,0.8,-0.8,0.0,0.8,0.8,0.8,-0.8,0.8,1.6,0.0,0.0,0.0,0.8,-0.8,0.0,0.8,1.6,0.0,0.0,0.0,-0.8,0.0,2.4000000000000004,0.8,0.0,0.8,0.8,-0.8,0.0,0.8,0.0,1.6,-0.8,-0.8,0.0,0.0,0.0,0.0,-0.8,0.8,0.8,0.8,-0.8,0.0,0.0,0.8,-0.8,0.8,0.0,0.0,0.8,0.8,0.0,0.8,0.0,-0.8,0.8,-1.6,0.0,-0.8,0.8,-0.8,-0.8,0.8,0.0,0.8,0.0,0.0,1.6,-0.8,0.0,0.8,0.0,0.8,-0.8,0.0,-0.8,0.8,0.8,0.8,0.8,0.0,0.0,-0.8,0.0,0.0,0.0,0.8,0.0,0.0,0.0,-0.8,0.0,0.0,-0.8,0.8,-0.8,0.0,0.0,-1.6,0.0,0.8,0.8,0.0,0.0,0.0,0.8,-0.8,0.0,1.6,0.8,0.0,0.0,-0.8,0.0,0.0,-1.6,0.0,-0.8,-0.8,-1.6,-0.8,1.6,-0.8,-2.4000000000000004,1.6,1.6,-2.4000000000000004,-0.8,1.6,0.0,-1.6,-0.8,0.8,0.0,0.0,0.0,0.8,-0.8,-1.6,1.6,0.8,0.0,0.0,-0.8,-0.8,0.8,0.8,0.0,-0.8,0.8,0.8,0.8,0.0,-0.8,0.8,-0.8,0.0,0.8,-0.8,0.0,-0.8,-0.8,0.8,-0.8,0.8,0.8,-0.8,0.0,-0.8,0.8,-0.8,1.6,-0.8,-0.8,0.8,-0.8,0.0,1.6,-0.8,0.8,-0.8,-0.8,-0.8,0.0,0.0,-0.8,0.8,0.8,-1.6,0.8,-0.8,1.6,-0.8,0.8,0.8,-0.8,0.0,-0.8,0.0,1.6,-0.8,0.8,0.0,0.8,0.8,0.8,0.0,-0.8,0.8,0.0,-2.4000000000000004,0.8,0.0,1.6,-0.8,0.0,0.0,0.0,0.8,-0.8,1.6,0.8,0.0,1.6,0.0,0.8,0.8,-0.8,2.4000000000000004,-0.8,-0.8,0.8,0.8,0.0,-0.8,0.0,0.8,0.0,0.8,0.0,0.0,0.0,0.0,-0.8,0.0,1.6,0.8,0.0,-0.8,-0.8,0.0,0.0,0.0,-0.8,-1.6,-0.8,-0.8
event_127,1625267017.44063,0.8,0.8,-0.8,-0.8,0.0,0.8,0.0,0.0,0.8,0.0,3.2,1.6,-0.8,0.8,0.8,0.0,0.0,0.0,0.8,0.0,0.0,0.8,0.0,0.0,-0.8,0.0,0.0,0.8,0.8,0.8,-0.8,0.0,0.8,0.0,1.6,-0.8,0.0,0.0,0.0,0.0,-1.6,0.8,1.6,1.6,0.0,-0.8,0.0,0.0,0.0,-0.8,-0.8,0.0,0.0,0.8,0.0,0.0,0.0,-0.8,0.8,0.8,-0.8,0.8,-0.8,0.0,-0.8,0.0,1.6,0.0,0.8,0.8,1.6,0.0,-0.8,-0.8,-0.8,0.0,0.8,-0.8,0.8,0.8,0.8,0.0,0.8,0.0,0.0,0.0,-0.8,0.0,0.8,-0.8,0.8,0.0,-0.8,0.0,-0.8,0.8,0.0,-0.8,0.0,-1.6,0.0,-0.8,-16.0,-40.800000000000004,-35.2,-16.8,-9.600000000000001,-5.6,-2.4000000000000004,-1.6,-0.8,-3.2,-1.6,-2.4000000000000004,-2.4000000000000004,0.0,-0.8,-0.8,0.8,-1.6,0.0,-1.6,-0.8,-0.8,-0.8,1.6,0.0,-0.8,-0.8,0.8,1.6,-0.8,0.8,0.8,-0.8,0.0,-0.8,0.8,0.0,-0.8,-0.8,0.0,0.8,1.6,0.0,-0.8,0.0,0.0,0.8,-0.8,0.0,0.8,0.8,-0.8,0.8,-0.8,-0.8,0.0,0.0,-0.8,0.0,0.8,0.8,0.8,0.0,0.0,0.8,0.0,0.0,0.8,0.0,0.8,-1.6,0.8,0.0,2.4000000000000004,0.0,0.8,2.4000000000000004,0.8,0.0,0.8,0.0,1.6,-0.8,0.0,0.0,1.6,0.8,0.8,1.6,0.8,0.0,0.0,-0.8,0.8,0.0,0.8,0.0,0.0,-0.8,-1.6,1.6,0.8,0.0,0.8,-0.8,0.0,0.0,0.8,0.8,0.8,0.0,0.8,-0.8,1.6,1.6,0.8,0.0,0.0,-0.8,-0.8,0.0,0.8,0.8,0.8,0.8,0.8,0.0,0.8,0.0,-0.8,0.0,-1.6,-1.6,-0.8,1.6,0.8,0.8,0.0,0.8,0.8,0.0,0.0,-0.8,0.8,0.8,-0.8,0.0,0.8,0.0,0.8,0.0,0.0,0.8,0.0,0.8,0.8,-1.6,-0.8,0.8,-0.8,0.8,0.0,0.0,1.6,0.0,0.8,0.8,0.0,-0.8,-0.8,1.6,0.8,1.6,0.8,0.8,1.6,0.8,-0.8,0.8,-0.8,0.0,0.0,0.0,1.6,-0.8,0.0,1.6,-0.8,0.8,-1.6,0.0,-0.8,-0.8,0.0,-0.8,0.0,0.8,-0.8,-0.8,-0.8,0.8,0.0,0.0,1.6,-1.6,0.8,0.0,-0.8,-0.8,0.8,0.8,-1.6,0.0,0.8,0.8,0.0,0.0,0.8,-0.8,-1.6,1.6,0.0,-0.8,0.0,2.4000000000000004,0.0,-1.6,2.4000000000000004,1.6,-2.4000000000000004,0.0,-0.8,-0.8,0.8,0.0,1.6,0.8,1.6,-0.8,2.4000000000000004,0.0,-1.6,0.8,0.8,0.0,0.8,0.0,1.6,0.0,0.8,0.8,0.0,0.8,0.0,1.6,0.0,0.0,0.0,0.8,0.8,0.8,-0.8,0.8,0.0,0.8,0.0,1.6,0.0,0.0,0.8,0.0,1.6,-0.8,0.8,1.6,0.0,0.0,0.0,0.8,0.0,0.0,1.6,-0.8,0.0,0.0,2.4000000000000004,0.8,0.8,0.0,0.0,0.0,0.0,-0.8,0.8,-0.8,0.8,0.8,0.0,0.8,0.0,0.0,-0.8,0.0,-0.8,0.8,0.8,-1.6,-1.6,0.0,0.0,-0.8,-0.8,1.6,1.6,-1.6,0.8,0.0,-0.8,0.0,0.0,0.0,-0.8,1.6,0.0,-0.8,1.6,-0.8,0.8,0.8,-0.8,0.0,-0.8,1.6,0.0,0.8,0.8,0.8,0.0,0.8,0.0,0.8,0.0,1.6,-0.8,-0.8,0.8,0.0,0.0,0.8,0.8,0.8,0.0,0.8,0.0,0.0,0.0,0.0,0.8,0.0,0.0,0.8,0.0,0.0,0.0,0.0,0.8,0.8,0.0,-0.8,0.8,1.6,0.0,0.0,0.8,1.6,-1.6,0.8,0.8,0.0,0.8,0.8,0.8,0.0,-0.8,1.6,0.0,-0.8,-0.8,-0.8,0.0,0.8,-1.6,1.6,0.0,1.6,0.8,-0.8,0.0,0.0,0.8,0.0,-0.8,0.0,0.8,1.6,0.0,0.8,0.8,1.6,-0.8,0.8,0.0,0.0,0.0,0.8,0.0,-0.8,0.0,0.8,-0.8,0.8,0.0,0.0,1.6,0.8,0.8,-1.6,0.0,-0.8,-1.6,0.8,0.8,1.6,0.0,0.0,0.8,-0.8,1.6,-1.6,-0.8,0.8,0.0,0.0,-0.8,0.8,0.8,0.0,0.8,0.0,0.8,-0.8,-0.8,0.8,-1.6,0.8,0.8,-0.8,1.6,-1.6,-0.8,0.8,-0.8,0.8,-0.8,0.8,0.8,-0.8,0.0,0.0,2.4000000000000004,0.0,-0.8,0.0,0.8,0.0,0.8,0.8,0.8,-0.8,0.0,-0.8,0.0,-0.8,0.0,0.8,0.8,-0.8,0.0,0.0,0.8,-0.8,0.8,0.0,0.8,-0.8,0.0,0.0,0.8,0.8,0.0,-0.8,-0.8,0.8,0.8,-0.8,0.0,-0.8,0.8,-0.8,-1.6,0.8,0.0,-0.8,-1.6,0.0,-0.8,-0.8,0.8,-0.8,0.0,0.8,-0.8,0.0,0.8,0.8,0.0,1.6,0.0,-1.6,0.8,0.8,-0.8,0.0,0.0,1.6,0.8,0.0,-0.8,-0.8,0.8,0.0,0.8,0.0,0.0,0.8,0.0,0.0,0.8,-0.8,1.6,0.0,0.8,-0.8,-0.8,-0.8,0.0,0.0,0.8,0.0,0.0,-0.8,0.8,0.0,-0.8,1.6,0.0,0.0,0.0,0.8,0.8,0.8,0.8,0.8,0.0,0.8,-0.8,0.8,0.8,0.0,-0.8,0.8,0.8,0.8,0.8,0.0,-0.8,0.0,-0.8,1.6,-0.8,0.8,0.0,0.8,0.0,-0.8,0.8,0.8,0.8,0.8,0.0,0.0,1.6,0.8,0.8,0.0,0.8,0.8,0.0,0.0,0.0,0.8,0.0,0.0,0.0,-1.6,0.8,0.0,-0.8,0.0,0.8,0.8,-0.8,1.6,0.0,-0.8,0.8,-1.6,-0.8,-1.6,1.6,0.8,0.0,1.6,0.8,0.0,0.0,0.0,0.0,0.0,0.0,-0.8,1.6,0.8,0.0,2.4000000000000004,-0.8,0.8,1.6,-0.8,1.6,0.0,0.0,0.0,-0.8,0.8,0.0,0.0,0.8,0.0,1.6,0.0,0.8,0.8,-0.8,0.0,0.0,0.0,0.8,0.0,1.6,0.8,1.6,-0.8,0.0,0.0,0.0,0.8,-0.8,-0.8,0.0,0.0,1.6,0.0,0.8,-0.8,-0.8,0.0,0.0,-0.8,0.8,0.0,1.6,-0.8,0.0,0.0,0.8,0.8,-0.8,0.0,-0.8,1.6,1.6,0.0,0.8,0.0,0.0,-0.8,0.0,0.8,0.0,0.0,0.0,0.0,-0.8,0.0,-0.8,0.8,0.0,0.0,0.0,0.0,0.0,0.8,0.0,0.8,0.0,-1.6,-0.8,1.6,0.0,0.8,0.8,1.6,0.8,1.6,0.0,-0.8,1.6,-0.8,0.8,0.0,0.8,0.8,-0.8,0.8,1.6,0.8,0.8,-1.6,2.4000000000000004,-0.8,0.0,0.8,0.0,0.8,-0.8,0.8,0.8,0.0,0.8,0.0,0.8,0.8,-1.6,0.8,0.8,2.4000000000000004,0.0,0.8,1.6,0.0,0.8,0.8,-0.8,1.6,-0.8,0.8,0.0,0.0,0.8,-0.8,0.8,0.8,0.0,1.6,-0.8,1.6,-0.8,1.6,0.8,0.0,0.8,0.0,0.8,1.6,0.0,0.8,0.0,0.0,0.8,0.8,0.0,-0.8,-0.8,0.0,-0.8,0.0,0.8,1.6,0.0,-0.8,0.0,-1.6,0.8,0.0,0.8,0.0,-0.8,0.8,0.0,0.0,0.0,0.0,1.6,0.0,-1.6,0.0,0.8,0.8,0.0,0.0,0.0,0.0,0.0,-0.8,0.0,0.8,-0.8,0.0,0.0,0.0,0.0,0.0,0.0,0.8,0.8,0.0,-0.8,0.0,0.8,-0.8,0.8,-0.8,0.8,0.8,0.0,1.6,0.0,0.8,1.6,0.0,0.8,-0.8,0.8,0.8,-0.8,0.8,0.0,0.8,0.8,-1.6,0.8,0.0,0.0,0.0,-0.8,0.0,-0.8,-0.8,2.4000000000000004,0.0,0.8,0.0,0.0,0.8,0.0,0.0,0.0,0.0,1.6,-1.6,1.6,0.0,0.0,0.0,-0.8,0.8,-0.8,1.6,0.8,0.8,0.0,-0.8,1.6,0.0,-1.6,0.8,0.0,0.0,0.0,0.0,-1.6,1.6,1.6,0.0,-0.8,0.0,0.8,0.0,0.8,0.8,0.8,-0.8,0.0,-0.8,0.8,1.6,0.8,0.8,0.0,1.6,0.0,0.8,0.0,0.0,0.8,0.8,0.0,0.8,0.8,0.0,0.8,-0.8,0.0,0.0,-0.8,0.8,0.8,0.8,0.0,-1.6,0.0,0.0,0.0,0.0,0.0,0.8,0.0,1.6,0.0,-0.8,1.6,-0.8,-0.8,2.4000000000000004,0.0,0.8,0.8,0.8,-0.8,0.8,0.0,0.0,0.8,0.0,0.0,0.8,-0.8,1.6,0.0,0.8,0.8,0.8,0.8,0.8,-0.8,0.0,0.0,0.8,0.8,0.0,0.8,-0.8,0.8,0.0,0.0,0.8,1.6,2.4000000000000004,-0.8,0.0,0.8,0.0,1.6,-1.6,0.8,0.8,-1.6,0.0,0.0,-0.8,0.8,-0.8,0.0,-0.8,0.0,0.0,0.8,0.8,0.0,0.8,0.0,0.0,0.0,0.8,1.6,0.0,0.0,0.0,0.8,0.8,0.8,0.0,-0.8,0.8,0.8,-0.8,1.6,0.0,0.8,0.0,0.0,1.6,0.0,0.0,0.8,0.0,0.0,0.8,0.0,-0.8,1.6,0.0,-0.8,1.6,0.8,0.0,1.6,0.8,1.6,0.0,0.0,0.0,2.4000000000000004,0.0,0.0,1.6,1.6,0.8,1.6,-0.8,0.8,0.0,-1.6,-0.8,0.0,0.8,0.8,0.8,0.8,-0.8,0.8,-1.6,0.8,-1.6,0.8,0.8,0.0,1.6,-0.8,-0.8,1.6,-0.8,0.8,0.0,-0.8,0.8,-0.8,0.8,-0.8,0.8,0.0,-0.8,0.8,0.0,0.8,0.0,0.0,0.8,-1.6,1.6,0.0,0.0,0.0,-0.8,1.6,-1.6,0.8,0.0,0.0,3.2,0.0,0.0,0.0,0.0,0.8,-0.8,0.8,0.0,-1.6,1.6,-0.8,-0.8,0.0,-0.8,-0.8,-0.8,0.8,0.0,0.0,0.8,-0.8,0.0,0.8,0.8,1.6,-0.8,0.8,0.0,-0.8,0.0,0.0,0.0,0.0,-0.8,-0.8,0.0,0.8,0.8,-0.8,0.8,0.8,0.8,0.8,0.8,0.0,0.8,0.0,0.0,0.0,-0.8,0.0,-0.8,-0.8,0.0,0.0,1.6,0.0,1.6,0.8,0.8,0.0,0.8,0.0,0.0,-0.8,0.8,-0.8,0.0,0.0,0.8,0.0,0.0,0.0,-1.6,1.6,0.8,0.0,0.8,0.0,0.0,0.0,-0.8,1.6,-0.8,0.0,0.0,-0.8,0.0,-1.6,0.8,1.6,0.0,1.6,0.0,0.8,0.8,-0.8,0.8,0.0,-0.8,-1.6,-0.8,1.6,0.0,0.8,-0.8,0.8,0.8,0.0,0.8,0.0,0.8,-0.8,0.0,1.6,-0.8,0.8,0.0,0.0,1.6,0.0,-0.8,0.0,0.0,0.0,0.0,1.6,-0.8,0.8,0.0,-1.6,0.8,0.8,0.0,0.8,0.0,0.8,-0.8,0.0,0.0,0.0,1.6,-0.8,0.8,0.8,0.0,1.6,-1.6,0.8,0.8,-0.8,0.0,-0.8,0.8,1.6,0.8,0.8,0.0,0.8,0.0,-0.8,-0.8,0.8,0.8,0.0,0.0,0.0,0.0,1.6,-0.8,-0.8,0.8,0.0,0.0,1.6,0.0,-0.8,1.6,0.0,0.8,-0.8,0.0,1.6,-0.8,0.0,-0.8,0.0,0.8,-0.8,-0.8,0.0,0.0,0.0,-0.8,1.6,0.0,0.8,0.8,-0.8,0.0,0.0,2.4000000000000004,0.0,-0.8,0.8,0.0,1.6,0.8,-0.8,0.8,0.8,0.0,0.0,0.8,0.8,0.0,0.8,0.8,0.8,0.0,0.0,0.8,-0.8,-0.8,-0.8,0.0,0.8,0.0,0.0,-0.8,0.8,0.0,0.0,1.6,0.8,0.0,-0.8,0.0,0.8,0.8,-0.8,0.8,0.0,0.8,0.0,0.0,0.8,0.8,0.0,0.8,0.8,0.8,0.0,1.6,0.0,0.8,0.0,0.0,-1.6,0.0,0.0,1.6,0.8,0.8,0.0,0.8,0.0,-0.8,0.0,1.6,-0.8,0.0,0.8,0.0,-0.8,-0.8,0.8,0.0,-0.8,0.0,0.8,1.6,0.0,0.0,0.8,0.0,0.8,0.8,0.0,0.0,0.0,0.8,-1.6,0.8,0.8,-1.6,1.6,-0.8,-1.6,0.0,0.0,0.8,0.0,0.8,1.6,-0.8,1.6,0.0,0.8,0.8,0.0,-0.8,0.0,0.8,0.8,-0.8,0.8,0.8,0.8,0.8,0.0,2.4000000000000004,-0.8,0.8,-0.8,0.8,1.6,-0.8,0.0,0.8,0.8,1.6,0.0,1.6,1.6,0.0,0.8,0.0,2.4000000000000004,0.0,0.8,0.8,0.8,1.6,1.6,0.0,1.6,-0.8,0.0,0.0,0.8,1.6,0.8,1.6,0.0,0.8,0.8,0.0,0.8,0.0,0.8,-0.8,0.8,-0.8,-0.8,0.0,0.8,0.8,0.8,0.0,0.0,1.6,0.8,0.8,0.0,0.8,0.8,0.8,0.8,0.8,1.6,0.8,0.8,0.0,0.0,0.0,0.8,0.0,0.0,0.8,0.0,0.0,0.8,0.0,0.0,0.0,-0.8,-0.8,0.0,2.4000000000000004,0.8,1.6,0.8,0.8,0.8,0.8,0.8,0.0,0.8,2.4000000000000004,-0.8,2.4000000000000004,-0.8,0.0,-0.8,-0.8,2.4000000000000004,-0.8,0.0,0.0,0.0,0.0,-0.8,1.6,0.0,0.0,0.0,0.0,2.4000000000000004,0.0,1.6,1.6,0.0,2.4000000000000004,-1.6,0.8,0.8,1.6,1.6,0.0,0.8,2.4000000000000004,0.8,2.4000000000000004,0.0,1.6,0.8,0.0,0.8,0.0,0.8,1.6,0.8,0.8,-0.8,0.8,-0.8,0.0,0.0,0.0,0.8,0.8,-0.8,0.0,0.0,1.6,-0.8,0.0,0.8,0.0,1.6,0.0,0.8,0.8,0.0,0.8,-0.8,0.8,1.6,0.0,0.0,0.8,0.0,0.0,0.0,0.8,0.0,0.8,0.8,-0.8,1.6,0.8,0.8,0.0,0.8,-0.8,-0.8,0.0,1.6,0.8,0.8,0.8,0.8,0.0,0.8,0.0,0.0,0.8,0.0,0.0,0.0,0.8,0.8,0.8,0.8,0.0,0.0,0.0,0.0,0.8,0.8,0.0,-0.8,0.0,0.0,0.8,0.8,0.0,0.8,0.8,1.6,0.8,0.0,0.8,0.8,1.6,0.8,-0.8,1.6,0.8,1.6,0.8,0.0,1.6,0.8,0.0,0.0,0.0,0.0,0.0,0.8,0.8,-0.8,0.8,0.0,-0.8,0.8,0.0,1.6,0.0,1.6,0.8,-0.8,0.8,0.0,1.6,0.8,0.8,-0.8,0.0,1.6,-0.8,1.6,1.6,0.0,0.8,0.0,0.8,1.6,-0.8,1.6,-0.8,-0.8,0.0,-0.8,0.8,-0.8,0.0,0.8,-0.8,1.6,0.0,0.0,0.8,-0.8,0.0,-0.8,0.8,0.0,0.0,0.0,0.8,0.0,0.8,0.0,-1.6,0.0,-0.8,0.0,0.0,0.8,0.8,0.0,0.0,0.0,0.8,0.8,0.0,1.6,0.0,0.0,-0.8,0.0,0.0,-0.8,0.8,1.6,0.8,0.0,0.8,0.8,0.0,-0.8,1.6,0.8,2.4000000000000004,0.8,0.8,0.8,0.0,0.0,0.0,-0.8,0.0,0.0,0.8,0.0,0.0,0.8,0.0,1.6,-0.8,-0.8,1.6,-0.8,1.6,-0.8,0.8,1.6,0.0,0.0,-1.6,1.6,0.8,0.0,1.6,-0.8,0.8,0.8,0.0,0.8,-0.8,0.8,0.0,-0.8,0.0,0.0,1.6,0.0,0.0,0.8,0.0,0.0,0.8,0.8,0.0,0.8,0.0,-0.8,0.0,0.8,-0.8,1.6,-0.8,0.0,1.6,1.6,0.8,0.0,0.8,1.6,0.0,1.6,0.0,-0.8,0.8,-0.8,0.0,0.8,0.8,0.8,1.6,0.8,1.6,0.0,0.0,-0.8,-0.8,0.0,-1.6,0.8,0.0,0.0,0.0,0.0,2.4000000000000004,0.8,0.8,2.4000000000000004,-0.8,0.0,0.0,0.0,0.8,1.6,0.0,0.0,0.8,1.6,0.0,1.6,0.0,1.6,0.0,-0.8,0.0,0.0,0.0,1.6,1.6,1.6,-2.4000000000000004,1.6,0.8,-0.8,-0.8,0.8,0.0,1.6,-0.8,0.8,0.0,3.2,0.0,0.0,1.6,-0.8,1.6,1.6,0.0,0.0,0.8,0.8,0.0,0.0,1.6,-0.8,0.0,0.0,0.0,0.0,0.0,0.0,0.8,0.0,0.8,0.8,1.6,0.0,0.8,1.6,0.0,0.8,-0.8,0.8,0.0,0.0,0.0,0.0,1.6,0.8,1.6,0.8,-0.8,0.8,0.8,0.8,0.8,0.0,1.6,1.6,0.0,1.6,0.0,0.0,0.0,0.8,0.0,0.0,-0.8,0.0,0.8,0.8,0.8,1.6,0.0,0.8,0.8,0.8,0.8,-0.8,0.0,0.0,2.4000000000000004,0.8,0.0,2.4000000000000004,0.0,0.8,0.0,-0.8,0.8,0.0,0.8,0.8,0.8,0.0,0.8,0.8,0.0,-0.8,0.0,0.8,0.0,-1.6,0.8,-0.8,1.6,1.6,-0.8,-0.8,0.8,1.6,-0.8,0.8,0.8,0.8,0.8,0.0,0.0,0.8,-0.8,0.8,-1.6,0.0,0.8,-0.8,2.4000000000000004,-0.8,-0.8,0.8,0.0,0.0,-1.6,0.0,2.4000000000000004,-0.8,2.4000000000000004,-0.8,0.8,-0.8,0.8,-0.8,-0.8,3.2,0.8,-3.2,1.6,2.4000000000000004,-0.8,-0.8,2.4000000000000004,0.8,-0.8,1.6,0.8,0.0,0.0,0.0,1.6,0.0,-0.8,0.8,-0.8,0.8,0.0,0.0,0.0,-0.8,-0.8,-0.8,0.8,0.0,0.0,0.8,0.0,1.6,0.8,1.6,0.0,0.0,0.8,2.4000000000000004,-0.8,1.6,0.0,0.0,0.0,0.0,0.0,0.0,-0.8,-0.8,0.8,0.0,0.8,0.8,1.6,1.6,-0.8,0.8,0.0,0.0,-0.8,0.0,0.8,0.0,-0.8,0.0,0.8,0.8,0.0,1.6,0.0,0.0,1.6,0.8,0.0,0.0,0.8,1.6,0.0,-0.8,0.8,2.4000000000000004,0.0,0.8,0.0,-0.8,0.8,0.0,0.0,-0.8,-0.8,1.6,-1.6,0.8,1.6,-0.8,0.8,0.0,-2.4000000000000004,-0.8,1.6,0.0,-0.8,-0.8,2.4000000000000004,-0.8,0.8,-0.8,0.0,1.6,-2.4000000000000004,0.8,-0.8,0.8,0.8,0.0,0.8,0.0,0.0,0.0,0.0,0.0,-2.4000000000000004,-0.8,0.0,-0.8,1.6,-1.6,0.0,1.6,0.0,0.8,0.0,0.0,0.0,-0.8,0.0,0.8,1.6,-0.8,0.8,0.0,1.6,0.8,0.0,0.0,0.8,0.0,0.0,0.0,0.0,0.0,0.0,0.8,0.0,0.8,0.8,-0.8,0.0,-0.8,0.8,-0.8,0.8,-0.8,0.8,0.0,0.0,-0.8,0.0,-0.8,-0.8,1.6,0.8,0.0,0.8,0.0,1.6,-0.8,-0.8,0.8,0.0,0.0,0.8,0.8,-0.8,0.0,0.8,0.0,0.0,0.0,0.8,0.8,0.8,0.0,0.0,0.8,0.8,-1.6,0.8,0.8,0.0,0.0,0.0,1.6,0.8,0.8,-0.8,0.0,1.6,0.0,0.0,0.8,0.8,1.6,0.8,0.8,0.8,-0.8,0.8,0.8,0.8,-0.8,-1.6,0.0,0.0,0.0,0.0,0.0,0.8,0.0,0.0,0.8,0.0,0.0,-1.6,0.0,0.0,1.6,0.8,0.0,1.6,1.6,0.0,1.6,0.0,0.8,0.8,-0.8,0.8,-0.8,-0.8,1.6,0.0,0.8,-0.8,0.0,-0.8,0.0,-0.8,0.0,-0.8,0.0,0.0,0.0,0.0,0.0,0.0,-0.8,0.0,0.8,0.8,0.8,-0.8,-0.8,0.0,-0.8,0.0,-0.8,0.8,0.0,0.0,0.0,-0.8,-0.8,1.6,0.0,0.8,0.0,1.6,0.8,-0.8,0.8,0.0,0.0,1.6,0.0,0.0,0.0,1.6,0.8,-0.8,0.0,0.8,1.6,0.0,-1.6,0.8,0.0,1.6,0.0,0.0,0.8,0.0,1.6,0.0,0.0,0.0,0.0,1.6,0.0,-1.6,-0.8,0.0,0.8,0.0,0.0,0.0,0.8,0.0,0.0,1.6,0.0,1.6,1.6,-0.8,1.6,1.6,-2.4000000000000004,0.8,1.6,0.0,-1.6,1.6,0.8,-1.6,-0.8,0.8,0.8,1.6,-1.6,0.8,0.8,1.6,-0.8,-1.6,1.6,0.8,0.0,0.0,0.0,3.2,-1.6,-1.6,0.8,0.8,0.8,-0.8,0.8,0.0,1.6,0.0,-0.8,1.6,0.8,0.0,-0.8,-0.8,0.8,0.0,0.0,0.8,0.8,0.0,0.0
event_128,1625267019.5967534,0.8,0.8,-0.8,2.4000000000000004,-0.8,0.8,1.6,-0.8,1.6,0.0,0.0,0.0,0.8,0.0,-1.6,1.6,-0.8,-0.8,2.4000000000000004,0.0,1.6,0.8,0.8,0.8,0.0,0.0,-1.6,0.0,0.8,0.0,0.0,-0.8,0.0,0.8,0.0,0.8,0.0,0.0,2.4000000000000004,-0.8,0.8,0.0,0.0,0.0,0.0,0.8,0.0,0.0,0.0,0.8,-0.8,-1.6,0.8,0.0,0.0,-0.8,0.0,0.8,0.8,0.8,0.8,0.0,0.8,0.0,0.0,0.0,1.6,0.0,0.0,0.8,1.6,0.0,1.6,0.0,0.8,0.0,-1.6,0.0,0.0,-1.6,0.8,1.6,0.0,-0.8,0.0,-0.8,0.8,-0.8,0.0,0.0,0.0,-1.6,-0.8,0.0,1.6,0.8,0.0,0.8,0.0,0.8,1.6,-1.6,-16.8,-30.4,-20.800000000000004,-8.0,-4.0,-0.8,0.0,-0.8,0.0,-1.6,-2.4000000000000004,-1.6,-0.8,0.0,-0.8,0.8,0.8,-0.8,0.8,0.0,0.0,0.8,-0.8,0.0,0.8,0.0,0.8,0.0,0.8,0.0,0.8,1.6,0.8,0.0,0.0,0.8,0.0,0.8,0.8,0.0,1.6,0.0,0.0,0.8,0.0,1.6,0.8,-0.8,-0.8,-0.8,0.0,0.0,0.0,0.8,0.8,0.0,0.8,0.8,0.0,0.0,0.0,0.0,1.6,2.4000000000000004,0.8,1.6,0.8,1.6,0.0,0.8,1.6,0.0,0.8,-0.8,0.0,0.0,0.0,0.8,0.8,0.0,0.0,0.8,-0.8,0.0,0.0,0.8,0.8,1.6,0.0,-0.8,0.8,1.6,0.0,0.8,-0.8,-0.8,0.8,0.0,1.6,0.8,-0.8,0.8,-0.8,0.0,0.8,0.8,-0.8,0.0,0.8,-0.8,0.0,-0.8,0.0,0.8,-0.8,0.8,-0.8,0.8,1.6,0.0,0.8,-0.8,-0.8,0.8,0.8,0.8,0.0,0.8,1.6,-0.8,1.6,-0.8,-0.8,0.8,-0.8,1.6,0.0,0.8,1.6,0.8,0.8,0.0,0.0,0.8,0.0,1.6,-1.6,0.0,0.0,0.0,0.8,0.0,0.8,1.6,0.8,0.8,0.8,0.8,0.8,0.0,0.8,0.0,1.6,0.0,0.8,0.8,1.6,0.0,0.0,1.6,0.8,0.0,0.0,-0.8,0.8,0.8,1.6,0.8,0.8,-0.8,1.6,-0.8,0.8,0.0,0.8,0.0,0.8,0.8,-0.8,0.8,0.8,0.0,0.8,0.0,0.0,0.8,0.0,0.0,0.0,0.8,0.0,0.8,0.0,1.6,0.8,0.0,1.6,0.0,0.0,0.8,0.8,0.8,0.8,0.8,0.0,0.8,0.8,0.8,0.0,0.8,0.0,0.0,0.8,1.6,0.8,0.0,-0.8,0.8,0.8,0.8,0.0,0.0,0.8,0.8,-1.6,0.8,0.0,0.0,1.6,-0.8,1.6,0.0,0.8,0.8,-0.8,0.8,-1.6,0.8,0.0,-0.8,0.0,0.0,2.4000000000000004,0.0,0.0,1.6,0.0,1.6,0.8,0.8,1.6,0.8,1.6,0.8,0.8,2.4000000000000004,-0.8,2.4000000000000004,-0.8,0.8,0.0,-0.8,0.8,0.8,0.8,0.8,0.8,1.6,-0.8,0.8,0.0,-0.8,1.6,0.0,0.8,0.8,0.0,0.8,0.0,1.6,0.0,0.0,1.6,0.0,0.8,0.8,0.8,0.0,0.8,-0.8,0.8,1.6,-1.6,0.8,3.2,-0.8,-0.8,0.8,0.8,1.6,0.8,0.0,0.0,0.8,0.0,0.0,0.8,-0.8,2.4000000000000004,0.0,0.8,0.0,0.0,0.8,0.8,0.8,1.6,0.8,2.4000000000000004,-0.8,0.0,1.6,0.8,-0.8,0.0,1.6,0.8,0.8,0.8,1.6,0.8,0.0,1.6,1.6,-0.8,0.0,0.0,0.0,-1.6,0.0,0.8,0.8,0.8,0.8,0.8,1.6,1.6,-0.8,0.8,0.0,2.4000000000000004,0.0,0.0,0.8,1.6,1.6,0.0,0.8,-0.8,0.8,0.0,0.0,0.8,0.0,1.6,0.8,0.0,-0.8,0.0,0.8,0.8,-0.8,0.8,0.8,1.6,-0.8,0.8,0.8,0.8,1.6,0.0,0.8,0.8,0.0,0.8,0.8,0.0,0.8,-0.8,0.8,0.0,0.8,0.8,0.8,2.4000000000000004,-0.8,-0.8,1.6,0.8,0.8,0.0,0.8,1.6,-0.8,1.6,0.0,0.8,0.8,-0.8,0.0,0.0,1.6,0.0,0.0,0.0,0.8,0.8,0.8,0.8,0.8,0.8,0.8,0.8,0.0,1.6,0.8,0.8,0.0,0.0,0.0,-0.8,0.8,0.0,-0.8,0.0,0.0,0.0,0.0,0.8,0.8,0.8,0.8,1.6,0.8,1.6,0.8,0.0,2.4000000000000004,0.8,2.4000000000000004,0.0,0.8,1.6,0.8,0.0,2.4000000000000004,0.8,0.8,-1.6,0.8,1.6,0.8,1.6,0.0,2.4000000000000004,0.8,0.0,0.8,-0.8,2.4000000000000004,0.0,1.6,0.0,0.8,0.8,0.0,1.6,0.0,-0.8,2.4000000000000004,1.6,0.8,0.8,0.8,1.6,0.8,0.8,1.6,0.8,1.6,0.8,1.6,0.0,0.8,0.0,-2.4000000000000004,1.6,0.0,0.0,1.6,0.0,1.6,0.0,1.6,1.6,-0.8,1.6,-0.8,-0.8,-0.8,1.6,0.0,0.8,0.8,2.4000000000000004,0.0,1.6,0.8,0.8,0.0,0.8,0.0,1.6,0.0,1.6,0.8,0.0,0.8,0.8,0.8,0.0,0.8,0.8,-0.8,0.0,0.0,0.8,-0.8,-0.8,0.8,0.8,0.0,0.8,0.8,0.8,-0.8,0.0,0.8,0.8,0.8,0.0,0.8,1.6,-0.8,1.6,0.8,1.6,0.0,-0.8,0.0,-0.8,0.0,0.0,0.0,2.4000000000000004,-0.8,0.8,0.0,0.0,0.8,-0.8,0.8,0.8,-1.6,0.0,-0.8,0.8,0.0,0.0,-0.8,-0.8,2.4000000000000004,0.0,0.0,2.4000000000000004,-0.8,1.6,0.0,-0.8,0.8,0.8,0.0,0.0,0.0,0.0,0.0,2.4000000000000004,-0.8,0.0,0.0,-0.8,0.8,0.0,0.0,0.0,0.8,0.8,-1.6,1.6,0.8,0.0,0.8,-1.6,2.4000000000000004,0.8,1.6,0.0,0.0,0.8,-0.8,-0.8,0.8,-0.8,0.8,0.0,0.8,0.8,0.0,0.0,0.8,0.0,-0.8,-1.6,0.0,0.8,0.8,0.0,0.8,0.8,0.0,0.8,0.8,0.8,0.8,-0.8,0.0,0.0,1.6,0.8,0.0,1.6,1.6,0.0,0.8,0.8,0.0,0.0,-0.8,0.0,0.8,-0.8,0.0,0.8,0.8,0.0,0.0,0.0,0.8,-0.8,0.8,-0.8,0.8,-0.8,0.0,1.6,0.0,0.0,0.0,0.0,1.6,0.8,1.6,0.0,0.8,0.8,-0.8,0.8,-0.8,0.8,1.6,-1.6,0.8,-0.8,0.0,0.8,0.0,1.6,-1.6,0.8,0.8,-0.8,0.8,0.0,0.8,1.6,-0.8,-0.8,0.0,2.4000000000000004,0.8,0.8,2.4000000000000004,0.0,1.6,0.8,-0.8,0.8,0.0,1.6,-0.8,0.0,0.8,0.8,0.8,0.0,0.8,0.8,0.0,1.6,0.0,0.8,0.8,0.0,0.8,-0.8,0.8,0.0,0.0,0.8,0.0,0.8,0.0,0.8,0.8,0.0,0.8,-0.8,0.8,0.8,0.8,1.6,-0.8,0.8,0.0,0.0,0.8,0.0,0.8,0.8,0.0,0.8,0.8,1.6,0.0,-0.8,0.0,0.0,0.0,0.0,0.0,0.0,0.0,-2.4000000000000004,0.0,0.8,-0.8,0.8,-0.8,-0.8,0.8,0.8,0.0,0.0,0.0,-0.8,0.0,0.8,-0.8,0.0,0.0,0.0,0.0,0.8,0.0,0.0,0.0,-0.8,0.0,0.8,0.8,0.8,0.0,-0.8,0.8,-0.8,-0.8,0.8,0.0,0.8,-0.8,0.0,0.0,-0.8,1.6,-0.8,-0.8,0.8,-0.8,0.0,0.0,1.6,0.0,-0.8,1.6,0.0,0.8,0.0,-0.8,0.8,-1.6,-0.8,0.0,0.0,0.8,0.0,0.0,0.8,0.8,0.8,0.0,0.8,0.8,-0.8,1.6,-0.8,2.4000000000000004,-0.8,0.0,1.6,-0.8,1.6,1.6,0.8,1.6,0.0,0.0,0.0,0.0,-0.8,0.8,0.8,0.0,0.0,0.8,0.0,1.6,0.0,0.8,0.0,0.0,0.0,0.0,0.0,0.8,0.0,0.8,0.0,0.0,1.6,1.6,0.8,0.8,0.8,-0.8,0.0,0.0,1.6,0.8,0.0,0.0,1.6,0.0,0.0,0.8,0.8,0.8,0.0,0.0,0.0,0.8,0.0,-0.8,0.0,0.0,-0.8,0.8,0.8,0.8,0.0,0.8,0.8,-0.8,0.8,0.8,-1.6,1.6,-0.8,0.0,0.8,-0.8,1.6,0.0,0.8,0.8,0.0,0.0,-0.8,0.8,0.0,-0.8,0.0,0.0,0.0,-0.8,0.0,1.6,0.0,0.8,0.8,0.0,0.8,-0.8,2.4000000000000004,1.6,0.8,1.6,0.0,1.6,0.8,-0.8,0.8,0.0,0.8,-1.6,0.0,0.8,0.0,1.6,0.8,0.0,0.0,0.0,0.8,0.0,0.8,0.8,0.8,0.0,1.6,0.0,0.8,0.0,0.8,0.0,0.8,0.8,0.0,1.6,0.8,0.8,0.0,0.8,0.0,0.0,-0.8,0.8,0.0,0.0,0.0,0.0,0.0,1.6,0.0,-0.8,0.8,0.8,0.0,0.0,1.6,0.0,0.0,1.6,0.0,0.0,0.0,1.6,0.8,0.0,0.8,1.6,0.8,0.0,0.0,0.0,0.8,0.8,0.0,0.8,0.8,0.0,0.8,0.8,0.8,0.8,0.8,1.6,-0.8,0.8,0.0,-2.4000000000000004,2.4000000000000004,0.8,0.0,0.0,1.6,0.8,0.0,1.6,0.8,0.0,0.8,0.8,1.6,1.6,1.6,0.8,-0.8,1.6,0.0,0.8,0.8,0.0,0.8,-0.8,0.8,1.6,0.0,1.6,0.0,1.6,0.8,-0.8,0.8,0.0,0.8,0.8,0.8,2.4000000000000004,-0.8,0.8,-0.8,0.8,1.6,-0.8,0.8,-0.8,1.6,0.8,-0.8,0.8,0.0,1.6,0.0,-0.8,2.4000000000000004,0.0,0.8,1.6,-0.8,0.8,0.0,0.0,0.0,0.0,1.6,-0.8,-0.8,0.0,0.8,0.0,0.8,0.0,-1.6,-0.8,0.8,0.8,0.0,0.0,1.6,0.0,0.0,0.0,-0.8,0.8,0.8,0.0,-0.8,0.8,0.8,-1.6,0.8,0.8,0.0,0.0,0.0,1.6,-0.8,0.0,-0.8,0.0,0.8,-0.8,1.6,0.8,0.0,0.8,0.8,0.8,-0.8,-0.8,0.0,0.0,2.4000000000000004,0.0,0.8,1.6,0.8,0.8,0.0,-0.8,1.6,0.0,0.8,0.0,0.0,0.0,0.8,1.6,0.0,0.0,0.0,-0.8,1.6,-0.8,0.8,-0.8,0.0,0.0,-1.6,1.6,-0.8,0.0,0.8,-1.6,0.0,0.0,1.6,0.8,0.0,0.8,-0.8,-0.8,-0.8,0.0,0.0,-1.6,0.0,0.0,-1.6,0.8,-0.8,0.8,0.0,0.8,1.6,0.0,0.8,0.0,0.0,1.6,-1.6,0.0,0.0,0.0,0.8,-0.8,-0.8,0.8,0.8,1.6,-0.8,0.0,0.0,0.0,0.0,0.0,0.8,0.0,0.0,0.0,1.6,0.0,-0.8,0.0,0.0,-0.8,0.0,0.0,-0.8,0.0,0.0,-0.8,0.8,0.0,0.0,0.0,0.0,-0.8,-0.8,0.0,0.8,1.6,0.0,0.0,0.8,0.8,0.0,0.8,-0.8,0.8,-0.8,-0.8,-0.8,0.8,0.0,0.8,0.8,1.6,-0.8,0.0,-0.8,-0.8,0.0,0.0,0.0,0.0,-1.6,0.8,0.0,-0.8,0.0,0.0,0.8,-0.8,0.8,0.0,0.8,0.8,0.0,0.0,-0.8,0.8,0.8,0.0,0.0,-0.8,0.0,-0.8,0.0,1.6,0.0,0.8,0.0,0.0,0.0,0.0,0.0,0.0,0.8,1.6,-1.6,-0.8,0.8,0.0,0.8,-0.8,0.8,0.0,0.8,0.8,-0.8,0.8,-0.8,0.0,-0.8,0.0,1.6,-0.8,0.0,0.0,0.0,-1.6,0.0,1.6,-0.8,0.0,-1.6,-0.8,0.8,0.0,0.8,1.6,0.8,0.0,0.0,0.8,0.0,-1.6,1.6,0.0,0.8,0.8,0.0,0.8,1.6,-1.6,1.6,0.0,-0.8,0.8,0.8,0.8,0.0,0.0,0.8,0.8,0.8,0.0,0.8,1.6,0.0,0.0,0.8,-1.6,0.8,0.0,-0.8,0.0,0.0,1.6,0.0,0.0,0.0,1.6,0.8,-0.8,0.8,0.0,0.0,0.0,-1.6,1.6,1.6,0.8,0.0,0.0,0.0,-0.8,0.8,0.0,-0.8,0.8,0.0,0.8,0.8,-0.8,0.0,0.0,-0.8,-0.8,-0.8,0.0,0.0,0.0,0.0,0.0,0.0,0.0,-0.8,0.8,0.0,0.0,-0.8,0.8,0.0,0.8,0.0,0.8,2.4000000000000004,0.0,0.0,0.8,0.8,0.0,0.0,-0.8,1.6,0.0,0.0,0.0,0.8,0.0,0.0,0.8,0.8,-0.8,0.0,0.8,0.0,0.8,0.0,0.8,0.8,0.8,0.0,0.8,0.8,0.8,-0.8,0.0,0.0,0.0,1.6,0.8,0.0,0.0,0.0,0.0,0.0,1.6,0.0,0.8,0.0,0.8,0.8,-1.6,0.0,0.8,0.8,0.8,-0.8,0.8,0.8,0.8,0.8,0.0,1.6,0.0,-0.8,0.0,0.8,1.6,-1.6,0.0,0.0,-0.8,0.8,-0.8,0.0,0.0,0.0,0.0,-0.8,1.6,0.8,-0.8,1.6,-0.8,0.0,0.0,1.6,0.8,-0.8,1.6,0.8,0.0,1.6,-0.8,0.8,-0.8,0.0,-0.8,-0.8,0.8,-0.8,-0.8,0.8,0.0,0.8,-0.8,0.8,0.8,-0.8,0.8,-0.8,0.8,0.0,0.0,0.8,-0.8,1.6,1.6,0.8,0.8,0.0,0.8,-0.8,-0.8,1.6,-0.8,0.8,0.8,0.8,0.8,0.8,0.8,0.0,0.0,0.8,-0.8,0.0,0.0,0.8,0.0,0.0,-0.8,-0.8,0.8,0.0,-0.8,0.8,0.0,1.6,0.8,-0.8,0.0,0.0,0.8,0.8,0.0,0.0,0.8,0.8,-0.8,0.0,0.0,0.8,-0.8,0.0,0.0,1.6,0.0,0.0,0.0,-0.8,-0.8,1.6,0.8,1.6,0.0,0.0,0.8,0.8,0.0,0.0,0.0,-0.8,-1.6,0.0,0.8,0.0,0.0,0.0,0.8,-0.8,1.6,-0.8,-0.8,0.8,0.0,-0.8,0.8,-1.6,0.8,-0.8,0.0,0.8,-0.8,0.0,-0.8,0.8,-0.8,-0.8,0.8,0.0,0.8,-0.8,0.8,1.6,0.0,0.8,0.8,0.8,1.6,-0.8,0.8,0.8,0.8,0.0,0.0,0.8,1.6,0.8,1.6,-0.8,1.6,-0.8,0.0,0.8,-0.8,0.0,0.8,0.8,1.6,-1.6,0.0,-0.8,1.6,-0.8,0.0,0.8,0.0,0.8,0.0,0.0,1.6,0.0,0.0,0.0,0.0,1.6,0.8,0.8,0.0,0.8,0.8,-0.8,0.8,0.0,0.0,0.8,-0.8,0.0,-0.8,0.8,-0.8,-0.8,0.0,0.0,0.0,0.0,0.0,0.8,0.0,0.8,-0.8,-0.8,0.8,1.6,0.0,0.0,1.6,0.8,0.8,0.8,0.0,0.0,0.0,-0.8,-0.8,0.0,1.6,0.8,0.8,0.0,0.8,0.8,0.8,0.0,0.0,0.0,-0.8,0.0,1.6,0.0,0.8,0.0,0.8,0.0,-0.8,1.6,-0.8,0.8,0.0,-0.8,0.8,0.8,0.0,0.0,0.8,0.8,0.0,0.0,0.0,-0.8,0.0,-0.8,0.8,0.0,0.8,1.6,0.0,-0.8,-0.8,0.8,0.0,-0.8,0.0,0.0,-0.8,1.6,0.0,-0.8,0.8,0.0,0.0,0.8,0.8,-0.8,0.8,0.0,0.0,0.0,-0.8,0.0,0.0,0.8,1.6,0.8,0.0,0.8,0.8,-0.8,0.0,0.0,0.8,0.0,0.8,0.8,0.0,1.6,0.0,-0.8,1.6,-1.6,-0.8,-0.8,0.8,1.6,0.0,0.8,0.8,0.8,0.8,0.0,0.0,0.8,0.8,-0.8,0.8,1.6,0.8,0.0,1.6,2.4000000000000004,0.8,-0.8,0.0,1.6,-0.8,0.0,-0.8,0.8,0.0,-1.6,0.8,1.6,0.8,0.0,0.8,0.8,-1.6,-0.8,0.0,0.8,1.6,-0.8,1.6,3.2,0.8,-0.8,0.8,1.6,0.0,0.0,-0.8,0.0,1.6,-0.8,0.0,3.2,1.6,-0.8,0.8,0.0,1.6,0.0,0.8,0.0,1.6,0.8,-1.6,1.6,0.0,0.8,0.8,-0.8,0.0,0.8,1.6,0.8,0.8,0.8,-0.8,0.0,0.0,0.0,0.8,-0.8,0.8,0.0,-0.8,0.0,0.0,0.8,0.0,0.8,0.0,0.0,1.6,0.8,0.8,1.6,0.0,-0.8,0.0,2.4000000000000004,0.0,0.8,1.6,0.8,1.6,0.8,-1.6,0.0,0.8,0.0,0.0,1.6,1.6,0.8,0.0,0.8,1.6,0.8,0.8,0.8,1.6,0.8,0.0,1.6,0.8,0.8,0.8,0.0,1.6,0.0,1.6,0.8,0.0,1.6,-0.8,0.8,0.8,1.6,0.8,0.8,0.8,0.8,0.0,0.8,-0.8,1.6,0.0,0.0,-0.8,0.0,1.6,0.8,0.8,0.8,-0.8,1.6,-1.6,1.6,0.0,-0.8,0.8,-0.8,0.0,-0.8,0.0,1.6,-1.6,0.8,0.8,-0.8,2.4000000000000004,0.0,1.6,-0.8,0.8,0.8,0.0,0.8,0.8,0.8,0.0,0.0,0.8,-1.6,0.0,0.0,-0.8,0.8,0.0,1.6,1.6,0.8,0.8,0.0,1.6,0.8,-0.8,0.8,0.8,0.8,0.8,-0.8,0.8,-0.8,1.6,-0.8,-0.8,1.6,0.0,-0.8,0.0,0.0,1.6,0.8,0.8,0.8,0.0,0.0,0.8,0.8,0.0,0.0,0.0,-1.6,0.8,0.0,0.0,0.0,1.6,0.8,0.0,1.6,1.6,0.0,0.8,0.8,0.8,-0.8,0.8,0.8,0.0,-0.8,1.6,0.0,0.8,-0.8,0.0,-1.6,0.0,0.0,0.8,0.0,1.6,0.0,-0.8,0.0,0.8,-1.6,0.8,0.0,1.6,-1.6,0.8,0.8,0.0,0.0,-0.8,1.6,0.8,0.0,0.8,-0.8,0.0,0.8,0.0,0.8,-1.6,1.6,-0.8,-1.6,0.8,-0.8,0.0,-1.6,2.4000000000000004,1.6,-3.2,0.8,2.4000000000000004,0.0,-1.6,1.6,1.6,-2.4000000000000004,0.0,0.8,0.0,0.8,-0.8,0.8,0.0,0.0,0.8,0.8,1.6,0.0,0.0,0.8,-0.8,0.0,-1.6,0.8,0.0,-1.6,1.6,0.0,0.0,0.8,0.8,0.8,0.0,1.6,0.8,0.8,0.8,0.8,1.6,1.6,0.8,0.0,0.0,0.8,0.0,0.8,0.0,0.8,-0.8,0.0,0.8,0.8,0.0,0.8,0.0,1.6,0.8,0.0,0.0,0.8,-0.8,0.8,1.6,0.8,0.0,0.0,0.8,0.0,-0.8,1.6,-0.8,0.8,0.0,-0.8,0.8,0.0,0.0,0.8,0.0,0.8,0.8,0.8,0.0,0.8,1.6,-0.8,0.8,-0.8,0.0,1.6,-0.8,0.8,0.8,-0.8,-0.8,-0.8,0.8,-0.8,0.8,0.8,-0.8,0.8,-0.8,0.0,0.8,-1.6,-0.8,0.0,0.8,0.0,0.0,0.8,1.6,0.8,0.0,0.0,0.8,0.0,0.8,0.8,1.6,1.6,0.0,0.0,0.0,0.0,0.8,-1.6,0.8,0.0,0.0,0.8,-1.6,0.0,0.0,-0.8,0.8,0.0,1.6,0.8,0.8,0.8,-0.8,-0.8,-0.8,0.0,0.8,0.0,0.0,0.8,0.8,0.0,0.8,-0.8,0.0,0.0,0.0,0.0,0.8,-0.8,1.6,1.6,0.0,1.6,0.8,-0.8,0.8,0.0,0.0,0.8,0.8,0.0,0.0,0.0,1.6,0.0,0.0,0.8,-0.8,1.6,-0.8,0.0,0.0,0.8,0.8,-1.6,0.0,0.0,0.8,-0.8,0.0,0.8,0.0,0.0,0.0,-0.8,0.0,0.0,0.0,-0.8,0.8,0.8,-0.8,0.8,0.0,-0.8,0.8,0.8,0.8,-0.8,-0.8,0.8,-0.8,1.6,-0.8,-0.8,0.8,-0.8,0.0,0.8,0.8,1.6,-0.8,0.8,-0.8,0.0,0.8,-0.8,2.4000000000000004,-0.8,0.0,0.0,-0.8,0.8,0.0,0.8,1.6,0.0,0.8,-1.6,0.8,0.8,-0.8,1.6,0.0,1.6,0.0,0.0,0.8,0.0,0.8,0.0,0.0,1.6,-1.6,0.0,-0.8,-0.8,0.0,0.8,0.0,-0.8,0.8,0.0,-1.6,0.0,-0.8,0.8,-0.8,0.0,-0.8,-0.8,0.8,0.8,0.0,0.0,-0.8,-0.8,2.4000000000000004,0.8,0.0,0.0,0.8,-1.6,0.0,-1.6,0.0,0.0,-0.8,0.8,-0.8,0.0,0.0,0.0,0.8,-0.8,1.6,0.0,0.8,0.8,-0.8,1.6,0.8
event_129,1625267021.7468765,0.8,-0.8,0.8,0.0,-0.8,0.0,0.0,0.0,0.8,0.0,0.8,0.0,0.0,0.0,-0.8,0.8,-0.8,0.0,0.8,-1.6,-0.8,0.0,0.8,0.0,-1.6,0.0,-0.8,-0.8,0.0,0.0,0.0,0.0,0.8,-1.6,0.0,0.8,0.0,1.6,0.0,0.0,0.0,0.0,0.0,0.8,-0.8,0.0,0.0,-0.8,0.0,1.6,0.0,0.0,-0.8,1.6,0.0,0.0,-0.8,0.8,0.8,-0.8,-1.6,0.8,0.8,0.8,0.0,0.0,0.8,0.0,0.8,-0.8,0.8,0.0,-1.6,0.8,-0.8,0.0,0.0,-0.8,1.6,0.0,0.8,0.8,0.0,0.8,-0.8,0.8,0.0,0.0,0.8,-1.6,1.6,0.8,-0.8,1.6,-0.8,0.8,-0.8,-0.8,0.0,-0.8,0.8,0.0,-12.8,-21.6,-17.6,-6.4,-3.2,-0.8,-0.8,-1.6,0.0,0.0,-1.6,0.0,0.0,0.8,0.0,0.0,-0.8,-0.8,0.8,0.8,1.6,0.0,0.0,1.6,-0.8,0.0,0.8,0.8,0.0,0.0,-0.8,-0.8,-0.8,0.8,0.0,0.0,0.8,0.0,0.0,0.0,0.8,-0.8,1.6,1.6,-2.4000000000000004,0.0,2.4000000000000004,-0.8,-2.4000000000000004,2.4000000000000004,2.4000000000000004,-3.2,1.6,1.6,-0.8,0.8,-0.8,0.0,0.8,0.8,0.0,1.6,0.0,0.0,0.8,0.0,0.8,0.0,-1.6,-0.8,0.0,0.0,0.0,0.8,1.6,0.0,0.0,0.0,0.8,0.8,0.8,0.0,0.8,1.6,1.6,0.0,0.0,0.8,1.6,0.8,0.0,0.0,-0.8,0.8,-0.8,0.0,0.0,-1.6,1.6,0.0,-0.8,0.0,-0.8,1.6,0.0,-1.6,0.8,0.0,0.8,-2.4000000000000004,1.6,0.0,-0.8,0.8,0.8,0.8,0.0,1.6,0.8,0.8,0.8,0.0,-0.8,1.6,-2.4000000000000004,1.6,0.8,-1.6,1.6,-0.8,-1.6,0.8,0.0,0.0,0.8,0.8,0.0,-0.8,1.6,-0.8,0.8,0.8,0.0,-1.6,-0.8,0.8,-0.8,0.8,-1.6,0.0,0.0,0.8,0.8,0.0,0.0,0.8,-0.8,0.8,0.8,0.0,0.8,-0.8,0.8,0.8,0.8,0.0,0.0,-1.6,-0.8,0.0,0.0,-0.8,0.0,0.0,0.0,0.8,0.0,0.0,0.8,-0.8,0.0,0.8,0.0,3.2,-0.8,0.8,0.8,0.8,-0.8,-0.8,-0.8,-0.8,-0.8,0.0,0.0,0.0,0.8,0.0,0.8,0.0,0.0,0.0,-0.8,0.8,-1.6,0.8,0.0,0.8,0.0,0.0,0.8,-0.8,0.0,1.6,0.8,0.0,0.0,0.0,0.8,-1.6,0.8,1.6,0.0,0.0,0.8,0.8,-0.8,0.8,0.0,-1.6,0.0,0.0,0.0,-0.8,-1.6,0.0,-1.6,0.8,1.6,-1.6,0.0,-0.8,-0.8,-0.8,1.6,0.0,-0.8,0.8,0.8,0.0,0.8,-0.8,0.0,0.0,0.0,0.8,0.0,1.6,0.8,1.6,0.8,0.0,0.0,0.0,0.8,-0.8,-0.8,-1.6,0.0,-0.8,0.8,-0.8,0.0,1.6,1.6,0.0,0.8,0.0,0.8,-0.8,0.8,0.0,0.0,0.0,0.8,0.0,1.6,-0.8,0.8,0.8,0.0,0.8,0.0,0.0,-0.8,0.8,1.6,0.0,1.6,-0.8,0.8,0.0,-0.8,0.8,0.0,0.8,0.8,0.0,0.8,0.0,0.8,0.0,0.8,0.8,-1.6,1.6,0.8,0.8,0.8,0.0,1.6,-0.8,0.0,0.8,1.6,0.8,0.0,0.8,-0.8,0.0,0.8,-0.8,0.8,0.8,-1.6,0.0,0.8,0.0,-0.8,0.8,0.0,-2.4000000000000004,2.4000000000000004,0.8,0.8,0.8,-0.8,3.2,0.0,1.6,0.0,0.0,1.6,-0.8,0.8,0.8,0.0,2.4000000000000004,0.0,1.6,0.0,0.0,0.8,-0.8,1.6,0.0,0.0,0.0,-0.8,0.8,0.0,1.6,0.8,0.0,0.8,0.8,1.6,0.0,-0.8,0.8,0.8,1.6,-0.8,-0.8,0.8,1.6,0.8,2.4000000000000004,0.8,0.0,0.0,0.0,-0.8,0.0,0.0,1.6,1.6,0.0,0.0,1.6,-0.8,0.8,-0.8,1.6,0.0,1.6,0.8,0.0,0.8,0.8,0.8,0.8,0.8,0.8,0.8,1.6,0.0,0.8,0.0,-0.8,0.0,-0.8,0.8,-0.8,0.0,1.6,-0.8,0.0,0.8,1.6,0.8,-0.8,0.8,0.8,0.0,0.8,0.0,0.8,0.8,0.8,0.0,0.0,1.6,0.0,-0.8,1.6,0.8,1.6,0.0,0.0,0.8,0.8,0.8,-0.8,0.8,0.8,0.0,0.8,0.0,0.8,0.8,-0.8,0.8,1.6,0.0,-0.8,1.6,0.8,-0.8,2.4000000000000004,0.8,0.8,1.6,0.0,1.6,0.8,0.0,0.0,1.6,0.8,0.8,0.8,0.8,0.8,2.4000000000000004,0.0,1.6,0.8,-0.8,1.6,0.8,0.0,0.0,-1.6,0.8,-0.8,2.4000000000000004,0.0,0.8,0.8,0.0,0.0,0.0,1.6,0.8,0.0,0.0,0.0,0.8,0.8,0.0,0.8,0.0,0.8,1.6,0.0,0.8,0.8,0.0,0.0,0.0,0.8,0.8,0.0,0.0,0.8,0.0,0.8,0.0,0.0,0.8,0.0,0.0,0.0,0.8,0.8,-1.6,0.8,-0.8,-0.8,1.6,0.8,0.8,-1.6,1.6,0.8,-0.8,2.4000000000000004,0.0,0.0,0.8,0.0,0.8,-0.8,0.0,0.8,1.6,0.8,-0.8,0.8,0.0,0.8,0.8,-0.8,0.0,0.0,0.8,0.0,0.8,0.0,0.8,1.6,0.8,0.8,0.8,0.0,0.0,0.0,0.8,2.4000000000000004,-1.6,0.8,0.8,0.0,0.8,0.0,0.8,1.6,0.8,0.8,-0.8,0.8,0.0,0.8,0.0,1.6,0.0,0.8,0.8,1.6,0.0,0.8,1.6,0.0,0.0,0.8,0.0,0.0,-0.8,0.8,0.8,0.8,1.6,1.6,0.0,0.8,0.0,0.8,0.0,-0.8,0.8,0.8,0.8,0.0,0.0,-0.8,-0.8,0.8,0.0,0.0,0.0,1.6,0.0,0.8,0.8,-0.8,0.8,-0.8,-1.6,0.0,0.8,0.8,0.0,0.0,2.4000000000000004,0.0,0.0,0.8,-0.8,1.6,-0.8,0.8,0.8,0.0,0.8,0.0,0.8,0.8,0.8,0.8,-0.8,1.6,0.0,0.0,0.0,-0.8,1.6,-1.6,0.0,0.8,0.0,2.4000000000000004,0.0,1.6,0.8,0.0,1.6,0.8,0.8,1.6,0.8,0.8,0.8,0.0,0.8,-0.8,1.6,-0.8,0.8,0.0,0.8,1.6,0.8,1.6,0.8,0.0,1.6,-0.8,1.6,0.0,0.8,1.6,0.0,-0.8,0.0,-0.8,0.8,0.0,1.6,0.0,1.6,1.6,0.8,1.6,0.8,0.8,0.0,0.0,0.0,0.8,1.6,0.0,0.0,0.8,0.0,1.6,0.8,0.8,1.6,0.8,2.4000000000000004,0.0,0.8,0.8,0.8,1.6,-0.8,0.8,0.8,1.6,0.8,0.0,0.0,2.4000000000000004,0.8,0.0,0.8,-0.8,0.0,0.8,-0.8,0.0,0.8,0.0,2.4000000000000004,0.8,0.8,0.8,0.0,1.6,0.0,0.0,0.0,0.0,0.8,0.0,0.8,0.0,0.8,0.0,-0.8,1.6,0.8,0.8,-0.8,0.0,2.4000000000000004,1.6,1.6,0.8,0.8,1.6,-0.8,1.6,-0.8,0.8,2.4000000000000004,-1.6,0.0,0.8,0.8,0.8,0.0,1.6,-0.8,0.8,1.6,-0.8,0.0,0.0,1.6,0.8,-0.8,1.6,0.0,0.0,0.8,0.8,1.6,-0.8,1.6,0.0,0.0,1.6,0.0,1.6,0.8,-0.8,0.8,0.0,0.8,0.8,0.0,0.8,-0.8,0.0,0.0,0.8,0.8,-0.8,0.0,0.0,0.8,-0.8,-0.8,-0.8,-1.6,0.0,0.8,0.0,0.0,0.0,1.6,1.6,0.0,0.0,0.0,1.6,0.0,-0.8,-0.8,1.6,0.8,0.0,0.8,0.0,0.0,0.0,-0.8,0.8,-1.6,0.0,0.0,0.8,0.8,0.8,0.8,0.8,0.8,0.8,1.6,-0.8,0.0,0.8,0.0,0.0,1.6,0.0,0.0,1.6,0.8,0.0,0.8,-0.8,1.6,0.8,-0.8,0.0,0.0,0.0,0.0,0.8,0.0,0.0,0.0,0.0,2.4000000000000004,0.0,0.8,-0.8,0.8,0.0,-0.8,0.8,0.0,0.8,0.8,0.0,0.8,1.6,1.6,0.0,0.8,1.6,-0.8,0.0,0.8,-0.8,0.8,0.0,0.8,-0.8,0.0,0.0,-0.8,0.0,0.0,0.8,0.8,0.0,0.8,-0.8,0.0,1.6,-0.8,0.0,-0.8,0.8,0.8,0.0,0.0,0.8,0.8,0.0,-0.8,0.0,0.0,0.0,0.0,0.0,1.6,0.0,0.8,0.0,1.6,-0.8,-0.8,0.0,0.0,-0.8,0.0,0.8,0.0,0.8,0.0,0.0,0.8,1.6,0.0,0.0,0.0,0.8,-1.6,1.6,0.0,1.6,0.0,0.0,0.8,0.8,0.8,0.8,-0.8,0.0,-1.6,0.0,0.0,0.8,0.0,0.8,0.0,0.8,0.0,0.0,-0.8,0.8,-0.8,1.6,0.0,-0.8,0.8,0.0,0.0,0.8,-0.8,0.0,-1.6,0.0,0.8,-0.8,1.6,0.0,0.8,0.8,0.0,0.0,0.0,0.8,0.0,0.0,0.0,-1.6,0.8,0.8,0.0,1.6,0.0,0.0,-0.8,1.6,0.8,-0.8,1.6,0.0,-0.8,0.0,0.8,1.6,0.0,0.0,0.0,0.0,0.8,-0.8,-0.8,0.8,0.0,0.0,-0.8,0.0,0.0,-0.8,0.8,0.0,0.8,-0.8,0.8,1.6,-0.8,0.0,0.0,0.0,0.8,0.0,0.0,1.6,0.0,-0.8,0.8,0.0,-0.8,-0.8,1.6,-0.8,0.8,0.0,0.0,1.6,1.6,0.8,0.8,-0.8,0.0,-0.8,0.0,0.8,-0.8,0.0,1.6,-0.8,1.6,0.0,0.0,0.8,0.8,0.0,0.8,0.0,1.6,-0.8,0.0,-0.8,0.0,0.0,-1.6,2.4000000000000004,-1.6,0.8,0.8,-0.8,0.8,-0.8,0.0,0.0,0.0,0.8,-0.8,1.6,0.0,-0.8,1.6,-0.8,1.6,-0.8,-0.8,1.6,0.0,0.0,0.8,0.0,1.6,1.6,0.0,-1.6,0.0,0.8,-0.8,0.8,0.8,0.8,0.8,0.8,0.8,-0.8,1.6,0.8,-0.8,0.8,0.0,1.6,-0.8,0.0,2.4000000000000004,-0.8,0.0,0.0,0.8,0.0,-1.6,0.8,0.0,-0.8,0.0,-0.8,1.6,-0.8,0.8,1.6,0.8,1.6,0.8,0.8,0.8,0.8,0.0,0.8,1.6,0.8,-0.8,1.6,0.8,1.6,0.0,0.0,0.0,-0.8,0.0,1.6,0.0,0.8,-0.8,0.0,-0.8,1.6,0.0,0.8,1.6,0.0,0.8,-0.8,0.8,0.8,0.8,0.8,0.8,0.0,1.6,0.0,0.8,0.8,0.8,0.0,0.0,0.0,0.8,1.6,-0.8,0.8,0.0,0.0,0.8,-0.8,0.8,0.8,0.8,0.8,-0.8,1.6,0.0,-0.8,0.8,-0.8,0.0,-0.8,1.6,0.8,-0.8,-0.8,1.6,1.6,0.8,-1.6,0.8,0.0,-0.8,-0.8,0.0,0.8,-1.6,0.0,0.8,0.8,0.0,-1.6,0.8,0.8,-0.8,0.0,-0.8,1.6,0.8,-0.8,0.0,0.8,0.0,0.0,0.0,1.6,0.8,-0.8,-0.8,0.8,1.6,0.0,0.8,0.8,0.8,0.0,0.8,0.8,0.0,-0.8,0.0,0.0,0.0,0.0,0.8,0.0,0.0,0.0,-0.8,0.0,0.0,-0.8,0.8,0.0,0.8,0.8,0.0,0.8,0.0,0.8,0.8,0.0,0.0,1.6,0.0,0.0,0.0,0.8,0.8,0.0,0.0,0.0,0.8,0.0,1.6,-0.8,-1.6,0.0,0.8,0.8,0.0,0.0,0.8,0.8,0.8,0.8,0.8,0.8,-0.8,-0.8,0.0,1.6,0.0,0.8,0.0,0.8,0.0,1.6,-0.8,0.0,1.6,-0.8,0.8,0.8,0.8,1.6,-0.8,0.8,0.8,0.8,0.8,-0.8,0.8,-1.6,0.0,0.0,0.0,0.8,-0.8,0.8,0.8,0.0,0.8,0.0,0.8,0.8,-0.8,0.0,0.8,1.6,0.0,0.8,1.6,0.0,0.0,0.8,0.8,0.8,0.0,0.0,0.0,0.8,0.0,0.8,1.6,0.0,0.8,0.0,-0.8,2.4000000000000004,0.0,1.6,1.6,0.0,0.0,0.0,0.8,0.0,1.6,0.0,0.0,0.0,0.8,1.6,-0.8,0.0,0.0,1.6,0.8,-0.8,1.6,0.8,-0.8,0.0,0.0,0.8,0.0,0.0,0.0,0.0,1.6,0.0,0.0,0.8,0.8,0.8,0.8,0.8,-1.6,0.8,2.4000000000000004,-0.8,1.6,0.8,0.8,0.8,0.8,0.8,-0.8,0.8,0.0,-1.6,0.8,0.0,1.6,0.0,0.0,2.4000000000000004,-0.8,0.0,-0.8,0.8,0.8,-0.8,0.8,0.8,0.0,0.8,-0.8,2.4000000000000004,-0.8,0.0,1.6,-0.8,1.6,-1.6,0.8,0.0,0.0,0.0,0.0,1.6,0.8,-0.8,1.6,0.0,1.6,0.0,0.0,0.0,0.0,0.8,0.8,0.8,0.8,-0.8,0.8,0.0,0.8,0.0,0.8,0.0,0.8,-0.8,-0.8,0.0,0.8,0.0,0.8,0.8,0.0,2.4000000000000004,0.0,0.0,0.8,0.0,0.8,-0.8,0.8,0.8,0.0,0.8,-0.8,1.6,0.0,-0.8,0.8,1.6,0.0,0.0,1.6,0.0,0.8,0.0,-0.8,2.4000000000000004,-0.8,-0.8,0.0,1.6,0.0,-1.6,0.8,0.8,0.8,1.6,0.0,-0.8,1.6,0.8,-0.8,0.8,0.8,0.8,2.4000000000000004,0.8,1.6,0.8,-1.6,0.8,0.0,-0.8,0.8,-0.8,0.0,0.8,0.0,0.8,0.0,0.8,0.8,-0.8,0.8,-0.8,0.0,-0.8,0.8,2.4000000000000004,0.8,1.6,0.8,1.6,-0.8,0.0,0.8,0.0,0.8,0.0,0.0,1.6,0.0,1.6,0.8,0.0,-0.8,-0.8,1.6,0.0,-0.8,2.4000000000000004,0.0,2.4000000000000004,0.8,0.0,1.6,0.0,1.6,0.0,0.8,-0.8,0.8,1.6,0.0,1.6,0.0,-0.8,-0.8,-1.6,0.8,0.8,-0.8,1.6,0.8,0.0,-0.8,0.0,1.6,-0.8,0.8,0.8,-0.8,0.8,0.8,0.0,0.8,0.0,-0.8,0.8,0.8,0.0,1.6,0.8,0.8,0.8,0.0,-0.8,-0.8,0.8,0.0,0.0,0.8,0.8,0.8,0.8,0.8,2.4000000000000004,0.0,0.0,0.8,1.6,0.8,0.0,0.0,1.6,0.0,0.0,0.8,0.8,0.8,1.6,0.8,1.6,0.0,0.0,1.6,0.0,2.4000000000000004,-0.8,0.0,2.4000000000000004,0.8,0.8,0.0,0.0,0.0,-0.8,-0.8,-1.6,0.0,0.8,0.8,1.6,0.0,-0.8,0.8,-0.8,1.6,-0.8,0.8,0.8,-0.8,0.8,-0.8,0.8,0.8,-0.8,0.8,0.8,0.0,0.8,0.8,0.8,0.0,0.8,0.0,0.0,-0.8,1.6,0.8,0.0,1.6,-0.8,-1.6,0.0,0.0,0.8,-0.8,-0.8,0.8,-0.8,0.8,0.0,-0.8,0.8,0.8,-1.6,0.0,1.6,0.8,0.0,0.0,0.8,-0.8,0.0,-0.8,0.0,1.6,-0.8,-0.8,0.8,0.8,1.6,0.8,0.8,0.8,0.0,0.0,0.8,0.8,0.0,0.0,0.8,-0.8,0.0,0.8,0.8,1.6,0.0,0.8,0.0,0.0,0.8,-1.6,0.8,1.6,0.0,0.8,0.0,1.6,0.8,-0.8,1.6,0.8,0.8,0.8,-0.8,-0.8,0.8,0.0,1.6,-0.8,0.0,-0.8,0.0,0.0,0.8,0.8,0.8,0.0,0.8,-0.8,0.8,-0.8,1.6,-0.8,0.0,0.0,-0.8,1.6,0.0,0.0,0.8,0.0,1.6,-1.6,0.8,0.8,-0.8,0.8,-0.8,1.6,-1.6,0.0,1.6,0.0,0.0,0.8,0.8,0.8,0.8,0.8,-0.8,0.8,1.6,-1.6,1.6,0.0,1.6,0.8,0.0,1.6,0.8,2.4000000000000004,-0.8,-0.8,3.2,0.0,-2.4000000000000004,3.2,1.6,-1.6,-0.8,4.0,0.8,-0.8,0.8,1.6,0.8,-0.8,0.8,1.6,0.0,-0.8,0.0,0.8,0.8,0.0,0.8,0.8,0.8,0.0,0.0,1.6,0.0,1.6,0.0,0.8,0.8,0.8,0.0,0.0,0.8,0.0,0.8,0.8,-0.8,0.0,-1.6,0.8,0.8,0.0,0.0,-1.6,0.8,0.0,-1.6,0.8,0.0,2.4000000000000004,0.0,0.0,0.8,-1.6,1.6,0.8,0.0,0.8,0.0,0.8,-0.8,0.8,0.8,0.8,0.8,-2.4000000000000004,0.8,0.8,0.0,1.6,0.0,0.0,-0.8,0.0,0.8,-1.6,0.0,-0.8,0.8,1.6,0.0,0.8,0.0,0.0,-0.8,0.0,3.2,0.0,0.8,0.8,0.0,2.4000000000000004,1.6,0.0,0.0,1.6,0.8,-0.8,0.8,0.8,0.8,1.6,-1.6,1.6,0.0,-0.8,1.6,0.0,0.0,0.0,-0.8,0.8,0.0,0.8,0.0,1.6,0.8,-0.8,1.6,0.0,0.8,0.0,-0.8,0.8,0.8,-0.8,-0.8,0.8,2.4000000000000004,0.0,1.6,-0.8,1.6,0.0,0.0,0.8,0.8,-0.8,1.6,0.0,0.8,0.0,0.0,0.0,0.8,0.0,0.0,0.0,0.0,0.0,0.0,0.0,1.6,0.0,0.0,0.8,0.0,0.8,0.0,0.0,-0.8,0.0,0.0,-0.8,-0.8,-0.8,0.8,0.0,0.0,0.0,-0.8,0.8,0.0,0.8,0.0,0.0,0.8,-0.8,0.0,0.8,0.0,1.6,-0.8,-0.8,0.8,0.8,0.8,-1.6,0.8,0.8,0.0,1.6,0.0,0.8,0.8,0.0,0.8,0.0,0.0,0.0,-0.8,0.8,0.0,2.4000000000000004,0.8,1.6,2.4000000000000004,-0.8,0.8,0.0,0.0,0.8,-1.6,0.8,0.8,0.0,0.8,0.0,0.8,0.8,0.8,0.8,0.0,1.6,0.0,0.8,0.8,0.8,0.0,0.8,0.8,0.8,-0.8,0.8,0.0,0.0,0.0,0.8,0.0,0.0,0.0,0.8,0.8,0.8,-0.8,1.6,0.0,0.8,0.0,0.0,0.0,0.8,0.0,0.8,0.0,0.8,2.4000000000000004,0.8,0.8,1.6,0.8,0.0,-0.8,-1.6,0.0,0.0,0.0,0.0,0.0,-0.8,0.0,1.6,0.8,0.8,0.0,0.8,0.8,1.6,0.8,-0.8,1.6,0.8,-1.6,1.6,0.8,0.8,0.8,-0.8,1.6,0.0,0.0,0.0,-0.8,1.6,-1.6,0.8,0.8,0.8,2.4000000000000004,0.0,1.6,1.6,0.0,0.8,-0.8,1.6,0.0,-0.8,0.0,-0.8,1.6,0.0,0.0,0.8,0.0,1.6,0.8,0.0,0.8,-2.4000000000000004,1.6,0.8,0.8,0.0,0.8,2.4000000000000004,-0.8,1.6,2.4000000000000004,-1.6,0.8,0.8,-0.8,-0.8,0.8,0.0,0.0,0.8,0.8,-0.8,1.6,-0.8,0.0,0.8,-0.8,0.8,0.0,0.0,0.0,0.8,0.8,0.8,0.0,0.0,0.0,1.6,0.8,-0.8,0.0,0.8,0.0,0.8,0.0,0.0,-0.8,-0.8,0.0,-0.8,0.0,0.8,0.0,0.0,0.0,0.8,0.8,0.0,0.8,0.8,0.8,1.6,-0.8,-0.8,-0.8,1.6,0.8,0.0,1.6,0.8,0.8,0.8,0.0,0.8,0.8,0.0,0.0,0.8,0.8,0.8,0.8,0.0,0.8,0.8,0.0,0.0,-0.8,0.0,0.8,0.0,1.6,0.0,0.8,-1.6,1.6,1.6,0.0,1.6,0.0,0.8,-0.8,0.0,1.6,1.6,1.6,0.8,0.0,1.6,-2.4000000000000004,0.8,0.0,-0.8,-0.8,0.0,0.8,1.6,0.0,1.6,0.0,1.6,-0.8,0.8,-0.8,-0.8,0.0,0.8,0.8,1.6,-0.8,0.0,-0.8,0.0,0.8,0.0,0.8,0.0,0.8,0.8,-0.8,0.0,0.0,0.0,0.0,0.0,1.6,0.0,-0.8,0.0,0.0,-1.6,0.8,0.8,0.0,0.0,-0.8,0.8,-0.8,0.0,0.8,0.0,1.6,-0.8,-0.8,0.8,0.8,0.0,0.0,0.8,0.8,0.0,1.6,-0.8,0.0,0.8,0.8,0.8,0.0,0.8,0.8,0.0,1.6,0.0,1.6,0.8,0.0,1.6,-0.8,0.8,0.0,0.8,0.8,0.0,0.8,1.6,0.8,0.8,0.0,1.6,0.0,0.0,0.8,0.0,2.4000000000000004,-0.8,0.8,0.8,0.8,0.8,0.8,0.8,1.6,-0.8,0.8,0.0,0.8,0.8,0.8,1.6,0.0,0.0,0.0,0.0,0.8,0.8,0.0,0.0,0.0,0.8,-0.8,0.0,1.6,1.6,1.6,0.8,0.8,1.6,0.0,-0.8,1.6
event_130,1625267023.8959992,0.8,0.8,0.0,-0.8,0.8,-0.8,1.6,0.8,2.4000000000000004,0.0,-0.8,0.0,0.0,0.0,0.8,0.0,1.6,0.0,1.6,0.8,-0.8,0.0,0.8,0.8,0.8,0.0,-0.8,0.8,0.8,0.8,-0.8,0.8,0.0,-0.8,-0.8,1.6,1.6,-0.8,0.8,0.8,0.0,0.8,0.8,0.8,0.8,0.8,0.8,0.8,0.8,0.8,0.0,0.8,0.0,-0.8,0.8,1.6,0.8,1.6,-0.8,2.4000000000000004,0.8,0.8,0.0,0.0,1.6,0.8,-0.8,0.0,0.0,0.0,0.0,0.8,1.6,0.8,0.8,0.0,1.6,0.8,-0.8,0.8,0.0,0.8,1.6,0.8,1.6,0.0,1.6,1.6,0.0,2.4000000000000004,-0.8,2.4000000000000004,0.8,1.6,0.8,0.0,2.4000000000000004,-0.8,-0.8,0.8,-0.8,1.6,-4.0,-44.8,-115.20000000000002,-96.0,-40.800000000000004,-14.400000000000002,-8.0,-5.6,-4.0,-7.200000000000001,-8.0,-3.2,-4.800000000000001,-1.6,0.8,-0.8,-1.6,-0.8,-0.8,0.0,-1.6,0.8,-0.8,-2.4000000000000004,2.4000000000000004,2.4000000000000004,-1.6,-0.8,0.8,0.8,-0.8,-1.6,0.8,1.6,-1.6,-0.8,0.0,0.0,0.8,0.0,0.0,0.8,0.0,0.8,0.0,1.6,0.8,0.0,0.0,0.0,-0.8,0.8,0.8,0.8,0.0,1.6,0.0,0.8,0.8,0.0,0.0,0.0,0.8,-0.8,0.8,0.0,0.0,1.6,0.8,1.6,0.8,-1.6,0.8,0.8,-0.8,0.0,0.0,0.8,0.0,-0.8,0.8,0.0,0.8,-0.8,-0.8,0.8,0.8,0.0,-0.8,1.6,2.4000000000000004,-0.8,0.0,0.0,0.8,0.8,0.8,0.0,0.0,0.0,-0.8,0.8,0.0,-0.8,2.4000000000000004,0.8,1.6,0.0,-0.8,0.8,0.0,-0.8,2.4000000000000004,0.8,0.8,-1.6,3.2,-0.8,-2.4000000000000004,4.0,0.8,-0.8,0.0,1.6,0.8,-0.8,0.8,0.8,0.8,0.0,-1.6,2.4000000000000004,0.0,-0.8,0.8,-0.8,0.8,0.0,0.0,0.8,-0.8,0.8,-0.8,0.8,0.8,0.8,1.6,0.8,0.8,-0.8,0.8,1.6,0.0,0.8,0.8,0.0,0.8,0.0,-0.8,-0.8,0.0,0.0,0.0,0.8,0.8,0.8,0.0,0.0,1.6,-0.8,0.8,0.0,-0.8,-0.8,0.0,0.0,0.0,0.8,0.8,-0.8,0.8,0.8,0.0,0.0,-0.8,0.0,0.0,0.8,0.0,0.8,0.0,0.0,0.8,0.8,0.8,0.8,0.8,0.0,-1.6,0.0,-2.4000000000000004,1.6,0.0,-0.8,1.6,-0.8,-0.8,0.8,0.0,0.8,-0.8,1.6,-1.6,1.6,0.8,0.0,1.6,0.0,0.8,1.6,-0.8,0.0,1.6,0.0,0.8,-0.8,0.0,-0.8,-0.8,0.8,0.8,1.6,-0.8,0.0,0.8,-1.6,0.8,0.8,0.0,-0.8,0.8,1.6,-0.8,1.6,0.8,0.0,2.4000000000000004,0.0,0.0,0.0,1.6,1.6,-1.6,0.8,0.8,0.0,1.6,-0.8,-0.8,1.6,0.8,-0.8,0.8,2.4000000000000004,1.6,0.8,1.6,0.8,1.6,0.0,-0.8,0.8,0.0,0.8,-0.8,0.0,1.6,-0.8,0.8,0.8,0.0,1.6,-0.8,0.8,0.0,-0.8,0.8,0.8,1.6,1.6,0.8,1.6,2.4000000000000004,0.0,1.6,0.0,1.6,0.8,0.0,0.8,0.8,0.8,0.8,0.8,0.8,0.0,0.8,0.0,0.8,-0.8,0.0,0.8,0.8,1.6,0.8,0.0,1.6,0.8,0.0,0.8,0.0,1.6,1.6,1.6,1.6,0.0,1.6,0.0,0.0,0.8,0.8,0.0,0.8,0.0,0.0,0.8,0.8,0.8,0.8,0.8,0.8,0.8,0.8,1.6,0.8,0.8,0.0,-1.6,0.0,1.6,0.8,0.8,0.0,1.6,0.8,0.8,-0.8,0.0,1.6,-1.6,0.0,0.8,1.6,0.8,-0.8,0.8,1.6,0.8,1.6,0.0,0.8,0.0,-0.8,-0.8,-0.8,0.0,0.0,0.8,1.6,-0.8,0.8,0.8,0.8,0.8,0.0,0.8,0.8,1.6,0.0,0.8,0.8,0.8,0.8,0.0,-0.8,0.8,0.0,0.0,0.0,0.0,0.0,0.8,0.8,1.6,0.0,0.0,0.8,0.8,-0.8,1.6,0.0,0.0,0.8,0.0,0.0,0.8,0.8,0.0,0.8,0.0,0.8,1.6,-0.8,0.0,-1.6,0.0,0.0,-2.4000000000000004,1.6,0.0,-0.8,0.8,-0.8,0.0,-0.8,0.0,0.8,0.0,1.6,0.8,0.0,1.6,0.0,0.8,0.0,0.0,-1.6,0.0,1.6,-0.8,0.8,0.0,0.8,0.8,-0.8,0.0,0.0,0.0,0.0,-1.6,0.8,0.0,0.0,0.8,0.0,0.8,0.0,-0.8,0.8,0.8,0.8,-0.8,0.8,-0.8,0.8,0.8,0.0,1.6,1.6,0.0,1.6,-0.8,0.8,0.0,0.0,0.8,0.8,0.0,0.8,0.0,0.8,-0.8,0.0,0.8,0.8,0.0,-0.8,-0.8,0.8,-0.8,2.4000000000000004,0.0,0.0,-0.8,0.0,-0.8,0.8,0.0,1.6,0.8,0.8,0.0,0.0,0.0,0.8,0.0,0.8,0.8,0.0,1.6,0.8,0.0,-1.6,0.8,1.6,0.0,0.0,0.8,0.8,-0.8,0.8,0.8,-2.4000000000000004,0.8,0.8,-0.8,-0.8,0.8,0.8,0.0,1.6,0.8,-0.8,0.8,-0.8,-0.8,1.6,0.0,1.6,0.0,0.0,0.8,0.8,1.6,-1.6,-0.8,0.0,0.0,0.8,-1.6,0.8,0.0,0.0,0.8,0.0,0.8,-0.8,0.8,0.8,-0.8,0.8,-0.8,0.8,0.8,-0.8,0.0,0.8,1.6,0.0,0.0,0.8,0.0,0.8,0.0,0.8,2.4000000000000004,-1.6,0.8,0.8,0.8,0.8,-0.8,0.8,0.8,0.0,0.0,-0.8,0.0,-1.6,1.6,1.6,0.0,0.0,0.0,0.8,1.6,-1.6,0.8,0.0,0.0,0.0,-0.8,0.8,-0.8,0.8,0.8,-0.8,0.8,2.4000000000000004,0.0,-0.8,0.8,1.6,-0.8,-0.8,0.0,0.8,0.8,0.0,1.6,0.0,-0.8,-0.8,0.0,0.0,-0.8,0.0,1.6,-0.8,0.0,-0.8,0.8,0.0,-1.6,-0.8,0.8,0.8,-1.6,0.0,0.0,1.6,-0.8,0.0,0.8,0.0,0.8,-1.6,0.8,1.6,0.0,0.8,0.8,0.8,1.6,-0.8,0.0,-0.8,0.8,-0.8,0.0,0.8,0.0,0.0,0.8,-0.8,1.6,0.0,0.0,1.6,0.0,1.6,-0.8,0.0,0.8,1.6,1.6,-0.8,0.8,0.8,0.0,1.6,-0.8,0.8,-0.8,-0.8,0.0,-1.6,0.0,0.8,0.8,0.8,-0.8,0.8,-0.8,0.8,0.0,0.0,0.8,-0.8,0.8,0.0,-1.6,0.8,0.0,0.8,0.0,-1.6,1.6,0.0,0.8,0.0,0.0,0.0,-0.8,0.0,0.0,-0.8,0.8,0.8,0.0,-1.6,1.6,-0.8,0.0,0.0,0.0,0.8,0.0,0.8,0.8,0.0,1.6,-0.8,-1.6,0.0,1.6,0.0,0.0,0.0,0.8,0.0,0.8,0.0,-0.8,0.8,0.8,0.0,0.8,1.6,0.8,0.0,0.0,0.0,0.0,0.8,0.8,0.8,0.0,-0.8,0.0,0.0,-0.8,0.8,0.8,0.8,0.0,0.0,0.0,0.0,0.0,0.0,0.8,0.0,1.6,0.8,0.0,0.8,0.8,-0.8,0.8,0.0,0.8,0.0,-1.6,0.8,0.8,-0.8,2.4000000000000004,-0.8,1.6,0.0,0.8,0.8,0.0,0.8,0.0,0.0,1.6,-1.6,0.0,0.0,-0.8,0.8,0.0,0.0,-0.8,1.6,1.6,-1.6,0.8,0.0,-0.8,0.0,0.0,0.0,0.8,0.0,0.0,-1.6,-0.8,-0.8,0.8,1.6,0.8,0.0,0.8,0.8,1.6,0.8,0.8,0.8,-0.8,-0.8,0.8,1.6,0.8,0.0,-0.8,0.8,0.8,0.0,0.0,0.0,0.8,-1.6,-0.8,0.8,0.8,0.8,0.8,0.8,1.6,0.0,-0.8,0.8,0.0,-0.8,0.0,0.0,0.0,0.8,-1.6,0.8,1.6,0.0,0.0,0.0,2.4000000000000004,0.0,0.0,0.0,0.8,1.6,0.8,0.8,0.8,0.0,0.8,0.8,0.0,0.8,-0.8,1.6,0.0,0.0,-0.8,0.8,0.8,0.8,0.0,-0.8,0.0,0.8,-0.8,0.8,0.0,0.8,0.0,0.0,1.6,0.0,0.8,0.8,0.0,0.8,0.8,0.0,-0.8,0.0,0.8,-0.8,0.8,0.0,0.0,1.6,-0.8,0.8,0.0,-2.4000000000000004,0.0,1.6,-1.6,-2.4000000000000004,2.4000000000000004,0.8,-3.2,1.6,0.8,0.0,0.0,-1.6,-1.6,0.8,0.8,0.8,0.0,0.8,0.0,0.0,1.6,-1.6,-0.8,0.8,0.8,0.8,0.0,0.8,0.8,0.8,-0.8,1.6,0.8,0.0,0.0,0.0,-0.8,0.0,0.8,0.8,0.0,0.8,0.0,1.6,0.0,0.0,0.8,0.0,0.8,-0.8,0.0,1.6,0.0,0.0,0.8,0.8,0.0,-1.6,0.8,-0.8,0.8,-0.8,0.0,0.0,0.0,0.0,0.8,0.8,0.0,-0.8,0.8,-1.6,0.0,-0.8,0.0,1.6,0.8,0.8,0.8,0.0,1.6,-0.8,1.6,0.0,0.0,1.6,0.0,1.6,0.0,0.0,1.6,-1.6,1.6,0.8,0.0,0.0,-0.8,0.8,-0.8,0.8,1.6,-0.8,0.8,0.0,0.8,0.8,-0.8,0.8,-0.8,1.6,0.0,-1.6,0.8,0.8,0.0,0.0,0.0,1.6,-0.8,1.6,-1.6,0.0,1.6,0.0,0.8,0.0,0.8,1.6,-0.8,1.6,-0.8,0.0,0.8,-0.8,1.6,0.0,0.0,0.8,0.0,0.8,-0.8,0.0,1.6,0.8,1.6,0.8,1.6,1.6,0.0,0.0,-0.8,1.6,0.0,0.0,1.6,0.8,0.8,1.6,0.8,0.8,-0.8,-0.8,0.8,0.0,0.0,0.8,0.8,0.8,0.0,0.8,0.0,0.0,0.0,0.8,0.0,0.8,0.0,-0.8,0.8,0.0,1.6,-0.8,1.6,0.8,0.8,0.8,-0.8,0.8,0.8,0.0,0.0,0.0,0.8,0.0,0.0,0.8,0.0,0.0,-0.8,0.0,0.0,-0.8,0.8,0.0,0.8,0.8,0.0,0.0,-0.8,-0.8,0.0,-0.8,2.4000000000000004,0.8,0.8,0.0,0.8,1.6,0.0,0.8,-1.6,-0.8,1.6,-1.6,0.0,0.8,0.0,0.0,-0.8,0.8,0.0,-0.8,0.8,0.8,0.0,0.0,0.0,0.0,0.0,0.0,0.0,1.6,0.0,0.0,1.6,-0.8,0.0,0.0,0.0,0.8,0.8,0.0,-0.8,0.0,1.6,-0.8,1.6,0.0,0.0,0.8,-1.6,1.6,-0.8,0.0,1.6,-0.8,0.8,-0.8,0.8,0.0,0.0,0.0,0.8,1.6,0.8,-1.6,0.0,0.8,1.6,0.8,-0.8,0.0,0.0,0.8,0.8,0.8,0.0,0.0,0.0,-0.8,0.0,0.8,0.8,0.0,0.8,0.0,-0.8,0.0,0.0,-0.8,0.0,0.0,0.0,0.0,1.6,0.8,-0.8,1.6,-1.6,-0.8,-0.8,0.8,0.8,-0.8,0.8,0.0,0.8,1.6,0.0,0.0,-0.8,0.8,0.0,0.0,0.8,-0.8,0.8,0.0,0.0,0.0,-1.6,1.6,1.6,0.0,0.0,-0.8,0.8,0.0,0.8,0.8,0.8,0.8,0.8,0.8,0.8,0.0,0.0,0.0,1.6,1.6,0.8,0.8,0.8,1.6,-0.8,0.8,0.8,0.0,0.8,-0.8,0.0,1.6,0.0,0.8,0.8,-1.6,0.0,0.8,-0.8,0.8,0.0,0.8,-0.8,0.8,0.8,-0.8,0.8,0.8,0.0,1.6,0.8,-0.8,0.8,0.0,0.0,0.8,0.0,0.8,-0.8,0.0,0.0,0.8,0.8,0.0,0.0,-0.8,0.8,0.8,0.8,0.0,0.8,0.8,0.0,1.6,0.0,0.0,1.6,-1.6,-0.8,0.8,1.6,-0.8,0.8,1.6,1.6,-0.8,0.8,-0.8,-0.8,0.8,-0.8,2.4000000000000004,0.8,0.0,2.4000000000000004,0.0,0.8,0.8,0.8,1.6,0.8,0.8,0.0,0.8,-0.8,0.0,1.6,0.0,0.8,1.6,0.8,0.8,0.0,0.8,-0.8,0.0,0.8,0.8,1.6,0.8,0.8,0.8,0.0,0.0,0.0,0.0,0.0,-1.6,0.0,0.0,-0.8,0.8,0.8,1.6,0.8,0.0,0.8,-1.6,1.6,-0.8,0.0,1.6,0.0,0.0,-0.8,0.8,0.8,0.0,0.8,-1.6,0.0,0.8,0.0,0.0,-0.8,0.0,0.0,0.0,0.0,1.6,1.6,0.0,1.6,0.8,-0.8,0.0,1.6,0.0,0.0,0.8,1.6,-0.8,0.8,0.8,0.0,2.4000000000000004,0.0,-0.8,0.8,2.4000000000000004,0.8,0.0,0.8,1.6,1.6,1.6,0.8,0.0,1.6,0.8,-0.8,0.8,-0.8,0.8,1.6,-0.8,1.6,0.8,0.8,0.8,-0.8,0.0,-0.8,0.8,0.8,0.8,0.8,0.0,1.6,0.0,0.0,1.6,0.0,0.0,0.0,-0.8,0.8,0.0,0.8,0.8,2.4000000000000004,2.4000000000000004,0.0,1.6,0.0,0.8,1.6,-1.6,0.0,0.0,0.0,1.6,0.8,1.6,-0.8,0.0,0.0,-0.8,0.8,0.0,0.8,2.4000000000000004,0.0,0.0,0.0,1.6,0.0,0.0,0.8,0.0,1.6,0.8,0.8,0.8,0.8,1.6,0.0,0.0,1.6,0.0,0.8,0.0,0.0,0.8,0.0,0.8,0.8,-0.8,0.8,0.8,0.8,0.0,0.8,0.0,0.0,0.0,-0.8,-0.8,0.8,0.0,0.8,0.8,1.6,0.8,0.8,0.0,-0.8,1.6,0.8,0.0,1.6,1.6,1.6,0.8,0.0,1.6,0.0,0.8,0.8,0.0,-0.8,-0.8,0.8,0.0,0.0,0.0,0.8,1.6,0.8,0.8,1.6,0.8,0.8,-0.8,0.8,0.8,2.4000000000000004,0.8,0.8,1.6,0.8,0.8,0.0,0.8,0.0,1.6,1.6,0.0,-0.8,0.0,0.8,0.8,0.0,-0.8,0.0,1.6,1.6,0.0,1.6,-0.8,1.6,0.0,0.0,0.8,0.0,0.8,0.8,0.8,0.8,0.8,1.6,0.8,0.8,0.8,-0.8,0.8,0.0,1.6,1.6,-0.8,1.6,0.0,-0.8,1.6,0.8,0.8,-1.6,0.8,1.6,-1.6,1.6,0.0,0.8,0.0,-0.8,0.8,-0.8,1.6,1.6,0.8,1.6,0.0,0.8,0.8,-0.8,0.8,0.8,0.8,0.0,0.0,1.6,0.0,1.6,-0.8,0.8,0.0,-0.8,0.0,0.8,-0.8,-0.8,0.0,0.8,-0.8,0.8,0.8,0.8,0.0,0.8,0.0,0.0,1.6,-0.8,1.6,1.6,2.4000000000000004,-0.8,0.8,0.8,0.0,0.0,0.8,-0.8,0.8,-0.8,0.0,0.8,0.0,1.6,0.8,0.8,0.0,0.0,0.0,-0.8,1.6,-0.8,1.6,0.8,0.8,0.8,0.0,0.0,0.8,0.8,1.6,0.0,0.8,1.6,0.0,0.8,0.0,0.0,0.0,0.0,0.0,0.8,0.0,-0.8,0.8,-0.8,-1.6,0.8,0.0,0.8,0.8,0.0,0.8,0.0,1.6,0.8,0.0,1.6,0.0,-0.8,0.0,0.8,0.8,0.8,1.6,0.8,0.8,2.4000000000000004,0.8,0.0,1.6,0.0,0.8,0.8,0.8,1.6,0.8,0.8,0.0,0.0,0.0,0.0,0.8,0.8,-0.8,0.0,0.0,1.6,-0.8,1.6,1.6,0.0,0.8,0.8,0.8,0.8,-0.8,0.8,0.8,0.8,0.8,0.8,1.6,1.6,0.0,1.6,0.0,0.8,-0.8,0.0,0.8,-0.8,0.8,0.8,0.0,1.6,-0.8,0.8,0.8,0.0,0.0,0.8,0.8,0.8,-0.8,0.0,0.0,0.8,-0.8,0.0,0.8,-0.8,1.6,0.0,0.0,1.6,0.8,2.4000000000000004,0.0,-0.8,0.8,0.8,0.0,0.8,0.0,-0.8,0.0,0.8,0.0,0.0,0.8,-0.8,0.8,0.0,0.0,0.8,0.0,0.8,-0.8,0.8,1.6,0.8,0.8,-0.8,1.6,0.8,0.0,0.8,-0.8,0.8,0.0,-1.6,1.6,0.0,1.6,0.8,0.0,0.8,0.0,0.8,0.8,0.8,0.8,-1.6,0.0,0.8,0.8,1.6,0.0,1.6,-0.8,0.0,0.8,0.0,1.6,-0.8,0.8,0.0,1.6,0.8,-0.8,1.6,1.6,-0.8,0.8,0.0,0.8,0.0,-0.8,0.0,0.0,-0.8,0.8,0.8,0.0,-0.8,0.8,0.8,0.8,-0.8,0.8,0.0,0.8,0.8,0.0,1.6,0.0,-0.8,0.8,0.0,0.8,0.8,0.8,0.0,0.0,1.6,0.0,0.0,-0.8,0.8,0.0,-1.6,0.8,0.0,-0.8,0.8,-0.8,0.8,0.0,0.8,1.6,-0.8,0.8,0.0,0.8,1.6,-0.8,0.0,0.0,0.8,0.0,-0.8,1.6,0.8,0.8,0.8,-0.8,-0.8,-1.6,0.8,0.0,-0.8,0.0,0.8,1.6,-0.8,0.8,0.8,-0.8,0.8,-0.8,0.0,1.6,-1.6,0.0,-0.8,0.8,0.8,0.0,1.6,0.0,0.8,0.0,0.8,0.8,0.0,0.8,0.8,0.0,0.8,0.8,0.8,0.0,0.8,0.8,-0.8,0.0,0.0,-0.8,0.0,-0.8,1.6,0.0,0.0,0.0,0.0,0.0,-0.8,0.8,0.0,0.0,1.6,-1.6,-0.8,0.8,-0.8,-0.8,0.8,1.6,-1.6,1.6,0.8,0.0,1.6,0.8,0.0,0.8,-0.8,1.6,0.8,0.0,0.0,0.0,0.0,0.8,-0.8,-0.8,0.0,0.8,0.0,0.8,0.8,0.0,-0.8,0.0,-0.8,-0.8,0.0,0.8,0.0,0.0,0.8,0.8,0.0,0.8,0.0,-0.8,0.8,-1.6,0.0,0.8,0.0,1.6,0.0,1.6,0.0,-0.8,0.8,0.0,0.8,-0.8,0.8,0.8,0.0,0.8,-0.8,0.0,1.6,0.0,0.8,0.0,0.8,0.8,-1.6,0.8,-1.6,0.8,-0.8,0.0,2.4000000000000004,0.0,0.0,0.0,0.8,0.8,-1.6,0.8,-0.8,0.0,0.0,0.0,0.8,-0.8,0.0,0.8,-0.8,0.8,-0.8,0.8,0.8,0.0,1.6,-0.8,0.0,0.0,-0.8,1.6,0.0,0.8,1.6,0.8,0.0,0.0,0.0,0.8,-0.8,-0.8,0.8,0.0,-0.8,0.0,0.0,-1.6,0.0,0.0,0.0,0.0,0.0,1.6,-0.8,0.0,0.0,0.0,0.0,-0.8,-0.8,0.8,0.8,0.8,0.8,0.0,0.0,0.0,1.6,0.8,-0.8,1.6,0.0,0.0,0.0,0.0,-0.8,0.0,0.0,0.0,0.8,-0.8,-0.8,0.8,-0.8,0.0,0.0,0.0,0.8,-0.8,-0.8,0.8,0.0,0.8,0.8,-0.8,0.0,-0.8,0.8,0.8,0.8,0.8,-0.8,0.8,1.6,-0.8,0.8,0.8,0.0,0.0,-0.8,0.0,0.0,0.8,1.6,1.6,0.8,-0.8,1.6,-1.6,0.0,0.8,0.0,0.0,0.8,-0.8,0.0,0.0,1.6,0.0,0.0,0.0,-1.6,1.6,0.8,0.8,0.8,0.8,0.8,-0.8,0.0,1.6,0.0,0.8,0.0,0.8,0.0,0.0,0.0,0.0,0.0,0.0,0.0,1.6,0.0,0.0,0.0,0.8,0.0,0.0,0.8,1.6,0.0,0.8,-0.8,2.4000000000000004,0.8,0.8,0.0,0.0,1.6,0.0,0.0,0.8,0.8,0.0,0.8,0.0,0.8,0.0,0.0,0.0,0.8,0.0,0.0,-0.8,0.8,-0.8,0.0,-0.8,0.0,0.8,0.8,1.6,0.0,0.0,-0.8,0.0,1.6,2.4000000000000004,0.8,0.8,0.0,1.6,0.0,0.0,0.8,-0.8,0.0,-0.8,0.0,0.0,-0.8,2.4000000000000004,-0.8,0.8,0.0,-1.6,0.0,0.0,-0.8,0.8,-0.8,1.6,-0.8,0.0,0.8,0.0,1.6,-0.8,0.8,0.8,1.6,0.8,0.0,1.6,0.8,0.8,0.8,-0.8,2.4000000000000004,0.0,0.0,0.8,0.0,0.0,-0.8,0.8,0.0,-0.8,0.8,0.0,-0.8,0.0,0.0,0.0,0.0,-0.8,-0.8,0.0,1.6,0.0,0.0,1.6,0.8,1.6,0.8,0.0,0.8,0.0,0.8,-0.8,0.8,0.0,0.0,0.8,0.8,0.8,0.0,0.8,0.8,0.8,-0.8,-0.8,0.0,0.0,-0.8,0.0,0.0,0.8,0.8,0.8,0.8,0.0,0.8,-0.8,-0.8,-0.8,2.4000000000000004,0.0,0.0,0.8,0.0,0.0,1.6,0.0,1.6,0.8,0.0,0.0,0.0,0.0,0.8,1.6,0.0,0.0,1.6,-0.8,0.8,-0.8,0.0,0.0,0.0,0.8,0.0,0.0,-0.8,0.8,1.6
event_131,1625267026.0671234,2.4000000000000004,0.0,1.6,0.8,0.8,0.8,0.0,2.4000000000000004,-1.6,0.8,1.6,1.6,0.0,-0.8,0.8,1.6,-0.8,0.0,0.0,0.0,0.8,-0.8,0.8,-0.8,0.0,0.8,0.0,1.6,-2.4000000000000004,0.0,0.0,0.0,-0.8,0.0,0.8,1.6,-1.6,0.8,0.0,0.8,0.0,-0.8,0.8,0.0,0.8,0.0,0.0,1.6,-0.8,0.8,0.0,-0.8,1.6,0.0,-0.8,0.0,-0.8,-1.6,0.0,0.0,0.0,0.0,0.0,0.8,-0.8,0.8,-0.8,0.0,0.0,-0.8,-0.8,0.0,0.8,0.8,0.8,0.8,0.8,0.0,1.6,0.0,0.8,0.8,0.0,0.0,0.8,0.8,0.0,-0.8,0.8,0.0,0.8,0.0,0.0,1.6,-1.6,0.0,-0.8,0.8,0.0,-0.8,0.8,0.0,-12.0,-40.0,-41.60000000000001,-21.6,-8.8,-4.0,-0.8,0.8,-0.8,-4.0,0.0,-1.6,0.0,-0.8,0.0,0.8,-0.8,-0.8,0.0,-0.8,0.8,0.0,0.0,1.6,0.0,0.0,-0.8,0.0,1.6,-0.8,0.8,-0.8,0.8,-1.6,-0.8,0.8,0.0,0.0,0.8,0.8,0.8,0.8,0.0,-0.8,0.0,0.8,0.8,0.8,-0.8,0.8,0.0,-1.6,1.6,-0.8,-0.8,0.0,-0.8,0.8,-1.6,-0.8,0.0,-0.8,1.6,0.8,-1.6,0.0,-1.6,-1.6,-0.8,1.6,-0.8,0.0,0.8,1.6,0.8,0.8,0.0,0.0,0.0,0.0,0.0,-0.8,0.8,0.8,0.0,1.6,0.0,0.0,-0.8,0.8,0.0,-0.8,0.0,0.0,-0.8,0.8,-0.8,0.0,0.8,0.0,0.0,0.0,0.0,0.0,-1.6,0.8,0.8,0.8,0.0,0.8,2.4000000000000004,1.6,0.0,0.8,0.0,0.8,-0.8,0.0,-0.8,-0.8,0.8,-0.8,0.0,0.0,-0.8,0.8,-0.8,0.0,-0.8,0.8,0.0,0.0,-0.8,-0.8,0.8,0.8,-0.8,1.6,-0.8,0.0,0.8,0.8,0.0,0.8,0.0,0.8,-0.8,-0.8,-0.8,0.0,0.0,-0.8,1.6,-1.6,0.8,0.0,0.8,0.0,-0.8,0.8,-0.8,0.8,0.8,-0.8,1.6,-0.8,-0.8,0.8,1.6,0.8,0.0,0.0,0.8,0.0,0.8,-0.8,0.8,0.0,0.8,-0.8,0.0,0.8,0.0,-0.8,0.0,0.8,0.0,0.0,0.8,0.0,-0.8,-1.6,-1.6,0.8,0.0,0.0,0.8,0.8,0.0,-1.6,0.8,0.0,0.0,0.0,0.0,0.8,0.0,1.6,0.0,0.8,1.6,-0.8,0.8,0.0,-0.8,0.8,-1.6,1.6,0.0,0.8,0.8,0.8,4.0,-1.6,0.0,1.6,-0.8,0.0,0.0,0.8,0.8,0.0,0.0,-1.6,1.6,0.8,0.0,0.8,0.0,3.2,0.8,-0.8,0.8,0.0,0.0,-1.6,0.0,0.8,-0.8,0.8,0.0,0.8,0.0,0.0,1.6,0.0,0.0,1.6,1.6,0.8,0.0,0.8,0.8,1.6,0.0,-1.6,0.8,0.8,0.8,0.8,0.0,0.8,0.8,0.0,0.8,0.0,0.8,0.8,0.0,0.0,0.8,0.8,0.0,0.0,1.6,0.0,0.0,0.0,0.8,0.0,0.8,1.6,0.8,0.8,0.0,0.8,1.6,0.0,0.8,0.0,0.0,0.8,0.0,1.6,0.8,1.6,0.8,0.8,0.8,1.6,0.0,0.0,1.6,0.8,0.0,0.8,-0.8,1.6,0.0,1.6,0.0,0.0,0.0,0.0,0.8,0.0,-0.8,0.8,0.0,0.8,0.0,-0.8,1.6,0.0,1.6,0.8,0.8,0.0,0.8,1.6,0.0,0.0,1.6,-1.6,0.8,-0.8,0.0,1.6,-0.8,0.8,0.8,-0.8,1.6,-0.8,0.8,0.0,0.8,0.8,0.8,1.6,0.0,0.8,0.8,-1.6,0.8,-0.8,2.4000000000000004,2.4000000000000004,-0.8,1.6,0.0,0.8,-0.8,-0.8,0.8,0.0,0.0,-0.8,0.0,0.8,0.8,1.6,0.8,0.0,0.8,0.0,0.8,-0.8,0.0,0.8,-0.8,1.6,0.8,1.6,0.0,0.8,0.8,-0.8,0.8,0.0,0.0,0.0,0.8,0.0,0.8,-0.8,0.8,0.8,1.6,0.0,1.6,0.0,0.0,0.0,0.0,0.8,-0.8,0.0,0.8,0.0,0.8,0.0,0.8,0.8,0.8,0.0,0.8,0.8,0.0,0.8,0.0,0.0,0.8,0.0,0.8,0.0,-0.8,1.6,0.8,0.8,0.0,0.0,0.8,-1.6,-0.8,0.8,0.0,-0.8,0.0,0.8,-0.8,0.0,0.8,0.0,0.8,-0.8,0.8,0.0,0.8,0.8,-0.8,0.8,0.0,-1.6,0.8,0.8,0.8,0.0,0.8,1.6,-0.8,1.6,0.0,-0.8,0.0,-0.8,-0.8,0.0,0.8,0.0,-1.6,0.8,0.0,0.8,0.0,-0.8,0.8,-0.8,0.8,0.0,0.0,0.8,0.0,0.0,1.6,0.0,0.8,0.0,0.8,1.6,-0.8,1.6,0.0,1.6,1.6,0.0,1.6,1.6,-0.8,-0.8,0.0,1.6,0.0,0.0,0.0,0.0,0.8,0.8,0.8,0.0,0.0,0.8,-0.8,0.8,0.0,0.0,0.8,0.8,-0.8,0.8,-0.8,0.0,0.8,0.0,0.8,-1.6,2.4000000000000004,0.0,0.0,0.0,0.0,1.6,-1.6,0.0,2.4000000000000004,-0.8,-0.8,0.0,0.0,0.8,0.8,0.0,0.8,0.8,-0.8,0.0,0.8,0.0,-0.8,0.8,0.8,-0.8,0.0,1.6,1.6,0.0,0.8,-0.8,2.4000000000000004,0.8,-0.8,0.0,-0.8,1.6,0.0,-0.8,0.8,0.0,0.0,0.0,0.8,0.8,-0.8,0.8,0.8,-0.8,-0.8,-0.8,0.0,0.8,0.0,0.8,-0.8,1.6,-0.8,0.8,0.8,0.0,0.0,-1.6,0.8,0.8,1.6,1.6,-0.8,1.6,1.6,0.8,1.6,0.0,0.8,0.0,-0.8,0.8,0.0,-0.8,0.8,1.6,0.8,-0.8,0.0,-0.8,1.6,0.0,0.0,0.8,0.0,0.0,0.0,0.8,0.0,0.8,0.0,-0.8,0.8,1.6,0.0,0.8,0.0,0.0,-0.8,-0.8,-0.8,0.8,0.0,0.0,0.8,0.0,0.0,0.0,-0.8,0.0,-0.8,0.0,0.8,-1.6,0.8,0.0,0.0,0.8,-0.8,-0.8,-0.8,1.6,0.0,-0.8,0.8,0.0,1.6,1.6,-1.6,0.8,0.8,1.6,-0.8,-0.8,0.8,0.8,1.6,0.0,1.6,0.8,-1.6,0.8,1.6,-0.8,0.8,-0.8,0.8,0.0,0.0,-0.8,0.8,1.6,0.0,1.6,0.0,0.0,0.0,-0.8,1.6,1.6,0.0,1.6,0.0,1.6,0.0,0.8,0.8,0.0,0.0,-0.8,0.0,0.0,-0.8,1.6,0.8,0.8,0.8,0.0,-0.8,0.0,0.0,0.0,0.0,0.8,-0.8,0.0,0.0,-0.8,0.0,-0.8,0.8,0.0,0.8,0.8,-0.8,1.6,0.0,-0.8,-0.8,0.0,0.0,0.0,0.0,0.8,-0.8,0.0,0.0,-1.6,0.8,0.0,0.8,0.8,0.8,0.0,0.8,0.0,0.8,-0.8,-0.8,0.8,0.0,-0.8,0.8,-0.8,0.8,0.0,0.8,0.0,-0.8,0.8,-0.8,0.8,-0.8,0.8,0.0,0.0,0.0,0.8,0.0,-0.8,-0.8,1.6,-1.6,0.0,0.8,-0.8,0.0,-0.8,0.0,0.0,0.8,0.8,1.6,1.6,0.0,-0.8,0.8,0.8,3.2,0.0,-0.8,2.4000000000000004,0.0,0.0,0.0,0.0,1.6,-1.6,0.0,0.8,0.0,0.0,-0.8,0.8,0.0,-0.8,0.8,-0.8,0.0,-1.6,0.8,0.0,0.0,0.8,0.0,0.0,0.8,0.8,0.8,0.0,0.0,0.8,0.8,-0.8,0.8,0.8,-0.8,0.0,0.0,0.0,0.8,-0.8,0.0,-0.8,-0.8,1.6,1.6,0.0,0.0,0.8,0.8,0.0,0.8,0.0,-0.8,0.8,-0.8,-1.6,0.0,0.0,0.8,0.0,0.0,0.8,0.0,0.8,0.8,-1.6,0.8,0.8,-0.8,-0.8,0.0,0.0,0.0,0.0,0.8,0.0,0.0,1.6,0.8,0.0,0.0,1.6,-0.8,0.0,-0.8,0.0,0.8,0.0,0.0,0.0,0.0,0.0,-0.8,0.8,0.0,0.0,-0.8,0.8,0.8,0.0,-0.8,0.8,-0.8,0.8,0.0,0.8,0.8,0.0,0.8,2.4000000000000004,-0.8,1.6,0.0,1.6,-0.8,0.8,0.8,0.0,0.0,0.8,0.0,0.0,0.0,0.0,0.0,0.0,0.0,0.0,1.6,0.8,0.0,0.0,0.8,0.8,0.0,0.0,0.8,0.8,-0.8,0.0,0.0,0.0,0.0,0.8,0.0,-0.8,0.8,0.8,0.0,0.8,1.6,0.8,0.0,0.0,-0.8,-0.8,1.6,0.8,0.0,0.8,0.8,-0.8,0.8,0.0,-1.6,0.8,0.8,0.0,0.0,0.0,0.0,0.0,0.8,0.8,1.6,0.0,1.6,0.0,0.0,0.8,-0.8,1.6,0.0,0.0,0.8,0.8,0.8,0.8,0.0,0.8,0.0,0.8,0.8,0.8,0.8,-1.6,2.4000000000000004,0.0,0.8,-0.8,0.8,1.6,0.0,0.0,0.0,-0.8,0.8,0.0,2.4000000000000004,0.0,0.8,0.8,0.0,0.8,0.0,-0.8,1.6,0.8,1.6,0.0,0.8,0.0,0.0,1.6,0.0,1.6,-0.8,0.8,0.8,0.0,0.8,1.6,0.0,0.0,-0.8,1.6,0.8,0.0,0.0,-1.6,0.0,0.0,0.8,0.8,0.8,0.8,0.8,0.0,0.8,0.0,0.0,0.8,0.0,-0.8,-0.8,2.4000000000000004,0.0,1.6,0.0,1.6,1.6,0.8,0.0,-1.6,1.6,0.8,-0.8,0.8,0.8,0.8,-0.8,1.6,1.6,-0.8,0.0,0.0,0.8,0.0,0.0,0.8,0.0,0.8,0.0,0.8,0.8,0.0,0.8,0.8,1.6,0.8,-0.8,1.6,0.8,1.6,0.8,0.8,0.8,0.8,0.0,0.0,0.0,0.0,-0.8,0.8,0.0,0.0,1.6,0.8,0.8,0.8,-0.8,0.0,-1.6,1.6,-0.8,0.8,0.8,0.8,0.8,-1.6,0.8,0.8,0.0,1.6,0.0,0.8,0.8,0.8,0.8,0.0,0.8,0.8,-0.8,0.8,0.0,0.8,0.0,0.8,0.0,-1.6,0.8,1.6,0.8,0.8,0.0,1.6,0.0,1.6,0.8,-0.8,1.6,0.0,-1.6,1.6,0.0,0.8,0.8,0.0,0.8,0.0,1.6,-0.8,0.0,1.6,0.8,0.0,-0.8,0.8,0.8,0.8,1.6,0.0,1.6,0.0,0.0,0.8,-1.6,0.8,0.0,0.0,0.8,-1.6,0.0,0.8,0.8,-0.8,0.0,0.8,0.8,-0.8,0.0,0.8,0.8,0.0,0.8,0.8,0.8,0.0,0.8,0.8,0.8,0.0,0.0,0.0,0.0,-0.8,1.6,0.0,1.6,-0.8,0.0,0.0,0.0,0.0,0.8,0.8,0.8,-0.8,0.8,0.0,0.8,0.8,-0.8,1.6,0.0,1.6,0.8,0.0,0.8,0.8,2.4000000000000004,-0.8,0.0,2.4000000000000004,-0.8,0.8,0.8,-0.8,0.8,0.8,0.8,0.0,0.8,0.8,0.0,0.8,0.8,0.8,0.8,0.0,0.0,0.0,0.8,0.8,0.8,0.8,0.8,2.4000000000000004,0.0,0.0,0.8,-0.8,0.8,0.0,0.0,0.8,0.8,1.6,0.0,1.6,-0.8,0.8,2.4000000000000004,-0.8,-2.4000000000000004,3.2,0.0,-2.4000000000000004,0.8,2.4000000000000004,-0.8,-0.8,1.6,0.8,0.0,0.0,0.8,1.6,-0.8,0.0,0.8,0.8,0.0,0.0,0.8,2.4000000000000004,0.0,0.0,0.8,0.0,0.0,-0.8,-0.8,1.6,0.0,0.8,1.6,0.0,-0.8,0.0,0.0,0.8,0.0,0.0,-0.8,1.6,-0.8,0.8,0.8,0.0,0.8,-0.8,0.8,0.0,0.8,0.8,0.0,0.8,0.0,-0.8,0.0,0.0,0.8,0.0,-0.8,0.8,0.0,0.0,0.0,0.8,-0.8,0.0,0.8,0.8,0.0,0.0,0.0,0.8,0.8,-0.8,-0.8,-0.8,1.6,0.8,0.0,2.4000000000000004,1.6,0.8,1.6,0.0,-0.8,0.0,1.6,-1.6,1.6,1.6,0.8,0.8,1.6,0.0,1.6,0.8,-0.8,0.0,0.0,0.0,0.8,0.0,0.0,0.8,0.0,1.6,1.6,0.8,0.8,0.0,0.8,0.0,0.8,1.6,2.4000000000000004,1.6,0.8,1.6,1.6,0.0,0.8,0.8,0.8,0.8,-0.8,0.0,0.0,0.0,1.6,0.0,1.6,-1.6,0.0,0.0,0.8,0.8,0.8,0.0,0.8,0.0,0.0,0.0,1.6,-0.8,-0.8,0.0,-0.8,1.6,0.8,1.6,0.0,0.0,0.8,-0.8,0.0,0.0,0.8,-0.8,0.0,0.8,0.0,2.4000000000000004,0.0,0.8,0.0,-1.6,2.4000000000000004,0.8,1.6,1.6,-0.8,2.4000000000000004,-1.6,-0.8,0.0,0.0,0.8,0.0,0.8,0.8,1.6,1.6,-0.8,0.0,0.8,-0.8,0.0,-0.8,1.6,0.8,0.0,1.6,0.0,1.6,0.0,0.0,1.6,-1.6,0.8,-0.8,0.8,1.6,-0.8,0.8,0.0,0.8,1.6,0.8,1.6,0.0,0.0,0.8,0.8,2.4000000000000004,-0.8,1.6,0.8,0.8,1.6,0.8,0.0,0.8,0.0,0.8,-0.8,0.0,0.0,0.8,1.6,0.8,-0.8,0.8,0.8,0.8,0.0,0.8,0.0,0.8,0.0,0.0,0.8,0.8,0.0,0.0,0.8,0.8,1.6,0.8,0.0,0.0,-0.8,0.0,0.0,-0.8,2.4000000000000004,1.6,0.0,0.8,-0.8,-0.8,0.0,0.8,0.0,0.0,0.0,-0.8,0.0,0.8,0.0,0.8,-0.8,0.8,-1.6,0.0,0.8,-0.8,0.8,-0.8,1.6,0.0,0.8,0.8,0.0,1.6,-0.8,-1.6,0.8,-0.8,1.6,0.0,-0.8,1.6,0.0,0.8,0.0,0.0,0.8,-1.6,1.6,-0.8,0.0,0.8,-0.8,2.4000000000000004,0.8,0.8,1.6,0.0,1.6,-0.8,0.0,0.8,0.8,0.8,0.0,0.8,1.6,-0.8,1.6,0.8,0.8,0.8,-0.8,0.0,0.8,0.8,0.0,1.6,1.6,-2.4000000000000004,0.8,1.6,0.0,0.0,1.6,0.0,0.8,0.8,0.0,0.8,1.6,-0.8,0.0,0.8,-0.8,1.6,0.8,0.8,0.0,0.0,0.8,0.8,0.0,1.6,0.8,0.0,0.0,0.0,-0.8,0.8,0.8,0.8,-1.6,0.0,0.0,0.0,1.6,0.8,0.0,0.0,-0.8,-0.8,0.8,0.8,0.8,-0.8,0.8,1.6,0.8,2.4000000000000004,-0.8,0.8,-0.8,0.8,0.0,0.0,0.8,0.0,0.8,0.0,0.8,0.8,0.0,0.0,0.0,-0.8,0.0,-0.8,0.0,0.0,0.8,0.8,0.0,1.6,0.0,0.0,1.6,0.0,0.8,-0.8,0.8,0.0,0.0,0.8,-0.8,1.6,-0.8,0.0,0.0,0.0,0.8,0.8,0.0,-0.8,0.0,1.6,0.8,0.8,0.8,0.0,0.8,0.0,-1.6,0.0,-0.8,0.8,0.8,0.0,0.8,0.8,0.0,0.8,0.8,-0.8,1.6,0.0,0.8,0.8,0.8,0.0,-0.8,0.0,0.8,0.8,0.0,1.6,0.8,0.0,0.8,0.0,0.8,0.0,0.0,0.8,0.0,0.8,0.0,0.0,1.6,-1.6,-0.8,0.8,0.8,0.8,0.0,0.8,0.8,0.0,1.6,0.0,0.8,0.8,0.0,0.8,0.0,1.6,0.8,0.0,0.8,0.0,0.8,0.0,0.0,0.8,-0.8,0.8,-0.8,0.0,0.8,0.0,0.0,0.8,1.6,0.0,0.8,1.6,0.0,0.0,0.8,0.0,2.4000000000000004,0.8,0.8,0.8,1.6,0.8,1.6,1.6,0.8,-0.8,-0.8,0.0,0.0,0.0,0.8,1.6,0.0,0.8,0.8,-0.8,1.6,0.0,0.8,0.0,0.0,0.8,-0.8,0.0,0.8,0.0,0.0,0.0,0.8,0.8,0.8,0.8,0.0,0.8,0.0,0.8,0.8,0.8,1.6,0.0,1.6,0.0,0.0,0.8,1.6,1.6,0.0,1.6,0.8,-0.8,1.6,-0.8,0.8,0.8,0.8,-0.8,0.0,2.4000000000000004,0.8,0.0,0.8,0.0,0.0,1.6,0.8,-0.8,0.8,0.8,0.0,0.8,0.8,1.6,0.0,0.0,1.6,-0.8,0.0,0.8,1.6,1.6,-1.6,0.8,0.0,0.0,0.8,-0.8,2.4000000000000004,0.0,0.0,1.6,-0.8,2.4000000000000004,-0.8,0.8,0.0,0.0,0.8,0.8,0.8,0.8,0.0,1.6,-0.8,0.8,0.0,-1.6,0.0,-1.6,0.0,0.8,0.0,1.6,-0.8,0.8,0.0,1.6,0.0,0.8,0.8,0.0,0.8,0.8,-0.8,0.8,-0.8,0.8,0.0,-0.8,3.2,0.0,0.0,0.8,0.0,1.6,0.0,0.0,0.0,0.8,0.8,-0.8,-0.8,-0.8,-0.8,0.8,0.0,0.8,0.8,1.6,0.8,0.8,0.0,0.8,0.8,0.0,-1.6,0.8,1.6,0.8,1.6,0.0,1.6,0.8,0.8,0.0,-1.6,1.6,0.0,0.0,0.8,0.8,1.6,0.0,0.0,0.8,0.0,-0.8,0.0,0.8,0.0,-0.8,0.8,0.0,0.8,0.8,0.8,0.8,0.8,0.0,0.0,0.8,0.8,-0.8,0.0,0.8,1.6,0.0,0.8,1.6,0.8,0.8,0.8,1.6,0.8,0.0,0.0,0.8,0.8,0.0,1.6,0.8,1.6,0.8,-0.8,-0.8,3.2,-0.8,-1.6,3.2,1.6,-2.4000000000000004,0.8,1.6,0.0,0.8,0.8,1.6,1.6,0.8,0.8,0.8,0.0,0.8,0.8,1.6,-0.8,0.8,0.8,0.8,1.6,-0.8,-0.8,0.8,0.0,0.0,0.0,0.0,0.0,-0.8,1.6,0.0,0.8,1.6,0.0,0.0,0.0,1.6,0.8,0.8,1.6,0.0,1.6,0.8,0.0,0.0,1.6,0.0,0.0,0.8,0.0,0.8,0.8,0.0,1.6,2.4000000000000004,0.8,0.8,0.0,-0.8,-0.8,0.8,0.0,0.0,0.8,-1.6,1.6,0.0,0.0,1.6,0.0,0.0,-0.8,0.8,0.0,0.8,0.0,0.0,0.8,0.0,-0.8,0.8,-0.8,0.0,0.0,0.0,-0.8,0.8,0.0,0.0,1.6,1.6,0.0,0.8,-1.6,0.0,-0.8,0.8,-0.8,1.6,0.8,-0.8,1.6,0.8,-0.8,0.8,0.0,0.0,-0.8,0.8,1.6,0.0,0.0,-0.8,-0.8,0.8,1.6,2.4000000000000004,0.0,0.0,1.6,-1.6,0.8,0.0,0.0,-0.8,0.0,1.6,-0.8,0.0,0.0,-0.8,0.8,-0.8,-0.8,0.0,0.8,0.0,0.0,0.8,0.0,0.8,0.0,-1.6,-0.8,0.0,0.0,0.0,-0.8,-0.8,0.0,0.0,0.0,0.8,0.8,0.0,0.0,0.0,-0.8,0.0,0.8,0.8,-0.8,-0.8,-0.8,0.8,0.0,1.6,0.8,0.8,0.0,-0.8,0.8,0.8,0.0,0.0,0.8,0.0,1.6,-0.8,1.6,0.0,1.6,0.8,0.0,1.6,-0.8,0.8,0.0,0.0,0.8,-0.8,0.0,-0.8,0.8,0.0,-0.8,0.0,0.0,0.8,-0.8,0.0,1.6,0.0,0.0,0.0,-0.8,0.8,-0.8,0.0,0.8,-0.8,0.0,0.0,-0.8,0.8,-0.8,0.0,-0.8,0.0,-0.8,-1.6,0.8,-2.4000000000000004,0.0,0.8,-0.8,0.8,0.0,0.0,0.0,-0.8,-0.8,-1.6,0.8,0.8,0.0,0.0,-0.8,0.8,0.8,0.8,0.0,-1.6,0.8,0.0,0.0,0.0,-0.8,0.8,0.0,1.6,0.8,-1.6,0.0,0.0,1.6,-0.8,0.0,1.6,-0.8,0.8,-0.8,0.0,1.6,-0.8,1.6,0.0,0.0,0.0,-0.8,1.6,0.0,2.4000000000000004,0.0,-0.8,0.8,0.8,0.8,1.6,0.8,0.0,0.0,-0.8,-0.8,0.0,0.0,-0.8,0.0,0.8,-0.8,0.0,0.8,1.6,-1.6,1.6,0.0,0.0,-1.6,-0.8,0.0,0.0,0.0,0.0,-0.8,0.0,0.0,0.0,0.8,0.0,0.0,0.0,0.8,0.0,1.6,0.0,-1.6,1.6,0.0,0.0,0.0,-0.8,0.8,-1.6,0.8,-0.8,0.0,1.6,0.0,0.8,0.0,-1.6,-0.8,-0.8,1.6,-0.8,0.0,0.8,0.0,0.0,-0.8,0.8,-0.8,-0.8,0.8,-1.6,0.0,0.0,-0.8,0.8,-0.8,0.0,0.0,-0.8,0.8,0.0,0.8,0.0,-0.8,0.0,-1.6,1.6,-0.8,-0.8,0.8,0.0,2.4000000000000004,0.0,-0.8,0.0,-0.8,0.0,0.0,0.0,0.8,-0.8,0.8,-0.8,0.8,0.0,0.0,0.0,0.0,0.8,-0.8,-0.8
event_132,1625267028.2242467,-1.6,-2.4000000000000004,0.8,1.6,0.8,0.8,-0.8,0.8,0.0,0.0,-0.8,-0.8,0.8,-1.6,-0.8,0.0,0.0,0.8,0.0,0.8,0.8,0.8,0.0,0.8,0.8,-0.8,-0.8,-0.8,0.0,0.0,0.0,0.0,1.6,0.0,0.0,0.8,0.8,0.0,-0.8,0.0,0.0,0.0,0.0,0.0,0.8,1.6,-0.8,1.6,0.0,1.6,0.0,-0.8,0.0,0.0,0.0,1.6,0.0,0.8,-1.6,0.8,0.8,0.0,0.0,0.0,0.8,0.8,0.0,2.4000000000000004,-0.8,0.8,0.0,0.8,0.8,0.0,1.6,0.8,0.8,1.6,0.0,1.6,0.0,0.8,0.8,0.0,0.8,-0.8,0.8,-0.8,-0.8,1.6,0.0,0.0,0.8,0.0,0.0,0.0,0.8,-0.8,0.0,0.8,-1.6,0.0,-8.0,-19.200000000000003,-17.6,-8.8,-0.8,-0.8,0.0,0.0,-1.6,0.0,-0.8,-0.8,0.8,-0.8,0.0,0.0,0.8,0.0,0.0,0.0,0.8,0.0,0.0,0.0,0.8,0.0,0.0,0.0,0.8,0.8,0.8,0.8,0.8,-0.8,0.8,-0.8,1.6,0.0,1.6,0.8,0.8,0.8,0.8,0.8,0.0,0.0,0.8,-0.8,0.0,0.8,0.0,-0.8,0.8,0.0,0.0,-0.8,-0.8,0.0,0.0,-0.8,0.8,0.0,1.6,0.0,0.0,0.0,-0.8,0.8,0.0,0.0,0.0,0.8,0.8,-0.8,0.8,0.8,0.8,0.8,-0.8,0.0,1.6,-0.8,1.6,-0.8,-0.8,0.8,-0.8,0.8,-0.8,0.8,0.8,-0.8,0.8,-1.6,0.0,0.8,-0.8,-0.8,0.0,1.6,0.0,-0.8,0.0,0.0,2.4000000000000004,0.8,0.0,0.8,0.0,1.6,-0.8,0.8,0.8,-0.8,0.8,0.0,1.6,0.8,-0.8,1.6,0.0,0.8,0.8,-0.8,0.8,-1.6,1.6,0.0,0.0,1.6,-0.8,2.4000000000000004,0.0,0.8,0.0,-0.8,0.8,2.4000000000000004,-0.8,0.8,0.0,0.8,0.0,1.6,-0.8,0.0,0.0,-2.4000000000000004,0.8,0.0,0.0,3.2,0.8,1.6,0.0,0.0,-0.8,0.0,0.0,0.0,0.0,0.0,0.0,0.0,0.0,0.8,0.8,0.0,0.0,0.0,0.8,-0.8,-0.8,0.0,0.0,0.0,-0.8,-0.8,0.0,0.8,0.0,0.0,0.0,0.0,0.0,-0.8,0.0,-0.8,0.0,0.0,-0.8,0.8,0.0,-0.8,2.4000000000000004,-0.8,-0.8,0.0,0.0,0.8,-0.8,0.0,0.8,-0.8,0.8,-0.8,-0.8,0.0,0.0,0.0,-0.8,0.8,0.0,0.0,1.6,-0.8,0.0,0.8,0.0,2.4000000000000004,0.0,0.0,0.8,0.0,0.8,-0.8,1.6,0.8,0.0,0.8,0.0,0.8,1.6,0.0,1.6,0.8,1.6,0.0,0.8,0.8,0.8,0.0,0.8,0.0,1.6,-0.8,0.0,0.0,-0.8,0.0,0.8,0.8,0.0,0.8,0.8,0.0,0.8,0.0,0.8,1.6,0.8,0.0,0.0,0.8,0.8,-0.8,0.8,-0.8,0.0,1.6,0.0,0.8,0.8,0.8,-0.8,0.0,0.0,0.8,0.8,0.0,0.0,0.0,0.0,-0.8,0.0,-0.8,0.0,0.8,0.8,0.8,1.6,0.0,0.8,0.8,0.8,-1.6,0.8,0.8,0.0,0.8,0.0,1.6,0.0,0.0,1.6,-0.8,1.6,0.0,0.0,0.8,0.0,1.6,0.8,0.0,1.6,0.8,0.0,0.0,1.6,0.0,-0.8,1.6,0.0,0.8,0.0,0.0,0.8,0.0,1.6,0.8,0.8,0.8,-1.6,1.6,1.6,1.6,1.6,-0.8,1.6,0.8,0.0,0.8,-0.8,1.6,-0.8,0.0,0.8,0.0,0.8,0.8,0.8,1.6,-0.8,0.0,-0.8,0.8,0.0,0.0,0.8,0.0,-0.8,0.0,0.0,0.8,0.0,0.0,0.8,0.0,1.6,0.0,-0.8,0.0,0.0,-0.8,0.0,0.0,0.8,0.8,0.0,0.8,-0.8,0.0,0.8,0.0,0.0,0.0,0.0,0.0,-0.8,0.8,0.0,0.8,0.8,-0.8,0.0,0.8,2.4000000000000004,0.0,0.0,1.6,0.0,1.6,0.8,-0.8,-0.8,0.0,0.8,-0.8,0.8,1.6,0.8,1.6,0.0,1.6,0.0,0.0,1.6,-0.8,-0.8,0.8,0.0,0.8,0.0,2.4000000000000004,0.0,0.8,0.8,0.0,0.8,0.8,-0.8,0.0,0.8,0.8,0.0,0.0,1.6,0.8,1.6,-0.8,0.8,0.0,0.8,0.8,0.8,0.0,0.8,0.8,1.6,0.8,0.8,0.0,0.8,0.0,-0.8,0.0,1.6,0.0,2.4000000000000004,0.0,0.0,0.8,0.0,0.8,0.0,1.6,0.0,0.8,1.6,0.0,1.6,0.8,0.0,0.8,-0.8,1.6,0.8,0.0,1.6,0.0,0.8,0.0,1.6,0.8,0.0,0.8,0.0,0.8,0.8,0.0,-0.8,1.6,0.0,-0.8,0.0,1.6,0.8,0.8,0.0,1.6,0.8,1.6,0.8,0.0,1.6,0.0,0.0,0.0,0.0,0.0,0.0,0.8,0.8,0.0,0.8,0.0,1.6,-0.8,0.0,0.8,0.0,1.6,-0.8,0.0,1.6,0.0,1.6,0.8,1.6,0.8,0.0,0.8,0.0,4.0,-0.8,-1.6,3.2,0.8,0.0,0.8,1.6,0.8,-1.6,0.8,0.0,0.8,0.0,0.0,2.4000000000000004,0.0,-1.6,1.6,-0.8,0.8,0.0,0.8,1.6,0.0,0.8,-0.8,0.8,0.8,0.8,0.8,0.0,0.8,0.8,0.8,1.6,-0.8,0.8,0.0,0.0,0.8,0.0,2.4000000000000004,0.0,0.0,0.8,-1.6,0.8,0.8,0.0,0.0,-0.8,0.0,-0.8,0.8,0.0,0.0,0.8,-0.8,0.0,0.0,0.8,0.8,0.0,0.8,1.6,0.8,1.6,0.0,0.0,0.0,0.0,-0.8,-0.8,0.8,-0.8,-0.8,1.6,1.6,0.0,0.0,0.0,0.0,-0.8,-0.8,0.8,0.8,0.0,-1.6,0.0,1.6,0.8,1.6,0.8,0.8,1.6,0.0,0.8,0.0,2.4000000000000004,0.8,0.8,1.6,0.8,0.0,1.6,0.0,0.8,0.8,0.0,0.0,0.0,-0.8,0.0,0.8,1.6,-1.6,0.8,0.0,0.0,-0.8,0.0,1.6,0.8,-0.8,0.8,-0.8,1.6,0.0,-0.8,0.8,-0.8,1.6,0.8,-0.8,0.8,-0.8,0.0,0.0,0.0,0.8,0.8,0.0,0.0,0.8,-0.8,-0.8,1.6,-0.8,0.8,0.8,-0.8,0.0,0.0,0.8,0.0,0.0,0.8,-0.8,0.8,0.0,0.0,0.8,-0.8,1.6,0.0,0.8,0.8,-1.6,0.0,0.0,-0.8,0.8,0.8,0.8,0.8,-0.8,0.0,0.0,0.0,0.0,0.0,0.0,-0.8,-0.8,0.0,0.8,0.8,0.0,0.8,0.8,0.0,1.6,0.8,-0.8,0.0,-0.8,0.8,0.8,0.0,0.8,0.8,0.8,-0.8,0.0,0.8,0.8,0.8,-0.8,0.0,0.0,0.0,1.6,0.0,0.0,1.6,0.0,0.0,0.0,0.0,1.6,0.0,0.8,-0.8,0.0,0.8,0.0,0.8,0.0,-0.8,-1.6,0.0,0.8,-0.8,0.8,0.8,0.0,0.0,-0.8,1.6,0.8,-0.8,0.8,-1.6,0.0,-0.8,-0.8,0.0,0.0,0.8,0.0,-0.8,0.8,0.8,0.8,0.0,0.0,-0.8,-0.8,1.6,-0.8,0.0,-0.8,0.8,0.0,0.0,1.6,-0.8,0.8,0.0,0.0,0.8,0.8,0.8,1.6,0.8,0.8,0.0,0.0,0.8,0.8,-0.8,0.8,0.0,0.0,0.0,0.0,0.8,0.8,0.8,0.8,0.0,0.0,0.8,-0.8,0.0,0.8,2.4000000000000004,0.8,0.8,0.8,1.6,0.8,0.8,0.0,0.0,0.0,-0.8,-1.6,0.8,0.0,0.8,0.8,-0.8,0.0,0.8,0.0,1.6,-0.8,0.0,0.8,0.0,0.0,-0.8,1.6,0.8,0.0,0.8,0.0,0.0,1.6,0.8,0.0,0.0,0.0,0.0,-0.8,0.0,0.8,0.8,-0.8,-0.8,0.0,-0.8,1.6,0.0,0.8,1.6,-0.8,0.8,-1.6,0.0,0.0,-1.6,3.2,-1.6,-0.8,0.0,0.8,1.6,-0.8,0.0,1.6,0.8,1.6,-0.8,0.8,0.8,0.0,0.0,0.0,0.8,0.0,0.8,0.0,0.0,0.8,0.0,-0.8,0.0,-1.6,0.0,-1.6,0.0,0.8,-0.8,0.8,0.0,0.0,0.8,0.8,1.6,0.0,-0.8,0.8,0.0,0.8,0.0,0.8,1.6,0.0,0.8,0.8,0.8,0.0,0.8,-0.8,0.0,1.6,0.0,0.8,1.6,1.6,0.0,0.0,0.0,0.0,-0.8,-0.8,0.0,0.8,-1.6,0.0,0.8,-0.8,0.8,-0.8,0.0,0.0,0.8,0.8,0.8,0.8,0.0,-0.8,0.0,0.0,1.6,0.8,0.0,0.8,-0.8,0.0,-0.8,1.6,-0.8,-0.8,0.8,0.0,0.8,0.0,0.8,0.0,0.0,0.8,-0.8,-0.8,0.8,0.0,0.8,-0.8,2.4000000000000004,0.8,1.6,0.0,-1.6,1.6,-0.8,0.0,0.8,-0.8,0.8,-0.8,0.0,1.6,-0.8,0.8,0.0,0.0,0.0,-0.8,0.8,0.0,-0.8,0.8,0.8,1.6,0.8,1.6,0.8,0.8,1.6,-0.8,1.6,0.8,1.6,1.6,-0.8,2.4000000000000004,0.8,-0.8,0.8,0.8,0.8,0.8,0.0,1.6,-1.6,0.8,0.8,0.8,0.8,-0.8,0.8,-0.8,-0.8,0.0,-0.8,1.6,1.6,-0.8,0.0,0.0,0.0,0.8,0.0,0.8,0.0,1.6,0.8,0.0,0.0,0.0,0.8,0.8,0.0,0.8,1.6,0.0,0.8,0.8,-0.8,1.6,0.0,1.6,0.0,0.0,0.8,0.0,1.6,0.0,0.0,1.6,-0.8,-0.8,0.0,0.8,0.8,0.8,0.0,0.8,0.0,0.8,0.8,1.6,0.8,0.8,0.0,0.8,0.8,0.0,1.6,0.0,0.0,0.0,0.0,0.8,0.0,-1.6,0.0,0.0,0.0,0.0,0.8,0.8,0.8,0.8,0.0,1.6,1.6,0.0,0.0,0.8,0.8,1.6,-0.8,1.6,0.0,1.6,0.0,0.8,0.8,0.8,0.8,0.0,0.8,0.8,1.6,1.6,0.8,0.8,0.8,-0.8,0.0,1.6,0.0,0.8,0.8,0.8,0.0,0.8,0.0,0.0,0.8,0.8,0.8,0.0,1.6,1.6,0.0,0.0,0.8,1.6,0.0,0.0,0.8,0.8,0.8,0.8,0.0,0.0,0.8,0.8,0.0,0.0,0.8,0.8,-0.8,1.6,1.6,-1.6,0.8,-1.6,-0.8,0.0,0.8,0.8,-0.8,0.8,2.4000000000000004,0.0,2.4000000000000004,0.0,0.0,1.6,0.0,0.0,0.8,1.6,0.8,0.0,0.8,0.0,0.8,-0.8,0.0,0.8,-1.6,0.8,0.0,0.0,0.8,-1.6,1.6,0.0,0.8,0.8,0.0,1.6,0.0,-1.6,0.8,0.0,1.6,0.0,0.8,0.8,1.6,0.8,0.8,1.6,0.0,0.0,0.0,-0.8,0.8,0.8,0.8,0.8,0.0,1.6,0.8,0.8,0.8,-0.8,1.6,0.0,1.6,0.0,0.8,1.6,0.8,0.0,0.8,0.0,0.0,0.8,1.6,0.0,0.8,1.6,1.6,0.0,0.0,0.0,0.8,-0.8,1.6,0.0,-1.6,1.6,0.8,-0.8,0.0,0.8,0.8,0.8,0.0,0.0,0.8,0.8,0.0,-0.8,0.8,2.4000000000000004,0.8,-0.8,1.6,0.8,0.0,0.8,0.0,0.0,0.8,0.0,-0.8,0.0,0.0,0.8,0.8,0.8,0.8,0.0,0.0,0.0,0.0,0.8,-0.8,0.0,-0.8,0.0,0.8,-0.8,1.6,-0.8,0.0,1.6,-0.8,0.8,-1.6,0.0,0.8,0.8,0.8,-1.6,2.4000000000000004,1.6,-0.8,1.6,0.0,0.8,0.8,-1.6,0.8,-1.6,0.8,0.8,0.8,0.8,-0.8,2.4000000000000004,0.0,0.8,0.0,0.0,1.6,0.0,0.8,1.6,-0.8,1.6,-0.8,1.6,0.8,0.0,2.4000000000000004,0.0,1.6,0.0,0.0,1.6,0.0,0.8,2.4000000000000004,0.8,1.6,0.0,0.0,0.0,0.8,0.8,0.8,0.8,0.8,1.6,-0.8,0.0,1.6,0.0,0.8,0.0,-0.8,0.8,1.6,0.8,-0.8,0.0,2.4000000000000004,0.8,1.6,0.0,0.8,0.8,0.8,0.8,-0.8,0.8,0.8,0.8,0.8,1.6,1.6,0.0,0.8,0.8,0.0,-0.8,0.8,0.8,-0.8,0.8,0.8,0.8,0.8,0.8,1.6,0.8,0.0,0.0,0.8,0.8,0.8,0.0,0.0,0.0,2.4000000000000004,0.0,0.8,0.8,0.0,0.8,0.8,0.0,1.6,0.0,0.8,0.8,0.8,0.8,0.0,1.6,0.0,0.8,0.8,0.0,0.8,-0.8,0.0,1.6,0.0,0.8,0.0,1.6,0.0,0.8,0.8,-0.8,0.8,1.6,-0.8,1.6,0.0,0.0,0.8,0.0,0.8,-0.8,0.0,0.8,-0.8,1.6,-0.8,1.6,-0.8,0.8,0.8,0.0,0.0,0.0,-0.8,0.0,-0.8,1.6,0.0,0.8,0.8,0.0,0.0,0.8,0.0,-0.8,0.8,0.0,0.0,0.8,0.0,0.0,1.6,0.8,0.0,0.0,0.0,0.8,0.0,-1.6,0.0,0.0,0.8,0.0,0.8,0.0,1.6,1.6,1.6,0.0,0.8,0.8,-0.8,0.8,0.0,1.6,0.0,0.8,1.6,0.0,0.0,0.8,-0.8,0.8,0.8,0.8,0.0,0.8,0.0,-0.8,0.8,0.8,0.0,0.0,-2.4000000000000004,1.6,-1.6,0.8,0.8,-0.8,0.0,-0.8,0.8,0.8,0.0,0.0,-0.8,0.8,0.8,0.0,0.8,0.8,0.0,-0.8,0.0,-0.8,0.8,1.6,-0.8,0.8,0.8,-1.6,0.8,0.0,-0.8,0.0,0.8,0.8,-0.8,0.8,1.6,0.0,1.6,-0.8,-1.6,-0.8,0.0,0.0,-1.6,0.0,0.8,0.8,-0.8,0.8,0.8,0.0,-0.8,0.8,0.0,0.8,0.8,-0.8,0.0,2.4000000000000004,0.0,-0.8,0.8,0.8,0.0,0.0,0.0,0.0,0.0,-0.8,-0.8,0.8,-0.8,0.8,1.6,0.0,-0.8,-0.8,0.8,0.0,0.8,0.8,0.0,1.6,0.0,-1.6,0.8,-0.8,0.8,0.0,0.0,0.8,0.0,0.8,1.6,1.6,0.8,-0.8,0.8,0.0,0.0,0.0,0.0,0.8,0.8,0.0,0.0,0.0,0.8,0.0,0.8,1.6,-0.8,1.6,0.0,0.8,0.0,0.0,0.8,-1.6,0.0,0.8,0.0,0.0,-0.8,1.6,-1.6,0.8,0.0,0.0,0.8,0.8,0.0,0.0,0.8,0.0,-0.8,1.6,-0.8,-0.8,2.4000000000000004,0.8,0.0,0.8,0.0,1.6,0.0,1.6,0.0,0.0,1.6,-0.8,0.0,0.8,-0.8,0.8,0.0,0.8,0.8,0.8,1.6,0.0,0.8,-0.8,0.0,0.8,0.0,0.0,0.0,0.0,1.6,-0.8,1.6,0.0,0.8,0.0,-1.6,1.6,0.8,2.4000000000000004,0.8,0.0,2.4000000000000004,0.8,0.0,1.6,0.0,0.8,0.0,-0.8,0.0,0.0,0.0,1.6,0.0,0.0,0.8,0.0,0.8,0.8,0.0,0.8,0.0,1.6,0.0,0.0,0.8,0.0,2.4000000000000004,-1.6,1.6,0.8,0.8,0.0,1.6,0.0,0.0,0.0,1.6,-0.8,0.8,0.8,0.0,0.8,0.0,0.8,0.0,0.0,0.0,0.8,1.6,0.0,0.0,1.6,0.0,0.8,0.8,0.0,0.0,0.0,2.4000000000000004,-0.8,0.0,0.0,0.8,2.4000000000000004,0.0,-0.8,0.8,0.0,0.8,-0.8,0.8,-0.8,0.0,0.8,0.8,1.6,0.8,-0.8,1.6,0.0,0.8,-0.8,0.0,0.8,0.0,0.0,0.0,0.0,0.8,0.8,0.8,0.0,0.8,0.0,-0.8,0.0,0.8,0.8,1.6,0.8,1.6,0.0,0.8,0.0,0.0,0.8,-0.8,0.0,0.0,0.8,0.8,0.8,1.6,0.8,0.8,0.0,0.8,0.0,0.0,-0.8,0.8,0.0,0.8,0.8,-0.8,0.0,0.8,1.6,0.8,1.6,0.8,-0.8,0.0,0.0,-0.8,-1.6,0.0,0.8,0.8,0.0,0.0,0.8,-0.8,0.0,0.0,0.8,0.8,0.8,0.8,0.0,0.8,0.0,0.0,1.6,0.0,-0.8,0.0,0.8,-0.8,-0.8,0.8,0.8,0.8,0.8,0.0,-0.8,2.4000000000000004,0.0,0.8,-0.8,0.8,0.8,0.8,0.8,0.8,0.8,0.0,0.8,0.8,0.0,0.8,0.8,0.8,0.0,0.0,1.6,0.8,0.8,1.6,1.6,0.8,0.0,-0.8,0.8,0.0,2.4000000000000004,0.0,0.8,1.6,0.8,0.0,0.0,0.8,1.6,0.0,0.0,0.0,1.6,0.8,1.6,0.8,1.6,0.0,-0.8,0.0,0.0,-1.6,1.6,0.0,1.6,0.0,0.0,1.6,0.0,0.8,0.0,0.8,0.0,0.8,0.0,0.8,0.8,-0.8,0.0,0.0,0.0,1.6,1.6,0.0,0.0,-0.8,-0.8,0.8,0.8,0.0,0.0,0.8,-0.8,-0.8,0.8,0.8,0.0,0.8,0.0,-0.8,0.0,1.6,0.8,1.6,0.0,1.6,0.8,1.6,1.6,-1.6,0.8,0.0,0.0,-0.8,0.8,0.8,-0.8,0.8,1.6,-0.8,0.8,0.0,0.8,0.0,0.0,0.8,0.0,1.6,0.8,0.0,2.4000000000000004,0.0,0.0,0.0,0.0,0.0,-0.8,1.6,0.0,1.6,0.0,0.8,1.6,0.8,0.8,1.6,0.0,1.6,0.0,0.0,0.8,0.0,1.6,1.6,0.0,1.6,0.0,0.8,0.0,0.8,0.0,0.8,0.0,1.6,0.0,0.0,0.0,0.0,0.0,0.8,0.8,-0.8,1.6,0.8,0.8,0.0,0.8,0.8,0.0,-0.8,0.8,0.8,-0.8,0.0,0.8,0.0,-0.8,0.8,0.0,0.0,1.6,0.8,0.0,1.6,0.8,0.8,1.6,0.8,-0.8,0.0,1.6,0.8,0.8,0.8,1.6,1.6,0.8,0.8,0.8,0.8,0.8,0.0,0.8,1.6,0.0,0.8,0.0,0.8,0.8,0.0,1.6,0.8,0.0,-0.8,-0.8,2.4000000000000004,0.8,0.0,-0.8,2.4000000000000004,0.0,0.8,1.6,0.8,0.8,0.8,0.0,2.4000000000000004,0.8,0.0,1.6,0.8,2.4000000000000004,-1.6,1.6,2.4000000000000004,1.6,0.8,-0.8,0.8,1.6,0.0,2.4000000000000004,0.0,1.6,-0.8,0.0,1.6,0.8,0.8,0.0,0.0,1.6,-0.8,0.8,0.0,0.8,1.6,0.0,2.4000000000000004,-0.8,0.8,0.0,0.0,1.6,0.0,0.0,0.0,0.0,1.6,0.0,0.0,0.8,-0.8,0.0,0.0,0.8,0.0,-0.8,0.8,0.0,0.0,0.8,0.8,0.8,0.8,0.0,0.0,0.8,1.6,0.8,0.8,0.8,1.6,-0.8,1.6,0.0,0.0,1.6,0.8,0.8,0.0,0.0,0.0,0.0,0.8,0.0,0.0,0.0,0.0,1.6,-0.8,0.8,1.6,0.0,0.0,0.0,0.8,0.0,0.0,1.6,0.0,0.8,0.0,0.0,0.8,0.0,2.4000000000000004,0.0,0.8,1.6,0.8,0.8,0.8,0.8,0.0,-0.8,0.8,0.0,0.8,0.0,0.8,0.8,0.8,0.0,0.0,0.0,1.6,-0.8,0.8,0.0,0.0,1.6,-0.8,1.6,0.8,0.8,0.8,-1.6,0.8,1.6,1.6,0.0,0.0,0.8,0.0,0.0,0.0,0.0,1.6,-0.8,0.8,0.0,-0.8,0.8,0.8,0.8,0.8,0.8,1.6,0.8,1.6,0.0,0.8,0.8,-1.6,-0.8,0.0,0.8,0.8,0.0,0.8,0.8,0.8,0.8,0.0,0.8,0.0,-0.8,0.0,-0.8,0.0,0.0,0.8,0.8,0.0,0.8,-0.8,0.0,0.0,-0.8,1.6,0.8,0.0,1.6,0.0,0.0,0.8,0.8,0.0,0.8,0.0,0.8,0.0,0.0,1.6,2.4000000000000004,0.0,-0.8,0.0,1.6,0.0,3.2,-1.6,0.8,1.6,-1.6,-2.4000000000000004,3.2,0.8,-0.8,0.0,4.0,-1.6,0.0,0.8,1.6,-0.8,-0.8,1.6,1.6,-0.8,-0.8,0.8,2.4000000000000004,0.0,0.0,0.8,-0.8,2.4000000000000004,0.0,0.0,0.0,0.0,1.6,-0.8,0.8,0.8,-0.8,0.0,0.8,0.8,0.0,0.8,0.8,-0.8,0.0,0.8,0.0,0.8,0.8,0.8,0.0,1.6,0.8,-0.8,2.4000000000000004,0.8,0.0,0.8,0.0,2.4000000000000004,-0.8,1.6,-0.8,-0.8,0.8,-0.8,0.8,0.0,0.0,0.8,0.0,0.8,0.8,0.0,0.8,0.0,0.0
event_133,1625267030.3743699,1.6,1.6,0.0,-2.4000000000000004,0.0,0.8,-0.8,-0.8,1.6,-1.6,0.0,-0.8,0.0,-0.8,-0.8,0.8,-0.8,0.0,-0.8,0.8,0.8,-1.6,0.0,1.6,0.0,0.0,0.8,1.6,1.6,0.0,0.8,0.0,0.0,0.0,0.0,0.0,0.0,-0.8,0.8,0.8,0.8,0.8,-0.8,1.6,-1.6,-1.6,0.0,0.0,0.0,0.8,0.0,0.8,0.0,1.6,0.0,0.0,0.0,-1.6,0.0,-0.8,0.0,0.8,0.0,0.8,-0.8,0.0,0.0,0.0,0.8,-2.4000000000000004,-0.8,-0.8,-0.8,0.8,0.0,0.8,0.0,-0.8,0.8,0.8,0.0,-0.8,0.8,0.0,0.0,2.4000000000000004,-0.8,0.8,1.6,0.8,1.6,0.8,0.0,0.0,-0.8,0.0,0.0,-0.8,0.0,0.0,0.8,-0.8,-8.0,-21.6,-21.6,-12.8,-5.6,-1.6,-0.8,0.0,-1.6,-1.6,-0.8,-0.8,0.0,0.8,0.0,0.0,0.8,0.8,0.0,0.8,0.8,0.8,-0.8,0.0,1.6,0.0,-0.8,0.0,0.0,0.0,-0.8,0.0,-0.8,0.0,0.0,0.8,0.0,0.8,0.0,-0.8,0.8,-0.8,-1.6,0.8,1.6,0.0,0.8,0.0,1.6,0.0,0.8,1.6,-1.6,1.6,0.8,0.8,0.8,0.0,0.8,0.8,0.0,1.6,0.0,0.8,0.0,0.8,0.0,-0.8,0.8,-0.8,0.8,0.8,0.8,2.4000000000000004,0.0,1.6,1.6,0.8,0.8,0.0,1.6,0.8,1.6,0.8,0.0,1.6,0.8,0.0,1.6,0.0,1.6,0.0,-0.8,0.8,-0.8,0.8,0.8,0.8,0.0,-1.6,0.8,0.0,0.8,0.8,-0.8,0.8,-0.8,0.0,0.0,-0.8,0.8,-0.8,1.6,0.8,-0.8,1.6,0.0,0.0,-0.8,0.0,0.8,-0.8,-0.8,0.0,0.0,0.0,0.0,0.0,0.0,0.0,1.6,-0.8,0.0,0.0,1.6,0.0,0.0,0.8,0.0,0.8,0.0,-1.6,0.8,1.6,0.8,1.6,0.0,1.6,0.8,1.6,0.0,0.0,0.8,-0.8,0.0,0.0,0.0,0.0,0.0,0.8,0.8,0.8,0.0,0.0,0.8,0.0,0.0,-0.8,0.8,0.0,0.0,0.8,0.8,1.6,0.0,1.6,1.6,0.8,0.8,-0.8,1.6,1.6,-0.8,0.8,0.8,1.6,0.0,0.8,0.8,-1.6,0.8,-0.8,0.0,0.8,0.0,2.4000000000000004,1.6,1.6,0.8,0.0,1.6,-0.8,-0.8,0.8,0.0,2.4000000000000004,-0.8,0.0,1.6,0.8,1.6,-0.8,0.8,0.0,1.6,2.4000000000000004,0.0,1.6,0.8,-0.8,1.6,-0.8,0.8,1.6,0.0,0.0,0.0,0.0,-0.8,0.0,0.8,-0.8,0.8,0.0,0.0,0.8,0.0,0.0,0.8,0.0,0.0,0.0,1.6,0.0,-0.8,0.0,0.8,0.0,0.0,-0.8,-0.8,0.8,0.8,0.0,0.8,0.0,0.0,0.0,-0.8,1.6,0.0,0.8,0.0,0.0,0.0,0.0,-0.8,0.0,0.0,0.8,-0.8,1.6,0.0,0.8,0.8,0.8,0.8,-1.6,0.8,0.0,2.4000000000000004,0.0,0.0,0.8,0.8,0.8,0.8,0.0,0.8,-0.8,0.8,0.8,0.0,0.0,0.8,0.8,0.0,-0.8,-0.8,0.0,0.8,-1.6,0.8,0.0,1.6,0.0,0.0,0.8,0.8,0.0,0.0,0.0,0.0,0.8,0.8,0.8,0.0,0.0,0.0,0.0,0.8,0.8,0.8,0.0,0.8,0.0,-0.8,1.6,0.8,0.8,0.8,0.8,1.6,-1.6,0.8,0.0,-0.8,0.8,-0.8,0.0,0.0,0.8,0.8,0.0,0.0,0.8,0.0,0.8,0.0,0.0,0.8,0.0,0.0,-0.8,0.0,-0.8,1.6,0.0,0.8,1.6,0.0,0.0,1.6,-0.8,0.0,0.8,0.8,0.8,0.0,0.0,1.6,0.0,0.0,1.6,0.8,-0.8,0.0,1.6,0.0,2.4000000000000004,0.8,0.8,0.8,0.0,-0.8,0.8,0.0,0.0,0.0,0.0,0.0,0.8,0.8,0.8,0.8,0.8,0.0,0.0,-0.8,1.6,0.0,0.8,0.8,0.8,0.0,-0.8,0.8,1.6,-0.8,1.6,0.8,0.0,1.6,0.0,0.8,0.8,0.0,1.6,0.0,1.6,0.8,0.0,0.0,0.0,0.8,-0.8,0.0,0.8,-1.6,-0.8,1.6,0.8,-0.8,0.0,1.6,-1.6,0.8,0.8,-0.8,0.0,0.8,0.0,0.0,0.0,0.8,0.8,2.4000000000000004,0.0,-1.6,0.8,-0.8,0.0,-0.8,0.0,0.8,-0.8,0.8,0.0,0.0,-0.8,0.0,0.8,-0.8,-0.8,0.8,0.0,1.6,-1.6,0.0,0.8,0.8,0.8,0.0,0.0,0.0,-1.6,0.0,0.8,0.8,0.0,0.8,0.8,0.8,-0.8,1.6,0.0,0.8,0.0,0.0,0.0,0.8,0.0,0.8,0.0,0.8,0.0,0.8,0.8,0.0,-0.8,0.8,0.0,0.8,-0.8,0.0,0.0,0.8,0.0,0.0,-1.6,0.8,0.8,1.6,0.0,0.8,0.8,0.8,1.6,-0.8,0.8,0.8,-1.6,0.8,0.0,-1.6,0.0,0.8,0.0,0.0,0.8,-0.8,0.0,0.0,-0.8,0.8,0.0,0.8,0.0,-0.8,2.4000000000000004,0.0,0.0,0.8,0.0,0.8,0.0,0.0,1.6,0.8,1.6,-0.8,0.8,0.8,-0.8,0.8,0.0,1.6,0.0,0.0,0.8,0.0,1.6,-0.8,-0.8,0.8,-0.8,1.6,-0.8,1.6,0.8,-1.6,1.6,-0.8,0.0,0.0,-0.8,1.6,0.0,0.8,0.0,1.6,2.4000000000000004,-0.8,2.4000000000000004,1.6,-0.8,1.6,-0.8,0.8,0.0,0.0,1.6,0.0,0.8,0.0,0.0,0.0,0.0,0.8,1.6,0.8,0.8,0.8,0.0,1.6,0.8,0.0,0.0,0.8,0.0,1.6,1.6,0.8,0.0,-0.8,0.0,-1.6,0.8,0.8,0.0,0.0,-0.8,0.0,-0.8,0.8,0.0,0.0,0.8,0.8,-1.6,0.8,3.2,-1.6,-1.6,3.2,0.0,-1.6,0.0,1.6,1.6,-0.8,0.0,2.4000000000000004,1.6,-0.8,-2.4000000000000004,0.8,1.6,0.0,0.0,-0.8,1.6,0.0,0.0,2.4000000000000004,0.0,0.0,0.0,1.6,1.6,-1.6,0.0,0.0,0.0,0.0,0.0,1.6,0.0,-0.8,0.8,0.8,0.8,0.8,0.0,1.6,0.0,0.8,0.0,1.6,0.0,0.8,0.8,0.0,0.0,0.0,0.0,1.6,0.0,1.6,-0.8,0.0,0.8,0.0,0.8,0.0,0.0,0.0,-0.8,1.6,0.0,0.8,0.0,-1.6,0.0,0.0,0.0,0.8,0.0,0.0,0.8,0.8,0.0,0.8,0.8,-0.8,0.8,-0.8,-0.8,1.6,-0.8,0.8,0.8,0.0,0.0,0.0,0.0,-0.8,0.8,-0.8,0.0,0.8,0.0,0.0,0.0,-1.6,-0.8,-0.8,0.8,0.8,0.0,1.6,0.0,0.0,1.6,0.0,-0.8,0.0,-0.8,0.0,0.0,2.4000000000000004,0.8,0.0,0.8,0.8,0.0,0.8,0.8,0.0,-1.6,0.0,0.0,0.0,0.0,0.0,0.8,1.6,0.0,1.6,0.0,0.0,0.8,-1.6,1.6,0.0,1.6,0.0,0.0,0.8,0.0,0.0,1.6,-0.8,0.8,-0.8,1.6,0.0,0.0,0.0,0.0,0.8,0.0,-0.8,0.8,0.0,0.8,-0.8,0.0,0.8,-0.8,0.0,0.0,0.0,0.8,-0.8,1.6,0.0,0.0,0.8,0.8,0.8,0.0,0.8,0.8,0.0,0.0,0.8,0.8,-0.8,0.0,0.8,-2.4000000000000004,0.0,0.0,0.0,0.0,0.0,0.8,0.0,0.0,0.8,-0.8,-0.8,0.0,-1.6,0.0,0.8,0.0,1.6,0.0,0.8,0.0,0.0,0.8,-0.8,0.0,0.0,0.0,0.8,0.0,0.0,0.0,0.0,1.6,0.8,-0.8,-0.8,-0.8,0.0,0.8,-0.8,0.8,0.0,0.0,0.0,0.8,0.0,0.8,0.8,0.0,0.0,-0.8,0.8,0.0,0.8,1.6,0.8,0.8,1.6,-1.6,0.8,-0.8,0.0,0.0,-1.6,0.8,-0.8,0.0,1.6,-0.8,0.0,-1.6,0.8,0.0,-0.8,0.8,0.8,0.8,0.8,-0.8,0.8,0.0,0.8,0.0,-0.8,1.6,-0.8,1.6,0.8,0.0,1.6,0.0,0.0,-0.8,-0.8,0.8,-0.8,1.6,-0.8,0.8,1.6,0.0,0.8,0.8,0.8,0.0,0.8,0.8,0.0,0.0,-0.8,0.0,0.8,-1.6,0.8,0.8,-0.8,0.8,-0.8,0.8,0.8,0.8,1.6,-0.8,0.8,0.0,-0.8,0.8,0.0,0.8,0.8,0.8,0.8,0.0,0.0,0.8,0.8,0.0,0.0,0.0,0.0,0.0,0.0,-0.8,0.8,0.8,0.0,0.8,1.6,-0.8,-0.8,0.0,0.8,1.6,0.0,-0.8,-0.8,0.8,0.0,0.8,0.0,0.0,-0.8,-0.8,0.0,0.8,0.0,0.8,0.8,0.0,0.8,0.0,-0.8,0.8,-0.8,0.8,0.0,1.6,0.0,-0.8,1.6,-0.8,1.6,0.8,-0.8,1.6,0.0,0.8,0.0,-0.8,1.6,0.0,0.8,-1.6,0.0,0.8,-1.6,0.8,-1.6,0.0,0.8,-1.6,0.8,0.0,1.6,0.0,-2.4000000000000004,0.8,-0.8,0.0,0.0,-2.4000000000000004,-0.8,-1.6,0.8,0.8,-0.8,-0.8,0.0,1.6,0.0,0.0,0.8,0.0,0.0,-0.8,-0.8,1.6,0.0,0.8,0.0,0.8,0.0,0.0,0.8,0.8,0.0,-0.8,-0.8,0.0,-0.8,0.0,0.8,0.0,0.8,0.8,0.8,0.0,-0.8,0.0,-0.8,0.8,1.6,-0.8,0.8,1.6,1.6,0.8,0.0,0.0,0.8,0.0,0.0,0.0,0.0,0.0,1.6,0.8,-0.8,0.0,0.0,-0.8,0.8,0.0,0.0,-0.8,0.0,0.0,-0.8,0.0,-0.8,0.0,0.8,0.0,-0.8,1.6,1.6,0.0,0.0,0.0,0.0,0.8,0.0,0.0,0.8,-0.8,0.8,0.0,-1.6,0.0,0.0,0.0,0.8,0.0,0.0,0.8,0.0,-0.8,-0.8,1.6,-0.8,-0.8,-0.8,0.8,0.0,-1.6,-0.8,0.0,-0.8,0.0,-0.8,-0.8,0.8,-0.8,0.8,0.0,0.8,1.6,0.0,0.8,0.8,0.0,0.0,-0.8,0.8,-1.6,0.0,-0.8,-0.8,0.0,-1.6,0.0,0.8,0.8,0.0,0.0,0.0,0.0,-0.8,0.8,0.0,1.6,0.0,0.0,0.8,0.0,0.0,0.8,0.0,0.0,-0.8,0.0,0.0,0.8,0.0,0.8,0.0,0.8,-0.8,0.0,-0.8,0.0,0.8,0.0,0.0,1.6,-0.8,0.0,0.8,0.0,-0.8,0.8,0.0,-0.8,2.4000000000000004,-0.8,-0.8,2.4000000000000004,-2.4000000000000004,0.0,0.8,-0.8,0.8,0.8,0.0,0.0,-0.8,0.0,0.0,2.4000000000000004,-0.8,-0.8,0.8,-0.8,0.0,0.0,0.8,1.6,0.0,0.0,-1.6,0.0,0.8,0.0,1.6,-1.6,0.0,0.0,0.8,0.8,-1.6,0.8,0.0,-0.8,0.0,-0.8,0.8,0.8,0.8,0.8,0.8,0.0,0.8,1.6,-0.8,-0.8,1.6,-0.8,0.0,0.8,0.0,1.6,0.0,0.8,0.8,0.0,0.8,-0.8,1.6,0.0,0.8,0.8,0.8,0.8,1.6,0.0,1.6,0.0,1.6,0.0,-1.6,0.8,0.0,0.8,0.0,-0.8,2.4000000000000004,0.0,0.0,0.0,1.6,0.8,0.0,0.0,0.8,0.0,-0.8,-0.8,0.0,0.0,0.8,-0.8,-0.8,0.8,0.8,0.0,0.8,0.8,0.0,0.0,0.0,1.6,1.6,0.0,0.0,1.6,0.0,0.0,0.0,0.8,0.0,0.8,0.8,0.0,0.8,0.0,0.8,0.8,0.0,-0.8,0.0,0.8,0.8,0.0,0.8,0.0,1.6,1.6,0.0,0.8,0.0,0.8,0.0,0.8,0.8,0.0,0.0,0.0,0.8,0.8,0.0,0.8,0.0,-0.8,0.8,-2.4000000000000004,1.6,0.0,0.8,0.0,0.0,1.6,0.0,0.0,0.8,0.8,0.8,-0.8,1.6,1.6,0.0,1.6,0.8,0.8,-0.8,0.0,1.6,-0.8,0.8,0.0,-0.8,0.0,-0.8,1.6,0.0,-0.8,0.0,-0.8,0.8,0.0,0.8,0.8,0.0,1.6,-0.8,-0.8,0.8,0.8,1.6,0.0,0.8,-0.8,0.8,1.6,-0.8,0.8,-0.8,0.0,-0.8,-1.6,1.6,0.0,-0.8,0.8,-0.8,-0.8,-0.8,0.0,0.8,0.0,0.8,0.0,0.0,0.0,0.0,0.0,0.8,0.0,-0.8,0.8,1.6,0.8,0.8,0.8,1.6,0.8,0.8,-0.8,0.0,0.8,0.0,0.8,-1.6,0.0,0.8,0.0,0.8,1.6,0.8,0.0,0.8,0.8,0.0,0.0,-0.8,0.0,0.8,-0.8,0.0,0.8,-0.8,0.8,-0.8,0.8,0.0,-1.6,0.8,0.0,1.6,0.0,0.0,0.0,0.0,0.8,0.0,0.8,0.0,-0.8,0.0,0.0,0.8,0.8,0.0,1.6,0.0,-0.8,0.0,-0.8,0.0,-1.6,0.8,0.0,0.0,1.6,-1.6,0.8,0.0,0.0,0.8,0.0,0.0,1.6,0.8,0.0,0.8,-0.8,0.0,-0.8,0.8,0.8,1.6,0.0,1.6,-0.8,-0.8,0.8,0.8,0.0,0.8,0.0,0.8,0.0,0.8,0.0,0.0,0.0,-1.6,-0.8,0.8,0.8,0.0,0.0,0.0,0.8,0.8,1.6,0.8,0.0,0.0,-0.8,-0.8,0.8,1.6,0.8,0.0,0.8,0.0,0.0,0.0,0.0,0.8,-0.8,0.0,-0.8,-0.8,0.0,0.8,0.0,0.8,-0.8,0.0,0.8,0.8,0.8,-0.8,0.8,2.4000000000000004,1.6,0.0,0.0,0.8,0.8,-0.8,0.8,0.0,0.8,0.0,-0.8,-0.8,0.0,0.8,0.8,1.6,0.8,-1.6,0.0,-0.8,1.6,0.0,-0.8,0.8,0.0,0.0,0.0,-0.8,0.0,-0.8,0.8,1.6,-1.6,1.6,0.8,0.0,0.0,-0.8,0.8,-0.8,0.0,0.8,0.8,-0.8,0.0,0.0,-0.8,0.8,-0.8,-0.8,0.8,0.0,0.0,0.0,0.8,1.6,0.8,0.8,-0.8,-1.6,0.8,0.0,0.0,0.8,0.8,0.8,0.8,0.8,-0.8,-0.8,0.0,0.0,-0.8,-0.8,0.8,0.8,0.8,0.0,0.0,-0.8,0.8,0.0,0.0,-0.8,0.8,0.0,1.6,0.8,0.8,0.8,0.8,0.8,-0.8,0.8,0.0,0.0,0.0,0.8,1.6,0.8,0.0,0.8,0.0,0.8,0.0,0.8,0.8,0.0,0.8,0.0,0.8,1.6,0.0,1.6,0.8,0.0,-0.8,-0.8,0.8,0.8,0.0,0.8,-0.8,1.6,-0.8,0.0,1.6,0.0,0.8,-0.8,0.0,0.8,2.4000000000000004,1.6,-1.6,1.6,0.8,0.0,0.8,0.0,1.6,0.0,0.0,0.0,-0.8,0.0,0.0,0.8,0.0,-0.8,1.6,0.8,0.8,0.8,-0.8,0.0,0.8,-0.8,-0.8,0.0,1.6,0.0,0.0,0.0,1.6,0.8,0.0,0.0,-0.8,0.8,0.8,-0.8,1.6,0.8,0.8,0.8,0.0,1.6,0.8,0.0,1.6,0.0,0.0,0.0,0.0,0.8,0.0,0.8,0.8,1.6,0.0,0.0,1.6,0.0,0.0,-0.8,0.8,1.6,2.4000000000000004,0.8,0.8,1.6,1.6,0.0,0.8,0.0,1.6,0.0,-1.6,-0.8,0.8,0.8,1.6,1.6,0.8,-0.8,0.8,0.0,0.0,-0.8,1.6,0.8,0.8,0.8,-0.8,0.8,0.8,0.0,0.0,-0.8,-0.8,0.8,0.8,0.8,-0.8,0.0,0.8,0.0,0.8,0.0,1.6,-0.8,0.0,0.0,-0.8,1.6,-0.8,1.6,0.0,0.0,2.4000000000000004,0.0,1.6,1.6,0.0,2.4000000000000004,-0.8,0.0,0.8,0.8,2.4000000000000004,-0.8,1.6,1.6,1.6,2.4000000000000004,-1.6,0.0,0.8,0.0,1.6,0.0,2.4000000000000004,0.0,0.0,1.6,0.8,1.6,0.8,1.6,1.6,-0.8,0.8,-1.6,1.6,0.8,0.0,1.6,0.0,2.4000000000000004,0.8,0.8,1.6,-0.8,-0.8,0.8,0.8,1.6,-0.8,1.6,0.0,0.8,0.8,0.8,0.8,0.8,0.0,-0.8,0.0,0.0,0.8,1.6,0.0,0.0,-0.8,0.8,-0.8,0.8,0.0,0.0,0.8,1.6,0.8,0.0,0.8,0.8,0.8,0.8,0.0,0.0,0.8,0.8,0.0,0.0,0.0,-0.8,0.0,-0.8,0.8,0.8,0.0,0.8,0.0,-0.8,0.0,0.8,0.0,0.8,0.0,0.0,-0.8,0.8,0.8,0.0,0.0,-0.8,-1.6,0.8,0.0,0.0,0.0,-0.8,0.8,0.0,0.8,0.0,0.0,0.8,0.0,-0.8,0.0,-0.8,0.8,0.0,0.8,1.6,0.8,0.0,0.0,0.0,0.8,-0.8,1.6,-0.8,0.8,0.8,0.0,1.6,0.0,0.8,0.0,0.0,0.8,-1.6,0.8,0.0,0.8,0.8,-0.8,2.4000000000000004,1.6,-0.8,0.8,0.8,0.0,-0.8,0.0,0.0,0.0,0.8,0.8,0.8,0.8,-0.8,0.8,0.0,0.8,0.0,0.8,0.8,1.6,-0.8,0.8,0.0,0.8,0.0,0.0,0.0,0.8,1.6,0.0,0.0,0.0,0.0,0.0,0.8,0.8,0.8,1.6,0.0,0.8,0.0,-1.6,-0.8,0.0,0.8,-1.6,0.8,0.8,0.8,0.8,-0.8,0.0,0.0,0.0,-0.8,0.0,2.4000000000000004,-0.8,0.0,0.0,0.8,0.8,0.0,0.8,-0.8,0.8,0.8,-1.6,0.8,-0.8,0.0,0.8,-0.8,1.6,0.0,0.0,0.8,0.0,1.6,0.0,0.8,0.8,0.0,0.8,-0.8,0.8,1.6,-0.8,0.8,-0.8,0.8,-0.8,0.8,0.8,0.0,0.8,0.0,0.0,1.6,-2.4000000000000004,1.6,-0.8,1.6,1.6,-0.8,0.8,-0.8,0.0,0.8,0.8,0.8,-0.8,0.8,0.0,0.8,0.0,0.0,0.8,0.8,1.6,-0.8,0.8,-0.8,1.6,0.0,0.0,0.0,0.0,0.8,0.8,-0.8,0.0,1.6,-0.8,-0.8,0.0,0.0,0.0,0.8,0.0,-0.8,0.0,0.8,-0.8,0.8,-1.6,0.8,-0.8,0.0,0.0,0.8,1.6,-0.8,-0.8,-0.8,0.8,0.0,0.0,0.8,1.6,0.0,1.6,0.0,0.8,0.0,0.0,0.0,0.8,0.8,0.8,0.0,1.6,0.8,1.6,-0.8,0.0,1.6,-0.8,1.6,-0.8,0.8,0.8,-0.8,1.6,0.0,0.8,0.0,0.8,0.8,0.0,-0.8,0.0,0.0,1.6,-0.8,0.8,0.8,0.8,0.8,0.8,0.8,0.0,0.0,0.8,-0.8,1.6,-0.8,0.8,0.8,0.8,0.8,0.0,0.0,0.8,-0.8,1.6,0.0,0.8,0.8,-1.6,0.8,0.0,0.0,0.0,0.8,0.0,0.8,0.0,-0.8,0.0,1.6,0.0,0.0,-0.8,0.0,1.6,-0.8,0.8,0.0,0.0,0.0,-0.8,0.8,-0.8,0.0,0.8,-0.8,0.8,-0.8,0.8,1.6,-0.8,-0.8,0.0,1.6,0.8,0.0,0.8,0.0,0.0,0.8,0.0,0.8,0.0,0.8,0.0,0.8,0.8,0.0,0.0,-0.8,0.8,0.0,0.8,0.8,0.8,0.0,0.0,0.8,0.0,0.0,-0.8,-0.8,1.6,0.8,0.8,0.8,0.0,1.6,0.0,0.8,0.8,2.4000000000000004,0.8,-0.8,0.8,0.8,-0.8,0.8,-0.8,0.8,-0.8,-0.8,-0.8,-0.8,1.6,0.8,0.0,0.8,0.0,0.8,-0.8,1.6,-0.8,0.0,0.8,0.8,0.0,-1.6,0.0,0.0,-1.6,0.0,-0.8,-0.8,1.6,0.0,0.0,-0.8,0.0,0.0,-0.8,0.0,0.0,0.8,0.0,0.0,0.0,-0.8,0.0,1.6,0.8,0.0,-0.8,0.8,-0.8,0.8,0.0,0.0,0.8,-0.8,-1.6,0.8,0.0,0.8,0.0,-0.8,1.6,0.8,1.6,0.0,-0.8,1.6,-0.8,0.8,0.8,-0.8,1.6,0.0,0.8,1.6,-0.8,-0.8,0.0,1.6,0.0,-0.8,0.0,0.0,0.8,0.0,-0.8,1.6,0.0,0.0,0.8,0.8,0.8,-1.6,0.8,0.8,0.8,1.6,-0.8,1.6,0.8,-0.8,1.6,-0.8,0.8,0.0,-0.8,0.8,-0.8,-0.8,0.8,0.0,0.8,-1.6,0.0,-0.8,0.0,0.8,0.0,1.6,0.8,-1.6,0.8,-0.8,0.8,-0.8,0.0,1.6,0.0,0.8,0.0,0.0,0.0,-0.8,0.0
event_134,1625267032.5754957,0.0,-0.8,0.0,-0.8,0.0,0.8,-0.8,1.6,-0.8,-0.8,0.8,0.0,1.6,-1.6,0.0,0.8,-1.6,2.4000000000000004,0.0,-1.6,0.8,-1.6,0.0,-1.6,0.8,0.8,0.8,0.8,0.0,0.8,0.0,-0.8,2.4000000000000004,-0.8,0.0,-1.6,0.0,0.8,-0.8,1.6,0.8,0.0,0.0,0.0,1.6,-0.8,0.0,0.8,0.0,2.4000000000000004,-0.8,0.0,0.8,0.0,0.0,0.0,0.8,0.0,0.0,0.0,-0.8,0.0,-0.8,0.8,0.8,-0.8,-0.8,0.0,-0.8,0.8,-0.8,0.8,-0.8,0.0,-0.8,-1.6,0.0,-1.6,0.0,0.0,-0.8,-0.8,0.0,0.8,0.0,0.0,0.0,0.0,-0.8,0.0,0.8,0.8,-0.8,0.8,-1.6,-0.8,0.0,0.0,0.0,-0.8,1.6,0.8,-1.6,-28.800000000000004,-54.400000000000006,-41.60000000000001,-20.0,-9.600000000000001,-5.6,-1.6,0.0,-2.4000000000000004,-3.2,-2.4000000000000004,0.0,0.0,0.0,-0.8,-0.8,0.0,-0.8,-0.8,0.8,-0.8,0.8,0.0,0.0,1.6,-0.8,0.8,0.0,-0.8,0.0,-1.6,1.6,0.0,0.8,0.8,-0.8,2.4000000000000004,0.0,-0.8,0.8,0.0,0.8,-0.8,0.8,0.8,0.0,0.8,-2.4000000000000004,0.8,1.6,-0.8,1.6,-0.8,0.8,0.0,-1.6,0.0,0.0,0.0,1.6,0.0,2.4000000000000004,-0.8,1.6,0.0,0.0,0.8,-0.8,0.0,0.8,0.0,0.8,0.0,0.8,-0.8,0.0,-0.8,-0.8,0.8,-0.8,0.8,0.0,0.0,0.8,-0.8,-0.8,0.0,0.0,0.0,0.0,0.0,-0.8,0.0,0.8,0.8,0.0,-0.8,0.0,0.8,0.0,0.8,0.0,0.8,-0.8,-1.6,0.0,0.0,0.0,-0.8,0.0,0.8,0.8,0.8,-0.8,-0.8,0.0,0.0,0.0,-0.8,0.0,0.8,0.8,0.8,0.0,-0.8,2.4000000000000004,0.0,-1.6,1.6,0.8,-3.2,0.8,0.0,0.0,0.0,0.8,0.0,0.8,0.8,-0.8,1.6,0.8,0.0,0.0,2.4000000000000004,0.8,0.8,0.0,2.4000000000000004,0.8,0.0,0.8,-0.8,1.6,-0.8,0.0,0.0,0.0,1.6,0.0,1.6,-0.8,-0.8,0.8,-0.8,-0.8,0.8,0.0,2.4000000000000004,-0.8,-0.8,0.0,0.0,1.6,0.0,0.8,0.0,0.8,1.6,-0.8,-0.8,-0.8,0.0,0.8,-1.6,1.6,0.8,-1.6,1.6,-1.6,-0.8,0.0,0.0,0.8,-0.8,0.0,0.8,-1.6,1.6,-0.8,0.0,0.0,-1.6,-0.8,-0.8,0.8,-0.8,0.8,0.0,0.0,1.6,0.0,0.0,0.8,0.0,-0.8,0.0,0.0,0.8,0.8,0.8,-0.8,0.8,0.8,0.0,0.8,0.8,-0.8,0.0,0.0,0.0,0.0,1.6,0.0,0.8,0.8,0.0,1.6,0.0,0.0,0.8,0.8,0.8,1.6,0.8,1.6,0.8,0.8,0.0,0.8,0.0,0.0,-1.6,-0.8,0.0,0.0,0.0,0.0,0.8,0.8,0.0,0.0,-0.8,0.8,-0.8,1.6,0.0,0.0,0.0,-0.8,1.6,0.0,0.0,0.8,0.0,0.8,0.8,0.8,1.6,0.0,1.6,0.0,0.0,0.0,0.8,1.6,-0.8,0.8,0.8,-0.8,0.8,-1.6,1.6,0.0,0.0,2.4000000000000004,-0.8,1.6,1.6,0.0,0.8,-0.8,0.0,-1.6,1.6,0.8,-0.8,0.8,1.6,0.8,0.8,1.6,0.0,0.0,0.0,-0.8,0.0,1.6,0.0,1.6,0.0,-0.8,0.8,-0.8,0.8,0.0,-0.8,-0.8,0.0,0.0,0.0,-0.8,0.8,1.6,0.0,0.0,0.8,0.0,0.8,-0.8,0.8,0.8,0.8,0.0,1.6,0.8,0.8,-0.8,0.8,0.0,0.8,0.0,0.0,0.8,0.0,0.0,0.0,0.8,0.8,0.0,0.0,0.8,-0.8,0.0,0.8,0.0,0.8,-0.8,0.8,0.0,1.6,-0.8,0.8,0.8,-1.6,1.6,0.8,0.0,0.0,0.8,1.6,-0.8,-0.8,0.0,0.8,0.0,0.0,0.8,-1.6,0.0,0.8,0.0,0.0,0.0,0.8,-0.8,-0.8,0.8,-0.8,0.8,0.0,-1.6,1.6,1.6,0.0,0.0,-0.8,1.6,0.8,1.6,0.0,0.0,1.6,0.8,-0.8,0.8,0.0,0.8,0.0,0.0,0.0,0.0,1.6,-0.8,1.6,0.0,-0.8,0.8,-0.8,1.6,0.0,0.8,1.6,0.0,0.8,0.8,0.8,0.0,-0.8,0.8,0.8,2.4000000000000004,0.8,-0.8,2.4000000000000004,1.6,0.0,1.6,0.0,0.0,-0.8,0.0,0.0,0.0,0.0,0.0,0.8,0.0,0.0,0.8,0.0,0.0,-1.6,0.8,0.0,0.0,0.8,0.0,0.8,1.6,0.8,0.0,0.0,0.8,1.6,1.6,0.0,0.0,1.6,0.0,0.0,0.0,0.8,0.8,0.0,0.8,-0.8,-0.8,0.8,0.0,0.8,-0.8,1.6,0.8,0.8,0.8,0.8,0.8,0.8,-0.8,-0.8,-0.8,1.6,0.8,0.8,0.8,1.6,0.8,0.0,-0.8,0.0,-0.8,2.4000000000000004,-0.8,0.0,0.0,0.0,0.8,0.8,1.6,0.0,0.0,0.8,1.6,0.8,-0.8,0.8,0.8,-0.8,0.8,0.0,0.8,0.8,0.0,1.6,-0.8,1.6,-0.8,0.0,1.6,0.8,0.0,0.8,0.8,1.6,-1.6,1.6,0.0,0.0,1.6,-0.8,-0.8,0.8,0.8,0.8,0.0,0.8,-0.8,0.8,0.8,-0.8,1.6,-0.8,0.8,0.8,-0.8,0.8,0.0,0.8,0.8,0.0,0.8,-0.8,1.6,0.8,0.0,0.8,0.0,0.0,0.8,0.0,0.8,0.8,0.0,0.8,0.0,0.0,-0.8,-0.8,-0.8,-0.8,0.8,-0.8,0.8,0.8,0.0,-0.8,0.8,-0.8,-1.6,-0.8,0.8,0.8,-0.8,1.6,0.8,0.0,0.8,-0.8,0.0,0.0,-0.8,-1.6,0.0,1.6,0.0,0.8,0.8,0.0,0.0,0.8,0.8,0.8,-0.8,0.8,-0.8,0.0,0.8,0.0,0.8,1.6,0.8,0.8,0.0,-0.8,0.8,0.0,0.0,0.0,2.4000000000000004,-0.8,0.8,0.8,-0.8,0.8,0.8,0.8,0.8,-0.8,0.8,-1.6,0.8,-0.8,0.0,0.0,-0.8,0.0,0.0,-0.8,1.6,0.0,1.6,0.0,0.0,0.0,-0.8,0.0,0.0,0.8,0.8,0.8,0.0,0.0,1.6,0.0,0.8,0.8,0.0,0.8,0.0,0.8,0.8,0.0,0.0,0.8,0.0,-0.8,0.0,0.0,0.0,-0.8,0.8,0.0,1.6,0.8,0.0,0.0,-0.8,-0.8,-0.8,0.8,0.0,-0.8,0.0,0.8,-0.8,0.8,0.0,0.0,0.0,-1.6,1.6,0.0,-0.8,0.0,-0.8,0.8,0.0,-0.8,0.0,-0.8,0.0,-0.8,-0.8,0.0,-0.8,0.0,-0.8,-0.8,1.6,-0.8,0.8,0.0,0.0,0.0,0.0,0.8,-0.8,0.8,0.0,-0.8,1.6,0.8,-0.8,0.8,-0.8,0.8,0.0,0.0,0.0,-0.8,0.8,0.8,0.8,-0.8,0.0,0.8,-0.8,1.6,-0.8,0.0,0.8,0.8,0.0,0.0,0.0,0.0,-0.8,0.8,-0.8,0.0,1.6,0.0,1.6,0.0,0.8,0.0,-1.6,0.0,0.0,0.8,0.0,0.0,0.8,-0.8,0.8,0.8,0.8,0.0,0.0,0.8,0.0,0.0,0.0,-0.8,0.8,-0.8,-0.8,0.0,1.6,0.8,-0.8,0.0,1.6,0.8,0.0,-0.8,-0.8,0.8,-0.8,-0.8,0.8,0.8,0.8,0.0,0.0,0.8,0.8,0.0,0.0,0.8,-0.8,0.8,-0.8,0.8,0.0,0.8,-1.6,1.6,0.8,-0.8,0.0,0.0,0.0,-0.8,0.0,0.8,1.6,0.0,-0.8,0.0,1.6,0.0,0.8,0.0,0.0,0.8,-1.6,0.8,0.8,-0.8,0.8,-1.6,1.6,-0.8,-0.8,-0.8,-0.8,0.0,-0.8,0.8,1.6,-1.6,0.0,0.0,0.8,0.0,-0.8,1.6,0.0,1.6,0.0,-0.8,1.6,0.0,0.8,-0.8,-0.8,0.8,-0.8,0.8,-0.8,0.0,0.8,-0.8,0.8,-0.8,0.0,0.8,-0.8,0.0,0.0,0.8,0.8,0.8,0.8,-0.8,0.0,0.8,-0.8,0.8,-0.8,2.4000000000000004,0.8,0.0,0.8,-0.8,1.6,0.0,-0.8,0.0,0.0,0.8,-0.8,-0.8,0.8,-0.8,0.0,-1.6,1.6,-0.8,-1.6,0.0,0.0,0.0,0.8,0.0,0.8,0.8,0.8,0.8,0.8,0.8,-0.8,0.0,0.8,2.4000000000000004,0.0,0.0,3.2,0.0,-2.4000000000000004,3.2,0.8,-0.8,0.0,2.4000000000000004,0.0,-1.6,0.0,0.0,1.6,0.8,-0.8,0.8,0.0,0.0,-0.8,0.8,-0.8,0.8,0.0,0.0,2.4000000000000004,-0.8,0.0,1.6,0.8,0.8,0.8,1.6,-0.8,0.0,0.8,0.0,0.0,0.0,1.6,0.8,0.0,0.8,0.0,0.0,-0.8,-0.8,1.6,0.8,1.6,1.6,0.8,1.6,-0.8,-0.8,1.6,-0.8,0.8,0.0,0.0,0.0,0.0,0.8,-1.6,0.8,1.6,-1.6,0.8,0.0,0.8,0.8,-0.8,0.8,-0.8,0.8,0.0,0.8,0.0,0.0,0.8,0.0,0.0,0.0,0.0,0.8,-0.8,0.8,-0.8,0.8,0.8,-0.8,0.8,0.8,0.0,0.0,-0.8,0.8,0.8,-0.8,0.0,0.0,0.8,0.0,0.0,1.6,0.8,0.0,-0.8,0.8,0.8,-0.8,0.8,0.0,0.8,0.0,0.0,0.8,0.0,-0.8,0.8,0.0,0.8,-0.8,0.0,1.6,0.0,0.0,0.0,0.0,-0.8,0.8,0.0,0.0,0.8,0.0,0.8,0.8,0.8,0.8,0.0,-0.8,0.0,-0.8,0.0,1.6,0.8,0.0,0.0,-0.8,0.8,0.0,0.8,0.8,-0.8,1.6,0.0,-1.6,0.0,0.8,1.6,1.6,0.0,1.6,-1.6,2.4000000000000004,0.0,0.0,0.8,0.0,0.8,-0.8,1.6,0.8,-0.8,0.8,0.0,1.6,0.0,0.0,2.4000000000000004,-1.6,0.0,0.0,0.0,0.8,-0.8,0.8,1.6,-0.8,0.8,0.0,0.8,-0.8,-0.8,1.6,-0.8,1.6,0.0,0.8,1.6,0.8,0.0,-0.8,0.0,2.4000000000000004,-0.8,0.0,0.0,0.0,0.8,0.8,0.8,0.8,0.0,0.8,-0.8,0.0,0.0,0.8,-0.8,1.6,0.0,0.0,0.0,0.0,0.0,0.0,-0.8,-0.8,1.6,0.8,0.8,0.8,0.0,0.0,-0.8,0.0,0.8,0.0,0.0,0.0,0.0,-1.6,-0.8,0.0,-0.8,-0.8,0.8,0.0,0.0,0.0,0.8,-0.8,0.8,-0.8,-0.8,0.8,0.0,0.8,0.0,0.0,0.8,-0.8,0.8,-0.8,-1.6,0.8,0.0,-0.8,1.6,0.0,1.6,-0.8,0.8,2.4000000000000004,0.0,0.0,0.8,0.8,0.0,-0.8,0.0,0.8,0.0,0.0,-0.8,1.6,-0.8,0.8,0.0,0.0,1.6,-1.6,0.0,0.8,0.8,0.8,0.0,1.6,0.8,-1.6,1.6,-0.8,1.6,0.0,-0.8,0.8,-0.8,0.0,1.6,0.0,1.6,-1.6,0.0,-0.8,0.8,-0.8,-0.8,0.8,0.0,0.0,0.0,-0.8,1.6,-0.8,0.0,0.0,-1.6,0.8,0.0,0.8,-0.8,-0.8,0.0,0.0,0.8,0.8,1.6,-0.8,0.0,-1.6,0.0,0.0,0.8,0.0,0.0,0.0,0.8,-0.8,0.0,0.0,0.8,1.6,0.0,0.0,0.8,0.8,0.8,0.0,0.8,1.6,1.6,0.8,-0.8,0.8,0.8,0.0,0.0,0.0,0.8,0.0,0.8,1.6,1.6,0.8,0.0,0.8,0.8,0.0,0.0,-0.8,0.0,0.0,0.8,0.8,-0.8,0.8,0.0,0.0,0.8,0.8,0.8,0.0,0.0,0.8,-0.8,2.4000000000000004,0.8,1.6,0.0,0.8,0.8,-0.8,0.8,-0.8,0.8,0.0,-1.6,2.4000000000000004,0.0,0.0,-0.8,0.0,0.8,0.0,0.0,0.0,-0.8,1.6,-1.6,0.0,0.8,-0.8,0.8,0.0,0.0,-1.6,0.0,0.8,-1.6,1.6,-0.8,0.0,0.0,-0.8,0.8,0.0,0.0,1.6,-0.8,0.0,-0.8,0.8,0.0,0.0,0.8,0.0,-0.8,0.8,0.0,0.8,-0.8,-0.8,-0.8,0.0,0.8,0.0,0.0,-0.8,0.0,1.6,0.0,0.8,0.0,0.0,0.8,-1.6,0.8,0.8,0.0,0.8,-0.8,1.6,0.0,-0.8,0.0,-0.8,-0.8,0.0,0.0,0.8,0.0,-0.8,0.0,1.6,0.8,0.0,0.0,0.8,0.8,0.8,-0.8,1.6,2.4000000000000004,0.0,-0.8,0.0,0.8,-0.8,0.8,0.8,0.8,-0.8,0.0,-1.6,0.0,0.0,0.0,1.6,0.8,-0.8,-0.8,-1.6,0.8,-0.8,0.8,0.8,0.0,0.0,-1.6,0.8,0.8,-0.8,0.8,-0.8,0.0,1.6,0.0,0.8,-0.8,1.6,0.8,0.0,0.0,0.0,0.8,-1.6,-0.8,0.0,-1.6,0.8,0.0,0.0,0.0,0.0,0.0,-0.8,0.8,0.8,-1.6,0.8,-0.8,0.0,0.8,0.0,0.8,-0.8,0.8,0.8,0.0,0.8,-1.6,0.0,0.0,0.0,0.8,-0.8,0.8,0.0,0.0,0.0,0.0,0.8,0.0,0.0,-0.8,-0.8,0.0,0.0,0.0,-0.8,0.0,-0.8,0.0,0.0,0.0,0.0,-0.8,0.0,-0.8,1.6,0.8,0.8,0.8,0.8,0.8,0.8,0.0,0.0,0.0,0.8,0.0,0.0,0.0,0.8,0.8,0.0,1.6,0.0,-0.8,0.0,0.0,0.8,0.8,0.8,0.0,0.8,0.0,0.0,0.8,1.6,0.0,0.8,0.0,0.0,0.8,0.0,1.6,0.0,0.0,0.8,-0.8,1.6,0.8,0.8,0.8,-0.8,0.8,-1.6,0.8,0.0,-0.8,0.8,0.0,1.6,0.0,0.0,0.8,-0.8,0.8,-0.8,-0.8,0.0,0.8,0.8,0.8,0.8,1.6,0.0,0.8,-0.8,-0.8,0.8,-0.8,0.0,0.0,0.0,1.6,0.0,2.4000000000000004,1.6,0.0,0.8,0.0,0.0,0.8,0.0,0.0,0.0,1.6,0.0,0.0,0.8,0.0,0.0,0.8,0.0,0.8,-1.6,0.8,0.0,1.6,1.6,0.8,0.8,2.4000000000000004,0.0,0.8,0.8,0.0,0.0,0.0,0.8,0.0,0.8,1.6,0.0,0.8,0.0,0.0,0.8,0.8,0.8,2.4000000000000004,0.0,0.8,0.0,0.0,0.0,0.8,0.8,-0.8,0.8,-0.8,0.8,0.8,0.0,1.6,0.8,0.0,-0.8,-1.6,1.6,0.0,-0.8,1.6,-0.8,0.0,1.6,0.0,0.0,0.0,0.8,-0.8,0.8,0.8,0.0,0.8,0.0,0.0,-0.8,0.0,1.6,-0.8,0.8,1.6,0.0,1.6,0.0,0.8,-0.8,-1.6,0.8,-0.8,0.8,0.8,0.8,0.8,-0.8,0.8,0.8,0.8,0.0,0.0,0.8,0.0,-0.8,0.8,0.0,0.8,-0.8,1.6,1.6,0.8,0.8,0.8,1.6,0.0,0.0,1.6,0.8,0.8,1.6,0.8,1.6,0.0,0.8,-0.8,0.8,0.8,-1.6,-0.8,0.0,0.8,1.6,0.0,1.6,-1.6,0.0,0.0,0.0,-0.8,0.0,0.8,0.8,0.0,0.0,0.0,1.6,0.0,0.0,0.0,0.8,0.8,1.6,0.8,-0.8,-1.6,1.6,0.0,-0.8,1.6,0.8,0.0,0.0,-0.8,-0.8,0.0,0.0,0.0,0.0,0.0,0.8,-0.8,0.8,0.0,0.0,0.0,0.8,-0.8,0.8,1.6,0.8,0.0,0.8,0.8,0.0,0.8,-0.8,0.8,0.8,0.0,0.0,-0.8,0.8,0.8,0.0,0.8,0.0,1.6,-0.8,0.8,0.8,-1.6,0.0,0.0,0.0,0.8,0.0,0.8,0.8,0.8,0.8,0.0,1.6,0.0,0.8,0.8,-0.8,0.8,0.0,0.8,0.8,0.8,0.8,-0.8,0.8,0.8,0.0,0.0,-1.6,1.6,-1.6,0.0,1.6,0.0,0.8,0.0,-0.8,0.8,-2.4000000000000004,1.6,-0.8,1.6,0.0,0.0,1.6,0.0,0.8,-0.8,0.8,0.0,0.8,1.6,0.0,0.8,0.8,-0.8,0.8,0.0,0.0,0.8,0.0,0.0,-0.8,-1.6,0.0,0.0,0.8,-0.8,-0.8,1.6,0.0,1.6,0.8,-0.8,0.0,-0.8,-0.8,1.6,1.6,0.8,-0.8,0.0,0.0,0.8,0.0,0.8,0.8,0.0,0.8,-0.8,0.8,0.0,0.8,0.0,0.8,0.0,0.8,0.0,0.8,0.8,0.0,0.0,1.6,0.0,1.6,0.0,0.0,0.8,0.0,0.8,0.8,0.0,1.6,-0.8,0.8,-0.8,0.0,0.0,0.0,0.8,0.0,0.0,0.8,-0.8,1.6,0.0,0.0,0.0,0.0,0.0,0.8,1.6,-0.8,0.0,0.8,-0.8,0.8,-1.6,0.0,0.8,0.0,0.8,-0.8,0.0,0.0,-0.8,0.0,-0.8,0.0,1.6,0.0,0.8,0.0,0.0,-0.8,0.8,-0.8,0.0,0.8,-0.8,-0.8,0.0,0.0,0.8,0.0,0.0,0.8,0.8,0.0,0.8,0.0,0.0,0.0,0.8,0.0,-1.6,0.0,1.6,0.0,0.8,0.0,0.8,0.0,0.8,0.0,0.8,0.8,-0.8,1.6,1.6,0.8,1.6,0.0,0.0,1.6,-1.6,0.8,0.8,0.0,-0.8,-0.8,0.0,0.0,0.0,0.0,-1.6,0.8,0.0,0.8,1.6,0.0,1.6,0.8,0.0,0.8,1.6,0.0,-0.8,0.8,1.6,0.0,1.6,-0.8,1.6,0.0,-1.6,0.8,-0.8,-1.6,1.6,0.0,1.6,0.0,0.0,0.8,0.8,0.0,0.8,-0.8,0.0,-0.8,0.8,0.0,0.8,0.8,0.0,2.4000000000000004,-0.8,1.6,0.8,0.0,0.8,-0.8,0.0,-0.8,0.0,1.6,-0.8,0.8,1.6,0.8,-0.8,0.0,0.0,0.0,0.0,1.6,0.0,0.8,0.0,0.8,0.8,0.8,-0.8,-0.8,0.0,1.6,0.0,0.8,0.0,0.8,0.8,1.6,0.0,-1.6,0.8,0.0,0.0,0.0,0.0,0.8,0.0,0.0,0.0,-0.8,1.6,1.6,0.8,-0.8,-0.8,0.0,-0.8,0.0,-0.8,0.0,0.8,0.0,0.8,0.0,0.8,0.0,0.8,0.8,0.0,1.6,-0.8,0.8,0.8,0.0,0.0,0.8,0.8,0.0,0.0,-0.8,-2.4000000000000004,-0.8,1.6,1.6,-0.8,0.0,1.6,0.8,0.0,0.8,-0.8,2.4000000000000004,-0.8,0.8,0.0,0.0,1.6,-1.6,-0.8,0.8,0.8,0.0,-0.8,1.6,0.8,0.0,0.0,-0.8,0.8,-1.6,0.8,1.6,-0.8,1.6,-1.6,-0.8,0.0,-0.8,1.6,0.8,0.8,2.4000000000000004,-0.8,1.6,-0.8,0.0,1.6,-0.8,0.8,-0.8,1.6,1.6,-0.8,0.0,0.0,2.4000000000000004,0.8,0.0,0.8,0.0,0.0,0.0,0.8,2.4000000000000004,1.6,0.0,0.0,0.8,1.6,-1.6,0.8,1.6,0.0,0.0,-1.6,0.0,0.0,-0.8,0.0,0.0,0.0,0.8,0.8,0.8,0.8,-0.8,0.8,0.0,1.6,1.6,0.8,0.8,0.8,0.0,0.8,0.8,1.6,0.0,0.8,-0.8,0.8,-0.8,0.8,0.8,1.6,0.0,0.8,0.0,0.0,0.8,0.8,0.0,0.0,-0.8,0.0,0.0,0.0,0.0,0.8,0.8,0.0,1.6,0.0,0.0,-0.8,-0.8,0.8,0.0,0.0,0.8,0.8,0.0,0.0,0.0,-1.6,0.0,0.0,0.0,0.8,-0.8,0.0,0.0,0.8,0.8,0.0,0.0,0.0,-2.4000000000000004,0.8,0.8,0.0,0.0,0.0,1.6,0.0,1.6,-0.8,-0.8,1.6,0.0,0.0,-0.8,0.0,0.8,0.0,0.8,0.8,0.8,0.8,-0.8,0.0,-1.6,0.0,0.8,0.0,1.6,0.0,0.0,0.8,0.0,1.6,0.0,0.8,0.0,-0.8,1.6,0.0,1.6,0.8,0.0,0.8,0.0,0.0,0.0,-0.8,0.8,-1.6,0.0,0.0,0.8,0.8,0.8,1.6,0.8,0.0,0.8,-1.6,0.0,0.0,0.8,0.0,1.6,0.0,0.0,0.0,0.0,0.8,0.8,0.0,0.0,1.6,0.8,-0.8,0.0,0.8,1.6,0.0,0.8,0.8,1.6,0.0,0.8,0.0,0.0,0.0,1.6,0.0,0.8,0.8,0.0,0.0,0.0,0.8,0.8,0.0,0.0,-0.8,0.8,0.8,0.0,1.6,0.8,1.6,0.0,0.0,0.8,0.0,1.6,0.8,-0.8,0.8,0.0
event_135,1625267034.7246184,0.0,0.0,1.6,0.0,0.0,0.8,0.0,0.0,-0.8,0.0,0.8,1.6,0.8,-0.8,0.8,1.6,-0.8,2.4000000000000004,-0.8,1.6,0.0,-1.6,1.6,0.0,0.0,0.8,0.0,0.8,-1.6,0.0,-0.8,1.6,0.0,0.8,0.0,0.8,0.0,0.0,0.8,0.8,0.0,0.0,0.8,-0.8,1.6,-0.8,0.8,0.8,-0.8,2.4000000000000004,-0.8,0.8,1.6,0.0,0.8,-0.8,0.0,-1.6,-0.8,2.4000000000000004,-0.8,0.0,0.8,0.8,0.8,-0.8,0.8,-0.8,0.0,0.8,-1.6,0.0,0.0,1.6,0.8,0.0,1.6,-0.8,0.8,0.0,-0.8,1.6,0.0,0.8,0.0,0.8,1.6,0.0,1.6,0.8,0.0,0.0,0.8,0.8,0.0,0.0,1.6,0.8,0.8,0.0,0.8,0.8,-11.2,-25.6,-20.800000000000004,-8.8,-4.800000000000001,-3.2,-1.6,-0.8,0.0,-1.6,0.0,-0.8,0.0,0.0,0.8,0.0,0.8,0.0,0.0,0.8,0.0,-0.8,1.6,0.0,0.8,-0.8,0.0,0.8,0.8,0.0,0.8,-0.8,1.6,-0.8,0.8,0.8,0.0,0.8,-0.8,0.0,-0.8,0.0,1.6,-0.8,0.0,-0.8,-0.8,0.8,-0.8,1.6,1.6,-0.8,0.0,-0.8,0.0,0.0,0.8,0.0,-0.8,1.6,0.0,0.0,1.6,-0.8,0.8,0.8,-0.8,-1.6,-0.8,1.6,0.8,0.8,0.8,0.0,1.6,1.6,0.8,0.0,-0.8,0.8,-0.8,0.8,0.0,0.8,0.8,0.0,1.6,0.0,0.0,0.8,0.0,0.0,0.0,-0.8,1.6,0.8,1.6,0.0,1.6,-0.8,2.4000000000000004,1.6,0.0,0.8,1.6,-0.8,1.6,2.4000000000000004,0.0,0.8,1.6,0.8,-0.8,1.6,1.6,1.6,1.6,-0.8,0.0,1.6,-0.8,2.4000000000000004,0.8,0.0,0.8,0.0,0.0,0.8,0.0,0.8,0.0,0.8,0.8,0.0,0.8,1.6,0.0,0.8,0.8,0.8,1.6,0.8,0.0,0.8,0.8,0.0,-0.8,0.0,0.8,0.8,0.0,-0.8,-0.8,0.0,0.0,0.0,0.0,0.0,0.0,0.8,0.0,0.8,0.8,-0.8,1.6,0.0,0.0,0.8,1.6,1.6,0.8,0.8,0.8,0.0,2.4000000000000004,-0.8,0.8,0.0,0.0,0.8,-1.6,0.8,0.8,0.0,0.8,1.6,0.8,0.0,0.8,1.6,-1.6,1.6,0.8,0.8,0.0,0.0,1.6,0.0,0.0,0.0,0.0,0.8,-1.6,-0.8,-0.8,-0.8,1.6,0.0,0.8,0.8,0.0,0.0,0.0,0.0,0.0,-0.8,0.8,0.0,0.8,0.0,0.8,0.8,1.6,-0.8,0.8,0.8,0.8,0.0,0.0,0.0,0.8,0.8,0.0,0.0,0.8,1.6,0.8,0.0,0.0,1.6,0.8,0.0,0.8,0.8,0.8,-1.6,0.8,0.8,0.8,0.0,0.0,0.0,-0.8,0.0,0.8,0.0,1.6,-0.8,0.8,1.6,0.0,0.0,0.0,0.8,-0.8,-2.4000000000000004,1.6,0.8,0.8,0.0,-0.8,1.6,0.0,1.6,0.0,-0.8,1.6,0.0,0.0,0.8,0.8,1.6,0.0,1.6,0.8,0.0,0.8,-0.8,0.0,-0.8,0.0,0.8,0.0,1.6,0.0,0.0,0.8,0.0,0.8,0.0,0.8,1.6,-0.8,0.0,0.8,2.4000000000000004,1.6,0.8,2.4000000000000004,0.0,0.0,0.8,-0.8,1.6,0.0,-0.8,0.0,0.0,-0.8,0.0,0.8,0.8,0.0,0.8,0.0,1.6,0.0,0.8,0.8,0.0,0.0,0.8,0.8,1.6,0.8,0.0,0.0,0.0,1.6,0.8,0.0,0.8,1.6,2.4000000000000004,-0.8,-1.6,0.0,1.6,0.0,0.0,0.0,-0.8,0.8,-0.8,0.0,0.8,0.8,0.8,0.8,0.8,1.6,0.0,0.8,-0.8,0.0,0.8,2.4000000000000004,0.0,0.8,1.6,0.0,0.8,0.0,0.0,0.0,-0.8,0.0,-0.8,0.8,0.0,-0.8,1.6,-0.8,2.4000000000000004,0.0,0.0,0.0,-0.8,0.8,-1.6,0.0,0.8,0.0,1.6,0.8,0.0,0.0,-0.8,1.6,0.0,0.8,-0.8,-0.8,0.8,0.0,0.8,0.8,0.0,1.6,0.0,1.6,0.0,0.0,0.8,-0.8,1.6,0.8,0.8,1.6,-0.8,1.6,-0.8,0.0,1.6,1.6,0.0,0.0,0.0,2.4000000000000004,0.0,0.8,0.0,0.0,0.8,0.0,0.8,-0.8,1.6,0.8,0.8,0.8,0.0,1.6,0.8,0.0,2.4000000000000004,-0.8,0.0,0.8,0.0,-0.8,0.0,1.6,0.0,0.0,1.6,0.8,0.8,0.8,0.8,0.8,1.6,0.0,0.8,0.0,1.6,1.6,0.0,0.0,2.4000000000000004,1.6,1.6,0.0,-0.8,0.8,0.0,-0.8,0.8,1.6,1.6,1.6,1.6,1.6,1.6,0.8,-0.8,0.8,0.8,0.8,-0.8,0.0,1.6,0.0,0.8,0.8,0.8,0.8,0.8,0.8,0.0,0.0,1.6,-0.8,1.6,2.4000000000000004,1.6,-0.8,3.2,1.6,-1.6,0.8,1.6,0.0,-0.8,-1.6,0.8,0.0,0.0,0.8,0.0,0.0,-0.8,0.8,1.6,-0.8,2.4000000000000004,-0.8,1.6,1.6,-0.8,0.8,0.8,0.8,0.0,-0.8,0.8,1.6,1.6,0.8,0.8,1.6,-0.8,0.0,0.0,-0.8,1.6,-0.8,1.6,0.8,-0.8,1.6,0.0,1.6,0.0,0.8,1.6,-0.8,1.6,0.8,0.8,1.6,-0.8,0.8,0.0,0.8,0.0,0.8,1.6,0.8,1.6,0.8,-0.8,0.0,0.0,0.0,0.0,0.0,0.8,0.0,1.6,1.6,0.8,1.6,0.8,1.6,1.6,0.8,0.8,-1.6,1.6,0.0,-0.8,0.8,0.8,0.8,0.8,1.6,0.0,0.0,0.0,0.0,0.8,1.6,0.0,1.6,1.6,0.8,0.8,1.6,-0.8,1.6,0.0,-0.8,-0.8,-0.8,1.6,1.6,0.0,1.6,-0.8,1.6,0.0,1.6,0.0,0.0,0.8,-0.8,0.0,0.0,0.8,1.6,-0.8,0.8,0.8,0.0,2.4000000000000004,0.8,0.0,0.0,-0.8,0.0,0.0,0.0,0.8,0.8,0.0,0.0,0.8,-1.6,0.8,0.8,-0.8,0.8,0.8,1.6,0.8,0.0,0.0,-0.8,0.8,0.0,-1.6,2.4000000000000004,0.8,0.8,1.6,-0.8,1.6,0.0,0.8,0.0,0.0,1.6,-0.8,0.8,0.0,0.0,0.8,0.0,0.8,0.8,0.0,-0.8,0.8,0.0,0.0,-0.8,0.8,-0.8,0.8,0.8,0.8,1.6,1.6,0.8,0.8,0.8,0.8,0.0,0.0,0.0,0.8,0.0,0.0,0.8,0.8,0.0,1.6,0.8,0.8,0.0,0.0,-0.8,0.0,0.8,1.6,0.8,0.8,0.0,0.8,0.0,0.8,0.0,0.8,0.8,1.6,-0.8,0.0,0.8,1.6,-0.8,-0.8,0.8,0.0,1.6,0.0,0.8,1.6,0.0,0.8,0.0,0.0,0.8,0.0,0.0,0.0,-0.8,0.8,0.0,1.6,0.8,-1.6,0.8,0.0,0.0,0.0,0.8,0.0,0.8,0.0,-0.8,0.8,1.6,0.0,0.0,0.0,1.6,2.4000000000000004,0.0,0.8,-0.8,1.6,0.8,0.0,0.8,0.0,0.8,0.8,1.6,2.4000000000000004,0.0,-0.8,0.8,0.8,0.0,0.0,0.8,0.8,0.8,0.0,0.8,1.6,0.8,0.0,1.6,0.0,0.8,0.8,0.8,0.0,0.0,0.8,0.0,1.6,0.8,-0.8,0.8,0.8,0.8,0.8,-0.8,0.0,0.0,0.8,0.8,1.6,0.0,-0.8,0.0,0.0,0.8,-0.8,0.0,0.8,0.8,1.6,-0.8,0.8,0.0,1.6,0.0,0.0,0.8,1.6,0.8,0.0,0.0,0.8,0.0,0.8,0.0,0.0,2.4000000000000004,0.8,0.8,0.8,0.8,0.8,0.8,0.8,-0.8,1.6,1.6,0.0,1.6,0.0,0.0,1.6,-0.8,-0.8,0.0,1.6,0.8,0.0,0.8,0.8,0.8,2.4000000000000004,0.8,1.6,0.8,0.8,0.0,1.6,1.6,0.8,1.6,0.0,1.6,1.6,-0.8,1.6,0.8,0.0,0.8,-0.8,0.8,0.8,0.0,0.0,0.8,0.8,0.0,1.6,1.6,0.8,0.0,0.8,0.8,1.6,0.0,0.0,0.0,1.6,0.8,1.6,0.8,0.8,0.8,-0.8,-0.8,1.6,-0.8,1.6,0.8,0.8,0.0,0.0,0.0,0.8,-1.6,0.8,0.8,-0.8,0.0,0.8,-1.6,0.8,0.0,0.0,0.0,-0.8,1.6,0.0,0.0,0.0,0.0,0.8,-0.8,0.0,0.8,0.8,0.0,0.8,0.8,0.0,0.8,-0.8,0.8,0.8,0.8,1.6,0.0,0.8,0.0,0.8,1.6,0.0,-0.8,0.0,0.8,0.0,-0.8,0.0,0.8,-0.8,0.8,0.0,0.0,1.6,0.0,0.0,0.8,0.0,0.8,0.0,1.6,0.8,0.0,2.4000000000000004,0.8,2.4000000000000004,0.8,0.0,2.4000000000000004,-0.8,0.0,-0.8,0.0,1.6,-0.8,0.0,0.0,0.0,0.8,0.0,1.6,0.0,1.6,0.8,0.8,0.8,0.8,0.8,0.0,0.8,2.4000000000000004,0.0,0.0,-0.8,-0.8,0.8,0.0,0.8,0.0,0.8,1.6,0.0,0.8,-0.8,0.8,0.0,0.8,0.8,-0.8,0.8,-0.8,-0.8,0.8,-1.6,0.8,1.6,0.0,0.8,-0.8,0.0,-0.8,0.0,0.8,0.8,0.8,-0.8,1.6,0.0,-0.8,-0.8,0.0,1.6,0.8,0.8,0.8,0.0,1.6,0.8,0.0,1.6,-0.8,-0.8,-0.8,0.8,0.8,0.0,0.0,1.6,0.0,0.8,0.8,0.0,0.8,0.0,0.0,0.8,0.0,0.8,1.6,-0.8,1.6,0.8,0.0,0.8,0.0,0.8,0.0,0.8,0.0,-0.8,0.0,0.0,1.6,0.8,-0.8,0.8,0.8,1.6,-0.8,0.0,0.8,1.6,0.0,0.0,0.8,0.8,0.0,0.8,0.0,0.8,0.0,-1.6,0.8,-0.8,0.0,0.8,0.0,1.6,-0.8,0.8,0.0,0.0,0.8,-1.6,0.8,0.0,-0.8,0.8,0.0,0.8,0.0,0.0,1.6,0.0,0.8,0.8,-0.8,0.8,-0.8,-0.8,0.0,0.0,0.8,-0.8,0.8,0.0,-0.8,0.0,-0.8,0.8,0.0,0.0,0.0,0.0,0.8,0.0,0.0,0.0,1.6,0.0,-1.6,0.8,2.4000000000000004,0.0,0.0,0.8,0.8,0.8,0.0,0.0,0.0,1.6,0.8,0.0,1.6,0.8,0.0,0.8,-0.8,0.8,0.8,-0.8,0.8,0.8,-0.8,0.0,-0.8,0.8,0.0,1.6,-0.8,0.0,0.0,1.6,0.8,0.8,0.8,-0.8,0.0,0.0,0.8,0.0,0.8,1.6,0.8,0.8,0.0,-0.8,0.8,-0.8,0.0,0.0,2.4000000000000004,-0.8,0.8,0.8,0.0,0.8,0.0,0.0,0.8,0.0,1.6,-0.8,0.8,-0.8,-0.8,0.8,0.0,0.8,0.8,0.8,1.6,0.8,0.8,0.0,-0.8,0.0,-0.8,0.0,0.0,0.8,1.6,-1.6,0.0,0.0,0.0,0.8,-0.8,1.6,0.0,0.8,0.8,-0.8,0.0,-0.8,0.0,0.8,-1.6,-0.8,0.0,1.6,0.0,0.0,1.6,0.0,0.8,0.8,-0.8,0.8,0.0,1.6,-0.8,-0.8,0.0,0.0,0.0,0.0,0.8,0.8,0.0,0.0,1.6,0.0,0.8,0.0,0.8,0.8,0.0,0.0,1.6,0.8,1.6,0.0,0.8,0.8,0.8,0.8,0.0,1.6,0.8,0.0,0.8,0.8,0.8,0.8,0.8,0.8,-0.8,0.0,0.8,0.8,0.0,0.8,1.6,0.0,0.0,1.6,-0.8,1.6,-0.8,0.0,2.4000000000000004,-0.8,-1.6,0.0,2.4000000000000004,-0.8,0.8,3.2,-0.8,0.8,1.6,0.0,0.8,-0.8,0.8,0.8,0.0,0.0,0.0,1.6,-0.8,-0.8,0.8,-1.6,0.8,0.0,0.0,0.8,0.8,0.8,-0.8,1.6,1.6,-0.8,0.8,-0.8,-0.8,0.0,0.8,1.6,0.0,1.6,0.8,0.0,1.6,0.0,0.0,0.8,0.0,-0.8,-0.8,0.8,0.0,0.0,0.8,1.6,0.8,0.0,0.8,1.6,0.0,0.0,0.8,0.0,0.8,-0.8,0.0,1.6,0.0,0.8,1.6,-0.8,0.0,0.0,0.8,0.8,0.8,0.0,0.8,0.8,0.8,0.8,1.6,0.8,0.0,1.6,-0.8,-0.8,0.8,-0.8,0.8,1.6,0.8,-0.8,0.8,0.8,0.8,-0.8,0.0,0.0,0.8,-0.8,0.8,0.0,1.6,0.8,0.0,0.8,0.0,0.8,0.8,-0.8,0.8,-0.8,1.6,0.8,0.0,0.8,0.8,0.8,0.8,0.0,0.8,0.0,0.8,0.0,0.8,1.6,-0.8,1.6,0.8,0.8,0.8,0.8,0.8,-1.6,-0.8,1.6,0.0,1.6,0.0,2.4000000000000004,0.0,0.0,0.8,-0.8,0.8,0.0,0.0,0.8,-0.8,1.6,-0.8,0.8,1.6,0.0,1.6,0.0,0.8,0.0,-0.8,0.0,0.0,0.8,0.8,0.8,2.4000000000000004,0.0,0.0,0.8,0.8,0.8,0.0,0.8,2.4000000000000004,0.8,0.8,0.8,0.8,0.8,-0.8,1.6,0.8,0.8,0.0,0.0,0.8,0.0,0.0,0.0,0.0,0.0,-0.8,0.0,-0.8,1.6,0.0,1.6,0.0,0.8,0.0,0.0,0.8,0.8,-0.8,0.0,0.8,0.8,0.8,0.8,0.0,0.8,0.8,0.8,-0.8,0.0,0.8,0.8,0.0,0.0,0.0,-0.8,-0.8,0.0,0.0,0.8,0.8,0.8,-0.8,0.8,0.8,0.0,0.8,-0.8,0.0,0.0,1.6,0.8,-0.8,1.6,0.0,0.0,0.8,0.0,0.8,0.0,0.0,0.0,0.8,1.6,-0.8,0.8,-0.8,0.0,0.8,0.0,0.8,0.8,-1.6,0.8,-0.8,0.0,0.0,-0.8,0.8,0.8,0.8,-0.8,1.6,1.6,-0.8,0.8,0.0,0.0,1.6,0.0,0.8,0.0,1.6,0.8,-0.8,1.6,0.0,0.0,0.0,-0.8,1.6,-1.6,1.6,0.0,0.8,-0.8,-1.6,2.4000000000000004,0.8,-0.8,1.6,-0.8,1.6,0.0,0.0,0.0,-0.8,0.8,0.8,0.8,0.0,0.8,1.6,0.0,0.8,0.8,0.0,0.8,-0.8,0.8,0.8,-0.8,0.8,0.0,0.0,0.0,0.8,0.0,0.0,0.8,0.8,0.0,0.0,0.0,0.0,1.6,-1.6,0.0,1.6,0.8,0.8,-0.8,0.0,1.6,0.0,1.6,-0.8,0.0,0.8,0.0,0.0,0.0,0.8,0.8,0.0,0.0,-0.8,0.0,0.8,-0.8,0.0,-0.8,0.0,0.0,0.0,0.8,0.0,0.0,1.6,0.0,0.8,0.8,0.0,0.0,-1.6,1.6,0.8,0.8,0.0,0.8,0.8,1.6,0.8,0.8,0.0,0.8,-0.8,0.0,0.0,0.8,0.8,0.0,1.6,0.8,0.0,0.0,-0.8,0.8,-0.8,0.8,0.8,0.8,0.8,-0.8,1.6,0.8,0.0,0.0,0.8,0.8,0.0,-0.8,0.8,-0.8,0.8,0.8,-0.8,0.0,0.0,0.0,0.0,0.8,-1.6,0.0,1.6,0.8,0.0,0.0,0.0,0.0,0.0,0.0,0.8,0.0,0.8,-0.8,0.0,0.8,0.8,0.8,0.0,0.8,0.8,0.0,1.6,0.0,-0.8,1.6,-0.8,0.8,0.0,0.0,1.6,0.8,0.0,1.6,0.0,0.8,0.0,-0.8,0.0,-0.8,0.8,0.0,0.0,1.6,0.8,1.6,0.0,1.6,0.8,-0.8,0.8,-0.8,0.8,0.0,1.6,0.8,0.0,0.8,0.8,1.6,0.8,0.0,0.8,0.0,-0.8,0.8,-0.8,0.8,0.8,0.8,0.8,-1.6,0.0,-0.8,0.0,0.0,-1.6,1.6,0.8,0.0,0.8,0.0,0.8,0.0,0.8,0.8,-0.8,1.6,0.0,0.0,0.0,0.0,1.6,0.0,0.0,2.4000000000000004,0.0,-0.8,0.8,1.6,-1.6,0.0,0.8,-0.8,0.0,0.8,1.6,0.8,0.8,0.0,-0.8,0.8,-0.8,-1.6,0.0,1.6,0.8,0.8,0.0,0.8,0.0,0.8,0.0,0.0,1.6,0.0,0.8,0.8,0.8,0.8,0.8,0.0,1.6,0.8,-0.8,0.0,0.0,-0.8,0.0,0.0,0.8,-0.8,-0.8,0.0,0.8,0.8,0.0,0.8,0.8,0.8,0.8,0.8,0.8,1.6,0.0,2.4000000000000004,1.6,0.8,-0.8,0.8,0.8,-0.8,0.8,0.0,0.0,0.8,0.0,2.4000000000000004,1.6,1.6,0.0,-0.8,0.8,0.0,0.0,0.8,-1.6,1.6,-0.8,0.0,0.8,0.0,0.8,-0.8,2.4000000000000004,0.8,0.8,1.6,-0.8,0.8,-0.8,0.8,1.6,-0.8,1.6,0.0,0.0,1.6,-1.6,0.0,0.0,0.0,0.0,0.0,1.6,0.0,-0.8,1.6,0.0,-0.8,-0.8,0.0,-0.8,-0.8,0.8,-0.8,0.0,0.8,0.0,0.8,0.0,0.8,-0.8,0.8,0.0,-0.8,0.8,0.0,0.0,0.0,0.0,0.0,-0.8,0.0,0.0,0.0,0.0,-1.6,0.8,-0.8,0.0,0.0,0.0,1.6,0.8,0.0,0.8,-0.8,0.0,-1.6,0.0,0.8,1.6,0.8,0.8,0.8,0.8,0.0,0.8,0.0,0.0,0.0,0.0,-0.8,0.0,0.8,0.8,0.8,0.0,-0.8,1.6,0.0,0.0,0.0,0.8,0.0,0.8,-0.8,0.0,0.8,0.0,-0.8,0.8,-0.8,-1.6,1.6,1.6,0.0,0.0,1.6,0.8,0.0,0.0,-0.8,0.8,-0.8,0.0,0.8,-0.8,0.8,0.8,0.8,0.8,-0.8,1.6,0.0,0.8,0.8,-1.6,1.6,-0.8,-0.8,0.8,1.6,2.4000000000000004,0.0,1.6,0.0,-0.8,3.2,-1.6,0.0,1.6,0.0,0.0,-0.8,0.8,0.8,0.0,0.8,0.0,1.6,0.0,0.0,0.8,-0.8,0.8,-1.6,0.8,0.8,-0.8,0.8,0.8,1.6,0.8,-0.8,0.8,0.8,0.0,0.8,0.0,2.4000000000000004,0.0,0.0,1.6,1.6,0.8,0.0,0.0,0.0,0.0,-0.8,-0.8,0.8,0.0,0.0,0.8,0.0,-0.8,0.8,0.0,0.8,-1.6,0.0,0.0,0.8,0.0,0.0,1.6,0.8,-0.8,0.0,0.8,0.0,0.8,0.0,0.0,0.0,-0.8,0.0,-0.8,-0.8,0.0,0.0,0.0,0.0,-0.8,-0.8,-0.8,0.0,1.6,0.0,0.8,0.8,-0.8,0.0,2.4000000000000004,0.0,0.0,0.8,-1.6,0.8,1.6,0.8,0.8,0.0,2.4000000000000004,1.6,1.6,-0.8,-0.8,1.6,0.0,0.0,0.8,0.0,1.6,-0.8,0.8,2.4000000000000004,0.0,0.0,0.8,1.6,0.0,0.0,1.6,0.0,0.0,0.0,-0.8,1.6,0.0,0.0,1.6,0.0,0.8,-0.8,0.8,0.0,0.8,1.6,0.0,1.6,0.8,0.8,1.6,0.0,0.8,-0.8,0.8,0.8,0.0,0.8,0.8,1.6,0.8,-0.8,0.0,0.8,0.0,0.0,0.0,0.8,0.0,-0.8,0.0,0.8,0.8,0.8,0.8,0.8,-0.8,1.6,0.8,0.0,0.8,0.8,0.0,0.0,0.0,0.8,0.8,0.0,0.8,0.8,-0.8,0.0,0.8,-0.8,-0.8,0.0,-0.8,0.8,0.8,0.8,0.0,0.8,-0.8,0.0,0.8,0.8,0.0,-0.8,0.8,0.8,0.0,0.0,0.8,-0.8,0.0,-0.8,0.0,0.8,0.8,-0.8,1.6,0.0,0.0,0.0,0.0,1.6,-0.8,-0.8,0.0,0.0,0.0,-0.8,0.8,0.0,0.8,0.8,0.0,0.8,-1.6,0.8,-0.8,0.0,0.0,1.6,-0.8,1.6,0.0,1.6,-0.8,1.6,0.8,0.8,0.8,-0.8,-0.8,0.0,0.0,1.6,0.8,0.8,0.0,0.0,0.0,0.0,0.8,-0.8,0.8,0.0,0.8,0.8,-1.6,0.8,0.8,0.8,0.8,-0.8,2.4000000000000004,1.6,0.0,0.0,0.8,0.8,0.0,0.0,0.0,0.8,0.0,0.0,-0.8,-0.8,0.0,0.0,0.0,0.8,-0.8,1.6,-0.8,0.8,0.8,0.0,-0.8,-0.8,0.0,0.0,1.6,1.6,-0.8,0.0,0.8,-0.8,1.6,-0.8,0.0,0.0,-0.8,0.8,0.0,0.8,0.0,0.0,0.0,0.8,1.6,-0.8,0.0,0.8,0.0,1.6,-0.8,0.8,0.8,-0.8,1.6,0.0,-0.8,1.6,-0.8,0.8,0.0,0.0,0.0,1.6,0.8,0.0,1.6,0.0,0.8,0.8,0.0,0.0,0.8,0.0,0.8,-1.6,0.8,0.0
event_136,1625267039.030865,1.6,0.0,0.0,1.6,-1.6,2.4000000000000004,-0.8,0.0,0.0,0.8,1.6,-0.8,0.0,-0.8,0.8,0.8,-0.8,0.8,0.0,0.0,0.8,-1.6,2.4000000000000004,0.0,-0.8,0.8,-1.6,0.0,0.0,0.8,-0.8,0.0,0.8,0.0,0.0,0.8,0.0,0.0,0.8,0.0,-0.8,0.0,1.6,0.0,0.8,0.8,1.6,0.8,0.8,-0.8,0.0,0.0,0.0,-0.8,0.0,0.8,0.8,0.0,0.8,1.6,0.0,0.0,0.0,1.6,0.0,0.0,0.8,0.0,1.6,0.8,0.8,0.8,0.0,0.8,0.0,1.6,0.8,-0.8,0.0,0.0,0.8,0.8,0.0,0.8,0.0,0.8,0.0,0.0,0.8,0.0,0.8,0.0,0.0,0.0,0.8,0.8,0.0,0.0,1.6,-0.8,1.6,-1.6,-8.8,-21.6,-19.200000000000003,-10.400000000000002,-6.4,-1.6,-0.8,-2.4000000000000004,-0.8,-2.4000000000000004,0.8,-0.8,-1.6,-0.8,0.0,0.8,0.8,-0.8,0.8,0.8,1.6,0.8,0.8,0.0,-1.6,0.0,0.0,0.8,0.8,0.0,0.8,0.8,0.0,0.0,-0.8,2.4000000000000004,-2.4000000000000004,-1.6,0.8,0.8,0.0,0.8,0.8,0.8,0.0,1.6,0.0,-0.8,0.8,0.8,0.8,0.0,0.0,0.0,-0.8,0.8,0.0,0.8,0.0,0.0,0.8,-0.8,1.6,-0.8,0.0,0.8,0.0,0.0,0.8,-0.8,-0.8,0.8,0.8,0.0,-0.8,1.6,0.8,0.8,1.6,1.6,0.0,1.6,0.0,1.6,0.8,0.0,-0.8,0.0,0.8,-0.8,-0.8,1.6,1.6,1.6,-1.6,0.8,0.0,0.0,-0.8,0.8,1.6,0.0,0.0,0.0,0.0,0.8,0.0,0.8,2.4000000000000004,-1.6,0.8,0.8,-0.8,0.0,-0.8,1.6,0.0,0.0,1.6,0.0,0.0,-0.8,0.8,0.8,0.0,0.0,0.0,0.0,0.8,0.0,0.0,0.8,0.8,0.8,1.6,0.0,-1.6,1.6,1.6,0.0,0.8,0.0,0.0,0.0,0.8,0.0,0.8,0.8,-0.8,0.8,0.0,0.8,1.6,0.0,0.0,1.6,0.8,0.8,0.0,0.8,-0.8,-0.8,0.8,-0.8,0.0,0.8,0.8,0.8,0.0,0.0,0.8,0.8,0.0,-0.8,0.0,-0.8,0.8,-0.8,0.8,0.0,0.0,0.0,0.0,0.0,-0.8,0.8,-0.8,0.0,1.6,0.0,0.8,0.0,0.0,0.0,-0.8,0.0,0.8,0.0,0.8,-0.8,2.4000000000000004,-0.8,-0.8,0.0,0.0,1.6,-0.8,0.8,-0.8,0.8,0.8,-0.8,0.8,0.0,0.0,1.6,0.0,1.6,0.0,-1.6,0.8,-0.8,0.0,0.8,1.6,1.6,0.0,0.8,0.8,-0.8,0.8,-0.8,0.0,0.8,-0.8,-0.8,0.0,1.6,0.8,0.0,0.0,0.8,1.6,0.8,-0.8,-0.8,0.8,0.0,-1.6,0.8,0.0,0.0,1.6,0.8,1.6,0.8,-0.8,1.6,0.8,0.0,-0.8,0.0,0.0,0.0,0.8,0.0,0.8,0.0,1.6,0.8,0.0,0.0,-0.8,0.0,0.8,0.8,-0.8,0.0,1.6,0.8,0.0,0.8,0.0,0.8,0.0,-0.8,-0.8,0.8,-0.8,0.0,0.0,0.0,0.0,0.0,-0.8,0.8,-0.8,0.8,0.8,0.8,0.8,-0.8,1.6,1.6,-0.8,0.8,-0.8,-0.8,2.4000000000000004,0.8,0.8,0.0,0.0,0.0,-0.8,0.0,0.0,0.8,-0.8,0.8,0.8,-1.6,0.8,0.0,0.0,0.8,0.0,1.6,0.0,0.8,1.6,0.0,3.2,-0.8,-0.8,0.8,0.8,1.6,-0.8,0.8,0.8,-0.8,0.8,-1.6,0.0,0.8,-0.8,0.0,0.0,2.4000000000000004,0.0,-0.8,0.8,0.0,0.0,0.0,0.8,1.6,-1.6,0.0,-0.8,0.8,0.8,0.0,1.6,-0.8,0.8,1.6,0.8,0.8,0.0,0.0,0.0,1.6,2.4000000000000004,0.0,1.6,0.0,1.6,0.8,0.8,0.8,0.0,0.0,0.0,-1.6,0.0,0.0,2.4000000000000004,0.0,0.8,-0.8,0.8,-0.8,1.6,-0.8,-0.8,1.6,-0.8,-1.6,1.6,0.0,0.8,1.6,-0.8,1.6,0.8,0.8,0.8,0.0,-0.8,-1.6,0.0,-0.8,-1.6,1.6,0.0,0.0,0.8,-0.8,-0.8,0.0,0.8,0.0,0.0,0.8,0.0,0.8,0.0,0.0,0.8,-0.8,0.8,-1.6,0.8,1.6,0.0,1.6,-0.8,1.6,0.0,0.0,0.0,-0.8,2.4000000000000004,0.0,-0.8,0.0,0.0,0.8,0.0,0.8,2.4000000000000004,0.0,0.0,0.0,0.0,0.8,-1.6,0.8,-0.8,0.0,1.6,-0.8,2.4000000000000004,0.8,0.0,0.0,0.0,1.6,-1.6,0.0,0.8,0.0,0.0,0.0,1.6,1.6,0.0,1.6,0.0,1.6,0.8,-0.8,-0.8,0.0,-0.8,1.6,0.8,0.8,-0.8,0.8,0.8,0.8,0.0,0.0,0.8,1.6,-0.8,0.0,0.8,0.0,0.0,0.0,0.8,0.0,0.8,0.8,0.8,0.8,0.8,0.0,0.0,0.0,0.8,0.8,-0.8,0.0,-0.8,-0.8,0.0,0.0,0.8,0.0,0.0,0.8,0.0,0.8,0.0,0.8,0.8,-0.8,-0.8,-0.8,2.4000000000000004,0.8,-0.8,0.8,0.0,0.8,0.0,0.0,-0.8,-0.8,0.8,0.0,-0.8,0.8,0.0,0.8,0.8,0.0,0.0,0.0,1.6,0.0,0.8,0.0,-0.8,0.0,0.0,1.6,0.0,0.8,0.8,0.0,0.8,0.0,0.0,0.8,-0.8,0.0,1.6,-0.8,0.8,0.8,0.8,0.0,0.8,-0.8,0.8,0.0,-0.8,0.0,0.8,0.0,0.8,0.8,0.8,-0.8,0.8,0.0,0.0,-1.6,0.0,0.0,0.0,-0.8,-1.6,0.0,0.0,0.0,0.0,0.0,-0.8,1.6,0.8,0.0,0.0,0.8,0.8,0.0,0.8,0.0,1.6,-0.8,-0.8,0.0,-1.6,0.8,0.0,0.0,0.0,-0.8,1.6,-0.8,0.8,0.0,-1.6,1.6,-0.8,0.0,0.0,0.0,0.8,0.0,0.8,0.8,0.0,1.6,0.0,0.0,1.6,-0.8,0.0,1.6,1.6,0.8,0.0,0.0,0.0,1.6,-0.8,-0.8,0.8,-0.8,0.0,-1.6,-0.8,1.6,0.0,0.8,0.8,0.0,-0.8,0.8,1.6,0.8,-0.8,0.8,0.8,2.4000000000000004,0.0,0.0,-0.8,0.0,0.8,0.8,0.8,0.0,-0.8,-0.8,-0.8,1.6,-0.8,0.0,1.6,0.8,-0.8,1.6,0.0,0.0,0.0,0.8,0.0,-0.8,0.8,-0.8,0.0,0.8,0.0,-0.8,0.8,0.8,0.0,0.0,-0.8,0.0,0.8,0.8,-0.8,-0.8,0.8,0.8,0.0,0.0,0.0,0.0,0.0,0.0,0.8,0.0,0.8,0.8,0.0,0.0,0.0,0.0,0.0,0.0,-0.8,0.0,1.6,0.0,0.8,-0.8,0.8,0.8,0.0,0.0,-0.8,0.8,0.0,-1.6,0.8,-0.8,0.0,-0.8,-0.8,0.8,-0.8,0.8,0.8,0.0,0.8,-0.8,0.8,0.0,-0.8,0.0,-1.6,1.6,0.0,0.0,0.0,-0.8,2.4000000000000004,-1.6,1.6,0.8,0.8,0.8,-0.8,0.8,0.8,-0.8,1.6,-0.8,1.6,0.0,-1.6,-0.8,-1.6,0.0,0.8,0.0,0.8,-0.8,0.8,-0.8,-0.8,0.0,0.0,0.0,0.8,-0.8,-0.8,-0.8,-0.8,-0.8,0.8,0.0,0.0,0.8,0.8,0.0,-0.8,0.0,0.8,-0.8,0.8,0.8,0.8,0.0,0.0,-0.8,-0.8,0.0,0.0,-0.8,0.0,-0.8,1.6,0.8,0.8,0.0,0.0,1.6,-0.8,-0.8,0.0,0.8,0.0,-0.8,0.8,0.0,0.0,0.8,0.0,-0.8,0.0,0.0,-0.8,0.0,0.8,0.8,0.0,0.8,0.8,0.8,-0.8,0.0,0.0,0.0,-0.8,-0.8,0.0,0.0,0.0,0.0,0.8,0.8,0.0,0.8,0.8,0.0,0.0,0.0,0.8,0.8,0.0,0.0,0.8,1.6,-0.8,0.0,0.0,0.8,0.0,0.0,-0.8,-0.8,-0.8,0.8,0.0,0.8,0.8,-0.8,0.8,0.0,-0.8,0.8,0.8,0.0,-0.8,0.0,0.0,0.0,1.6,0.0,0.8,0.8,0.8,0.8,-0.8,-0.8,0.8,-0.8,0.0,0.0,0.0,0.8,-0.8,0.0,-0.8,0.0,0.0,0.0,0.0,0.0,-0.8,0.0,0.0,0.0,0.0,0.0,1.6,-0.8,-1.6,0.0,2.4000000000000004,0.8,-0.8,0.0,0.8,0.8,0.8,0.0,0.0,0.8,0.0,-0.8,0.0,0.0,0.0,0.0,0.8,0.8,1.6,0.0,0.0,0.8,-0.8,0.0,0.0,0.0,0.8,0.0,0.0,0.8,0.0,0.8,0.0,0.0,-1.6,-1.6,1.6,-0.8,2.4000000000000004,0.0,0.0,0.8,-0.8,0.0,0.0,0.0,0.0,-0.8,0.8,-0.8,0.8,0.0,0.8,1.6,0.0,-0.8,0.0,-0.8,0.0,-0.8,0.0,0.0,0.8,-0.8,-0.8,0.8,0.0,0.0,0.8,-0.8,0.8,0.0,0.0,0.0,0.0,0.8,0.0,-0.8,0.8,0.8,1.6,0.0,0.0,-0.8,-0.8,0.8,0.0,0.0,0.0,0.0,0.0,-0.8,0.0,0.8,0.0,0.0,-0.8,-1.6,-1.6,0.8,-0.8,0.0,0.0,0.0,0.8,0.0,0.0,0.0,0.8,0.8,-1.6,0.8,-0.8,0.0,0.0,-0.8,0.0,0.0,0.8,0.0,1.6,0.0,0.0,0.8,-0.8,0.0,-0.8,-0.8,0.8,0.0,1.6,1.6,0.0,1.6,-0.8,1.6,0.8,0.8,1.6,-0.8,0.0,0.8,0.0,2.4000000000000004,0.0,1.6,0.8,-1.6,1.6,-0.8,0.0,0.8,0.0,1.6,-1.6,0.8,-0.8,0.0,0.8,-0.8,0.0,-0.8,0.8,0.8,-0.8,0.0,0.8,0.8,0.0,-0.8,2.4000000000000004,0.0,0.0,0.8,0.0,1.6,-0.8,0.0,1.6,-0.8,0.8,0.0,0.0,-0.8,-0.8,0.0,-0.8,0.0,0.8,0.0,0.8,0.8,0.0,0.0,0.8,-0.8,0.0,-1.6,1.6,3.2,0.0,-2.4000000000000004,2.4000000000000004,2.4000000000000004,0.0,-0.8,2.4000000000000004,0.0,-0.8,0.0,1.6,0.0,-0.8,0.0,1.6,0.0,-0.8,-0.8,0.8,0.8,-1.6,0.8,0.8,0.8,0.0,-0.8,1.6,0.8,0.0,0.8,1.6,0.8,-0.8,0.0,1.6,0.0,1.6,-0.8,0.0,0.0,0.8,0.0,1.6,0.8,-0.8,0.0,-0.8,-0.8,1.6,-0.8,1.6,0.8,0.0,0.0,0.0,0.0,0.0,-0.8,1.6,0.0,0.8,-0.8,0.0,1.6,-0.8,0.8,0.0,0.0,0.0,0.0,1.6,0.0,0.0,0.8,0.0,0.0,0.0,1.6,1.6,-0.8,0.8,0.0,0.8,0.8,-0.8,1.6,0.0,0.8,0.0,0.8,1.6,0.0,0.0,0.8,0.8,0.0,-0.8,1.6,0.8,0.0,0.0,0.8,0.8,0.0,0.0,0.0,0.8,-0.8,-1.6,0.8,1.6,0.8,0.8,-0.8,0.0,0.8,0.0,0.0,0.0,0.0,-0.8,-0.8,0.0,0.0,0.8,0.8,0.8,0.0,0.0,0.8,-0.8,-0.8,0.0,1.6,0.8,0.8,0.8,0.8,2.4000000000000004,0.8,0.8,1.6,1.6,1.6,0.0,0.8,0.8,0.0,1.6,0.8,1.6,-0.8,0.8,0.8,-1.6,1.6,-0.8,1.6,0.0,0.8,0.0,-1.6,0.8,0.0,-0.8,0.8,-0.8,0.0,1.6,0.8,0.0,0.8,1.6,0.8,-0.8,0.0,0.8,1.6,0.8,0.0,0.0,-1.6,0.0,0.0,0.0,0.0,0.0,1.6,0.0,0.8,0.8,0.0,0.8,-0.8,-0.8,0.0,0.8,0.0,0.0,0.0,0.8,-0.8,1.6,0.0,-1.6,0.8,0.0,0.8,0.8,0.8,1.6,1.6,-0.8,0.8,0.0,0.8,0.0,0.8,0.0,0.8,0.0,0.0,1.6,0.0,-0.8,0.8,0.8,0.8,0.8,0.0,0.8,-1.6,0.8,0.0,1.6,0.8,0.0,1.6,1.6,-0.8,0.8,0.0,0.0,0.8,0.0,0.0,0.0,0.0,0.8,0.0,0.0,-0.8,0.0,0.0,0.0,0.0,-0.8,0.8,0.8,-0.8,0.0,0.0,0.8,0.0,0.0,0.0,-0.8,1.6,0.0,0.0,0.0,0.0,0.0,-0.8,-0.8,1.6,0.0,0.8,0.0,0.0,0.0,0.8,1.6,0.0,-0.8,0.8,0.8,0.0,0.0,0.8,-0.8,0.8,0.0,-2.4000000000000004,0.0,1.6,1.6,0.8,0.0,3.2,0.0,1.6,0.8,0.0,1.6,0.0,-0.8,0.8,-0.8,0.0,-0.8,0.0,1.6,0.0,1.6,0.0,0.8,0.0,-0.8,0.8,0.8,0.0,0.0,0.0,1.6,0.8,-0.8,1.6,2.4000000000000004,0.0,0.0,2.4000000000000004,-0.8,0.8,1.6,0.0,0.8,1.6,0.0,0.8,0.8,0.8,0.8,0.0,-0.8,1.6,0.0,0.8,1.6,0.0,0.0,0.0,0.0,0.0,0.8,0.8,-0.8,1.6,-0.8,0.0,0.8,0.0,1.6,0.0,0.8,0.8,0.8,1.6,-0.8,0.0,1.6,0.0,0.8,0.0,0.8,1.6,-0.8,0.8,-0.8,0.8,0.8,0.0,1.6,-0.8,0.8,0.0,0.0,0.8,0.8,1.6,0.8,-0.8,0.0,-1.6,1.6,-0.8,-0.8,0.0,0.0,1.6,0.8,-0.8,0.8,0.8,0.8,0.0,0.8,0.8,0.8,1.6,0.0,2.4000000000000004,0.0,-0.8,-0.8,0.0,0.0,-0.8,-1.6,0.8,0.0,0.8,0.8,1.6,1.6,0.0,1.6,0.8,0.0,-0.8,0.8,1.6,1.6,0.0,0.8,0.8,0.8,0.0,0.0,0.0,0.0,-0.8,0.0,0.0,0.0,0.0,0.8,0.0,0.8,-0.8,0.0,0.0,0.0,0.0,0.0,-0.8,0.8,0.0,0.0,0.0,0.8,0.8,0.8,0.8,0.0,0.8,0.0,0.0,0.0,0.0,0.8,-0.8,0.0,0.8,1.6,-0.8,0.0,-0.8,-0.8,1.6,0.8,0.0,0.8,-0.8,2.4000000000000004,0.0,0.0,0.8,-0.8,0.0,-0.8,-2.4000000000000004,0.8,0.0,0.8,-0.8,-0.8,1.6,0.0,1.6,0.0,0.0,1.6,0.0,0.8,0.0,0.8,0.8,0.0,0.8,0.0,0.0,0.0,0.0,0.8,-1.6,0.0,0.0,0.0,0.8,-0.8,0.0,0.8,-0.8,0.8,0.8,0.8,0.0,0.0,1.6,0.8,2.4000000000000004,-0.8,1.6,1.6,0.0,0.8,0.8,0.8,0.0,-0.8,0.0,0.0,0.8,0.0,0.8,0.8,0.8,0.8,0.8,0.0,0.8,-0.8,0.8,-0.8,0.8,-0.8,0.8,0.0,0.8,0.0,0.0,1.6,0.0,1.6,0.8,0.0,0.0,0.0,1.6,0.0,0.8,0.8,0.0,0.0,0.0,-0.8,-0.8,0.0,0.0,0.0,0.8,0.8,-0.8,0.8,0.0,0.8,-0.8,-0.8,0.8,-1.6,0.0,1.6,-0.8,0.8,0.0,1.6,0.8,0.8,0.8,-1.6,1.6,-0.8,0.0,1.6,-0.8,1.6,-0.8,0.0,0.0,0.0,0.0,0.0,-0.8,0.0,-0.8,0.0,-0.8,0.8,-0.8,0.8,2.4000000000000004,0.0,0.0,1.6,-0.8,0.0,-1.6,0.8,1.6,0.0,0.0,0.8,1.6,1.6,0.0,1.6,0.8,0.8,0.0,0.0,0.0,0.0,0.8,0.8,0.0,0.8,-0.8,0.0,0.0,-0.8,-0.8,0.8,0.8,0.8,-1.6,0.8,0.8,0.0,0.0,0.0,0.0,-0.8,0.8,0.8,-0.8,0.8,0.8,0.0,0.0,-0.8,0.8,0.8,-0.8,1.6,0.0,-1.6,0.0,0.0,0.8,0.0,0.0,0.0,0.0,0.8,0.8,0.8,0.8,0.0,-0.8,0.8,2.4000000000000004,0.0,-0.8,0.8,-0.8,1.6,0.8,-0.8,0.8,0.0,1.6,-0.8,0.8,1.6,-0.8,1.6,0.8,0.8,0.0,0.0,1.6,0.0,0.0,0.0,-0.8,1.6,-0.8,0.0,0.8,0.0,0.0,-0.8,1.6,0.8,0.0,1.6,0.0,0.8,1.6,-0.8,2.4000000000000004,2.4000000000000004,-0.8,0.8,2.4000000000000004,-1.6,-0.8,3.2,-0.8,-1.6,0.8,0.0,1.6,0.0,0.0,0.0,1.6,-0.8,0.0,0.8,1.6,0.0,0.8,-0.8,1.6,0.0,0.0,0.8,0.0,0.0,0.0,2.4000000000000004,0.8,-0.8,0.0,0.0,-0.8,0.0,0.0,0.8,0.0,0.0,0.0,0.0,-0.8,0.0,0.8,0.8,0.0,0.0,0.8,0.0,0.0,0.8,0.0,1.6,-0.8,-2.4000000000000004,0.0,0.8,0.0,0.0,-0.8,2.4000000000000004,1.6,1.6,0.0,0.8,0.8,0.0,0.8,-0.8,0.0,0.8,-0.8,1.6,0.0,0.0,0.0,0.0,1.6,-0.8,0.0,0.8,0.0,1.6,-0.8,1.6,0.8,0.0,1.6,0.8,1.6,0.0,-0.8,2.4000000000000004,0.0,1.6,0.0,0.0,1.6,0.0,0.8,0.8,0.8,1.6,-0.8,1.6,-0.8,0.8,0.8,0.0,0.8,0.8,-0.8,0.8,-0.8,0.8,0.8,0.8,0.0,0.8,0.0,-0.8,0.8,0.0,0.0,0.8,0.8,0.0,0.8,1.6,0.8,0.0,0.8,0.0,0.0,0.8,0.0,1.6,0.0,0.0,0.8,-1.6,0.0,-0.8,0.0,0.0,0.0,0.8,0.8,0.0,0.8,-0.8,0.8,0.0,-0.8,0.0,0.8,0.0,0.0,0.0,0.8,0.8,0.8,1.6,0.0,0.8,0.0,0.0,1.6,1.6,0.8,0.8,0.8,0.8,0.8,0.8,0.8,0.0,-1.6,-0.8,0.0,0.0,0.8,-0.8,-0.8,1.6,0.8,0.8,0.0,-0.8,0.8,0.0,0.8,0.8,1.6,0.8,0.0,0.8,0.8,-0.8,1.6,0.8,0.8,0.8,-0.8,0.8,0.0,0.0,0.8,-0.8,0.8,-0.8,0.0,0.0,0.8,0.0,0.0,0.8,-0.8,0.0,0.0,-0.8,1.6,0.0,0.8,1.6,-0.8,0.8,0.8,-0.8,0.8,0.0,0.0,0.0,0.0,0.8,0.8,0.0,-0.8,0.0,0.0,0.0,0.8,0.0,0.0,0.8,0.8,-0.8,0.8,0.8,0.0,0.0,-0.8,0.0,-0.8,0.0,0.8,0.0,0.8,0.0,0.8,0.8,0.8,0.0,0.0,0.0,0.0,-0.8,0.0,-0.8,-0.8,-0.8,0.8,1.6,-1.6,0.8,-0.8,0.8,0.0,-0.8,0.8,-0.8,-0.8,-0.8,0.8,0.8,0.0,0.8,0.8,0.0,0.0,0.8,1.6,0.8,0.0,0.8,-0.8,1.6,0.0,0.8,0.8,-0.8,0.8,-0.8,0.0,0.0,0.0,1.6,0.0,0.8,0.0,-0.8,0.0,-0.8,0.0,0.0,-0.8,1.6,-0.8,0.0,0.8,0.0,0.8,-0.8,0.8,0.8,0.8,0.8,0.8,0.0,0.0,-0.8,-0.8,-1.6,1.6,0.0,-0.8,0.0,-0.8,0.0,0.8,0.8,0.8,0.0,0.0,0.8,0.8,0.8,0.0,-0.8,1.6,0.0,0.0,0.0,1.6,-0.8,-0.8,0.0,0.8,1.6,0.0,0.0,0.0,0.8,-0.8,0.0,0.0,0.8,0.0,0.0,0.8,0.8,0.8,0.0,-0.8,0.0,-0.8,0.0,0.0,0.0,1.6,0.0,-0.8,0.8,-0.8,0.0,0.0,0.0,0.8,-0.8,1.6,0.0,2.4000000000000004,0.8,-0.8,0.8,0.8,0.8,0.8,0.0,1.6,0.0,-0.8,0.8,0.0,1.6,0.8,0.0,0.0,0.0,0.8,-0.8,1.6,-0.8,0.0,0.0,0.8,0.8,-2.4000000000000004,2.4000000000000004,0.8,-0.8,0.8,0.0,0.8,1.6,0.8,1.6,-0.8,0.0,0.8,0.0,0.8,0.0,0.8,-0.8,0.0,1.6,0.0,0.8,0.0,-0.8,0.8,0.8,0.8,-0.8,1.6,0.8,-0.8,2.4000000000000004,-0.8,0.0,0.0,0.8,0.8,-0.8,0.8,0.8,0.8,1.6,0.0,0.8,1.6,0.8,-0.8,0.0,1.6,0.8,0.8,1.6,0.8,0.0,0.0,0.0,1.6,-0.8,0.0,0.0,0.8,0.0,0.0,0.0,1.6,0.8,0.0,1.6,0.8,0.8,-0.8,0.0,1.6,1.6,0.8,0.8,0.8,0.8,-0.8,2.4000000000000004,0.8,0.0,0.0,-0.8,0.8,0.0,1.6,2.4000000000000004,0.0,1.6,0.0,0.8,0.0,0.0,0.0,0.0,0.0,0.0,0.0,2.4000000000000004,-0.8,1.6,0.0,-0.8,0.8,0.0,2.4000000000000004,1.6,0.0,0.8,0.0,0.0,-0.8,0.0,0.8,-0.8,1.6
event_137,1625267041.1869884,0.8,1.6,0.8,-0.8,1.6,0.8,0.0,0.8,0.0,0.8,0.0,0.8,0.8,0.8,0.8,-0.8,0.0,-0.8,0.0,-0.8,0.0,0.0,0.8,0.0,0.8,0.0,0.0,0.0,0.0,0.8,0.0,1.6,0.0,0.8,0.0,0.0,1.6,0.0,0.0,1.6,0.0,0.0,0.8,0.0,0.0,0.0,0.8,0.8,0.0,0.8,0.0,-0.8,0.8,1.6,0.0,-0.8,0.0,-0.8,0.0,2.4000000000000004,-0.8,0.8,0.0,0.8,0.0,0.8,0.8,-0.8,0.0,0.0,-0.8,0.8,0.0,0.8,0.8,0.8,0.8,0.0,0.0,-0.8,0.8,0.8,-1.6,0.0,0.8,0.0,-0.8,0.0,1.6,0.8,0.0,1.6,0.8,0.0,-0.8,0.8,0.0,1.6,0.8,1.6,1.6,-0.8,-19.200000000000003,-27.200000000000003,-20.0,-7.200000000000001,-3.2,-2.4000000000000004,0.0,0.0,-2.4000000000000004,-0.8,-0.8,0.0,0.0,-0.8,0.0,0.0,0.0,1.6,0.0,1.6,-0.8,0.0,0.0,0.8,1.6,0.0,0.0,0.0,0.8,1.6,0.0,0.8,0.8,0.0,0.8,-1.6,1.6,0.8,-0.8,2.4000000000000004,-0.8,0.0,0.0,-0.8,0.8,-0.8,0.8,0.0,0.8,0.8,0.0,0.8,0.0,0.8,-0.8,0.8,1.6,0.0,0.0,0.0,0.0,1.6,0.0,0.0,0.0,0.0,0.8,-0.8,0.8,0.8,0.0,0.8,0.0,0.0,0.8,0.8,2.4000000000000004,1.6,-0.8,0.0,-0.8,0.8,0.0,0.0,0.8,0.8,0.0,0.0,0.8,0.0,0.0,-0.8,1.6,1.6,0.8,0.8,2.4000000000000004,-0.8,-0.8,3.2,1.6,-1.6,1.6,0.8,-0.8,0.8,-0.8,0.0,1.6,0.8,0.0,0.0,1.6,-0.8,0.8,0.0,1.6,-0.8,0.8,2.4000000000000004,0.8,0.8,1.6,0.8,0.8,-0.8,0.0,1.6,0.8,0.0,-0.8,1.6,-0.8,-2.4000000000000004,0.0,0.0,0.8,0.8,0.8,0.8,-0.8,0.0,0.8,0.8,0.8,0.0,1.6,0.0,0.0,0.8,-0.8,1.6,0.0,-1.6,0.0,0.0,0.8,-0.8,0.8,1.6,0.0,1.6,-1.6,0.0,1.6,0.0,0.0,0.0,0.8,0.0,0.0,1.6,0.0,0.0,-0.8,0.8,1.6,-0.8,0.8,0.0,0.0,0.8,-2.4000000000000004,0.8,0.0,0.0,0.8,0.0,0.8,0.0,-0.8,1.6,0.0,0.8,0.0,0.8,1.6,0.0,0.8,0.8,0.0,0.0,0.0,1.6,-0.8,0.0,0.0,0.0,0.0,0.0,0.8,0.0,0.0,0.8,0.0,0.8,0.0,0.8,0.0,-1.6,0.8,1.6,0.8,0.8,0.8,0.0,0.8,0.0,-0.8,0.8,0.8,0.0,0.0,0.0,0.0,0.8,0.0,0.8,0.0,-0.8,0.0,0.0,0.8,0.8,0.8,0.8,1.6,0.0,0.0,1.6,-0.8,0.0,-1.6,0.8,1.6,0.0,0.8,0.0,0.0,0.8,0.0,0.0,-0.8,0.8,0.0,0.8,0.8,0.0,0.8,0.0,0.0,0.0,-0.8,0.8,0.0,0.0,-0.8,-0.8,0.8,0.0,0.0,0.0,0.0,1.6,0.8,1.6,0.8,-0.8,0.8,-1.6,0.0,0.8,1.6,0.8,-0.8,0.8,0.8,-0.8,1.6,-0.8,2.4000000000000004,0.0,0.0,0.8,0.0,0.0,0.8,-0.8,0.0,-0.8,0.8,-0.8,0.8,-0.8,0.0,0.8,0.0,0.0,0.8,-0.8,0.8,-1.6,0.0,0.8,-0.8,1.6,0.0,-0.8,1.6,-1.6,0.0,-0.8,0.0,1.6,0.0,0.0,-0.8,0.0,-0.8,0.0,0.8,-0.8,0.0,0.8,0.8,-0.8,-0.8,0.8,0.0,0.8,0.0,-1.6,0.0,0.8,0.0,0.8,0.0,0.0,0.0,0.0,0.8,0.0,0.8,-0.8,-0.8,0.8,0.8,0.0,0.8,0.0,1.6,0.0,0.0,0.8,1.6,0.0,0.0,0.0,0.8,0.0,0.0,-0.8,1.6,0.8,0.0,0.8,1.6,0.0,0.8,0.8,1.6,0.8,0.8,1.6,-0.8,1.6,0.0,0.0,0.8,0.0,0.8,0.8,-0.8,0.0,0.8,2.4000000000000004,0.0,0.0,0.8,0.0,0.0,0.0,0.8,0.0,-0.8,1.6,0.0,0.0,0.0,0.8,0.8,0.0,1.6,0.8,0.8,0.8,0.0,0.0,0.8,-0.8,0.8,-1.6,1.6,0.8,-0.8,0.0,0.0,0.8,0.0,0.0,0.8,0.0,1.6,1.6,0.0,0.8,-0.8,0.0,0.0,-0.8,0.0,0.0,-0.8,0.0,-0.8,0.0,1.6,0.8,0.8,-0.8,0.8,0.8,0.0,0.0,0.0,0.8,0.0,0.8,0.0,0.8,0.8,-0.8,0.8,0.8,-0.8,-0.8,-0.8,0.0,0.0,0.0,0.0,0.0,-0.8,0.8,0.0,1.6,0.0,-0.8,0.0,0.0,2.4000000000000004,0.0,-0.8,0.0,0.0,0.0,0.8,0.8,0.8,-0.8,-0.8,-1.6,0.0,0.0,0.8,0.8,0.0,0.8,0.0,-0.8,0.8,-1.6,0.0,0.8,1.6,-0.8,0.0,1.6,0.0,0.8,0.0,-1.6,1.6,1.6,0.0,0.0,0.0,0.8,0.8,0.8,0.0,0.8,0.8,0.0,0.8,0.8,-0.8,0.8,-0.8,0.0,0.8,0.0,0.0,-0.8,0.8,0.0,-0.8,1.6,0.0,0.8,0.0,1.6,0.8,-0.8,0.8,0.0,1.6,0.8,-0.8,0.8,0.8,0.0,0.0,-0.8,0.8,0.8,0.8,0.8,0.0,0.8,0.0,0.8,1.6,-0.8,0.8,0.0,0.0,0.8,0.0,0.0,0.8,0.8,0.8,1.6,0.8,0.8,0.0,0.0,0.8,1.6,0.0,0.8,1.6,0.8,0.8,1.6,0.0,0.8,0.8,-0.8,0.0,0.0,0.8,1.6,0.8,2.4000000000000004,0.0,0.8,-0.8,0.8,0.8,-0.8,0.0,0.0,0.0,0.0,-0.8,0.8,0.0,0.0,1.6,0.0,2.4000000000000004,0.8,0.0,0.8,-0.8,0.0,-0.8,0.8,0.8,0.0,0.8,0.0,0.0,-0.8,-0.8,1.6,0.0,1.6,0.8,0.0,0.8,0.0,0.8,0.0,0.8,0.8,-0.8,0.8,0.0,0.0,0.8,-0.8,0.8,0.0,0.8,0.0,-1.6,0.8,0.0,0.0,0.0,0.8,0.0,0.0,1.6,1.6,0.0,0.0,-0.8,0.8,0.8,0.0,0.8,-0.8,1.6,-0.8,-0.8,0.8,0.8,0.0,0.8,0.0,1.6,-0.8,0.8,0.0,0.8,0.8,0.0,0.0,1.6,0.0,0.8,0.0,0.8,0.0,-0.8,0.0,0.0,0.0,0.8,0.0,0.8,-0.8,-0.8,0.0,-0.8,0.8,0.8,0.0,0.8,-0.8,0.8,0.0,0.0,0.8,0.0,0.0,0.0,0.8,0.0,0.0,0.8,-0.8,0.0,0.8,0.0,0.8,0.8,-0.8,0.8,-0.8,-0.8,1.6,0.8,1.6,0.0,0.8,0.8,-0.8,0.8,0.0,0.0,0.8,-0.8,0.0,-0.8,2.4000000000000004,0.0,0.0,0.0,1.6,0.8,0.8,0.8,-0.8,0.0,1.6,-1.6,0.0,0.8,0.0,0.0,0.0,1.6,0.8,0.0,1.6,-1.6,0.0,0.0,0.0,0.8,-0.8,0.8,0.0,0.8,0.8,-0.8,0.8,0.0,-0.8,0.0,0.0,1.6,0.8,0.0,2.4000000000000004,0.0,1.6,-1.6,1.6,0.0,0.8,0.8,-0.8,0.0,1.6,0.0,1.6,0.0,1.6,-0.8,0.8,0.0,0.8,0.8,0.0,0.8,1.6,-1.6,-0.8,-0.8,0.8,0.8,0.8,0.8,0.0,1.6,0.8,0.0,0.0,0.0,0.0,0.8,0.0,0.8,0.8,0.0,0.0,0.0,0.0,0.0,0.8,0.0,0.0,0.8,0.8,0.8,0.8,-0.8,0.0,0.0,-0.8,-0.8,0.0,0.8,1.6,0.8,0.8,0.8,0.0,1.6,-0.8,0.8,0.8,1.6,0.0,0.8,1.6,0.8,0.0,0.8,1.6,0.8,0.0,0.0,0.8,-0.8,0.0,-0.8,0.0,0.0,0.0,0.0,0.8,0.0,0.8,0.0,1.6,0.8,0.0,0.8,0.8,2.4000000000000004,-0.8,0.8,0.8,0.0,0.8,1.6,0.8,1.6,0.0,0.8,-0.8,0.8,0.0,0.8,1.6,0.8,0.0,0.8,0.8,0.8,0.0,0.0,0.8,3.2,-1.6,-2.4000000000000004,3.2,0.0,-0.8,2.4000000000000004,1.6,0.8,1.6,0.8,0.8,0.8,0.0,0.0,0.8,0.0,0.8,1.6,0.0,0.0,0.0,-1.6,0.8,0.8,0.0,0.8,1.6,0.8,-0.8,1.6,0.8,-0.8,1.6,0.0,-0.8,0.0,1.6,0.8,0.8,0.0,0.8,0.8,0.0,-0.8,-1.6,0.0,1.6,0.8,0.0,1.6,0.0,-0.8,0.8,0.8,1.6,0.8,0.8,1.6,0.8,0.0,0.8,0.8,1.6,0.8,0.8,0.8,-0.8,0.8,0.0,0.0,1.6,-0.8,0.0,0.0,0.8,0.0,-0.8,2.4000000000000004,0.8,0.0,0.0,-0.8,1.6,-0.8,0.8,0.0,-0.8,1.6,0.8,0.8,1.6,-0.8,0.8,0.0,0.8,-0.8,0.8,0.0,0.8,0.0,-0.8,1.6,0.0,-0.8,0.8,0.0,0.0,1.6,0.0,0.0,0.8,0.8,0.8,-0.8,1.6,0.0,0.8,0.8,0.8,0.8,-1.6,0.0,1.6,0.0,0.8,0.0,0.8,0.0,1.6,0.8,0.0,1.6,-1.6,-2.4000000000000004,0.0,1.6,0.0,-0.8,1.6,0.0,0.0,1.6,0.0,0.0,0.8,0.0,0.0,0.8,0.8,0.0,0.0,0.0,0.0,0.8,-0.8,0.0,0.0,0.0,0.0,0.0,0.8,0.0,0.0,0.8,1.6,1.6,0.0,0.8,0.8,0.8,0.0,0.0,2.4000000000000004,1.6,0.8,0.8,0.0,1.6,-0.8,0.8,0.0,0.8,0.0,-0.8,0.8,0.8,0.0,1.6,0.0,0.8,-1.6,-0.8,0.0,0.8,0.0,1.6,0.8,1.6,-0.8,0.0,0.0,0.0,0.8,-0.8,0.8,0.0,0.8,0.8,-1.6,0.0,-0.8,1.6,0.0,-0.8,1.6,0.8,0.0,0.0,-0.8,0.8,0.0,-0.8,0.0,0.0,1.6,0.0,0.0,0.8,1.6,0.8,0.8,0.0,-0.8,0.0,2.4000000000000004,-0.8,0.8,0.8,0.8,0.0,0.0,0.0,-0.8,1.6,0.0,0.0,0.0,0.0,1.6,0.8,-0.8,1.6,-0.8,1.6,0.0,0.0,0.0,-0.8,1.6,0.0,0.0,0.8,-0.8,2.4000000000000004,0.0,0.8,1.6,-0.8,1.6,-1.6,0.0,0.0,1.6,0.8,0.8,0.8,0.8,0.8,1.6,0.0,0.0,0.0,0.0,0.0,0.8,0.8,1.6,0.0,-0.8,0.8,-0.8,0.0,1.6,-0.8,0.8,0.8,0.8,0.0,-1.6,0.0,0.0,0.8,0.0,0.0,0.8,0.8,0.0,0.8,0.0,0.8,0.0,0.8,0.8,0.8,0.8,0.0,0.8,0.0,-1.6,0.8,0.0,0.0,0.0,0.0,1.6,-0.8,1.6,0.0,0.0,2.4000000000000004,-0.8,-0.8,-0.8,1.6,1.6,-0.8,0.0,0.0,0.8,1.6,-0.8,0.0,0.8,0.8,0.0,0.0,1.6,0.0,0.8,0.8,0.8,1.6,0.0,0.0,0.8,0.0,0.0,0.0,0.8,0.8,0.0,0.8,0.8,1.6,0.8,0.8,0.8,0.0,-0.8,0.0,0.0,1.6,0.0,0.8,1.6,1.6,0.0,0.0,0.8,1.6,0.0,0.0,-0.8,0.8,-0.8,0.0,1.6,0.8,0.0,0.0,0.0,0.8,0.0,1.6,0.0,0.8,0.8,-0.8,0.8,0.8,0.0,0.0,-1.6,0.0,0.8,0.8,0.8,0.8,0.0,0.0,0.8,0.0,0.8,0.8,0.0,0.8,0.8,-1.6,0.0,0.8,0.0,-0.8,0.0,0.0,0.8,0.8,0.0,0.8,1.6,-0.8,-1.6,1.6,1.6,0.8,0.8,0.8,1.6,-0.8,0.0,0.0,-0.8,0.8,-0.8,0.0,0.8,0.8,0.8,0.8,0.8,0.8,0.8,0.8,0.0,0.8,-0.8,0.0,0.8,0.0,0.8,-0.8,0.0,1.6,0.0,0.8,0.8,0.8,0.8,-0.8,0.8,1.6,2.4000000000000004,0.8,0.8,0.8,0.8,0.8,0.8,0.0,0.8,0.8,0.0,-0.8,0.8,0.8,1.6,0.8,0.0,-0.8,0.8,-1.6,1.6,0.8,0.0,0.0,0.0,-0.8,-0.8,1.6,0.0,-0.8,1.6,0.0,-0.8,1.6,0.0,0.8,0.8,-0.8,0.8,0.0,-0.8,0.8,0.0,-0.8,0.8,-0.8,0.0,0.8,-0.8,0.8,0.8,0.8,-0.8,0.8,1.6,0.0,0.8,0.0,0.8,-0.8,0.0,2.4000000000000004,0.8,0.8,0.0,1.6,0.0,0.0,0.0,0.0,0.8,0.0,-0.8,0.0,-0.8,0.8,0.8,0.0,1.6,0.0,0.0,0.8,0.0,0.8,-0.8,1.6,0.0,0.0,0.8,0.0,1.6,1.6,0.8,1.6,0.0,0.8,0.0,0.0,0.0,0.0,0.8,-0.8,0.8,1.6,-1.6,1.6,0.0,0.8,0.8,-0.8,0.0,0.0,0.0,2.4000000000000004,0.0,0.8,-0.8,0.0,0.0,0.8,0.0,2.4000000000000004,0.0,1.6,0.8,0.8,0.0,0.0,0.0,0.0,0.8,0.0,2.4000000000000004,0.8,1.6,0.8,-0.8,-0.8,0.0,0.0,0.0,0.0,-0.8,0.0,0.0,-1.6,0.0,0.8,0.0,0.0,0.0,0.8,0.0,-0.8,0.8,-0.8,0.0,0.0,-1.6,0.8,1.6,0.8,0.0,0.0,0.8,0.8,0.8,-0.8,-0.8,0.0,0.0,-0.8,0.0,-0.8,0.8,0.8,0.8,2.4000000000000004,0.8,0.0,0.0,0.8,0.0,0.0,0.8,0.0,0.0,0.0,0.8,0.8,0.8,0.0,0.8,0.0,0.0,0.0,0.0,-0.8,0.8,-0.8,1.6,0.0,0.8,0.0,-0.8,0.8,0.0,0.0,-0.8,-0.8,0.8,-1.6,1.6,0.0,-0.8,0.0,-0.8,0.8,0.8,-0.8,1.6,0.0,1.6,0.8,0.0,1.6,0.0,0.8,0.0,0.8,0.8,0.0,0.8,-0.8,0.0,0.8,-0.8,0.8,-1.6,1.6,1.6,-0.8,1.6,0.0,0.0,-0.8,0.0,0.0,-0.8,0.0,0.0,0.8,0.8,-0.8,0.0,-0.8,-1.6,-0.8,0.0,1.6,0.0,-0.8,0.8,0.8,-0.8,1.6,0.8,-1.6,0.0,1.6,0.0,0.0,0.8,0.0,0.8,0.0,-0.8,0.8,0.8,0.0,0.8,0.0,0.8,-1.6,0.0,0.0,0.0,0.0,1.6,0.0,0.8,1.6,-0.8,0.8,-0.8,0.0,0.8,1.6,0.8,-0.8,0.8,0.8,0.0,0.8,0.0,1.6,-0.8,-1.6,0.0,0.8,0.0,0.8,1.6,0.0,0.0,0.0,-0.8,1.6,-0.8,0.0,0.0,0.0,0.8,0.0,-0.8,0.8,-0.8,0.8,0.8,-0.8,0.8,-1.6,0.0,0.0,0.8,0.8,-1.6,0.8,0.0,1.6,0.0,0.0,1.6,-0.8,0.8,-0.8,-0.8,0.8,0.0,1.6,0.0,-0.8,1.6,0.0,0.8,0.0,0.0,-0.8,0.0,0.8,-0.8,0.8,0.8,-0.8,2.4000000000000004,-0.8,-0.8,1.6,0.0,0.0,-0.8,0.0,1.6,-0.8,0.0,0.0,0.0,0.8,0.8,2.4000000000000004,0.0,-0.8,0.0,-0.8,0.0,-0.8,0.0,1.6,0.0,0.0,0.8,0.8,0.8,0.0,1.6,0.0,1.6,0.0,0.8,1.6,1.6,0.0,0.8,0.8,0.8,-1.6,-0.8,-0.8,0.0,0.0,1.6,0.0,0.0,0.0,1.6,0.0,1.6,-0.8,0.0,-0.8,0.0,0.0,0.0,0.8,0.8,-0.8,0.0,0.0,-0.8,2.4000000000000004,1.6,0.0,0.8,0.0,0.8,0.0,0.0,0.0,0.8,0.0,0.8,0.0,-0.8,-0.8,0.8,0.0,0.8,0.8,0.0,0.8,0.8,0.0,0.0,0.8,0.8,-0.8,1.6,1.6,0.0,0.8,-2.4000000000000004,1.6,0.8,0.8,0.8,0.0,0.0,-0.8,-0.8,0.8,0.0,0.8,0.0,0.0,0.8,0.0,0.0,-0.8,0.8,0.8,-0.8,0.8,-0.8,0.0,0.0,0.0,0.8,0.0,0.8,1.6,0.8,0.8,-0.8,0.8,1.6,0.8,0.0,0.0,0.8,2.4000000000000004,0.0,0.8,0.0,0.0,0.0,-0.8,-0.8,0.8,0.0,0.8,0.0,0.8,0.0,0.0,0.0,0.0,0.0,-0.8,0.0,0.8,-1.6,0.8,0.0,0.8,0.0,0.0,1.6,0.0,0.0,0.8,-1.6,0.0,0.0,0.0,0.8,0.0,1.6,0.8,-0.8,0.8,-0.8,-0.8,0.0,0.0,0.8,0.0,0.0,0.0,0.0,0.8,0.0,1.6,0.8,-1.6,0.8,0.8,1.6,0.8,0.0,0.0,0.0,1.6,0.8,0.8,-0.8,0.8,1.6,-1.6,0.8,0.8,0.8,1.6,0.0,1.6,1.6,0.0,0.8,-0.8,-1.6,0.0,-0.8,0.8,0.0,0.8,0.0,1.6,0.8,0.0,1.6,0.0,-0.8,0.8,-0.8,0.8,0.8,-0.8,1.6,0.8,0.0,-0.8,2.4000000000000004,-0.8,-0.8,0.8,0.0,0.0,0.0,-0.8,2.4000000000000004,0.8,0.8,0.0,0.8,0.0,0.0,0.8,1.6,0.8,0.8,0.0,1.6,0.0,0.0,-0.8,1.6,0.8,0.0,0.8,0.8,0.0,-0.8,0.8,0.0,0.0,0.0,0.8,0.8,0.0,0.0,0.8,0.0,0.0,1.6,0.0,0.8,0.0,0.0,0.0,0.0,0.8,0.0,0.8,-0.8,-0.8,0.8,-0.8,0.0,0.0,0.8,1.6,0.0,2.4000000000000004,0.0,0.0,0.8,0.0,0.0,-0.8,0.8,0.8,-0.8,1.6,0.0,0.8,0.8,-0.8,1.6,-0.8,0.0,0.8,-0.8,0.8,0.8,0.0,0.0,0.8,1.6,0.0,0.8,0.8,-0.8,1.6,0.0,2.4000000000000004,0.0,0.0,1.6,-0.8,0.8,1.6,0.0,1.6,-0.8,0.0,-0.8,0.8,0.0,0.8,1.6,0.0,0.0,0.8,-0.8,0.8,0.0,0.0,0.0,-0.8,1.6,-1.6,0.8,0.8,0.8,0.8,-0.8,0.8,0.8,0.0,0.8,-0.8,1.6,-0.8,-0.8,0.0,0.0,0.8,-0.8,0.8,0.8,-1.6,0.8,0.0,-0.8,-0.8,0.0,1.6,0.0,0.8,0.0,0.0,0.8,-0.8,-0.8,-0.8,0.8,0.8,0.0,0.8,0.0,0.0,0.8,0.0,0.0,-0.8,0.8,-0.8,0.0,0.8,0.0,0.0,0.0,0.8,0.0,0.0,0.0,0.0,0.0,-0.8,0.0,0.8,0.0,-0.8,0.0,0.8,0.8,0.8,0.8,-0.8,1.6,-0.8,0.0,0.8,0.8,0.0,0.0,0.8,1.6,0.0,2.4000000000000004,0.0,1.6,0.0,-0.8,0.8,0.0,0.0,1.6,-0.8,2.4000000000000004,0.0,0.0,0.0,0.8,0.0,0.8,0.8,0.8,-0.8,0.8,0.0,0.8,0.0,0.0,0.8,-0.8,2.4000000000000004,0.8,-0.8,0.0,-0.8,1.6,-0.8,0.0,0.0,0.0,0.8,0.0,0.8,0.0,-0.8,0.8,-1.6,0.0,0.0,0.8,0.8,0.0,0.0,-0.8,1.6,-1.6,-1.6,-0.8,0.8,0.0,0.0,-0.8,0.8,0.0,0.8,0.0,-0.8,0.8,0.0,0.0,0.8,0.0,0.8,0.8,0.0,0.8,0.0,0.0,0.0,0.8,-0.8,-0.8,0.0,-0.8,0.0,1.6,0.0,0.0,0.0,0.8,0.8,0.0,0.8,-1.6,-0.8,1.6,0.8,0.8,0.8,-0.8,0.8,0.0,1.6,0.8,-0.8,0.8,-0.8,0.0,-0.8,-0.8,1.6,-0.8,1.6,0.8,0.0,-0.8,0.0,0.8,0.8,0.0,1.6,-0.8,0.0,0.8,0.8,0.0,0.0,0.0,-0.8,0.0,0.8,0.0,1.6,-0.8,0.0,0.0,-1.6,0.8,0.8,0.0,0.0,-1.6,0.0,0.0,0.0,0.0,-0.8,0.8,0.8,0.0,0.8,0.0,0.0,0.0,0.0,0.0,-1.6,0.8,0.0,0.0,0.0,1.6,0.0,0.8,0.0,-0.8,0.8,-0.8,0.8,0.0,0.8,0.8,1.6,0.0,0.0,0.0,0.0,0.0,0.0,0.0,0.0,-0.8,0.0,0.0,-0.8,0.0,1.6,0.0,0.0,0.8,0.0,0.8,-0.8,0.8,0.0,0.8,0.8,0.0,1.6,0.0,0.8,0.8,-0.8,0.8,0.0,0.0,0.8,0.8,-0.8,0.8,0.8,0.0,-0.8,0.8,-1.6,0.8,-0.8,0.8,0.8,0.0,0.0,0.0
event_138,1625267045.4862342,0.0,0.0,0.0,0.0,0.8,-0.8,0.0,0.0,0.8,0.0,0.8,0.8,0.8,0.8,1.6,0.0,0.0,0.0,-0.8,-0.8,0.8,0.8,0.8,0.8,-0.8,0.0,0.0,0.0,1.6,-0.8,0.8,0.0,0.0,0.0,-1.6,0.0,0.0,0.8,0.8,0.0,0.8,1.6,0.8,0.0,0.0,0.0,0.0,-0.8,0.0,0.0,0.8,0.0,0.0,0.8,-0.8,0.8,0.0,-0.8,0.0,0.0,0.8,-0.8,0.8,0.8,-1.6,0.8,-1.6,-0.8,0.0,1.6,1.6,-0.8,0.0,1.6,0.0,1.6,-0.8,0.0,1.6,-0.8,0.0,0.8,0.8,0.8,0.0,2.4000000000000004,1.6,0.8,-0.8,-0.8,0.8,-0.8,0.8,-0.8,-0.8,0.8,-0.8,0.0,1.6,0.8,1.6,0.8,0.0,-23.200000000000003,-59.2,-50.4,-26.4,-10.400000000000002,-5.6,-0.8,0.0,-3.2,-4.0,-1.6,-3.2,-0.8,-0.8,-1.6,0.0,0.0,-1.6,0.8,0.0,1.6,-0.8,-0.8,0.8,0.0,-0.8,0.0,-0.8,0.8,-0.8,0.0,0.0,2.4000000000000004,0.8,-1.6,0.0,-1.6,0.8,0.8,0.0,0.8,-1.6,0.8,-0.8,-0.8,0.0,0.0,0.8,0.0,0.8,-0.8,0.0,0.8,0.0,0.0,0.0,0.0,0.8,0.8,0.8,0.8,0.8,0.8,-1.6,0.8,1.6,0.0,1.6,0.0,0.8,1.6,0.0,0.0,-1.6,1.6,0.0,-0.8,0.8,1.6,0.8,0.0,1.6,0.0,0.0,0.0,-0.8,1.6,0.0,-0.8,0.0,-0.8,0.0,0.0,0.0,1.6,0.0,-0.8,0.8,0.8,0.0,-0.8,0.8,0.0,1.6,-0.8,0.8,0.8,0.8,-0.8,0.8,-0.8,-0.8,0.0,0.0,-1.6,-0.8,0.8,0.8,0.0,0.0,-0.8,-0.8,-0.8,0.0,-0.8,0.8,0.0,0.0,0.0,-0.8,0.0,0.0,0.0,0.8,-1.6,-0.8,0.0,1.6,0.8,-0.8,0.8,-0.8,0.0,0.0,0.0,1.6,-0.8,0.8,-1.6,0.8,1.6,-1.6,0.8,0.0,0.0,0.8,-0.8,1.6,-0.8,0.0,-0.8,-0.8,0.0,-0.8,1.6,1.6,-0.8,1.6,-0.8,0.0,1.6,0.0,1.6,0.8,1.6,-1.6,0.0,0.8,-0.8,0.0,-0.8,0.8,0.0,-1.6,0.0,-0.8,0.8,0.8,0.0,0.8,0.0,0.0,-0.8,0.0,2.4000000000000004,0.0,1.6,0.0,0.0,0.0,-1.6,0.0,-0.8,-0.8,0.8,0.8,1.6,-0.8,0.0,1.6,-0.8,0.0,-0.8,0.0,0.0,-1.6,1.6,0.0,0.0,0.0,0.0,0.8,0.8,0.0,1.6,0.0,0.8,0.0,0.8,0.0,1.6,0.8,-0.8,1.6,0.0,0.0,0.8,0.8,-0.8,0.0,1.6,-1.6,-0.8,0.8,0.0,-0.8,0.0,-0.8,-0.8,0.0,0.0,0.8,0.8,0.8,0.0,0.0,0.8,1.6,-0.8,0.0,0.0,-1.6,1.6,1.6,0.8,0.0,-0.8,2.4000000000000004,0.8,0.8,0.0,-0.8,0.0,-1.6,0.8,0.0,-0.8,0.8,0.0,2.4000000000000004,0.0,0.0,1.6,0.8,2.4000000000000004,-0.8,0.8,0.8,0.0,1.6,0.0,0.8,0.8,0.0,1.6,0.0,0.0,1.6,-0.8,0.8,0.0,0.0,0.0,0.8,0.8,0.8,0.8,0.0,0.0,0.8,-0.8,0.8,-0.8,-0.8,0.8,0.0,1.6,-0.8,0.0,0.8,-0.8,0.8,-0.8,-0.8,0.0,0.8,0.8,-0.8,0.8,0.0,0.0,0.8,0.0,-0.8,1.6,0.0,0.0,0.8,0.8,1.6,0.0,-0.8,0.0,0.8,0.0,0.8,0.0,-0.8,0.8,0.0,0.8,0.8,0.8,0.8,0.8,0.8,0.8,0.0,0.8,-0.8,-1.6,0.0,1.6,0.0,0.0,0.0,1.6,0.0,0.8,0.8,0.0,1.6,1.6,0.0,1.6,1.6,0.0,0.0,0.0,1.6,0.8,1.6,0.8,0.0,0.8,-0.8,0.0,0.0,0.8,0.0,-0.8,1.6,0.0,0.0,2.4000000000000004,0.8,0.8,-0.8,0.8,2.4000000000000004,0.8,1.6,0.0,1.6,1.6,0.8,1.6,0.0,0.0,0.8,-0.8,0.8,0.0,0.0,1.6,0.8,1.6,0.8,0.8,0.0,0.8,0.0,0.0,1.6,0.0,0.0,0.0,0.0,0.8,1.6,0.8,1.6,-0.8,0.0,0.0,0.8,-0.8,0.0,1.6,0.8,-0.8,0.8,1.6,0.8,1.6,0.8,0.0,0.8,0.0,0.8,0.8,0.8,0.0,-0.8,0.8,0.0,0.8,1.6,0.0,0.0,-0.8,0.8,0.8,0.0,0.8,0.0,0.8,-0.8,0.8,0.8,-0.8,1.6,-0.8,-0.8,1.6,0.0,0.0,-0.8,0.0,0.8,-0.8,0.8,0.0,1.6,0.8,-0.8,0.8,-0.8,0.0,0.8,0.8,0.0,0.0,0.8,0.0,0.8,0.8,0.0,0.8,1.6,0.8,0.8,0.8,1.6,-0.8,0.8,0.8,0.0,0.0,-0.8,-0.8,0.8,-0.8,1.6,0.8,0.8,0.8,0.0,0.0,1.6,-0.8,1.6,-0.8,1.6,-0.8,-0.8,0.8,0.8,0.8,0.0,0.8,0.0,2.4000000000000004,0.8,0.0,0.0,0.8,0.0,0.8,-0.8,0.0,0.0,-0.8,0.8,-1.6,0.0,-0.8,0.8,0.8,0.8,0.8,0.0,0.8,1.6,0.0,0.0,0.8,-0.8,0.0,-0.8,1.6,0.8,0.8,0.0,0.8,1.6,1.6,0.8,-0.8,1.6,-0.8,0.0,0.8,0.0,1.6,-0.8,0.8,0.0,0.8,-0.8,-0.8,1.6,0.0,-0.8,0.0,-1.6,1.6,-1.6,0.8,1.6,0.0,0.8,0.0,1.6,0.8,-1.6,1.6,0.8,1.6,0.8,0.0,1.6,0.0,0.8,0.8,-0.8,1.6,-2.4000000000000004,0.0,-0.8,-1.6,0.0,0.0,0.8,0.0,-1.6,0.0,-0.8,1.6,0.0,-0.8,1.6,0.0,0.8,0.0,-0.8,0.0,-0.8,1.6,0.0,0.0,1.6,0.0,-0.8,-1.6,0.8,-0.8,0.0,0.0,-1.6,1.6,0.0,-0.8,0.0,-1.6,0.0,0.0,-0.8,0.8,-0.8,1.6,0.0,-0.8,0.0,-0.8,1.6,-1.6,-1.6,0.8,0.8,0.8,-0.8,0.8,0.8,0.0,0.0,-0.8,-0.8,0.0,-0.8,0.0,1.6,0.8,0.0,1.6,-0.8,0.8,0.8,-0.8,0.8,-0.8,0.0,-0.8,-0.8,0.8,-0.8,0.8,-0.8,0.8,0.0,0.0,1.6,0.0,0.0,-0.8,0.0,0.8,0.0,0.8,0.8,0.0,0.8,-0.8,1.6,-0.8,0.0,0.0,0.0,0.0,0.0,0.0,2.4000000000000004,-1.6,1.6,-0.8,0.8,0.0,-2.4000000000000004,0.8,0.8,0.8,0.8,-0.8,0.8,-1.6,0.0,-0.8,0.8,0.8,-0.8,0.8,0.8,-0.8,0.0,-0.8,0.8,0.0,0.8,2.4000000000000004,0.0,0.0,-0.8,0.0,-0.8,-0.8,1.6,0.8,0.0,0.8,0.0,-0.8,0.8,-0.8,0.0,0.0,0.0,0.0,0.8,1.6,-0.8,0.8,0.8,0.0,0.0,1.6,0.0,-0.8,0.8,0.8,-0.8,0.8,0.8,0.8,0.0,0.0,0.8,-0.8,0.0,0.0,1.6,-0.8,-0.8,0.0,0.0,0.8,-0.8,0.0,1.6,0.0,1.6,0.8,1.6,1.6,-0.8,0.8,0.0,0.8,0.0,0.8,0.8,1.6,0.8,0.8,0.8,0.8,0.0,0.0,0.0,0.8,0.8,1.6,0.8,0.0,-0.8,0.8,-0.8,0.8,-0.8,0.8,-0.8,0.0,0.8,0.0,0.8,0.0,0.8,0.0,0.0,0.0,0.0,0.8,0.0,-0.8,0.0,-0.8,0.0,0.0,0.8,0.0,-1.6,0.8,0.0,-0.8,0.0,-0.8,0.8,-0.8,0.0,0.0,-0.8,1.6,0.8,0.0,0.8,-0.8,0.0,0.0,1.6,0.8,0.0,1.6,0.0,0.0,1.6,0.0,-0.8,0.0,0.8,-0.8,0.0,0.8,0.0,0.0,0.0,0.8,0.8,0.8,0.8,0.8,0.0,-0.8,0.0,0.0,0.0,-0.8,0.8,1.6,-0.8,0.8,0.8,0.8,0.8,0.0,0.8,0.8,1.6,0.8,0.8,1.6,-0.8,0.8,1.6,0.0,0.8,-0.8,0.0,-0.8,0.0,0.0,0.8,0.8,0.0,-1.6,0.0,-0.8,0.8,-0.8,0.0,0.8,0.8,-0.8,-0.8,0.0,0.8,0.0,0.8,0.0,0.0,1.6,0.0,0.8,0.0,0.8,0.8,-0.8,0.8,0.0,1.6,0.0,0.8,0.8,-0.8,0.8,-0.8,0.8,0.8,0.8,0.8,-0.8,0.8,0.8,0.0,1.6,-0.8,-1.6,0.8,1.6,0.0,-0.8,-0.8,0.0,-0.8,1.6,0.0,-0.8,0.0,0.0,-0.8,0.0,0.0,0.8,-0.8,0.0,0.0,0.0,0.0,0.0,0.8,0.0,-0.8,0.0,0.0,0.0,0.8,0.8,0.8,0.0,-0.8,0.8,0.0,0.0,0.0,0.0,1.6,0.8,0.8,0.8,1.6,0.8,0.0,1.6,0.8,0.8,1.6,0.8,0.8,-0.8,0.0,1.6,0.8,0.0,-0.8,0.8,0.8,0.0,0.8,1.6,0.0,0.8,0.0,0.0,0.0,0.8,1.6,0.0,0.8,0.0,1.6,1.6,-0.8,2.4000000000000004,0.0,0.8,0.0,-0.8,1.6,0.8,0.8,0.8,-0.8,0.0,-0.8,0.8,-0.8,-1.6,0.8,-0.8,0.8,0.8,0.8,1.6,0.0,0.0,-1.6,0.8,1.6,0.0,0.8,0.8,0.8,0.0,0.8,1.6,-0.8,0.8,0.0,0.0,0.0,-0.8,0.0,0.8,-0.8,2.4000000000000004,0.8,1.6,0.8,0.8,0.0,0.0,0.0,-0.8,0.0,0.0,0.0,0.8,0.0,0.0,1.6,0.8,0.8,-0.8,0.8,0.0,1.6,0.8,0.0,1.6,0.0,0.0,0.8,0.0,0.8,0.0,0.0,-0.8,0.8,0.0,0.8,0.0,0.0,-0.8,0.8,-1.6,1.6,-2.4000000000000004,0.8,0.8,0.0,0.0,-1.6,0.8,0.0,0.0,1.6,0.0,0.0,0.8,0.8,0.0,-1.6,0.8,0.0,0.0,0.0,0.8,2.4000000000000004,0.0,1.6,0.0,-0.8,0.8,0.0,1.6,0.0,0.0,1.6,-1.6,0.8,0.0,0.0,2.4000000000000004,-1.6,0.0,0.0,0.8,0.8,-0.8,1.6,0.0,1.6,1.6,-1.6,1.6,0.0,0.0,0.0,-0.8,0.8,0.0,0.0,0.0,1.6,0.8,-0.8,0.8,-0.8,-1.6,0.8,-1.6,0.0,0.8,0.0,1.6,0.8,0.8,0.0,1.6,0.0,-0.8,0.0,0.8,0.0,0.0,0.8,1.6,0.8,0.8,0.0,0.8,0.8,0.8,0.0,-2.4000000000000004,0.0,1.6,-2.4000000000000004,0.8,4.0,0.0,-2.4000000000000004,1.6,1.6,-1.6,-1.6,1.6,0.0,0.8,-0.8,0.8,0.8,-0.8,0.8,0.8,0.0,-0.8,0.0,1.6,-0.8,0.0,0.8,0.8,-0.8,-0.8,0.8,0.8,0.0,-0.8,-0.8,-0.8,-0.8,0.8,0.8,-0.8,0.8,0.8,0.8,0.0,0.8,-0.8,0.8,0.8,0.0,0.0,0.8,0.0,0.0,-0.8,1.6,0.8,0.0,-0.8,-0.8,0.8,0.0,0.8,0.0,0.0,1.6,0.0,0.0,0.8,-0.8,0.8,-0.8,0.8,0.8,-1.6,0.0,0.0,0.0,0.8,-0.8,1.6,-0.8,0.8,0.0,0.0,0.8,-2.4000000000000004,1.6,0.0,1.6,0.8,-0.8,1.6,0.0,0.8,0.0,-0.8,1.6,0.0,-1.6,0.8,0.0,-0.8,0.0,0.8,1.6,0.0,0.0,-0.8,0.8,-1.6,-0.8,0.0,0.8,0.0,0.0,-0.8,0.0,-0.8,0.0,0.8,0.8,1.6,0.0,0.0,0.8,0.0,0.8,0.0,0.0,1.6,0.0,-0.8,0.8,-0.8,-0.8,0.0,0.8,0.8,-0.8,1.6,0.0,0.0,0.0,-0.8,0.0,-0.8,-0.8,-1.6,0.0,1.6,0.0,0.8,0.0,0.0,0.8,0.0,0.0,-0.8,0.8,0.8,-0.8,0.0,0.0,0.0,0.8,-1.6,0.8,0.0,0.0,-0.8,0.0,0.0,-0.8,0.0,-0.8,-0.8,0.8,-0.8,1.6,0.0,0.0,0.8,0.0,1.6,0.8,0.0,0.8,1.6,0.0,0.8,0.0,0.8,-0.8,0.8,0.0,0.0,0.0,0.0,0.0,0.0,0.8,0.8,1.6,0.8,-0.8,-0.8,0.0,0.8,0.0,0.8,0.0,0.0,-0.8,0.8,0.8,0.0,0.8,0.8,0.8,0.0,0.8,0.8,0.0,0.8,0.8,0.0,0.0,-0.8,0.0,0.8,-0.8,0.8,0.0,-0.8,0.0,0.0,0.0,-1.6,-0.8,0.8,-1.6,0.8,0.8,-1.6,0.8,-0.8,0.0,-0.8,0.8,0.8,-0.8,0.0,0.8,0.0,0.8,-0.8,-0.8,0.0,0.0,-0.8,-0.8,0.8,0.0,0.0,0.8,0.0,0.8,-0.8,0.0,0.0,-0.8,0.0,-0.8,0.0,0.0,-0.8,0.0,0.0,0.8,0.0,0.0,0.8,-1.6,-0.8,0.0,0.0,0.8,-0.8,1.6,0.8,1.6,-0.8,0.0,2.4000000000000004,0.8,0.0,0.8,-0.8,0.8,0.0,0.0,0.0,0.0,0.0,-0.8,0.8,0.0,-1.6,0.0,-2.4000000000000004,0.8,-1.6,0.8,0.8,0.0,0.8,0.0,0.8,0.0,0.8,1.6,0.0,0.0,1.6,1.6,0.0,-0.8,0.0,0.0,0.0,1.6,-0.8,1.6,0.8,0.0,1.6,0.8,0.8,0.0,0.8,0.0,0.0,0.0,0.0,0.8,-1.6,0.0,0.8,0.8,-1.6,-1.6,1.6,0.0,1.6,0.0,-0.8,1.6,-0.8,0.0,0.8,0.8,0.8,-1.6,0.8,0.8,-1.6,1.6,0.8,0.8,0.0,-0.8,0.0,0.8,0.0,-0.8,-0.8,0.8,-0.8,0.0,0.8,0.0,0.0,0.0,1.6,0.0,0.8,0.8,-0.8,2.4000000000000004,0.0,-0.8,1.6,0.0,1.6,-1.6,0.8,1.6,-0.8,0.8,0.0,0.8,1.6,-1.6,1.6,-0.8,0.8,-1.6,0.8,0.0,0.0,0.8,0.8,0.8,1.6,-0.8,0.8,0.0,0.8,1.6,-0.8,1.6,-0.8,0.0,0.0,-1.6,0.0,-0.8,0.8,0.8,0.0,0.8,-0.8,0.8,0.8,0.0,-0.8,0.0,1.6,0.0,0.0,1.6,0.8,0.8,0.0,-0.8,0.0,0.8,0.8,0.8,0.8,1.6,1.6,0.8,-1.6,-0.8,0.0,0.0,0.8,0.8,0.0,0.8,0.8,1.6,0.8,0.0,0.0,0.0,0.8,0.0,0.8,0.0,0.8,0.0,0.0,0.8,0.8,0.0,0.8,1.6,0.8,0.8,0.0,0.0,0.8,0.8,0.0,1.6,0.0,1.6,0.0,0.0,0.8,-0.8,0.0,0.0,-0.8,0.0,0.0,0.8,0.0,1.6,0.0,-0.8,0.0,-0.8,0.8,1.6,0.0,1.6,0.0,0.0,0.8,0.0,1.6,0.0,1.6,-1.6,1.6,0.8,-0.8,1.6,0.8,-0.8,0.0,0.0,2.4000000000000004,0.0,-0.8,0.8,0.0,0.0,-0.8,0.0,0.0,0.0,1.6,0.8,1.6,0.8,0.8,0.0,0.0,0.8,-0.8,0.0,1.6,0.0,0.8,0.8,0.8,0.8,0.0,0.0,-0.8,0.8,0.0,-0.8,0.0,0.8,0.8,1.6,1.6,0.0,0.8,0.0,0.8,0.0,-1.6,-0.8,-0.8,0.8,-0.8,0.8,0.0,0.8,0.8,0.8,0.0,0.8,0.8,-1.6,1.6,0.0,1.6,-0.8,0.0,0.8,0.0,0.8,0.8,0.0,0.8,0.0,0.8,-0.8,0.0,-0.8,0.0,1.6,0.0,0.0,0.8,0.8,0.8,-0.8,2.4000000000000004,0.8,0.8,0.8,0.0,0.8,0.8,0.8,0.8,-0.8,0.8,1.6,0.8,1.6,1.6,0.8,-0.8,0.0,0.0,0.8,0.8,-0.8,-0.8,0.0,-2.4000000000000004,0.8,1.6,0.0,0.8,0.8,0.8,0.0,0.8,0.8,-0.8,0.0,0.8,-0.8,0.0,0.8,0.8,0.8,0.8,0.8,0.0,0.0,-0.8,-0.8,0.0,-1.6,0.0,0.8,0.0,0.0,-0.8,0.0,1.6,0.8,-0.8,0.8,0.8,0.0,0.0,0.0,0.8,0.8,-0.8,0.0,0.8,0.8,0.8,0.8,0.0,0.0,-0.8,1.6,0.8,0.8,1.6,0.8,0.8,0.8,-0.8,0.0,-0.8,0.8,-0.8,0.0,-0.8,-0.8,0.8,0.8,0.8,0.8,0.0,1.6,-1.6,0.0,0.0,0.0,1.6,0.8,0.0,1.6,-0.8,0.8,0.0,0.8,1.6,-0.8,2.4000000000000004,0.8,1.6,0.0,0.8,0.8,-0.8,0.0,0.8,0.0,0.8,0.0,0.8,-0.8,1.6,1.6,-1.6,1.6,1.6,-0.8,-1.6,3.2,0.8,-1.6,2.4000000000000004,0.8,-0.8,0.8,0.0,0.8,0.0,-0.8,0.8,0.8,0.8,-0.8,0.0,1.6,0.0,0.0,0.0,0.8,0.0,0.8,0.8,0.8,0.8,-0.8,0.8,0.8,0.0,-0.8,0.0,1.6,0.0,0.0,0.0,1.6,0.8,0.0,0.8,0.8,0.0,-0.8,0.8,0.8,2.4000000000000004,0.0,0.8,0.8,0.8,0.0,0.8,0.8,0.8,0.0,-0.8,0.8,0.8,-0.8,2.4000000000000004,0.0,0.8,0.0,-0.8,0.8,-0.8,-0.8,0.8,-0.8,1.6,-0.8,0.0,1.6,0.0,0.8,-0.8,0.0,0.8,0.8,0.8,-0.8,0.8,1.6,0.0,0.8,-0.8,0.8,0.0,0.8,-0.8,-1.6,1.6,-1.6,-0.8,0.8,-0.8,1.6,-0.8,0.0,0.8,0.0,0.0,-0.8,-0.8,0.0,-1.6,2.4000000000000004,-0.8,-0.8,0.0,0.8,1.6,-0.8,-0.8,-0.8,1.6,0.8,-1.6,0.8,0.8,0.0,0.8,0.8,1.6,0.0,0.0,0.8,2.4000000000000004,0.0,-0.8,0.0,0.8,0.0,0.8,0.8,0.8,0.0,0.8,1.6,0.0,0.8,-1.6,0.0,0.8,0.8,0.0,0.0,0.8,0.8,-0.8,0.8,0.0,0.0,-0.8,-0.8,0.8,-0.8,0.0,0.8,1.6,0.8,0.0,0.8,-0.8,0.8,0.0,0.8,0.0,0.0,0.0,-0.8,0.8,0.0,-0.8,1.6,0.0,-0.8,0.8,0.8,0.8,0.0,1.6,0.0,-0.8,0.8,0.0,0.8,0.8,0.0,0.0,-0.8,0.0,-0.8,0.0,0.8,0.0,1.6,-0.8,1.6,0.0,-0.8,1.6,-0.8,0.8,0.0,0.8,0.0,-1.6,0.8,0.0,0.0,0.8,-0.8,-0.8,0.0,-0.8,1.6,-0.8,2.4000000000000004,0.0,0.8,0.0,0.0,0.8,-1.6,0.8,1.6,-0.8,0.0,0.8,0.8,0.8,-0.8,0.0,0.0,0.0,0.0,0.0,0.8,-0.8,-0.8,0.8,0.0,1.6,0.0,1.6,0.8,0.8,0.0,1.6,0.0,0.0,-0.8,-0.8,0.8,0.0,-0.8,0.8,0.0,0.8,0.0,0.0,-0.8,0.0,0.0,0.8,0.8,0.0,-0.8,-0.8,0.0,0.8,0.0,0.0,-0.8,-0.8,0.8,0.0,0.8,1.6,-0.8,1.6,-0.8,0.0,1.6,0.0,0.0,0.0,-2.4000000000000004,-0.8,0.8,0.8,0.0,0.0,0.0,-0.8,0.0,0.0,0.8,0.0,0.8,1.6,-0.8,0.0,0.8,0.8,0.8,-0.8,0.8,1.6,1.6,0.0,-0.8,1.6,0.8,-0.8,-0.8,0.8,0.8,0.0,0.8,0.8,-0.8,0.8,1.6,0.8,0.0,0.0,0.8,0.0,-0.8,0.8,0.0,3.2,-0.8,0.0,1.6,-0.8,0.0,-0.8,1.6,0.8,1.6,0.0,0.8,0.8,1.6,-0.8,0.0,0.0,1.6,0.0,0.0,0.0,0.0,0.8,0.8,0.0,0.8,-0.8,0.0,0.8,0.8,0.0,0.8,0.8,0.8,-1.6,0.0,0.0,-0.8,0.8,-0.8,0.8,0.0,0.0,0.8,0.8,-0.8,0.0,0.8,0.0,0.0,0.8,0.0,0.0,0.0,-0.8,0.0,0.0,0.8,0.8,0.8,0.8,0.8,0.0,1.6,0.0,0.8,0.8,0.0,0.0,-0.8,1.6,0.8,0.0,0.8,0.0,1.6,0.8,0.0,0.8,0.0,0.8,0.0,0.8,-0.8,0.8,0.8,0.0,1.6,0.8,-0.8,1.6,1.6,0.0,0.0,-0.8,0.8,-0.8,0.8,-0.8,0.8,0.0,0.0,0.8,0.0,0.0,0.8,-0.8,0.0,2.4000000000000004,1.6,0.0,0.0,1.6,-1.6,1.6,0.0,0.0,1.6,0.0,0.0,0.0,0.0,2.4000000000000004,0.0,0.8
event_139,1625267047.635357,0.8,1.6,0.0,0.0,-0.8,0.8,0.8,0.0,0.8,0.8,0.8,0.0,0.0,1.6,-0.8,0.0,1.6,0.8,3.2,0.0,0.8,0.0,1.6,2.4000000000000004,0.0,0.8,0.0,-0.8,-0.8,-0.8,0.8,0.0,0.8,1.6,0.0,0.0,0.8,-0.8,0.8,-1.6,0.8,0.0,1.6,0.8,-0.8,1.6,0.0,1.6,0.8,0.0,0.8,1.6,0.8,0.0,0.0,1.6,0.8,0.8,0.8,0.8,0.0,0.0,0.8,0.0,0.8,0.0,0.0,0.8,0.8,0.8,0.8,-0.8,0.0,0.0,-0.8,0.8,0.0,0.0,0.8,0.8,0.8,0.0,0.0,0.0,0.0,0.8,0.0,0.0,1.6,0.0,-0.8,0.8,0.0,1.6,0.0,0.8,1.6,0.8,0.8,0.0,1.6,-0.8,-3.2,-45.6,-109.60000000000001,-93.60000000000001,-46.400000000000006,-18.4,-7.200000000000001,-3.2,-1.6,-5.6,-7.200000000000001,-4.800000000000001,-7.200000000000001,0.0,0.8,0.0,-0.8,0.0,0.8,0.0,0.0,1.6,-0.8,0.0,0.0,0.8,-0.8,-0.8,1.6,1.6,1.6,0.0,-0.8,2.4000000000000004,-1.6,0.8,0.8,-0.8,0.0,-0.8,0.0,1.6,0.0,-0.8,0.0,0.8,0.8,-1.6,1.6,0.8,-0.8,0.0,0.0,-0.8,-0.8,0.0,0.8,-0.8,-0.8,0.8,0.0,-0.8,-0.8,0.8,0.8,0.8,0.8,0.0,0.8,0.8,0.0,0.8,0.0,-0.8,-0.8,-0.8,1.6,0.0,0.8,0.0,0.0,0.8,0.0,-0.8,0.0,1.6,0.8,0.0,0.8,0.0,0.8,0.8,-0.8,1.6,-0.8,-0.8,0.8,-0.8,0.0,0.0,0.0,-0.8,0.0,0.8,0.0,1.6,1.6,0.0,1.6,0.0,0.8,-0.8,0.8,0.8,0.0,0.0,0.8,1.6,1.6,-0.8,2.4000000000000004,-0.8,0.8,0.0,-1.6,0.8,0.0,0.0,1.6,-0.8,0.8,-0.8,0.0,0.8,0.0,0.0,0.8,0.8,0.8,-0.8,0.0,0.8,1.6,0.0,0.0,0.8,-0.8,1.6,0.8,0.0,1.6,-0.8,0.8,0.0,-0.8,2.4000000000000004,0.0,0.0,0.0,-0.8,0.0,0.8,0.8,0.8,0.8,1.6,-0.8,0.0,0.0,0.8,0.0,-0.8,0.0,-0.8,0.0,0.8,1.6,0.0,-0.8,0.8,-0.8,0.8,0.8,-1.6,0.8,0.8,-0.8,-1.6,0.8,0.8,-0.8,0.0,1.6,0.8,0.0,0.8,0.8,-0.8,0.0,0.0,0.0,0.8,0.0,0.0,0.8,0.8,0.0,0.0,1.6,0.0,-0.8,1.6,-0.8,0.8,-0.8,0.8,0.8,0.8,0.8,0.0,0.0,0.8,-0.8,1.6,-0.8,0.0,0.0,0.8,0.8,0.0,0.0,0.0,-0.8,1.6,-1.6,0.8,-0.8,0.8,-1.6,-1.6,0.8,-0.8,0.8,0.0,0.0,0.0,-0.8,0.8,0.0,-0.8,1.6,0.0,0.8,-0.8,0.8,1.6,-0.8,1.6,-0.8,0.0,0.8,0.8,2.4000000000000004,-0.8,0.8,0.8,-1.6,0.8,0.0,0.8,1.6,-0.8,0.0,-1.6,0.8,0.0,0.8,2.4000000000000004,0.0,1.6,1.6,-0.8,1.6,0.0,0.0,0.0,0.8,0.0,0.0,-0.8,0.0,2.4000000000000004,0.0,-0.8,1.6,1.6,-1.6,0.0,-0.8,1.6,-0.8,0.0,0.0,2.4000000000000004,0.0,0.8,0.8,0.8,0.8,0.8,0.8,0.0,0.8,0.0,1.6,0.8,0.8,0.0,1.6,0.8,0.8,0.8,0.0,0.8,0.8,0.0,1.6,0.8,0.8,0.0,0.8,-0.8,0.8,-0.8,0.0,0.0,1.6,-0.8,0.0,0.0,0.8,0.0,0.0,0.8,0.0,1.6,0.0,0.8,0.0,0.8,0.8,-0.8,0.0,0.8,0.0,0.0,-0.8,0.8,-0.8,0.8,0.8,-0.8,0.8,-0.8,0.0,0.0,0.0,1.6,-0.8,0.8,0.0,-1.6,1.6,0.0,0.8,0.8,0.0,1.6,-0.8,0.8,-0.8,0.8,0.8,-0.8,0.0,-2.4000000000000004,0.0,0.8,-0.8,2.4000000000000004,0.8,-0.8,0.0,0.0,1.6,0.0,0.0,-0.8,0.0,0.8,-0.8,0.0,0.0,-0.8,1.6,0.0,0.8,0.8,-0.8,0.8,-0.8,1.6,0.0,-0.8,1.6,1.6,-0.8,1.6,-0.8,0.0,0.0,0.0,0.0,0.0,0.0,0.8,0.0,0.8,-1.6,0.0,-0.8,0.8,0.0,0.8,-0.8,0.8,0.8,0.0,0.0,0.0,0.8,0.8,0.0,-0.8,2.4000000000000004,0.8,-0.8,0.8,-1.6,0.8,0.0,0.0,0.8,-0.8,0.8,0.8,-0.8,-0.8,0.0,2.4000000000000004,0.0,-0.8,0.8,0.0,0.8,0.8,0.0,0.0,0.0,0.0,-1.6,0.8,1.6,-0.8,0.8,0.0,0.0,0.0,0.8,0.8,0.0,0.8,0.0,0.0,0.8,0.0,0.8,0.0,0.0,1.6,0.8,0.0,-0.8,0.8,0.0,-0.8,0.0,-0.8,0.8,0.0,0.0,1.6,0.0,0.8,0.8,0.0,0.8,-0.8,0.0,0.8,0.8,-0.8,-0.8,0.8,0.8,0.0,1.6,0.0,0.8,0.0,-1.6,-0.8,0.0,-0.8,0.8,0.0,0.8,-1.6,0.0,-0.8,0.8,-1.6,0.0,0.0,0.8,-0.8,0.0,-0.8,0.8,0.8,-0.8,0.8,0.0,1.6,0.8,-0.8,0.8,0.0,0.8,0.0,-0.8,0.8,0.0,0.0,0.0,-0.8,0.8,0.0,0.0,0.8,-0.8,0.8,0.0,0.0,1.6,0.0,0.0,0.8,-1.6,0.0,-0.8,1.6,0.8,0.0,0.8,0.8,1.6,0.0,-1.6,0.8,0.0,0.0,-0.8,1.6,0.8,0.8,1.6,-0.8,0.8,0.8,-0.8,0.8,0.8,-0.8,0.8,-0.8,1.6,-0.8,0.8,-0.8,0.0,0.8,-0.8,1.6,0.0,-0.8,0.0,-0.8,1.6,1.6,0.8,0.0,0.0,1.6,-0.8,-0.8,3.2,-1.6,-1.6,0.8,1.6,0.8,-1.6,3.2,0.8,-1.6,-0.8,0.8,2.4000000000000004,-0.8,-1.6,0.8,-0.8,1.6,-1.6,0.0,0.8,0.0,0.0,0.0,1.6,-0.8,0.8,0.8,-0.8,0.8,0.0,0.0,0.8,0.0,1.6,0.0,0.0,0.0,0.0,-0.8,0.0,1.6,0.0,0.0,0.0,0.8,0.8,0.8,0.8,0.0,0.8,0.0,-0.8,0.0,0.8,0.8,-2.4000000000000004,0.0,0.8,0.0,1.6,0.0,-0.8,1.6,0.0,-0.8,0.0,0.8,0.8,0.0,0.8,1.6,0.8,0.0,-0.8,0.0,-0.8,0.0,-0.8,-0.8,0.8,-0.8,0.0,2.4000000000000004,0.8,0.8,0.0,0.8,0.0,-0.8,0.0,0.0,2.4000000000000004,0.8,0.0,0.8,-0.8,-0.8,0.0,0.0,1.6,0.0,0.8,-0.8,1.6,0.8,0.0,1.6,0.0,0.0,0.0,0.0,1.6,-0.8,1.6,0.0,0.8,0.8,-0.8,0.8,0.8,0.0,0.8,-0.8,0.8,1.6,0.8,1.6,0.0,0.0,0.0,-0.8,0.0,0.0,1.6,0.0,0.0,0.8,-0.8,0.8,-0.8,0.8,0.0,-0.8,0.8,0.0,0.0,0.0,-0.8,0.8,-0.8,-1.6,-0.8,1.6,0.8,0.0,0.8,0.0,0.0,0.8,-1.6,-0.8,0.0,0.0,-0.8,0.0,1.6,0.8,0.8,1.6,0.8,0.8,0.8,0.0,0.8,0.0,0.0,-0.8,0.8,0.8,0.0,0.0,1.6,0.8,0.0,1.6,0.8,0.8,-0.8,0.0,1.6,0.0,0.0,0.8,0.8,1.6,-0.8,0.8,-0.8,0.8,0.0,-0.8,0.0,-0.8,0.8,0.8,0.8,1.6,-1.6,0.8,-0.8,0.8,0.0,0.0,0.0,-0.8,0.0,-0.8,0.0,0.8,0.0,0.8,0.8,0.0,1.6,0.8,0.0,0.0,-0.8,0.0,0.0,0.0,0.0,0.0,0.0,-0.8,-0.8,-0.8,-0.8,0.8,0.0,0.0,0.0,-0.8,0.0,0.0,0.8,-0.8,-0.8,-0.8,-2.4000000000000004,0.8,0.8,-0.8,0.8,-0.8,0.8,0.0,1.6,0.0,0.8,0.8,-0.8,-0.8,0.0,0.0,0.0,0.0,0.8,0.8,0.0,0.0,0.0,0.0,0.0,0.0,0.8,-0.8,0.0,0.8,0.0,0.8,0.0,0.8,0.8,-0.8,0.8,0.8,0.0,0.8,1.6,0.0,0.0,0.8,0.8,-0.8,1.6,1.6,0.0,0.8,-0.8,0.0,0.0,-1.6,2.4000000000000004,-0.8,0.8,-0.8,0.0,0.0,0.0,0.0,0.8,0.0,1.6,-1.6,0.8,0.8,-0.8,0.8,-1.6,1.6,0.8,0.0,0.8,1.6,0.8,-1.6,1.6,1.6,-1.6,1.6,0.8,-1.6,0.0,-0.8,-0.8,0.0,0.0,0.0,-1.6,0.8,-0.8,-0.8,0.8,-0.8,0.8,0.0,0.0,-0.8,-0.8,2.4000000000000004,0.0,0.0,0.0,0.8,1.6,0.8,0.8,0.0,0.8,0.8,0.0,1.6,-0.8,0.0,0.0,0.0,1.6,-0.8,0.8,0.8,0.0,0.0,0.0,1.6,0.8,0.8,0.8,-0.8,0.8,1.6,0.0,0.8,0.0,0.8,0.0,0.8,0.0,0.0,0.0,1.6,1.6,0.8,0.0,0.0,0.8,0.8,0.0,0.0,-0.8,-0.8,-0.8,0.8,0.8,0.0,0.0,0.0,0.0,0.8,-0.8,-0.8,0.0,1.6,1.6,-1.6,0.8,0.0,-0.8,0.8,0.0,0.8,0.8,0.8,0.8,0.0,1.6,-0.8,0.0,-0.8,-0.8,1.6,-0.8,0.0,0.8,-1.6,0.8,-0.8,-0.8,0.0,-0.8,0.8,-1.6,0.8,0.8,0.0,1.6,-0.8,-0.8,0.0,0.0,0.8,-0.8,1.6,0.8,0.8,1.6,0.0,1.6,0.8,0.0,0.8,0.8,1.6,0.8,0.8,0.8,0.0,1.6,0.8,0.8,0.8,-0.8,0.0,0.0,0.8,0.8,-1.6,1.6,0.8,0.8,0.0,1.6,1.6,0.8,0.8,0.0,0.8,2.4000000000000004,-0.8,0.0,0.8,0.8,1.6,0.8,0.8,0.8,0.8,0.0,0.0,0.0,0.0,1.6,0.8,0.0,0.8,0.8,0.0,1.6,0.0,0.0,0.0,-0.8,0.0,0.0,0.8,1.6,0.0,0.0,0.8,-0.8,1.6,0.0,0.0,-0.8,-0.8,0.8,-0.8,0.8,0.8,0.8,0.8,0.8,0.8,0.0,0.8,0.0,0.0,0.0,0.0,0.0,0.0,0.0,0.0,-0.8,1.6,0.8,-1.6,0.0,0.8,0.0,0.8,0.0,0.8,0.0,0.8,0.0,0.0,0.0,0.8,0.0,1.6,0.0,0.8,-0.8,-0.8,0.0,0.0,1.6,-0.8,0.8,-0.8,0.0,0.8,0.0,0.0,-0.8,-0.8,1.6,0.0,0.0,0.0,-0.8,1.6,0.0,0.8,-0.8,0.8,1.6,-0.8,1.6,0.0,-0.8,0.8,0.0,1.6,-1.6,-0.8,0.0,0.0,0.8,0.8,0.0,0.8,0.0,0.0,0.0,0.8,-0.8,0.0,0.8,0.8,0.0,-0.8,0.0,0.8,-0.8,0.0,0.8,0.0,2.4000000000000004,0.8,0.0,0.8,0.8,-0.8,-1.6,-0.8,0.8,0.0,0.0,0.8,0.0,0.0,-0.8,0.0,0.8,0.8,1.6,0.8,0.8,1.6,0.0,0.8,0.8,-1.6,-0.8,0.8,1.6,0.8,0.8,0.0,1.6,1.6,0.8,1.6,-0.8,0.0,0.8,-0.8,0.8,0.0,0.8,0.8,-0.8,1.6,0.0,0.0,0.8,0.8,0.8,0.0,-0.8,0.0,0.0,0.0,-0.8,0.8,0.8,0.0,0.0,0.0,0.8,-1.6,0.0,1.6,0.8,0.8,0.0,1.6,1.6,-0.8,1.6,-0.8,0.8,0.0,-0.8,0.8,-0.8,0.0,1.6,0.0,1.6,-1.6,0.0,0.0,0.0,0.0,-0.8,0.0,0.0,-0.8,0.8,0.0,1.6,0.0,0.0,0.0,-0.8,0.8,0.0,-1.6,-1.6,0.0,0.0,0.0,0.0,-0.8,0.0,2.4000000000000004,-2.4000000000000004,-2.4000000000000004,1.6,0.0,-2.4000000000000004,0.8,0.8,-0.8,0.0,-0.8,0.0,0.8,-0.8,0.0,0.0,-1.6,-0.8,1.6,-0.8,-0.8,0.8,0.0,0.8,0.8,-0.8,-0.8,0.8,0.0,-0.8,-0.8,0.8,0.0,0.0,0.0,0.0,0.8,-0.8,0.8,0.0,-2.4000000000000004,0.0,-0.8,1.6,-0.8,0.0,0.0,0.0,0.8,0.0,0.0,0.8,-1.6,-1.6,0.8,0.0,0.8,-0.8,0.0,0.8,0.0,0.0,0.0,0.0,0.0,-1.6,0.8,-1.6,0.8,-0.8,1.6,0.8,-0.8,0.8,0.0,0.0,0.0,-0.8,1.6,-0.8,1.6,0.8,-0.8,0.8,-1.6,1.6,0.8,0.0,1.6,-0.8,0.8,1.6,0.0,0.0,-0.8,0.8,-0.8,0.8,0.8,-1.6,0.8,-0.8,-0.8,1.6,0.0,0.0,-0.8,0.8,0.0,-0.8,0.8,-0.8,0.0,0.0,-0.8,-0.8,-0.8,0.8,-1.6,0.0,0.0,0.8,0.8,0.0,0.0,0.0,0.0,0.8,-1.6,0.0,-0.8,0.0,0.0,-0.8,0.8,-0.8,0.8,0.0,0.8,-0.8,-0.8,0.0,0.8,0.0,0.8,0.0,0.8,0.0,0.0,0.0,0.0,0.0,-1.6,1.6,0.0,0.8,0.8,-1.6,0.0,0.0,0.0,1.6,-0.8,1.6,0.0,0.0,0.8,-0.8,0.8,0.0,0.8,0.0,-1.6,0.8,-0.8,1.6,0.0,0.8,-0.8,-0.8,0.8,-2.4000000000000004,0.0,0.8,0.0,1.6,0.0,0.8,0.8,0.0,0.0,-0.8,0.0,0.8,-0.8,0.8,0.0,0.0,0.0,0.0,0.8,-0.8,0.0,0.0,-0.8,0.0,-0.8,0.8,0.0,0.8,0.8,0.0,0.8,0.0,-0.8,-0.8,0.8,1.6,0.0,0.0,1.6,0.0,1.6,0.8,0.0,0.8,0.0,0.0,-0.8,0.8,0.8,-0.8,0.8,0.8,-0.8,-0.8,0.0,1.6,0.0,0.0,1.6,0.0,0.8,0.0,0.8,2.4000000000000004,0.0,0.8,0.8,0.0,0.0,-0.8,0.8,0.0,1.6,0.0,-0.8,0.8,0.8,0.8,1.6,0.0,0.0,0.0,-0.8,0.0,0.0,0.8,0.0,0.8,0.0,-0.8,0.0,0.0,0.0,-0.8,1.6,0.0,0.8,0.0,0.0,-0.8,0.8,0.0,0.0,0.0,0.0,2.4000000000000004,0.0,0.0,1.6,0.0,0.8,1.6,0.8,1.6,1.6,0.0,-0.8,0.0,0.0,0.8,0.8,-0.8,0.0,0.8,0.0,1.6,0.8,0.8,0.8,0.8,0.8,-0.8,0.8,0.8,0.8,0.8,0.0,1.6,0.0,0.8,0.8,-1.6,0.8,-1.6,-0.8,0.8,-0.8,0.8,0.0,0.8,0.8,0.0,0.8,0.0,0.8,0.0,-0.8,-0.8,-0.8,0.8,0.8,-0.8,0.8,-0.8,0.8,1.6,-0.8,0.0,-0.8,0.0,0.8,1.6,0.0,0.8,1.6,1.6,0.0,0.8,0.0,0.0,0.0,0.0,0.8,0.0,0.0,0.0,0.0,-0.8,-0.8,0.0,-0.8,0.8,-0.8,0.8,0.8,0.8,0.8,-0.8,0.8,0.8,0.8,0.0,0.0,0.0,0.8,1.6,0.0,0.8,0.8,0.0,0.0,0.0,1.6,1.6,0.0,0.8,-0.8,-0.8,-0.8,-0.8,0.0,-1.6,0.0,0.8,-1.6,1.6,-0.8,0.0,0.0,-0.8,0.8,-1.6,1.6,0.0,-0.8,2.4000000000000004,0.0,-0.8,1.6,0.0,0.0,0.8,0.8,-1.6,0.0,0.8,0.0,2.4000000000000004,-0.8,0.8,0.8,1.6,0.0,0.0,0.0,0.8,0.0,0.0,0.0,0.8,0.8,0.8,2.4000000000000004,0.0,0.8,0.8,0.8,0.8,0.8,1.6,1.6,0.0,1.6,0.0,1.6,0.0,0.0,1.6,0.8,0.0,0.8,0.0,0.8,-0.8,1.6,0.0,0.0,-0.8,1.6,0.0,0.8,-0.8,-0.8,0.8,0.8,-0.8,0.0,0.0,0.8,0.0,0.8,0.8,0.0,1.6,0.8,0.8,0.0,0.0,0.0,-0.8,0.0,0.8,1.6,0.0,0.8,0.0,0.0,0.0,0.0,0.8,0.8,0.0,0.8,0.0,0.8,0.8,-1.6,1.6,0.0,-1.6,0.8,0.8,1.6,0.0,-0.8,1.6,-0.8,1.6,0.0,0.8,1.6,-0.8,0.0,0.0,0.8,0.0,0.0,0.8,0.0,0.8,0.0,-0.8,0.8,-1.6,0.0,0.0,-0.8,0.8,-0.8,0.8,0.8,-0.8,0.8,0.0,1.6,0.8,0.0,0.8,-0.8,2.4000000000000004,0.0,-0.8,0.8,0.8,0.8,0.0,0.8,0.8,-0.8,0.0,-1.6,0.8,0.8,1.6,1.6,0.8,-0.8,0.0,0.0,0.8,-0.8,0.8,0.8,1.6,0.8,0.0,1.6,0.0,0.8,0.0,0.0,0.0,1.6,1.6,0.8,0.8,0.8,0.0,0.0,0.0,0.8,1.6,-0.8,0.0,0.0,0.0,0.0,1.6,0.0,0.0,0.0,0.8,0.8,0.0,0.8,0.8,1.6,0.0,0.0,0.0,0.8,0.0,0.8,-0.8,0.8,0.0,0.8,0.0,-0.8,2.4000000000000004,0.8,0.0,0.8,0.8,1.6,0.0,0.0,0.8,-0.8,0.8,0.0,0.0,0.0,-0.8,1.6,-0.8,-0.8,0.8,0.0,2.4000000000000004,0.0,0.8,1.6,0.0,1.6,-0.8,1.6,0.8,0.8,0.8,0.0,1.6,0.8,0.0,0.0,-0.8,1.6,0.0,0.0,0.8,-0.8,0.8,1.6,0.8,0.8,-0.8,0.8,0.8,0.0,0.0,-0.8,0.8,0.8,-0.8,0.8,-0.8,0.8,0.8,0.0,0.8,-0.8,1.6,0.8,0.0,0.0,-0.8,0.8,0.0,0.0,1.6,0.8,0.0,0.8,0.0,-0.8,0.8,0.8,0.0,0.8,0.8,0.0,0.0,0.8,-0.8,0.8,0.0,0.0,-0.8,0.0,1.6,0.8,1.6,0.0,0.8,0.8,0.0,0.8,0.0,0.8,0.8,0.0,0.8,1.6,0.8,0.8,-0.8,0.8,0.0,-0.8,0.8,0.0,-0.8,0.0,0.0,0.8,-1.6,0.0,0.8,1.6,0.0,0.0,0.8,1.6,0.0,0.8,1.6,0.8,2.4000000000000004,0.0,0.8,1.6,0.8,-1.6,0.0,0.8,0.8,0.0,-0.8,0.8,0.0,-0.8,1.6,0.0,0.8,0.0,-0.8,0.8,0.8,0.0,0.0,0.0,1.6,-1.6,0.0,0.0,0.0,0.8,0.8,2.4000000000000004,-0.8,2.4000000000000004,0.8,0.8,1.6,0.0,1.6,0.0,-0.8,2.4000000000000004,0.0,0.0,1.6,-0.8,0.8,0.8,0.8,0.0,-0.8,0.0,0.0,0.0,1.6,1.6,0.0,0.0,-0.8,-0.8,0.0,2.4000000000000004,0.0,-0.8,0.8,3.2,-1.6,-1.6,3.2,-0.8,0.0,0.0,0.0,0.0,0.0,1.6,0.8,0.8,0.0,0.0,1.6,0.0,0.0,0.0,0.0,0.0,0.0,0.0,0.0,1.6,0.0,0.0,0.0,0.8,0.0,0.0,-0.8,0.0,0.0,1.6,0.0,0.8,0.8,0.0,0.0,0.0,1.6,0.8,-0.8,0.0,0.0,0.0,0.0,0.0,1.6,0.0,0.8,0.0,0.0,0.0,-1.6,1.6,0.0,0.8,-0.8,-0.8,1.6,0.0,0.0,1.6,-1.6,0.0,0.8,0.8,0.8,0.0,1.6,0.8,0.8,-0.8,-0.8,1.6,-1.6,0.8,0.8,-1.6,0.8,0.0,0.8,0.0,0.0,1.6,0.0,0.8,0.0,-0.8,1.6,-0.8,0.0,0.8,1.6,0.8,-1.6,0.0,0.8,0.8,1.6,0.0,0.8,-0.8,-0.8,-0.8,0.0,0.0,0.0,0.8,0.0,0.0,0.8,0.0,0.8,0.8,-0.8,0.0,-1.6,0.0,0.8,0.0,0.0,0.0,0.0,-0.8,0.8,0.0,0.0,0.0,0.0,-0.8,0.8,0.8,0.0,1.6,1.6,0.8,1.6,0.0,0.0,0.8,-1.6,-0.8,0.0,0.0,1.6,0.8,0.8,-0.8,0.8,-1.6,0.0,-0.8,0.0,0.8,0.8,-0.8,0.8,0.0,1.6,0.8,0.8,0.0,0.0,1.6,0.0,0.8,0.0,0.8,0.0,-0.8,0.8,0.0,0.0,0.0,-0.8,0.0,-1.6,0.0,0.8,-0.8,0.0,0.8,0.8,0.0,0.0,1.6,-0.8,0.8,0.0,-0.8,1.6,0.8,0.8,-0.8,0.0,1.6,0.0,0.8,-0.8,0.0,1.6,0.0,0.0,0.8,0.8,1.6,-0.8,0.8,0.8,0.0,0.8,0.8,1.6,-0.8,0.0,1.6,0.0,0.0,-0.8,0.8,0.8,0.0,0.8,0.8,0.0,0.0,-0.8,1.6,0.8,0.8,0.8,-0.8,1.6,0.8,0.0,1.6
event_140,1625267049.7934804,-0.8,0.0,0.0,-0.8,-1.6,-0.8,0.8,-0.8,0.8,-0.8,0.0,0.8,-0.8,0.0,-0.8,0.8,0.8,-1.6,0.0,-0.8,0.0,0.0,0.0,0.0,-0.8,0.8,0.0,0.8,0.0,-0.8,0.8,0.8,0.0,1.6,-0.8,0.8,1.6,0.0,1.6,1.6,1.6,0.0,0.0,0.8,0.8,0.8,0.8,0.0,1.6,0.8,1.6,0.8,0.8,0.0,-1.6,0.8,0.0,0.8,2.4000000000000004,1.6,1.6,-0.8,0.0,-0.8,0.8,0.8,0.0,0.8,0.8,0.8,-0.8,-0.8,0.8,0.8,0.8,0.8,0.8,1.6,0.8,0.0,1.6,0.8,0.8,0.0,-0.8,0.8,0.8,-0.8,1.6,0.0,0.0,0.8,-0.8,-0.8,0.0,0.0,0.8,0.0,0.8,0.8,-0.8,0.8,-3.2,-28.800000000000004,-64.8,-45.6,-18.4,-8.8,-4.800000000000001,-2.4000000000000004,-2.4000000000000004,-3.2,-4.0,-1.6,-3.2,0.0,0.0,-0.8,0.8,0.8,0.0,0.8,0.0,0.8,0.0,0.0,0.8,0.0,-0.8,-0.8,0.8,0.8,-1.6,0.0,0.8,0.8,0.0,0.8,0.8,-0.8,0.0,0.0,0.8,3.2,-0.8,1.6,1.6,-0.8,1.6,1.6,0.0,0.8,0.8,0.0,0.0,0.0,-0.8,0.8,0.8,0.0,-0.8,0.8,0.8,0.0,-0.8,1.6,0.8,0.8,-1.6,0.8,0.8,0.0,0.0,0.8,0.0,0.8,1.6,1.6,-0.8,0.0,0.0,0.0,0.0,0.0,1.6,2.4000000000000004,-0.8,0.0,0.0,-0.8,0.0,0.8,0.8,0.0,0.0,1.6,0.0,0.8,0.8,-0.8,2.4000000000000004,-0.8,-1.6,0.8,0.8,1.6,0.8,0.0,0.8,-0.8,1.6,0.8,0.0,1.6,-0.8,-0.8,-1.6,0.0,1.6,0.0,0.8,0.0,0.0,0.8,0.8,0.8,-0.8,0.8,0.0,-0.8,1.6,0.0,0.8,0.8,0.0,1.6,0.0,0.8,0.0,-0.8,-0.8,0.8,1.6,0.0,0.0,1.6,0.8,0.0,0.8,0.0,0.0,0.0,0.0,0.8,0.0,0.0,0.8,0.8,0.8,-0.8,0.0,-0.8,0.8,0.0,0.8,0.8,1.6,0.0,0.0,0.0,0.8,0.8,0.8,-0.8,-0.8,0.8,0.8,0.0,0.8,0.0,0.8,-0.8,-0.8,1.6,0.0,0.0,-0.8,0.0,0.0,0.0,0.0,0.0,0.0,0.0,0.8,-0.8,0.8,0.8,0.0,0.0,-1.6,-0.8,-0.8,1.6,0.0,0.0,0.8,0.8,0.8,0.8,0.8,-1.6,0.0,0.0,0.0,0.0,0.8,0.8,0.8,-0.8,1.6,0.0,0.8,0.8,0.0,0.0,0.0,-0.8,-0.8,0.0,0.8,0.0,1.6,0.8,0.0,1.6,0.0,0.8,0.0,0.0,1.6,0.0,0.8,0.0,0.0,2.4000000000000004,0.0,1.6,0.8,0.0,0.8,-0.8,0.8,-0.8,0.0,1.6,-0.8,0.8,-0.8,0.0,0.0,0.0,0.8,-0.8,0.8,0.8,-0.8,0.0,-0.8,0.8,0.0,0.0,0.8,0.0,1.6,0.0,0.0,-0.8,0.0,0.0,-0.8,-0.8,0.0,1.6,0.8,1.6,0.0,0.0,-0.8,0.8,0.0,0.0,0.0,0.0,0.0,0.0,0.0,-0.8,0.8,-0.8,-0.8,0.8,1.6,0.8,0.0,-0.8,1.6,1.6,0.0,0.0,0.8,0.8,0.0,-0.8,0.8,0.8,0.0,0.8,0.8,0.8,0.8,0.0,0.0,0.0,-0.8,0.8,0.0,0.0,0.8,0.8,0.0,0.8,1.6,0.0,0.8,0.8,-1.6,0.0,0.8,0.8,1.6,0.0,0.0,0.8,1.6,0.8,0.8,0.8,0.8,0.0,0.0,-0.8,0.8,0.8,0.0,1.6,0.8,0.0,0.0,0.0,0.8,-1.6,0.8,-0.8,0.8,0.8,0.0,0.8,0.0,1.6,0.0,-0.8,0.8,0.8,1.6,0.0,-0.8,1.6,0.0,0.0,0.0,0.0,0.8,-0.8,0.8,0.0,0.8,0.8,-0.8,1.6,-0.8,0.0,0.8,-0.8,0.8,0.8,0.0,1.6,0.0,0.0,-0.8,0.8,0.8,-0.8,0.8,0.8,0.8,1.6,-1.6,-0.8,1.6,-0.8,0.0,1.6,1.6,0.0,1.6,0.0,2.4000000000000004,0.8,0.0,1.6,0.8,0.0,-0.8,0.8,0.8,0.0,1.6,0.8,1.6,0.0,1.6,1.6,0.0,0.8,0.0,1.6,0.8,0.8,0.8,0.0,0.8,0.8,0.8,0.8,0.0,0.8,0.0,0.8,-0.8,-0.8,1.6,0.8,0.0,0.8,0.0,-0.8,-0.8,0.0,-0.8,-0.8,0.8,1.6,0.0,-0.8,-1.6,1.6,0.0,0.8,-0.8,-0.8,0.8,-0.8,0.0,0.8,0.0,0.0,-0.8,0.0,0.0,0.8,0.0,0.8,0.8,-1.6,0.8,0.8,0.0,0.0,0.0,0.8,0.0,0.0,-0.8,-0.8,0.8,-0.8,-0.8,0.0,0.8,0.0,0.0,0.0,1.6,0.0,2.4000000000000004,0.0,0.0,0.8,0.0,0.0,0.0,0.0,0.8,0.0,0.8,0.8,0.8,0.8,0.8,0.8,0.0,0.0,0.8,-0.8,0.0,0.8,0.0,1.6,0.0,0.0,0.8,0.8,1.6,0.0,0.8,0.8,1.6,0.8,0.8,1.6,1.6,-0.8,0.0,0.0,0.0,0.0,0.0,0.0,0.8,0.0,1.6,1.6,1.6,0.0,0.0,0.0,0.8,0.0,0.8,0.8,0.8,-0.8,0.8,0.0,0.8,0.8,0.8,1.6,0.0,1.6,0.0,0.0,0.8,0.8,0.8,0.0,0.0,0.8,0.0,0.0,0.8,-1.6,-0.8,0.8,0.0,0.0,0.0,0.8,0.0,0.0,1.6,0.8,0.0,0.0,0.8,-0.8,-0.8,2.4000000000000004,-0.8,0.8,0.8,1.6,1.6,0.8,1.6,0.0,0.8,0.8,-0.8,1.6,0.0,1.6,1.6,0.8,0.8,0.0,0.0,0.8,0.0,0.0,-0.8,0.8,-0.8,0.0,0.0,0.0,1.6,1.6,0.8,0.8,0.0,0.8,-0.8,0.8,0.8,1.6,0.0,0.0,1.6,1.6,0.0,0.8,0.0,1.6,0.0,0.0,-0.8,0.8,0.8,1.6,0.0,0.8,0.8,0.8,-0.8,0.8,0.8,1.6,0.0,1.6,-0.8,-0.8,0.8,0.8,0.0,0.8,-0.8,0.0,1.6,0.8,0.0,0.0,1.6,0.8,0.0,-0.8,0.0,1.6,-0.8,1.6,0.0,-0.8,1.6,0.0,0.0,0.0,1.6,0.8,0.0,1.6,0.0,0.8,1.6,-1.6,0.8,0.8,1.6,1.6,0.0,0.8,0.0,1.6,1.6,-0.8,0.0,-0.8,0.8,0.0,0.0,2.4000000000000004,0.8,1.6,0.0,0.8,1.6,0.0,0.8,0.8,0.8,0.8,-0.8,0.8,0.8,0.0,0.8,0.0,1.6,0.0,0.8,0.8,0.0,0.8,-0.8,1.6,0.8,0.0,0.8,0.8,0.8,0.0,0.0,0.8,0.0,0.0,-0.8,0.8,0.0,-0.8,1.6,0.8,1.6,0.8,0.0,0.0,0.8,-0.8,0.8,0.0,1.6,0.8,0.0,0.8,0.8,0.0,0.0,-0.8,0.8,1.6,0.8,0.8,0.8,0.0,0.0,0.0,0.8,0.0,-0.8,0.0,-0.8,0.8,0.0,0.0,1.6,0.8,0.0,0.0,0.0,0.8,0.8,0.8,0.0,1.6,0.8,-1.6,0.0,0.8,1.6,0.0,0.0,1.6,0.8,1.6,0.0,0.0,1.6,-0.8,0.0,0.0,0.0,1.6,-1.6,1.6,1.6,0.0,0.8,0.0,0.8,0.0,-1.6,1.6,-0.8,0.8,0.0,0.8,1.6,-0.8,1.6,0.8,0.0,1.6,-0.8,2.4000000000000004,0.0,0.8,0.8,-0.8,0.8,0.0,0.0,0.8,0.8,0.8,-0.8,0.8,0.0,0.0,0.8,-0.8,0.8,1.6,-1.6,0.8,-0.8,0.8,0.0,0.0,0.8,0.0,0.0,-1.6,0.0,0.8,-0.8,0.0,-0.8,-0.8,1.6,0.8,0.0,0.0,0.8,0.8,0.0,0.8,-0.8,0.8,-0.8,0.8,0.0,-0.8,0.0,0.0,0.8,0.0,0.8,0.0,0.0,0.0,0.8,-0.8,0.8,-0.8,0.0,0.0,0.8,0.0,-0.8,0.8,0.0,0.0,0.0,0.0,-0.8,0.8,0.0,0.0,0.8,0.8,0.0,0.8,0.0,0.8,-0.8,0.8,0.8,0.0,-0.8,-0.8,0.0,0.8,0.0,1.6,0.0,0.8,0.8,0.0,0.0,0.0,0.8,-0.8,0.8,0.0,1.6,0.8,0.8,0.8,0.8,0.8,0.8,0.0,0.8,0.8,-1.6,0.8,-0.8,-1.6,2.4000000000000004,0.8,0.8,-0.8,-0.8,0.0,0.0,-0.8,0.8,0.8,0.0,-1.6,0.0,0.0,0.8,0.0,0.0,0.8,-0.8,1.6,0.8,0.0,0.8,0.8,0.8,0.0,-1.6,0.8,0.0,0.8,0.0,0.0,0.8,-0.8,-0.8,0.8,0.0,0.0,0.0,0.0,1.6,0.0,0.8,0.8,-0.8,-0.8,-0.8,0.8,0.8,0.0,0.8,0.8,0.0,0.0,0.8,-0.8,0.0,-0.8,-0.8,0.8,0.0,-0.8,0.0,0.0,0.8,0.8,-0.8,0.0,0.0,0.0,0.0,-1.6,0.0,0.0,-1.6,0.0,0.0,0.8,0.0,0.0,0.8,0.8,0.8,0.8,0.8,0.8,0.0,0.8,0.0,1.6,0.0,0.0,0.8,0.0,-0.8,1.6,-1.6,0.8,0.0,0.8,0.8,-0.8,0.0,0.0,-0.8,0.8,-0.8,0.8,-0.8,1.6,0.0,0.0,0.8,-0.8,0.8,0.0,0.8,0.8,0.8,0.8,0.0,0.0,0.8,-0.8,-0.8,-0.8,0.8,0.0,-0.8,0.0,0.8,0.0,1.6,-0.8,0.0,-0.8,0.8,0.8,0.0,0.0,-0.8,0.8,0.8,-0.8,0.0,0.0,0.0,0.8,0.0,0.0,2.4000000000000004,0.0,0.0,0.0,0.0,-0.8,-0.8,0.0,0.0,0.0,0.0,1.6,0.8,0.8,0.8,0.8,0.0,0.8,-0.8,-0.8,-0.8,0.0,0.8,0.0,0.8,1.6,0.8,0.8,0.0,1.6,0.8,0.0,0.0,-0.8,2.4000000000000004,0.8,-0.8,0.8,0.8,0.0,1.6,0.8,1.6,0.0,0.0,0.0,0.8,0.0,0.0,1.6,0.8,-0.8,1.6,-0.8,0.8,0.0,0.8,0.8,0.8,0.0,-0.8,0.0,0.8,0.0,1.6,0.0,0.8,1.6,0.0,1.6,0.0,1.6,0.8,-0.8,0.0,0.8,0.8,0.8,0.0,0.0,-1.6,0.0,0.0,-0.8,1.6,0.0,0.0,0.0,0.0,0.8,-0.8,1.6,-0.8,0.0,0.8,0.0,1.6,-0.8,0.0,3.2,0.0,1.6,0.0,0.0,1.6,-0.8,0.8,-0.8,1.6,0.8,0.0,2.4000000000000004,0.8,0.8,0.0,0.0,2.4000000000000004,-0.8,0.8,0.0,0.0,0.8,0.0,1.6,0.0,1.6,1.6,0.8,0.8,0.8,0.0,0.0,0.8,2.4000000000000004,0.0,-0.8,0.8,1.6,0.0,0.0,0.0,0.0,0.8,-0.8,0.8,0.0,0.0,2.4000000000000004,0.8,1.6,0.8,0.0,0.0,0.8,0.8,0.0,0.0,1.6,-0.8,0.0,0.0,-0.8,1.6,0.0,1.6,0.0,0.8,2.4000000000000004,-1.6,1.6,0.0,0.8,0.8,0.0,2.4000000000000004,-0.8,0.0,0.8,-0.8,0.8,0.0,0.0,0.0,0.0,1.6,-0.8,1.6,0.8,0.8,0.8,0.0,0.0,0.0,0.0,2.4000000000000004,-1.6,0.8,0.0,0.0,1.6,-0.8,0.0,0.0,0.0,0.8,-0.8,0.8,0.0,0.8,1.6,0.0,1.6,0.0,0.0,0.8,0.0,0.0,0.0,0.0,0.8,0.8,0.8,-0.8,1.6,0.8,0.8,1.6,0.0,1.6,0.0,0.8,1.6,0.8,0.0,0.0,0.8,1.6,0.0,0.8,0.0,0.0,0.0,-0.8,0.8,1.6,0.0,1.6,0.0,1.6,-0.8,0.8,0.0,0.0,-0.8,1.6,0.8,1.6,0.0,0.0,0.8,0.8,1.6,0.8,0.0,0.0,-0.8,0.8,0.8,0.0,-0.8,0.0,0.0,0.8,0.8,0.8,-0.8,0.8,-0.8,0.0,0.8,0.8,0.8,0.8,0.0,-0.8,-0.8,0.8,-0.8,-0.8,0.8,-0.8,-1.6,-0.8,0.0,0.8,-0.8,0.0,0.0,0.8,0.8,0.0,-0.8,0.0,0.0,0.0,-0.8,0.0,0.0,-1.6,0.8,-0.8,0.8,-0.8,0.8,0.8,-0.8,0.0,0.0,0.0,1.6,-2.4000000000000004,2.4000000000000004,1.6,-1.6,-0.8,3.2,0.0,-4.0,0.0,2.4000000000000004,-0.8,0.8,0.0,1.6,1.6,0.0,0.8,0.0,0.0,0.8,0.8,0.8,0.0,0.0,0.0,1.6,0.0,0.0,0.0,0.0,0.8,0.8,0.8,1.6,0.0,1.6,-0.8,-0.8,0.8,0.8,0.8,0.0,0.0,0.0,1.6,0.8,1.6,0.8,1.6,0.0,-0.8,0.8,0.8,2.4000000000000004,0.0,-0.8,0.8,-1.6,0.0,1.6,-0.8,0.8,0.8,0.8,0.0,0.8,0.8,-0.8,1.6,0.0,-1.6,0.8,0.8,0.8,0.0,-0.8,1.6,-0.8,1.6,0.0,-1.6,1.6,0.8,0.0,0.0,0.0,0.8,-1.6,1.6,0.8,0.0,0.8,0.8,1.6,-0.8,0.0,-1.6,0.8,1.6,-1.6,0.0,2.4000000000000004,-1.6,1.6,0.0,0.8,0.0,0.0,1.6,0.8,1.6,0.0,0.8,0.8,0.0,0.0,0.8,0.8,0.0,-0.8,0.0,-0.8,-0.8,0.8,1.6,0.0,0.0,0.0,0.0,0.0,0.8,-0.8,0.8,0.0,1.6,0.0,-0.8,0.0,0.8,0.0,0.8,0.8,-0.8,1.6,0.8,-0.8,0.8,0.0,0.0,0.0,0.0,1.6,1.6,0.0,0.0,0.0,-0.8,0.0,0.8,0.0,0.8,0.8,-0.8,0.0,0.0,0.0,0.8,0.8,0.0,-0.8,-0.8,1.6,0.8,0.8,0.8,1.6,0.8,0.8,0.0,-0.8,0.0,0.8,0.0,0.0,0.0,0.0,0.0,0.0,1.6,-0.8,-0.8,0.8,0.8,0.0,-1.6,0.8,0.8,-0.8,0.8,0.0,0.8,0.0,0.8,0.8,-0.8,1.6,-0.8,-0.8,0.8,0.8,0.8,0.0,0.0,1.6,-0.8,1.6,0.0,0.0,1.6,-1.6,0.8,-0.8,0.0,1.6,-0.8,1.6,-0.8,0.0,0.0,-0.8,0.8,0.0,0.8,0.0,0.0,0.0,0.8,0.0,0.0,0.8,0.8,-0.8,1.6,0.8,0.0,0.8,-0.8,1.6,-0.8,0.0,0.8,-0.8,0.8,0.0,0.0,-0.8,-1.6,0.8,0.0,-0.8,0.0,0.8,0.8,1.6,0.0,0.0,0.8,-1.6,-1.6,0.0,1.6,0.8,0.8,0.8,1.6,0.0,0.8,-0.8,0.8,0.8,0.0,0.0,-0.8,0.8,1.6,0.0,0.8,0.8,0.8,0.0,-0.8,0.8,-0.8,0.0,0.0,1.6,0.8,-0.8,0.8,-0.8,0.0,0.0,-0.8,0.8,-0.8,0.0,0.0,0.8,2.4000000000000004,-0.8,0.8,0.0,0.0,0.8,0.0,0.8,0.0,-0.8,-0.8,-0.8,1.6,0.0,0.8,0.8,0.0,-0.8,-0.8,0.0,0.0,-1.6,2.4000000000000004,-0.8,-0.8,1.6,0.0,-0.8,0.0,3.2,0.0,0.8,1.6,0.8,0.8,0.8,-1.6,1.6,0.8,-0.8,0.8,0.8,0.0,-0.8,0.8,0.0,-0.8,-0.8,-0.8,1.6,-0.8,-0.8,0.8,-0.8,0.8,0.0,0.0,1.6,-0.8,0.0,0.8,0.8,0.8,-1.6,0.8,0.0,0.8,1.6,-1.6,0.0,0.0,0.0,0.0,0.8,0.0,1.6,0.0,0.0,0.0,0.0,0.0,0.0,0.0,-0.8,0.0,0.0,0.8,0.8,0.8,0.0,1.6,0.8,0.8,0.0,0.8,0.0,-0.8,0.0,-0.8,1.6,0.8,0.8,0.8,0.0,0.0,0.8,0.0,0.8,0.0,0.0,0.8,0.8,0.0,0.8,1.6,0.0,-0.8,0.8,0.8,1.6,-0.8,0.0,0.8,0.0,0.8,0.0,0.0,1.6,0.0,0.8,0.0,-0.8,1.6,0.8,0.8,-0.8,0.8,0.8,-0.8,0.0,0.0,0.8,0.0,0.0,0.8,-1.6,0.8,0.8,-0.8,0.0,0.8,1.6,0.0,0.8,0.8,-0.8,0.8,-0.8,-1.6,0.8,0.8,1.6,0.0,0.8,1.6,0.8,0.8,0.0,-0.8,1.6,0.0,-0.8,0.0,0.0,0.8,0.0,1.6,1.6,0.0,0.0,0.0,0.0,0.0,0.0,0.0,0.0,0.8,0.0,0.8,0.8,1.6,0.8,0.8,0.0,0.0,-0.8,0.8,1.6,1.6,1.6,0.8,2.4000000000000004,1.6,-0.8,0.8,0.0,1.6,0.0,0.0,0.0,0.0,0.0,0.8,0.0,1.6,-1.6,0.0,0.8,-0.8,0.8,1.6,0.0,0.8,0.0,0.8,0.8,0.8,1.6,0.0,0.8,-1.6,1.6,1.6,0.8,1.6,0.0,0.8,-0.8,-0.8,0.8,0.0,-0.8,0.8,0.0,0.0,0.8,0.0,1.6,0.0,0.8,0.0,0.8,1.6,1.6,0.0,1.6,0.0,-0.8,0.8,1.6,0.0,0.8,0.8,1.6,0.8,0.8,0.8,0.0,1.6,0.0,0.0,0.8,0.8,0.0,0.8,0.0,2.4000000000000004,0.0,0.8,0.8,1.6,1.6,0.8,1.6,0.8,0.8,0.8,0.8,1.6,0.8,0.8,0.8,0.0,0.0,-0.8,0.0,0.8,0.8,-1.6,1.6,1.6,0.8,0.0,0.8,-0.8,0.8,0.0,0.0,-0.8,0.0,0.0,0.8,0.8,0.0,-0.8,0.8,0.0,0.8,-0.8,0.8,0.8,0.8,0.0,-1.6,1.6,0.0,0.0,0.8,-0.8,0.0,0.0,1.6,0.0,-1.6,1.6,-0.8,0.8,-1.6,0.8,2.4000000000000004,-1.6,1.6,0.0,-1.6,1.6,-0.8,1.6,0.0,-0.8,0.8,-0.8,0.8,0.0,-0.8,0.8,-1.6,0.0,-0.8,2.4000000000000004,0.8,-0.8,0.8,0.0,0.8,0.8,-0.8,0.8,0.0,-0.8,-0.8,0.0,0.8,0.0,0.8,0.0,0.8,0.0,-1.6,0.8,-0.8,0.0,0.0,-0.8,-0.8,-0.8,0.8,0.8,0.0,0.8,0.0,0.8,0.0,0.0,0.0,0.0,0.0,0.8,-0.8,-0.8,0.0,1.6,-0.8,0.8,0.8,0.0,-0.8,0.0,0.0,0.8,-0.8,2.4000000000000004,0.8,0.0,-0.8,-0.8,0.0,0.8,0.8,0.8,0.0,1.6,-0.8,0.0,1.6,-1.6,0.0,1.6,0.0,-2.4000000000000004,3.2,0.8,-1.6,0.8,0.0,0.0,0.0,0.0,0.8,0.8,0.0,-0.8,1.6,-0.8,-0.8,0.0,0.8,0.0,0.0,0.8,0.8,0.8,0.8,-0.8,0.8,0.8,-1.6,1.6,2.4000000000000004,0.8,0.0,-0.8,2.4000000000000004,0.8,1.6,0.8,-0.8,1.6,0.0,0.8,0.0,0.0,1.6,-0.8,1.6,0.8,0.0,1.6,0.0,2.4000000000000004,0.0,-0.8,0.8,0.0,0.8,0.0,0.0,1.6,0.8,1.6,0.0,0.8,0.0,0.0,1.6,-1.6,1.6,0.0,0.0,2.4000000000000004,0.8,0.8,0.0,-0.8,1.6,0.0,0.8,0.0,0.8,0.8,-0.8,1.6,0.0,-0.8,0.8,0.0,0.8,-1.6,1.6,0.0,0.0,1.6,0.0,0.8,0.8,0.0,1.6,0.0,-1.6,1.6,0.8,1.6,-0.8,1.6,0.8,-0.8,0.0,0.0,0.8,-0.8,0.8,0.8,0.0,0.0,0.0,0.0,0.0,0.0,0.0,0.8,0.8,0.0,0.8,0.8,0.0,0.0,0.0,1.6,0.0,-0.8,0.0,1.6,0.8,1.6,0.0,0.0,0.8,0.0,-0.8,1.6,0.8,0.8,0.0,-0.8,0.0,0.0,-0.8,0.8,0.0,0.8,0.0,0.0,0.0,0.8,1.6,-0.8,1.6,0.8,0.0,1.6,0.8,0.8,0.0,0.0,0.8,1.6,0.0,0.0,0.8,2.4000000000000004,0.0,0.8,0.0,0.0,0.0,-1.6,-0.8,0.0,-1.6,0.8,0.8,0.8,0.0,0.0,0.0,0.0,-0.8,0.8,0.0,0.8,0.0,0.0,0.0,1.6,0.0,0.0,1.6,-1.6,0.8,0.0,-0.8,0.0,0.8,0.8,0.0,0.0,0.8,0.8,0.0,0.0,0.0,0.0,0.0,-0.8,0.8,-0.8,0.8,0.0,-0.8,0.8,0.0,0.8,0.8,-0.8,0.0,0.8,0.8,0.8,0.0,0.0,0.8,0.8,0.8,0.0,-0.8,0.0,0.0,0.0,0.0,0.8,0.8,0.8,-0.8,0.0,0.0
event_141,1625267051.9486039,0.8,-1.6,1.6,-1.6,-1.6,2.4000000000000004,0.0,-2.4000000000000004,2.4000000000000004,2.4000000000000004,-0.8,-2.4000000000000004,1.6,-0.8,-0.8,0.8,0.8,0.0,-1.6,0.0,1.6,-0.8,0.8,0.8,0.8,0.8,0.0,0.8,0.0,0.8,0.0,-0.8,0.8,0.8,0.8,0.0,0.0,1.6,0.8,0.8,0.8,0.0,0.0,0.0,0.0,0.0,0.0,0.0,0.0,0.0,0.0,0.0,1.6,0.8,0.8,0.0,0.0,0.0,0.8,0.8,0.0,0.0,0.8,0.8,-0.8,0.8,0.8,0.0,0.0,0.0,0.8,0.8,0.8,0.0,0.0,3.2,-1.6,1.6,0.8,0.0,0.8,-1.6,0.0,-0.8,0.0,2.4000000000000004,0.8,1.6,0.0,0.8,0.0,0.0,-0.8,0.0,0.0,1.6,-0.8,0.0,0.8,0.8,0.0,0.8,-10.400000000000002,-66.4,-83.20000000000002,-45.6,-16.0,-6.4,-4.0,-0.8,-4.800000000000001,-8.0,-2.4000000000000004,-4.0,-2.4000000000000004,0.8,0.0,-1.6,-1.6,1.6,-0.8,-0.8,0.8,0.8,-0.8,-0.8,2.4000000000000004,1.6,-0.8,0.8,-0.8,0.0,0.8,0.8,0.8,0.8,0.8,0.8,0.8,0.0,-0.8,0.0,0.0,0.0,0.0,-0.8,0.0,0.0,0.0,0.0,0.8,0.8,-0.8,0.0,-0.8,0.0,0.0,-0.8,0.0,0.8,1.6,0.8,0.0,0.0,0.8,0.8,1.6,0.0,1.6,-0.8,1.6,0.0,0.8,0.0,0.8,0.0,0.0,1.6,0.0,-0.8,0.0,-0.8,1.6,0.0,0.0,0.8,0.0,0.0,-0.8,0.0,0.8,-1.6,1.6,0.0,0.8,0.0,-0.8,0.8,0.8,0.0,0.8,0.0,0.0,0.8,0.8,0.0,-0.8,0.8,0.0,0.8,0.0,0.0,0.8,-0.8,0.0,0.0,-0.8,0.8,-1.6,0.8,-0.8,0.8,0.8,0.0,0.8,0.8,0.0,1.6,-1.6,0.0,0.0,0.8,0.8,-1.6,0.8,0.0,0.0,0.8,-0.8,0.8,0.0,0.0,-0.8,-0.8,0.8,0.0,0.8,0.0,-0.8,0.0,0.0,0.8,0.0,-2.4000000000000004,0.0,-1.6,0.0,-0.8,0.8,0.0,0.8,0.8,0.0,0.8,0.0,0.0,-0.8,-0.8,0.8,0.8,-0.8,0.8,0.8,0.8,0.0,1.6,-0.8,0.8,0.0,0.8,-0.8,0.0,0.0,0.0,0.0,0.8,0.0,0.8,0.0,0.0,-0.8,0.0,0.8,0.0,-0.8,0.8,0.0,0.8,0.8,1.6,0.0,0.0,1.6,0.8,0.0,0.0,-0.8,0.8,-0.8,0.0,0.8,0.0,0.0,-0.8,0.8,-1.6,-0.8,0.8,-0.8,0.0,0.0,0.8,0.8,-0.8,0.8,-0.8,0.8,-0.8,-1.6,-0.8,0.8,2.4000000000000004,-0.8,-0.8,2.4000000000000004,-0.8,0.0,0.0,-2.4000000000000004,1.6,-0.8,-1.6,0.0,1.6,0.0,-0.8,1.6,1.6,0.8,0.0,0.0,1.6,0.0,-1.6,0.0,0.0,1.6,-1.6,0.0,0.0,0.0,1.6,-0.8,0.8,1.6,0.0,0.0,-0.8,1.6,0.8,0.0,0.8,0.0,0.0,0.0,-0.8,1.6,0.0,0.0,0.0,0.8,0.8,0.8,0.8,-0.8,-0.8,0.8,-0.8,0.0,0.0,0.0,0.8,0.8,-0.8,0.0,0.0,0.8,0.8,0.0,0.8,-0.8,0.8,0.8,0.8,0.8,0.0,0.0,-0.8,-0.8,0.8,0.0,-0.8,0.0,0.0,-1.6,0.8,-0.8,0.8,0.0,0.8,0.8,0.0,0.8,-0.8,0.0,0.8,-0.8,0.0,0.8,1.6,-0.8,0.0,0.0,0.8,0.8,-0.8,0.8,0.0,1.6,0.0,-0.8,0.0,0.0,0.0,1.6,0.0,2.4000000000000004,0.0,0.8,0.8,-0.8,0.0,-0.8,0.0,0.0,0.0,0.8,-0.8,1.6,-0.8,0.0,1.6,0.0,0.8,-0.8,0.0,0.0,2.4000000000000004,1.6,-0.8,0.0,0.0,-0.8,0.8,0.0,2.4000000000000004,0.0,-0.8,0.8,0.0,0.0,0.8,0.8,0.8,-0.8,0.8,0.0,0.0,-0.8,0.8,0.8,1.6,0.8,0.0,0.0,0.0,0.0,0.8,0.8,0.8,0.8,0.8,0.8,0.8,0.8,0.0,-0.8,0.0,0.8,0.8,-0.8,0.8,0.0,-0.8,0.8,-0.8,-0.8,0.8,0.8,0.0,-0.8,0.8,0.0,0.0,1.6,-1.6,-0.8,0.0,0.8,0.0,-1.6,0.8,0.8,1.6,0.8,0.0,1.6,-0.8,0.0,0.0,-0.8,1.6,-0.8,0.0,0.0,0.0,0.0,-0.8,-0.8,0.8,-0.8,0.0,-0.8,0.8,-0.8,-0.8,0.8,0.0,2.4000000000000004,0.0,1.6,1.6,-0.8,0.0,-0.8,-0.8,1.6,-0.8,0.8,0.0,0.8,0.0,0.0,0.8,0.8,0.0,0.0,-0.8,0.0,0.0,2.4000000000000004,1.6,0.0,0.0,0.0,-0.8,0.8,0.0,0.8,-0.8,0.0,0.0,0.0,0.8,0.0,0.0,0.0,0.0,-0.8,0.8,1.6,-0.8,0.8,0.0,0.0,-0.8,-0.8,0.0,0.0,0.0,0.8,0.0,-0.8,-1.6,0.0,0.0,0.0,0.8,0.0,0.0,1.6,0.0,0.0,1.6,0.0,-0.8,-0.8,1.6,-0.8,0.0,0.8,0.8,0.0,0.8,0.0,-1.6,1.6,-0.8,0.0,0.0,0.0,0.8,0.0,0.0,1.6,0.0,0.0,-0.8,0.8,0.0,0.8,0.8,0.0,0.8,0.8,0.0,1.6,0.0,0.8,0.8,0.0,0.0,-2.4000000000000004,0.8,-0.8,0.8,0.0,-0.8,0.8,0.8,-0.8,0.8,-0.8,0.8,-0.8,-0.8,-0.8,0.0,0.8,0.0,0.8,0.8,-0.8,0.8,-0.8,0.0,0.0,0.8,-0.8,0.0,0.0,-0.8,0.0,0.8,0.0,0.8,0.0,-0.8,0.0,0.0,0.8,0.0,-1.6,0.8,0.0,0.8,0.8,0.8,0.0,0.8,0.8,-1.6,1.6,0.8,0.0,0.8,0.0,0.8,0.0,0.8,0.0,0.0,0.8,-0.8,-0.8,0.0,1.6,1.6,0.8,0.0,-0.8,0.8,0.8,0.8,0.0,0.0,0.0,2.4000000000000004,0.8,-1.6,1.6,1.6,-1.6,0.8,1.6,0.8,0.8,0.8,0.0,0.0,0.0,-0.8,0.8,0.8,0.0,1.6,0.0,0.0,0.8,0.0,0.8,0.0,0.8,0.8,0.8,0.8,0.8,1.6,1.6,-1.6,1.6,0.0,0.8,0.0,-0.8,1.6,-0.8,0.0,1.6,0.0,0.8,0.0,0.0,0.0,0.8,1.6,0.8,0.0,1.6,-0.8,0.0,0.0,0.8,0.8,0.0,0.8,0.8,1.6,0.8,0.8,0.0,0.0,0.8,0.8,0.0,2.4000000000000004,0.0,0.0,0.8,0.0,0.0,-0.8,0.8,0.0,0.0,0.8,0.8,0.8,0.8,0.8,0.0,0.8,0.0,0.0,0.8,1.6,0.8,0.0,0.8,0.8,-0.8,0.8,0.0,-0.8,0.8,0.8,0.8,0.8,1.6,0.0,0.0,0.8,0.8,0.0,0.0,0.8,0.8,-0.8,0.8,0.0,1.6,0.0,0.0,0.0,0.0,-0.8,0.8,0.0,1.6,0.8,0.8,0.8,0.0,1.6,-0.8,1.6,0.0,0.8,-0.8,0.8,0.8,0.0,0.0,0.0,-1.6,1.6,0.0,2.4000000000000004,0.0,0.0,0.8,-0.8,0.8,0.8,0.0,1.6,-0.8,2.4000000000000004,0.0,-0.8,0.8,0.0,1.6,-0.8,0.0,0.0,1.6,0.8,-0.8,0.0,0.8,-0.8,0.0,-0.8,2.4000000000000004,1.6,-0.8,0.8,-0.8,0.0,0.8,0.0,2.4000000000000004,0.0,0.0,0.0,-0.8,0.8,0.0,0.0,0.8,0.8,0.0,0.0,1.6,-0.8,0.8,1.6,1.6,1.6,0.0,0.0,-0.8,-0.8,-0.8,-1.6,0.0,0.8,0.0,0.8,0.8,1.6,-0.8,0.0,0.0,0.8,0.0,0.0,0.8,0.8,0.0,0.0,0.8,0.8,0.0,0.8,0.8,0.8,1.6,-0.8,0.8,0.0,0.0,0.0,-0.8,2.4000000000000004,0.8,-0.8,0.8,-0.8,0.8,-0.8,0.8,0.0,0.0,0.8,1.6,0.8,0.8,-0.8,0.0,-0.8,0.8,0.0,0.0,0.0,0.8,0.0,-0.8,0.8,0.8,0.0,1.6,0.0,0.0,1.6,0.0,0.0,0.8,0.8,1.6,-0.8,0.8,0.0,0.8,0.8,0.8,1.6,-0.8,0.0,2.4000000000000004,0.0,1.6,0.8,0.8,0.8,0.8,0.8,0.8,0.8,-0.8,-0.8,0.0,0.0,0.8,-0.8,-0.8,2.4000000000000004,0.0,1.6,0.0,0.0,0.0,0.0,0.8,0.0,0.8,1.6,0.8,1.6,0.0,0.8,0.8,0.0,0.8,-1.6,0.0,0.8,-0.8,0.8,-0.8,0.0,1.6,0.0,0.8,-0.8,0.8,0.0,-0.8,0.8,0.8,0.8,-0.8,-0.8,0.0,0.8,0.0,1.6,0.8,0.8,-0.8,-0.8,-0.8,0.8,-1.6,0.8,0.8,0.0,0.0,0.0,-0.8,0.0,-0.8,1.6,0.8,1.6,-0.8,0.8,0.0,0.0,0.0,-0.8,0.8,-0.8,1.6,1.6,-1.6,0.8,0.0,3.2,0.8,-1.6,1.6,0.0,0.0,-0.8,0.0,0.8,-0.8,0.8,0.0,0.0,1.6,0.0,0.0,0.8,0.8,0.8,0.8,0.0,-0.8,0.8,0.8,-0.8,1.6,0.0,0.8,0.8,0.0,0.0,0.0,0.0,-0.8,-0.8,0.0,0.8,1.6,0.8,0.0,0.8,0.0,0.8,-1.6,-0.8,0.0,-0.8,-1.6,0.0,0.0,0.8,-0.8,0.8,0.8,-0.8,1.6,0.8,0.0,-0.8,0.8,0.0,0.8,0.0,0.0,0.8,1.6,-0.8,1.6,1.6,0.0,0.0,0.8,0.0,0.8,0.0,0.8,0.8,0.0,0.0,0.0,0.0,1.6,0.0,1.6,-0.8,0.8,0.0,-0.8,1.6,0.0,0.8,0.8,0.0,0.8,0.8,0.8,-0.8,0.0,0.0,0.0,0.0,-1.6,1.6,0.0,-0.8,0.0,0.0,0.0,0.8,0.8,0.8,-0.8,1.6,1.6,-0.8,1.6,-0.8,0.0,1.6,-1.6,-0.8,-0.8,1.6,0.8,-1.6,1.6,0.8,0.8,0.8,-0.8,-0.8,0.8,1.6,0.0,1.6,0.8,0.8,1.6,0.0,0.8,1.6,0.0,0.8,0.8,0.0,0.8,-0.8,0.0,0.8,0.0,0.0,0.8,0.8,0.8,0.8,0.0,0.0,0.0,0.0,0.8,2.4000000000000004,0.8,1.6,1.6,0.8,-0.8,0.8,1.6,0.0,0.8,-1.6,0.0,0.0,0.0,1.6,0.8,1.6,0.0,0.0,0.0,0.8,0.0,0.8,0.8,0.0,0.0,0.0,0.0,1.6,0.0,0.0,0.8,-0.8,1.6,0.8,0.8,0.8,0.8,0.8,-0.8,0.8,0.0,0.8,0.0,0.8,0.8,0.0,0.0,0.8,0.0,0.8,0.0,0.8,0.8,-0.8,1.6,-0.8,1.6,0.8,-1.6,1.6,0.8,1.6,1.6,0.0,3.2,0.0,1.6,0.8,-0.8,1.6,-1.6,0.0,0.0,0.8,1.6,-1.6,1.6,0.0,1.6,0.8,-0.8,1.6,-0.8,0.0,-0.8,0.0,0.8,-0.8,0.8,0.8,0.8,1.6,0.8,1.6,0.0,-0.8,2.4000000000000004,0.8,2.4000000000000004,0.0,0.0,0.8,0.0,0.8,0.0,-0.8,0.8,-0.8,0.0,0.0,0.8,0.8,1.6,1.6,1.6,0.0,0.8,-0.8,1.6,-0.8,0.0,0.8,0.0,0.8,-0.8,0.8,0.8,0.0,0.8,-0.8,0.0,1.6,1.6,0.0,-0.8,0.0,0.0,0.0,-0.8,0.8,1.6,0.0,0.0,-0.8,-0.8,0.0,0.0,0.8,0.0,0.8,0.8,0.0,0.8,0.0,0.8,0.8,-0.8,-1.6,0.8,2.4000000000000004,0.0,0.0,0.8,1.6,0.8,0.0,0.0,0.8,0.8,-0.8,-1.6,0.8,0.8,0.0,0.0,0.0,0.8,0.0,-0.8,0.0,0.0,0.0,-1.6,0.8,0.0,-0.8,0.8,-1.6,1.6,0.8,0.0,1.6,0.0,0.0,0.0,-0.8,0.8,0.8,0.0,0.0,0.8,1.6,-1.6,1.6,0.8,0.8,0.8,-0.8,0.8,0.8,-0.8,3.2,0.0,0.0,0.0,0.8,0.8,0.8,0.0,1.6,0.8,1.6,-0.8,0.8,0.0,0.0,0.8,0.0,0.8,0.0,0.8,0.8,0.0,0.8,0.8,0.0,0.8,0.0,1.6,0.8,-0.8,0.0,-0.8,-0.8,0.8,0.8,0.8,0.0,0.8,0.8,0.0,0.8,1.6,-0.8,0.0,0.0,-1.6,0.8,1.6,0.8,-0.8,0.8,0.8,0.8,0.8,0.0,0.8,0.0,0.8,0.0,0.0,0.8,0.0,0.8,0.0,1.6,0.0,0.0,1.6,0.8,0.8,0.8,0.0,0.8,0.0,0.0,0.0,0.0,2.4000000000000004,0.8,-0.8,2.4000000000000004,0.8,-2.4000000000000004,2.4000000000000004,2.4000000000000004,0.0,-0.8,2.4000000000000004,0.0,0.0,0.0,0.0,0.8,0.8,-0.8,0.8,0.8,0.8,-0.8,0.8,1.6,0.8,0.0,-0.8,1.6,0.0,-1.6,0.0,0.0,1.6,0.0,0.0,0.8,-1.6,0.8,0.0,0.0,0.0,0.8,0.8,0.0,0.0,1.6,0.0,0.8,-0.8,0.8,1.6,0.0,0.8,0.0,0.0,1.6,0.8,0.0,0.0,0.0,0.0,0.8,0.8,0.8,0.0,0.8,-0.8,-1.6,0.0,0.8,0.8,0.8,0.8,0.8,1.6,1.6,0.0,0.0,1.6,0.0,0.0,0.8,0.0,1.6,0.0,1.6,0.8,0.0,0.8,0.8,1.6,-0.8,0.8,0.0,0.8,1.6,-0.8,0.0,2.4000000000000004,0.0,0.0,0.8,1.6,0.8,-0.8,0.8,0.0,1.6,0.0,0.8,2.4000000000000004,0.0,0.8,2.4000000000000004,-0.8,0.8,0.0,0.0,-0.8,-0.8,1.6,1.6,0.8,0.8,-0.8,1.6,-2.4000000000000004,0.8,0.8,0.8,0.0,-0.8,0.8,0.8,0.8,0.8,0.0,1.6,0.0,-0.8,1.6,0.8,0.0,-1.6,0.8,0.8,-0.8,0.8,0.0,1.6,0.0,0.0,0.8,-0.8,0.8,-0.8,0.8,0.8,-0.8,1.6,0.0,0.8,0.8,0.0,0.8,0.0,-0.8,0.0,1.6,0.0,-0.8,0.0,0.0,0.8,0.8,-0.8,0.8,0.8,0.0,0.0,0.0,1.6,0.0,0.0,0.0,0.0,0.0,0.0,1.6,1.6,0.8,0.0,0.0,0.8,0.0,0.8,0.8,1.6,0.8,0.0,0.0,0.0,1.6,0.0,0.0,0.8,1.6,0.8,0.0,0.8,0.8,-2.4000000000000004,1.6,0.0,0.0,0.8,-1.6,0.0,0.8,-0.8,3.2,-0.8,0.8,0.8,0.0,1.6,0.8,0.8,0.8,-0.8,0.8,0.0,0.8,0.0,0.0,0.0,0.0,0.8,-0.8,2.4000000000000004,0.8,0.0,0.8,-0.8,0.0,-0.8,-0.8,0.8,-0.8,-0.8,0.8,0.0,0.0,-1.6,0.0,0.8,-0.8,0.8,0.8,0.8,0.8,0.0,0.8,0.8,1.6,-1.6,0.0,1.6,0.8,1.6,-0.8,0.8,0.8,0.0,1.6,-1.6,0.8,-0.8,-0.8,0.8,0.8,0.8,1.6,-0.8,0.8,0.0,0.0,0.0,1.6,0.0,0.0,0.8,-0.8,1.6,-0.8,-1.6,1.6,0.0,0.0,0.8,0.0,0.0,-1.6,0.0,1.6,0.8,0.0,-0.8,0.8,0.0,0.0,1.6,-0.8,0.8,0.0,0.0,0.0,0.8,0.8,0.0,0.0,0.0,-0.8,0.0,-0.8,0.8,-0.8,0.8,0.8,0.8,0.0,0.0,0.8,0.0,0.8,0.0,0.0,0.8,0.8,0.8,0.0,-0.8,0.0,0.0,0.8,0.0,-0.8,0.0,-0.8,0.0,0.0,0.0,0.8,-0.8,0.0,-0.8,-0.8,0.0,-1.6,0.8,0.0,0.0,1.6,-0.8,0.0,-0.8,2.4000000000000004,1.6,-0.8,1.6,0.8,0.0,0.8,0.0,0.0,0.0,0.0,0.0,1.6,0.8,0.0,0.0,0.8,0.8,0.8,0.0,0.0,-0.8,-0.8,-0.8,0.0,0.8,0.0,0.8,-0.8,0.8,0.0,0.8,0.8,0.0,0.0,-1.6,1.6,0.0,0.8,-0.8,0.0,1.6,0.8,0.0,0.8,0.0,0.8,-1.6,0.0,0.0,0.8,0.0,0.0,1.6,1.6,-0.8,0.0,0.0,0.0,-1.6,1.6,0.8,0.0,0.0,0.0,0.0,0.8,-1.6,0.8,-0.8,0.8,0.8,0.0,0.8,-0.8,0.0,0.0,-0.8,1.6,1.6,0.8,-0.8,0.0,0.8,-1.6,1.6,1.6,0.0,0.8,0.8,0.8,0.0,0.0,0.8,0.0,1.6,-0.8,-1.6,0.8,0.0,0.8,0.8,0.0,1.6,0.8,1.6,0.8,0.0,0.8,0.0,0.0,0.0,1.6,0.0,-0.8,0.8,-0.8,0.8,0.0,0.0,1.6,-1.6,0.0,0.0,0.8,0.8,0.0,0.0,1.6,0.8,0.8,0.8,0.8,0.8,0.0,1.6,0.0,0.0,0.0,0.0,0.0,0.0,0.8,1.6,-0.8,0.8,0.0,0.0,-0.8,0.0,0.0,1.6,0.0,0.0,-0.8,0.0,-0.8,0.0,0.0,0.0,-0.8,0.8,0.0,-0.8,0.0,0.8,0.8,0.0,0.8,-0.8,2.4000000000000004,0.0,0.0,0.8,0.8,0.0,0.0,0.0,3.2,0.0,-0.8,0.0,0.0,0.0,0.0,0.8,0.8,-0.8,0.8,0.0,0.0,1.6,-0.8,0.0,0.0,0.8,0.0,0.0,2.4000000000000004,0.8,0.8,-0.8,0.0,0.8,0.0,0.8,0.0,0.0,0.8,-0.8,1.6,0.0,0.8,0.0,-0.8,2.4000000000000004,0.0,0.0,0.8,0.0,0.8,-0.8,1.6,0.0,0.0,0.8,-0.8,1.6,0.0,0.8,0.8,0.0,0.8,-0.8,0.8,0.8,0.0,1.6,0.0,1.6,0.8,-0.8,1.6,0.0,0.0,-0.8,-1.6,0.8,0.0,1.6,0.8,-0.8,0.8,-0.8,0.8,0.8,0.8,-0.8,2.4000000000000004,0.8,0.0,-0.8,0.0,0.8,0.8,-0.8,0.0,0.0,0.8,0.8,1.6,0.0,0.0,0.0,0.0,0.0,0.8,0.8,1.6,-0.8,0.8,-0.8,0.0,0.0,-0.8,0.0,0.0,0.0,0.0,0.8,1.6,0.8,-0.8,1.6,-1.6,0.0,0.8,0.8,0.0,-0.8,0.0,0.8,0.8,2.4000000000000004,1.6,0.0,0.0,-0.8,0.0,0.0,0.8,-0.8,1.6,0.0,0.0,0.0,-0.8,1.6,0.0,-1.6,0.0,-0.8,0.0,-0.8,0.0,0.8,0.8,1.6,0.0,0.8,0.8,0.0,0.0,-0.8,1.6,1.6,-1.6,1.6,0.8,0.8,-0.8,0.8,1.6,0.8,0.8,0.0,0.0,1.6,0.0,0.8,0.0,-0.8,0.0,0.0,-0.8,0.0,-0.8,0.8,0.0,0.0,-0.8,-0.8,0.0,0.0,0.0,0.0,0.0,0.0,0.8,0.8,0.0,1.6,0.8,-1.6,1.6,-1.6,-1.6,1.6,0.8,-0.8,0.0,-0.8,0.0,-0.8,0.0,0.0,0.0,1.6,-1.6,0.0,1.6,0.0,0.0,-1.6,0.0,0.8,0.8,-0.8,0.8,0.0,0.8,0.0,1.6,0.0,-0.8,1.6,0.0,0.0,-0.8,-0.8,1.6,0.8,0.0,-0.8,0.0,0.8,-0.8,0.8,-0.8,0.0,-0.8,-0.8,0.8,-1.6,-0.8,0.8,0.0,0.0,0.0,1.6,0.0,0.0,0.8,0.0,2.4000000000000004,0.8,0.0,0.8,0.0,0.0,0.8,0.0,0.8,-1.6,0.0,-0.8,-0.8,0.0,0.0,0.8,-0.8,-0.8,0.8,-1.6,0.8,-1.6,0.0,0.8,0.8,-0.8,-0.8,1.6,-0.8,-1.6,1.6,-0.8,-1.6,0.8,0.8,0.0,-0.8,0.0,0.0,0.8,-0.8,0.0,0.8,0.0,0.8,-0.8,0.0,0.0,0.0,0.0,-0.8,1.6,0.0,0.0,0.0,0.0,0.0,1.6,0.0,-0.8,0.0,1.6,0.0,0.0,-0.8,1.6,0.8,0.0,0.0,0.0,0.8,0.0,-1.6,0.8,-0.8,0.0,1.6,-0.8,1.6,0.8,0.8,0.0,-0.8,0.0,-0.8,0.0,0.8,-0.8,0.0,-0.8,0.8,0.0,0.0,0.8,-1.6,0.0,-0.8,0.0,0.8,0.8,-0.8,-0.8,1.6,0.8,-0.8,1.6,0.0,0.8,0.0,-1.6,0.0,0.8,0.8,0.8,-0.8,1.6,-1.6,0.0,0.8,-0.8,0.0,-0.8,0.0,1.6,-1.6,0.0,-0.8,0.8,0.0,0.0,0.8,-0.8,1.6,1.6,0.8,-0.8,0.8,0.8,-0.8,0.0,0.8,0.8,0.8,0.0,0.0,0.0,-1.6,0.8,0.0,-0.8,0.0,0.0
event_142,1625267054.0987267,-0.8,0.8,0.8,0.8,1.6,0.8,0.8,0.8,0.0,-0.8,0.0,1.6,0.0,2.4000000000000004,0.0,0.8,0.8,0.0,0.0,0.8,0.0,1.6,0.0,0.0,0.0,-0.8,0.8,0.8,0.0,0.8,0.0,-0.8,0.8,0.0,0.0,0.8,0.8,0.0,-0.8,0.0,0.0,0.8,0.0,1.6,1.6,-0.8,0.8,-0.8,0.0,0.0,0.0,0.8,-0.8,0.0,0.8,0.0,0.8,0.8,-0.8,0.0,0.0,0.0,0.0,0.8,1.6,0.0,0.8,0.0,0.8,0.8,0.0,-0.8,0.0,0.8,0.8,-0.8,0.0,0.0,0.0,1.6,0.8,1.6,-0.8,-0.8,0.8,0.0,0.8,0.0,0.0,1.6,0.0,0.8,0.0,0.0,1.6,-1.6,1.6,0.0,0.8,0.8,0.0,-0.8,-15.2,-22.4,-15.2,-9.600000000000001,-3.2,-6.4,-3.2,-0.8,-2.4000000000000004,0.0,0.0,-0.8,0.0,0.0,0.8,-0.8,2.4000000000000004,0.0,0.0,0.8,0.0,0.0,0.0,0.8,0.0,0.0,0.0,0.0,0.8,2.4000000000000004,0.0,1.6,-1.6,-0.8,0.8,-1.6,0.0,0.8,0.0,-0.8,1.6,0.8,-1.6,0.0,0.8,0.0,0.8,-0.8,0.8,0.0,0.0,0.0,0.0,1.6,-0.8,-0.8,0.8,1.6,0.8,1.6,0.8,0.8,1.6,0.8,0.8,0.0,0.0,0.0,0.0,0.8,0.8,0.0,0.8,0.8,0.0,0.8,-0.8,0.0,0.0,0.0,0.0,-1.6,0.0,0.8,0.0,0.0,0.8,0.8,0.0,0.8,0.0,0.0,0.0,-0.8,1.6,0.8,0.0,0.8,0.0,0.8,-1.6,0.8,0.0,0.8,0.0,-0.8,0.8,-0.8,-0.8,2.4000000000000004,-1.6,0.8,-0.8,0.0,0.0,-0.8,0.8,-1.6,0.0,0.0,-1.6,1.6,0.0,1.6,0.8,0.0,0.8,-1.6,0.8,0.8,-1.6,0.0,-0.8,0.0,0.0,-1.6,1.6,-0.8,0.0,-0.8,-0.8,-0.8,-0.8,0.8,0.0,0.0,0.8,0.0,0.8,0.0,0.0,0.8,0.8,0.0,-1.6,0.8,1.6,0.0,0.0,-0.8,0.8,0.8,1.6,0.0,0.0,0.8,0.0,-1.6,0.0,0.0,0.0,0.0,0.0,0.8,0.8,-0.8,0.0,-0.8,-0.8,-0.8,0.0,0.8,0.0,0.8,0.0,0.8,0.0,0.0,0.0,0.0,-0.8,-1.6,1.6,0.8,0.8,-0.8,0.0,0.8,0.0,0.0,0.0,0.0,0.0,-0.8,0.0,0.8,0.8,0.0,0.8,1.6,0.0,0.8,0.0,-2.4000000000000004,0.8,-0.8,1.6,0.0,0.0,0.0,-0.8,0.8,-0.8,-1.6,0.0,-1.6,0.0,0.0,0.8,0.0,-1.6,0.0,-1.6,-0.8,0.0,0.0,1.6,-1.6,0.0,0.0,-1.6,0.8,0.0,0.8,0.8,0.0,0.8,-1.6,0.0,-0.8,-0.8,1.6,-2.4000000000000004,0.0,-0.8,0.0,0.8,-1.6,1.6,0.0,0.8,1.6,-1.6,-0.8,-0.8,0.8,0.0,-0.8,0.0,0.0,0.0,-0.8,0.0,0.8,0.0,0.0,0.8,-0.8,0.0,0.0,1.6,0.0,-0.8,0.0,0.8,0.8,0.0,0.0,0.0,0.0,-0.8,0.8,0.0,1.6,0.0,0.0,0.0,0.8,0.0,0.8,-0.8,0.8,0.0,0.0,0.8,0.0,0.0,0.0,-0.8,0.0,-1.6,0.8,-1.6,0.0,-0.8,0.0,0.0,-0.8,0.8,-2.4000000000000004,0.0,0.8,-1.6,0.0,0.8,-0.8,0.8,0.0,-0.8,0.0,0.0,0.0,-0.8,0.0,0.0,0.0,0.8,-0.8,0.0,-0.8,0.0,0.0,-1.6,0.0,-0.8,0.0,-0.8,0.8,1.6,-0.8,0.8,-1.6,-1.6,0.0,0.8,0.8,0.0,0.0,0.8,0.8,0.8,0.0,0.0,0.0,0.0,-0.8,-0.8,0.0,0.0,-0.8,0.0,0.8,0.8,-1.6,-0.8,0.0,-1.6,-0.8,1.6,0.0,0.0,-0.8,0.0,1.6,0.8,0.8,0.8,-0.8,0.8,-0.8,0.0,0.0,1.6,-0.8,0.8,0.8,1.6,0.8,0.0,0.0,0.0,-0.8,0.0,0.8,0.0,-1.6,0.8,0.0,0.0,-0.8,0.0,0.0,0.8,-0.8,0.8,0.8,0.0,-1.6,0.8,0.0,0.8,0.0,0.0,0.8,-0.8,1.6,1.6,0.0,0.8,-0.8,0.8,0.0,-1.6,1.6,0.0,0.0,1.6,-1.6,0.8,-0.8,-0.8,0.0,-1.6,1.6,-0.8,0.0,0.8,0.0,0.8,0.8,0.0,-0.8,-0.8,0.8,0.0,1.6,0.0,0.8,0.8,0.8,0.8,-1.6,0.0,0.0,-1.6,0.8,-0.8,0.8,0.0,0.0,0.0,-0.8,0.8,0.0,0.0,0.0,-0.8,-0.8,0.0,-0.8,0.8,0.0,0.8,0.0,0.8,0.8,0.0,0.0,-0.8,0.0,1.6,0.8,0.0,0.0,0.8,1.6,-0.8,1.6,0.0,0.8,0.0,0.0,0.8,-0.8,1.6,0.0,0.0,0.8,-0.8,1.6,-1.6,0.0,1.6,1.6,0.0,0.0,0.0,-0.8,0.0,1.6,0.0,0.8,0.0,0.0,0.0,0.8,0.8,0.0,0.8,0.8,0.0,-0.8,0.8,1.6,0.0,0.0,-0.8,-0.8,0.8,0.0,0.8,0.0,0.8,1.6,0.0,1.6,0.8,0.0,0.8,-0.8,0.8,0.0,1.6,0.8,-0.8,1.6,1.6,1.6,1.6,-0.8,0.8,0.8,0.0,0.8,-0.8,0.8,0.0,1.6,1.6,0.8,0.8,0.0,0.0,0.0,-0.8,0.0,-0.8,0.0,-0.8,0.0,0.8,0.0,1.6,0.0,1.6,1.6,-0.8,0.0,0.0,0.0,2.4000000000000004,0.0,1.6,0.8,1.6,0.0,0.0,1.6,0.0,0.0,0.0,-0.8,0.8,0.0,1.6,0.0,0.0,0.8,0.8,0.8,0.8,-0.8,0.8,0.0,1.6,-0.8,0.0,1.6,0.8,0.8,0.8,0.0,0.8,0.8,1.6,0.8,0.0,0.0,0.0,0.8,-0.8,0.8,1.6,-0.8,1.6,0.0,0.0,0.0,0.0,0.0,-0.8,0.0,0.8,0.8,0.8,0.8,-0.8,1.6,-0.8,-0.8,0.8,0.8,0.0,0.8,-0.8,1.6,-0.8,0.8,0.0,-0.8,1.6,0.0,-0.8,0.8,0.0,0.8,0.8,0.0,0.8,0.8,0.8,-0.8,1.6,0.0,0.0,0.0,0.0,0.8,0.0,0.0,1.6,-0.8,0.8,0.8,0.8,0.8,0.0,1.6,-0.8,1.6,0.8,0.0,2.4000000000000004,0.0,0.8,1.6,0.8,2.4000000000000004,-0.8,0.0,0.0,1.6,1.6,0.8,1.6,0.8,-0.8,1.6,0.0,0.8,-0.8,0.0,0.0,0.8,0.0,-1.6,1.6,0.8,0.0,0.8,0.0,0.0,0.8,0.8,1.6,-0.8,0.0,0.0,0.8,-0.8,0.8,1.6,0.0,0.8,0.8,0.8,0.8,0.8,0.8,0.0,0.8,0.0,0.8,0.8,0.8,0.8,0.8,0.0,-0.8,0.0,0.8,0.0,0.0,0.0,1.6,0.8,0.8,1.6,-2.4000000000000004,0.8,2.4000000000000004,0.0,-0.8,2.4000000000000004,3.2,-0.8,-1.6,4.800000000000001,0.0,-0.8,0.0,0.8,0.8,-1.6,1.6,0.8,-0.8,0.8,0.0,2.4000000000000004,0.0,0.8,0.8,0.0,1.6,-0.8,1.6,1.6,1.6,1.6,-0.8,2.4000000000000004,0.8,0.0,0.8,0.0,0.0,1.6,0.0,0.0,-0.8,0.8,2.4000000000000004,0.8,1.6,-1.6,0.8,0.8,0.0,0.0,-0.8,1.6,1.6,-0.8,0.8,0.0,1.6,0.0,0.8,1.6,-0.8,1.6,0.8,0.0,0.8,0.0,0.0,0.0,-0.8,0.8,0.8,0.0,0.8,0.8,-0.8,0.0,0.8,0.0,0.0,0.8,0.8,0.0,1.6,0.0,0.8,0.8,0.0,-0.8,0.0,0.8,1.6,0.0,0.0,1.6,0.8,0.8,0.0,0.0,0.0,0.8,0.0,0.0,1.6,0.0,0.8,0.8,0.0,0.8,-0.8,0.8,0.0,-0.8,0.0,-0.8,0.8,0.0,0.0,0.8,0.8,1.6,0.0,0.8,0.8,0.0,0.0,0.8,0.8,2.4000000000000004,0.0,1.6,1.6,1.6,-0.8,0.0,0.8,-0.8,0.0,0.0,0.0,0.0,-0.8,1.6,1.6,-0.8,0.8,-0.8,0.8,0.0,-1.6,1.6,-0.8,1.6,0.0,-0.8,1.6,-1.6,0.8,0.0,0.8,0.8,0.0,1.6,-1.6,0.0,0.0,0.8,0.8,0.0,2.4000000000000004,0.8,-0.8,1.6,-1.6,-0.8,0.0,0.0,0.0,-1.6,0.8,0.0,-1.6,1.6,0.8,0.0,0.0,-0.8,-0.8,-0.8,2.4000000000000004,-0.8,0.0,0.8,0.0,0.8,0.0,1.6,0.0,0.8,0.8,-0.8,0.8,1.6,0.8,0.0,0.8,0.8,0.0,0.0,0.8,0.0,-0.8,-0.8,0.8,-0.8,0.0,-0.8,-0.8,0.8,0.0,-0.8,0.0,0.0,0.0,-1.6,0.8,0.0,0.8,-0.8,0.8,1.6,0.8,-0.8,0.8,0.0,1.6,-0.8,0.8,0.0,0.0,0.8,-0.8,0.0,1.6,-0.8,0.8,-0.8,0.0,-0.8,0.8,0.8,0.8,-0.8,-1.6,0.0,0.8,-2.4000000000000004,0.8,-0.8,0.0,0.8,0.8,0.0,-0.8,0.8,0.8,-0.8,0.8,0.8,1.6,-0.8,0.0,0.8,-1.6,0.8,0.0,1.6,0.8,0.0,1.6,-1.6,0.0,0.8,-1.6,0.8,0.8,-1.6,1.6,1.6,1.6,-0.8,0.8,0.8,0.0,2.4000000000000004,-0.8,-0.8,1.6,0.0,0.0,0.0,-0.8,0.8,0.0,0.0,-0.8,0.8,0.8,0.8,1.6,-1.6,0.0,0.0,0.0,0.8,-0.8,0.0,0.8,-0.8,0.0,0.8,0.8,0.0,-0.8,0.0,0.8,1.6,0.0,-1.6,2.4000000000000004,2.4000000000000004,-1.6,0.8,2.4000000000000004,-0.8,0.0,0.8,0.0,-0.8,0.0,1.6,0.8,0.8,-0.8,0.0,0.0,0.0,-0.8,0.0,-0.8,0.8,-0.8,1.6,0.8,0.0,0.0,0.0,0.8,-0.8,1.6,0.0,-0.8,0.0,0.0,0.0,0.0,0.0,1.6,0.0,0.8,0.0,0.0,0.0,-0.8,0.0,0.8,0.0,0.8,0.0,0.8,0.8,0.0,0.8,0.8,0.0,-3.2,-0.8,1.6,0.0,0.8,0.0,2.4000000000000004,1.6,0.0,0.0,0.0,0.8,0.8,0.0,0.0,0.0,0.8,-0.8,0.0,0.0,-0.8,0.8,1.6,1.6,-0.8,-0.8,1.6,0.0,0.0,0.0,0.8,0.8,0.0,0.8,-0.8,0.0,0.8,-0.8,0.8,0.0,0.8,0.0,0.8,0.0,0.8,0.8,0.8,-1.6,0.0,0.8,0.8,-1.6,0.0,0.8,0.8,-0.8,0.8,1.6,0.8,0.8,0.8,0.8,0.8,0.0,0.0,0.0,0.0,0.0,-0.8,0.8,0.0,0.8,0.0,0.8,2.4000000000000004,0.0,0.0,0.0,-0.8,0.8,-1.6,0.0,0.0,0.8,0.8,0.0,0.8,0.0,0.0,0.0,-2.4000000000000004,1.6,0.0,0.0,0.8,0.8,0.8,0.0,-0.8,0.0,-0.8,1.6,0.0,0.0,0.8,0.8,0.8,-0.8,0.0,0.8,0.0,0.0,0.0,0.8,1.6,0.8,0.8,0.8,0.8,-0.8,-0.8,1.6,0.0,0.0,0.0,0.8,1.6,0.8,1.6,-0.8,1.6,0.8,-0.8,0.0,0.0,0.8,-0.8,0.0,0.8,0.8,0.0,0.0,0.8,0.8,0.0,1.6,0.8,0.8,1.6,0.8,0.0,0.0,-0.8,0.8,0.8,0.8,-0.8,1.6,0.0,0.8,0.8,0.8,0.8,1.6,0.0,0.0,0.8,1.6,0.0,0.8,0.8,0.8,1.6,0.8,0.8,0.0,0.0,0.0,0.0,-0.8,0.8,0.8,0.0,0.0,0.8,-0.8,0.0,0.8,-0.8,0.8,0.0,0.8,-0.8,0.8,0.8,-1.6,0.8,-0.8,-1.6,0.0,0.0,1.6,0.0,0.8,1.6,0.0,2.4000000000000004,0.8,0.0,0.8,-1.6,0.8,0.0,0.8,0.0,-1.6,1.6,0.0,0.8,-0.8,-0.8,1.6,-0.8,0.8,-0.8,0.0,0.8,-1.6,0.8,0.8,-0.8,0.8,0.0,0.8,0.0,0.8,0.8,0.0,2.4000000000000004,-0.8,0.8,1.6,0.8,0.8,-1.6,0.8,0.8,0.8,0.8,-0.8,1.6,0.8,0.8,0.8,-0.8,0.8,0.8,0.8,1.6,0.0,0.8,0.0,1.6,0.0,-0.8,0.8,1.6,0.0,0.0,0.0,0.8,1.6,1.6,0.8,0.8,0.8,0.0,-0.8,0.0,0.8,0.0,0.0,-0.8,0.0,-0.8,0.8,0.8,0.8,0.8,0.0,0.8,0.8,0.8,0.0,0.0,0.8,-0.8,0.0,1.6,0.8,0.8,0.0,0.0,1.6,0.8,0.0,0.8,-0.8,0.8,0.0,-0.8,0.8,0.8,0.8,0.8,0.8,1.6,-0.8,0.8,0.8,0.0,0.8,-0.8,0.0,0.8,0.0,0.0,-0.8,2.4000000000000004,0.0,0.8,0.8,0.0,0.8,-0.8,0.8,0.8,1.6,1.6,-1.6,0.8,1.6,0.0,1.6,0.8,1.6,0.0,-3.2,2.4000000000000004,0.8,-3.2,2.4000000000000004,3.2,-1.6,-1.6,3.2,-0.8,-0.8,0.0,-0.8,1.6,0.8,-1.6,0.0,0.0,0.0,0.8,0.8,0.8,0.0,1.6,0.0,1.6,0.0,0.0,1.6,-0.8,-1.6,0.0,-0.8,0.8,0.0,0.0,0.0,-0.8,0.0,-0.8,0.8,0.8,0.0,-0.8,0.8,-0.8,0.0,0.0,0.0,-1.6,0.8,2.4000000000000004,0.8,-0.8,0.8,1.6,0.8,0.8,0.0,0.0,0.8,0.0,-0.8,0.8,0.0,0.0,0.8,0.8,0.8,0.0,0.0,1.6,0.8,0.0,-0.8,-0.8,2.4000000000000004,0.0,1.6,0.8,0.8,1.6,-0.8,2.4000000000000004,0.0,0.0,0.0,-1.6,0.8,1.6,0.0,-0.8,0.8,1.6,-0.8,0.8,0.8,0.0,0.8,-0.8,0.8,0.8,0.0,1.6,0.8,2.4000000000000004,0.0,0.0,0.8,0.0,0.0,0.0,-0.8,1.6,-0.8,0.8,0.0,-0.8,0.8,0.0,1.6,0.0,1.6,1.6,-0.8,0.8,0.0,-0.8,0.0,0.0,0.8,0.0,-0.8,0.0,0.0,0.0,0.0,0.0,0.0,0.0,0.8,0.8,0.8,0.8,0.0,0.0,0.0,-0.8,-0.8,-0.8,0.0,0.0,0.8,0.0,0.8,1.6,0.8,0.0,-1.6,0.0,-0.8,0.0,-0.8,1.6,0.0,0.0,0.0,0.8,0.8,0.0,0.0,0.8,-1.6,0.0,0.0,0.0,1.6,-1.6,0.8,0.8,0.8,0.8,0.0,0.0,-0.8,-0.8,0.0,0.0,2.4000000000000004,0.0,0.0,0.0,0.8,0.8,0.0,0.0,-0.8,-1.6,0.0,0.0,0.8,-0.8,0.8,0.8,0.0,0.8,0.0,-0.8,0.0,-0.8,1.6,-0.8,1.6,0.8,0.0,1.6,-0.8,0.8,0.8,-0.8,0.8,-0.8,0.0,0.0,0.0,1.6,0.0,0.0,0.0,0.8,0.8,0.0,0.8,-1.6,-0.8,0.8,0.8,0.8,0.0,0.8,0.8,-1.6,0.8,0.0,0.0,0.8,-0.8,0.0,0.0,1.6,0.8,-0.8,0.8,1.6,0.0,1.6,0.0,-0.8,0.8,0.8,0.0,-0.8,0.0,0.8,0.8,0.0,0.8,0.0,-1.6,0.8,0.8,0.0,0.0,0.0,0.0,0.0,0.0,0.0,1.6,0.0,0.0,0.8,0.8,0.0,-1.6,0.8,0.0,1.6,1.6,0.0,0.8,2.4000000000000004,-0.8,0.8,-0.8,1.6,-1.6,-0.8,2.4000000000000004,-0.8,0.8,1.6,-0.8,1.6,-0.8,0.8,0.0,0.8,0.0,0.0,0.8,0.8,-0.8,0.0,-1.6,1.6,0.0,0.8,0.8,-1.6,1.6,0.0,1.6,0.8,0.8,0.8,-1.6,0.0,0.8,1.6,0.0,-1.6,0.8,-0.8,0.0,0.8,-0.8,0.8,0.0,0.8,0.8,0.0,1.6,-1.6,0.8,0.0,-1.6,0.8,0.8,0.8,0.8,-0.8,1.6,-0.8,1.6,0.0,-0.8,1.6,0.0,0.0,0.0,0.0,1.6,-0.8,0.0,0.8,0.0,0.8,0.8,0.8,-0.8,0.0,-0.8,0.8,0.8,0.0,0.0,0.8,-0.8,0.8,0.8,0.8,0.8,0.0,0.8,0.0,0.8,0.8,0.0,0.8,0.8,-0.8,1.6,0.0,0.0,0.0,0.0,-0.8,0.0,0.8,2.4000000000000004,0.0,0.8,0.0,0.0,0.0,0.8,0.0,0.8,-0.8,0.0,-0.8,-0.8,-1.6,0.8,1.6,0.8,0.0,-0.8,1.6,0.0,-0.8,1.6,0.0,0.0,0.0,-0.8,1.6,0.8,-0.8,-0.8,0.0,0.0,0.0,0.8,0.0,0.0,0.8,-0.8,-0.8,0.8,-0.8,0.0,0.8,-0.8,-0.8,0.0,1.6,0.0,0.8,0.8,0.8,1.6,0.8,-0.8,-2.4000000000000004,-0.8,1.6,-0.8,0.0,0.0,0.0,0.8,0.8,1.6,-0.8,0.0,0.8,0.8,0.8,-1.6,-0.8,-0.8,0.0,0.8,0.0,0.0,0.0,0.0,0.0,0.0,1.6,0.0,0.8,0.8,1.6,0.0,0.8,0.8,1.6,-0.8,0.0,0.0,0.8,0.8,0.0,0.0,0.0,0.0,1.6,0.8,0.0,-0.8,0.0,0.0,0.0,0.0,0.8,-0.8,0.8,0.0,-0.8,0.8,0.0,0.8,1.6,-0.8,0.0,-0.8,0.8,0.0,0.0,0.8,0.0,-0.8,1.6,0.0,1.6,-0.8,0.8,0.8,-0.8,0.0,0.8,0.8,0.8,-0.8,0.8,-0.8,1.6,0.0,0.0,0.8,-1.6,-0.8,0.0,0.8,1.6,-0.8,0.8,0.0,0.8,0.8,0.0,0.0,0.0,0.0,0.0,-0.8,1.6,-0.8,0.0,0.0,0.0,1.6,-1.6,0.8,0.8,0.0,0.8,0.0,0.8,-0.8,-0.8,0.8,-0.8,0.0,0.0,0.8,0.8,0.8,0.0,0.0,0.8,0.8,0.0,0.8,0.8,1.6,-0.8,1.6,0.8,0.0,0.0,-0.8,-0.8,0.0,0.0,0.8,0.0,0.0,-0.8,-0.8,-0.8,0.8,-0.8,0.8,0.8,0.8,-0.8,0.0,0.0,0.8,0.0,-0.8,-0.8,-0.8,0.8,0.8,0.8,0.0,1.6,1.6,-0.8,0.0,0.8,-0.8,0.8,-0.8,0.0,-0.8,-0.8,0.0,-1.6,0.8,0.0,0.0,0.8,0.0,1.6,0.0,0.8,-0.8,-1.6,1.6,0.0,-0.8,-0.8,-0.8,1.6,-0.8,0.0,-0.8,-1.6,0.8,-0.8,-0.8,-0.8,0.0,0.8,-1.6,0.0,0.0,0.0,0.8,-1.6,0.8,-0.8,-0.8,0.0,0.0,0.8,0.0,0.0,1.6,-1.6,0.8,-0.8,0.0,0.0,-0.8,2.4000000000000004,-0.8,0.8,0.0,-0.8,0.8,0.8,0.0,1.6,0.0,1.6,-0.8,0.0,-0.8,-0.8,0.8,-0.8,1.6,-1.6,-0.8,0.0,-0.8,0.8,-1.6,0.8,0.0,0.0,0.0,0.0,0.8,0.8,0.8,1.6,-0.8,0.0,1.6,0.0,0.0,-0.8,0.8,0.0,0.0,0.0,0.0,0.8,-0.8,0.0,0.0,-0.8,0.8,0.8,-0.8,-0.8,0.8,1.6,0.0,0.8,0.0,0.0,1.6,0.0,-0.8,-0.8,1.6,0.0,-0.8,0.0,0.8,0.8,0.8,0.0,-0.8,0.0,0.8,-1.6,0.8,0.8,0.8,1.6,-0.8,1.6,0.0,-0.8,0.8,0.0,0.0,0.0,0.0,0.8,0.0,0.8,-1.6,1.6,0.8,0.0,0.8,-0.8,1.6,-1.6,0.0,1.6,0.8,0.8,-0.8,1.6,0.8,-1.6,0.8,0.0,0.0,0.8,-1.6,0.0,1.6,-0.8,1.6,0.0,1.6,-0.8,-0.8,0.0,0.8,0.0,0.8,0.0,1.6,-0.8,0.0,0.8,0.8,0.0,-0.8,0.0,-2.4000000000000004,3.2,1.6,-1.6,1.6,0.8,-2.4000000000000004,-0.8,0.8,0.8,0.8,0.0,0.8,0.0,-0.8,-0.8,0.8,1.6,-0.8,0.0,0.8,1.6,0.8,0.0,0.0,1.6,0.0,-1.6,0.0,1.6,0.0,0.0,0.8,1.6,0.8,0.8,-0.8,0.0,0.8,0.0,0.0,0.0,0.8,0.0,0.0,0.8,0.8,0.0,0.0,0.0,0.0,-0.8,-0.8,-0.8,0.0,0.0,0.0,0.0,0.8,0.8,0.8,0.8,0.8,0.8,0.0,0.8,0.8,1.6,-0.8,1.6,0.8,0.8,0.8,0.8,0.8,0.8,0.0,-0.8,-0.8,0.0,-0.8,1.6,0.0,0.0,-0.8,0.0,0.0,1.6,-0.8,0.8,0.0,0.0,0.0
event_143,1625267058.3989727,1.6,0.0,0.0,0.8,0.0,0.8,0.0,0.0,1.6,0.8,0.8,-0.8,0.8,-0.8,0.0,0.0,-0.8,0.8,0.8,-0.8,1.6,0.0,0.8,0.0,0.8,0.8,-0.8,0.0,-0.8,2.4000000000000004,0.8,-0.8,1.6,0.0,0.0,0.8,-0.8,1.6,-1.6,0.8,0.0,0.0,1.6,0.0,1.6,0.8,-1.6,1.6,-2.4000000000000004,0.8,0.0,0.0,0.8,0.0,0.8,0.0,0.0,1.6,-1.6,2.4000000000000004,-1.6,0.0,2.4000000000000004,-0.8,-2.4000000000000004,1.6,1.6,-2.4000000000000004,-0.8,2.4000000000000004,0.0,0.8,0.0,1.6,0.8,-1.6,1.6,1.6,-0.8,0.0,0.8,1.6,0.0,0.8,1.6,0.0,1.6,-0.8,0.0,0.8,1.6,0.8,0.0,0.8,0.8,0.0,0.8,0.0,0.0,0.8,0.8,0.0,-7.200000000000001,-30.4,-29.6,-15.2,-5.6,-1.6,-1.6,0.0,-0.8,-0.8,-1.6,-2.4000000000000004,0.0,0.8,-0.8,-0.8,0.0,0.8,0.0,0.0,0.8,0.8,0.8,-1.6,0.8,0.8,0.8,1.6,-0.8,0.8,2.4000000000000004,0.8,2.4000000000000004,0.0,1.6,0.8,-1.6,1.6,0.0,0.8,2.4000000000000004,0.0,0.8,-1.6,1.6,0.0,0.0,0.8,-0.8,-1.6,1.6,-0.8,-0.8,0.8,0.8,0.8,0.8,-0.8,-0.8,2.4000000000000004,0.0,-0.8,1.6,0.8,1.6,0.8,-0.8,1.6,0.0,-0.8,0.8,-0.8,0.0,-0.8,-0.8,-0.8,0.0,0.8,0.0,0.0,0.8,-0.8,0.0,0.0,0.0,-0.8,-0.8,2.4000000000000004,0.0,0.8,0.8,0.8,0.8,1.6,0.0,0.0,0.0,0.8,-0.8,0.0,0.8,-0.8,-0.8,0.0,0.8,0.8,0.8,0.8,0.8,0.0,0.0,0.8,0.0,0.0,0.0,0.0,0.8,0.8,0.8,0.8,0.0,0.0,0.8,0.8,0.8,2.4000000000000004,-1.6,1.6,0.8,0.8,0.8,0.8,1.6,0.8,0.0,-1.6,-0.8,0.8,-0.8,1.6,1.6,0.8,0.0,-0.8,0.0,0.8,-1.6,2.4000000000000004,0.0,1.6,-1.6,0.0,1.6,0.0,1.6,-0.8,0.0,1.6,0.8,2.4000000000000004,-0.8,1.6,1.6,0.0,1.6,-0.8,1.6,1.6,0.0,1.6,-0.8,0.8,0.8,0.8,0.8,-0.8,0.8,0.0,0.0,1.6,0.8,0.8,0.8,-1.6,-0.8,0.8,1.6,-0.8,0.0,0.0,0.0,-0.8,-0.8,-0.8,0.0,0.8,0.0,-0.8,0.0,0.0,0.0,0.8,0.0,1.6,0.0,-0.8,0.0,0.0,0.0,0.0,0.0,0.0,0.0,0.0,0.8,0.8,0.8,0.0,0.8,0.0,0.8,-0.8,0.8,0.8,0.8,0.0,0.8,1.6,0.8,0.8,1.6,1.6,0.8,-0.8,0.0,0.0,-0.8,0.0,-0.8,0.8,0.0,-0.8,0.0,-1.6,0.0,-0.8,0.0,0.8,0.0,-0.8,-0.8,0.0,-0.8,0.0,0.8,-1.6,-0.8,0.8,0.0,0.8,-0.8,-0.8,0.8,-0.8,0.8,0.0,0.0,-0.8,-0.8,0.8,-1.6,-0.8,-0.8,-1.6,0.0,-1.6,0.8,-1.6,0.0,0.8,-0.8,1.6,-2.4000000000000004,-1.6,0.8,0.8,1.6,-1.6,0.8,2.4000000000000004,-2.4000000000000004,2.4000000000000004,1.6,-1.6,1.6,0.0,0.8,-1.6,0.8,0.8,0.0,1.6,0.0,0.0,1.6,0.0,0.8,-0.8,0.8,-0.8,0.0,0.0,0.0,1.6,0.8,0.8,0.0,0.8,0.8,-0.8,0.0,0.8,0.0,1.6,-0.8,-0.8,0.0,1.6,0.0,0.0,0.0,0.8,0.8,0.0,-0.8,0.0,0.8,0.8,0.0,0.0,-0.8,0.8,0.0,0.8,0.8,0.0,0.8,0.0,-2.4000000000000004,-0.8,0.0,0.0,0.0,0.0,0.8,-0.8,1.6,1.6,0.0,0.8,-0.8,0.0,-0.8,0.0,0.0,0.8,0.8,1.6,-0.8,-0.8,-0.8,0.0,-0.8,0.0,0.8,0.0,0.0,0.0,0.0,0.0,0.8,0.0,-2.4000000000000004,0.8,1.6,0.8,0.0,-0.8,1.6,0.8,0.0,0.0,0.0,0.8,0.0,-0.8,0.8,-0.8,0.8,0.0,0.0,2.4000000000000004,0.0,1.6,-0.8,0.8,0.0,-0.8,0.8,0.0,0.0,0.8,0.0,1.6,0.0,0.0,1.6,0.0,0.0,0.0,0.8,0.0,1.6,0.8,0.8,1.6,1.6,0.0,0.8,0.0,0.8,0.8,0.0,0.0,1.6,0.8,1.6,-0.8,1.6,0.0,0.8,0.8,0.0,0.8,0.8,0.8,1.6,0.0,0.0,0.8,0.0,0.8,0.0,0.0,0.0,0.8,0.8,0.8,0.8,0.8,-0.8,-0.8,0.0,1.6,0.8,0.0,1.6,-0.8,0.0,-0.8,1.6,0.8,-1.6,0.8,0.0,0.0,0.8,0.0,0.0,0.8,0.0,-0.8,-0.8,1.6,0.0,0.0,0.0,0.8,0.0,1.6,0.0,-0.8,0.8,0.0,0.0,0.0,0.8,0.8,1.6,-0.8,1.6,0.8,0.0,0.8,0.0,0.0,-0.8,0.0,0.8,-0.8,0.8,0.8,1.6,0.0,0.0,1.6,0.8,0.0,0.0,0.8,1.6,1.6,0.8,0.0,0.0,0.8,0.0,0.0,0.0,-0.8,0.8,0.0,-0.8,1.6,-0.8,0.8,0.8,-0.8,0.0,0.0,0.8,0.0,-0.8,0.8,0.0,1.6,-0.8,0.0,0.8,0.8,0.0,-0.8,0.0,0.0,1.6,0.8,0.0,0.0,0.0,0.0,-0.8,0.8,0.0,0.0,0.0,0.0,0.0,-1.6,1.6,0.8,-0.8,0.0,0.0,1.6,-0.8,0.8,0.0,-0.8,0.8,-0.8,-2.4000000000000004,0.8,0.0,0.8,-0.8,0.8,0.8,-0.8,1.6,0.0,0.0,0.8,-1.6,0.8,-0.8,0.8,0.0,0.0,0.8,-0.8,0.0,0.0,-0.8,1.6,-1.6,0.0,0.0,-0.8,0.0,-0.8,0.8,-0.8,0.8,0.8,-0.8,1.6,0.0,-0.8,2.4000000000000004,-0.8,2.4000000000000004,0.0,0.8,0.8,0.8,0.8,-0.8,0.8,0.0,-0.8,0.8,-0.8,0.0,0.8,0.8,0.8,-0.8,0.8,0.0,0.0,0.8,-0.8,1.6,0.0,0.8,0.0,0.0,0.8,0.0,0.8,0.8,0.8,0.8,1.6,0.0,0.0,0.0,0.8,0.8,0.0,-0.8,1.6,1.6,0.0,0.8,0.0,-1.6,0.0,0.0,0.8,0.0,0.0,0.8,-0.8,0.8,0.8,0.0,0.8,0.0,-0.8,-0.8,2.4000000000000004,0.8,0.8,0.8,0.0,0.8,0.0,0.8,-0.8,0.0,0.0,1.6,0.8,-2.4000000000000004,2.4000000000000004,3.2,-1.6,0.8,0.8,0.0,0.0,0.0,0.0,-0.8,0.0,0.0,0.8,0.8,-1.6,2.4000000000000004,1.6,0.0,0.8,-0.8,0.8,-0.8,0.0,0.8,0.8,1.6,0.0,1.6,1.6,0.0,1.6,0.0,1.6,0.0,-0.8,1.6,-0.8,0.0,0.8,0.0,1.6,-1.6,0.0,0.8,0.0,0.0,0.8,0.8,0.0,-1.6,0.8,-0.8,0.8,-0.8,0.0,0.0,-1.6,0.8,0.8,0.0,0.8,0.0,1.6,0.0,0.0,0.8,0.0,0.0,0.0,1.6,-1.6,0.8,1.6,0.0,0.0,0.0,-0.8,0.0,0.0,0.0,0.8,0.0,0.8,-0.8,0.0,1.6,0.8,-0.8,0.0,0.8,-0.8,0.8,0.0,0.8,0.0,0.0,-0.8,0.8,0.0,0.0,0.8,0.8,0.0,0.8,0.8,0.8,0.0,-0.8,-0.8,-0.8,0.8,-0.8,-0.8,0.0,0.0,1.6,0.0,0.8,0.8,0.0,0.0,-0.8,0.8,0.8,-0.8,0.0,0.8,1.6,-0.8,0.0,0.0,0.0,0.8,-0.8,0.0,-0.8,0.0,1.6,0.0,0.8,0.8,0.0,0.8,0.0,0.0,1.6,0.0,0.8,0.0,0.0,0.8,0.8,0.8,0.0,0.8,1.6,0.8,0.8,0.8,0.0,1.6,0.0,0.8,-0.8,0.8,0.0,0.0,0.8,-0.8,0.0,0.8,0.0,1.6,-0.8,0.8,0.8,0.0,0.0,0.0,0.0,1.6,0.0,-0.8,-0.8,1.6,0.8,-0.8,0.0,0.8,0.8,0.8,-0.8,0.8,1.6,0.0,0.8,0.0,0.8,0.0,0.0,1.6,1.6,0.8,0.0,0.8,1.6,0.0,0.8,0.0,0.8,0.8,0.0,1.6,1.6,-0.8,0.0,0.0,1.6,0.0,0.0,1.6,0.0,1.6,-0.8,0.0,0.8,0.8,0.8,0.8,0.8,0.8,-0.8,0.8,-0.8,0.8,0.0,0.0,1.6,0.8,0.8,0.8,0.0,0.8,-0.8,0.8,0.8,0.0,0.0,0.0,0.8,0.0,0.8,0.0,0.0,0.0,0.8,1.6,0.0,0.0,1.6,0.0,0.8,0.0,0.0,1.6,0.0,0.8,0.8,0.0,1.6,-0.8,0.8,0.0,0.0,0.8,0.8,0.8,0.0,-0.8,0.8,-0.8,0.0,0.8,0.8,1.6,0.0,1.6,0.0,-0.8,0.0,0.0,0.8,-0.8,0.0,0.0,0.0,0.8,0.8,0.8,0.8,0.8,-0.8,0.0,0.8,0.0,-0.8,0.0,0.0,0.0,0.0,0.8,0.0,0.8,1.6,0.8,0.8,-0.8,0.8,-0.8,0.0,0.8,1.6,0.8,-0.8,0.8,0.8,0.8,2.4000000000000004,0.0,1.6,0.8,0.8,0.0,-0.8,0.8,0.0,0.8,0.8,-0.8,1.6,0.0,0.0,1.6,-0.8,1.6,-0.8,0.8,0.0,-0.8,1.6,0.0,0.8,1.6,-0.8,1.6,1.6,0.8,0.8,-0.8,1.6,-0.8,0.0,1.6,0.8,0.0,-0.8,1.6,0.0,0.0,0.8,-1.6,0.0,-0.8,0.0,0.0,0.0,1.6,-0.8,0.0,1.6,-0.8,0.8,0.8,1.6,0.8,-0.8,1.6,0.8,0.0,0.0,0.0,0.8,-0.8,0.0,0.8,0.0,0.0,0.0,0.8,1.6,0.8,0.0,-0.8,1.6,0.0,0.8,-0.8,-0.8,0.0,-0.8,-0.8,1.6,1.6,0.8,1.6,1.6,0.0,0.0,2.4000000000000004,0.0,0.8,1.6,0.8,1.6,1.6,0.0,0.0,0.8,0.0,0.0,0.0,-0.8,0.8,0.8,0.8,0.8,1.6,-0.8,1.6,0.8,0.8,0.8,1.6,0.0,0.8,-0.8,-0.8,0.8,0.0,0.8,0.8,1.6,0.8,0.8,1.6,0.0,0.0,1.6,0.0,0.0,-0.8,0.8,0.8,-0.8,0.8,0.0,0.0,0.0,0.8,1.6,0.0,0.8,0.0,0.8,0.8,-1.6,0.0,0.8,-0.8,0.8,0.0,1.6,-0.8,0.0,0.0,0.8,2.4000000000000004,0.0,0.0,0.8,0.0,0.0,-0.8,1.6,0.0,0.0,1.6,0.0,0.8,0.8,-0.8,1.6,0.0,-0.8,0.0,0.0,0.8,0.0,0.8,0.0,0.8,0.8,-0.8,0.8,0.0,0.8,-0.8,0.0,2.4000000000000004,1.6,0.8,0.0,0.0,1.6,0.0,0.8,0.8,0.8,0.0,-1.6,0.0,0.8,0.0,1.6,0.8,0.8,0.0,0.0,0.0,0.8,-1.6,0.0,-0.8,0.8,0.8,0.0,0.8,0.0,0.8,0.0,0.8,0.8,0.8,0.8,1.6,0.8,0.8,0.0,-0.8,-0.8,0.0,0.8,-0.8,0.0,0.0,-0.8,0.8,-0.8,0.8,0.8,0.8,0.8,-0.8,0.8,0.0,-0.8,0.8,-1.6,0.0,0.0,1.6,1.6,-1.6,0.0,1.6,1.6,1.6,0.0,1.6,0.0,0.0,-0.8,-0.8,0.8,0.0,0.0,1.6,0.0,0.8,0.0,0.8,1.6,0.0,0.0,-0.8,0.8,0.0,0.8,1.6,0.8,1.6,0.8,1.6,1.6,0.0,0.0,-0.8,0.8,0.8,-0.8,0.8,0.8,0.8,0.0,0.0,0.8,1.6,0.8,0.0,0.8,-0.8,0.8,1.6,1.6,0.8,0.8,0.0,0.0,1.6,0.0,0.8,0.0,0.8,0.0,-0.8,0.0,0.8,0.0,0.0,0.0,-0.8,2.4000000000000004,1.6,0.8,0.8,1.6,0.8,0.0,0.0,0.8,0.8,0.0,0.0,-0.8,-0.8,0.0,0.8,0.8,0.8,0.8,0.8,0.8,0.8,0.0,0.0,0.8,-0.8,-0.8,0.0,1.6,0.0,0.0,0.0,1.6,0.0,1.6,0.8,-1.6,1.6,-0.8,0.0,0.0,0.8,0.8,0.0,0.8,0.0,-0.8,0.8,-0.8,0.8,0.8,-0.8,1.6,0.0,0.8,0.0,0.0,1.6,0.0,2.4000000000000004,0.0,0.8,2.4000000000000004,-1.6,1.6,0.0,1.6,0.8,-0.8,2.4000000000000004,0.8,-0.8,0.0,-0.8,0.8,-1.6,0.0,0.8,0.8,0.0,0.0,0.8,0.8,0.8,0.0,-0.8,0.8,-1.6,0.8,0.0,0.8,0.0,0.8,0.8,0.8,1.6,0.8,0.0,0.8,0.8,0.0,0.8,0.8,1.6,0.0,0.0,1.6,2.4000000000000004,1.6,-0.8,1.6,-1.6,-0.8,0.8,1.6,1.6,0.0,2.4000000000000004,0.0,-0.8,1.6,0.0,0.8,0.8,0.0,0.0,0.8,2.4000000000000004,0.8,0.8,0.8,0.0,0.8,0.8,0.8,0.0,0.8,1.6,-1.6,0.8,0.0,0.0,1.6,0.0,1.6,1.6,0.0,2.4000000000000004,0.8,0.8,0.0,0.0,0.8,0.0,0.8,0.8,3.2,0.8,0.0,0.8,2.4000000000000004,0.0,-2.4000000000000004,2.4000000000000004,2.4000000000000004,-1.6,-0.8,3.2,0.8,1.6,-1.6,0.0,0.0,0.0,0.8,0.0,1.6,0.8,0.0,2.4000000000000004,0.8,2.4000000000000004,0.0,0.0,1.6,0.8,0.0,0.8,0.8,1.6,0.0,0.8,0.8,0.0,1.6,0.0,0.8,0.0,1.6,0.8,-0.8,0.8,0.8,0.8,0.8,0.0,0.8,0.8,0.0,0.8,0.0,0.0,0.0,0.8,0.0,-0.8,0.8,0.0,-0.8,0.8,0.0,0.0,0.0,0.8,-1.6,0.0,1.6,0.8,0.0,0.0,0.8,0.8,1.6,-0.8,-0.8,0.8,-0.8,0.0,0.8,0.8,0.8,-0.8,1.6,0.8,0.0,0.8,0.8,0.8,0.0,0.8,-0.8,0.8,0.8,-0.8,0.0,0.8,0.0,0.8,0.0,1.6,0.8,0.0,-0.8,0.0,2.4000000000000004,0.0,0.8,0.0,0.0,0.8,0.8,0.8,1.6,0.8,1.6,-0.8,1.6,0.0,1.6,0.8,-0.8,0.8,-0.8,-0.8,0.8,-0.8,1.6,-0.8,1.6,0.8,0.0,1.6,0.0,0.8,0.8,-0.8,-0.8,0.8,0.0,0.8,-0.8,0.8,0.0,0.0,0.0,1.6,0.8,-0.8,0.8,0.8,0.0,0.0,0.0,0.8,0.0,0.8,0.0,-1.6,0.8,0.8,0.8,0.8,0.0,0.0,0.0,0.8,0.8,0.8,0.0,1.6,0.0,0.8,0.0,-0.8,1.6,0.0,-0.8,0.0,0.8,0.8,0.0,1.6,1.6,0.0,0.8,0.0,2.4000000000000004,-0.8,0.0,0.8,0.0,1.6,0.0,0.8,1.6,0.0,1.6,0.0,-0.8,1.6,-0.8,0.8,-0.8,0.8,0.8,-0.8,0.8,0.0,0.0,0.8,0.8,0.8,0.0,0.8,0.8,0.0,1.6,0.8,1.6,0.8,-0.8,0.8,-0.8,0.8,-0.8,0.8,0.0,0.8,0.8,0.0,0.0,1.6,0.8,1.6,-1.6,0.0,1.6,0.0,0.0,0.0,1.6,1.6,-0.8,0.8,0.8,0.8,1.6,0.0,0.0,-0.8,0.0,1.6,0.8,0.8,-0.8,0.8,0.8,1.6,0.8,0.0,0.0,-1.6,-0.8,0.8,0.8,0.8,0.0,0.0,0.0,0.0,0.8,0.0,0.0,0.8,0.0,-0.8,0.0,0.0,0.0,0.0,0.0,0.0,1.6,0.0,0.8,0.8,-0.8,0.0,-0.8,0.8,0.8,0.0,0.0,0.8,0.0,-0.8,0.8,0.8,0.8,-0.8,0.0,1.6,1.6,-0.8,-0.8,0.0,1.6,-0.8,1.6,0.8,0.0,0.0,0.0,0.0,0.8,-0.8,1.6,0.0,0.8,0.0,0.0,0.0,0.0,0.0,0.8,0.8,1.6,-1.6,1.6,0.0,0.8,0.8,-0.8,1.6,-0.8,0.8,2.4000000000000004,-1.6,0.8,0.0,1.6,0.8,0.0,1.6,-0.8,0.0,-0.8,0.0,0.8,-0.8,0.0,-0.8,0.0,0.8,0.0,0.8,0.0,1.6,1.6,0.0,0.8,-0.8,0.8,2.4000000000000004,-0.8,0.8,0.0,0.8,0.8,0.0,0.0,-0.8,0.0,0.0,-1.6,0.0,0.0,1.6,0.8,0.0,1.6,0.0,0.8,0.0,0.8,0.0,0.0,0.0,0.8,0.8,0.8,0.0,0.8,0.0,0.8,0.8,0.8,0.0,0.0,0.8,0.0,0.8,0.0,0.8,1.6,0.8,0.8,0.8,1.6,0.0,-0.8,-0.8,-0.8,0.8,0.0,0.0,1.6,-0.8,-0.8,0.0,0.0,1.6,0.0,1.6,-0.8,0.8,-0.8,-0.8,0.8,0.0,0.0,0.8,-0.8,0.8,0.0,0.0,0.8,0.0,2.4000000000000004,-1.6,0.8,0.0,0.0,0.8,-0.8,0.0,0.0,-1.6,1.6,0.0,0.0,0.8,0.0,1.6,-1.6,1.6,0.8,-0.8,0.8,-0.8,0.0,0.0,1.6,1.6,0.0,2.4000000000000004,0.8,1.6,1.6,0.0,0.8,0.0,0.8,0.0,0.0,0.8,0.8,0.8,0.8,1.6,0.8,-0.8,1.6,0.8,0.0,0.8,-0.8,0.8,0.8,-0.8,0.0,0.0,1.6,0.8,0.0,0.8,0.8,0.0,1.6,0.0,0.8,0.8,0.8,0.8,0.8,0.0,0.0,0.8,0.0,0.0,-0.8,0.8,0.8,0.8,1.6,0.8,0.0,0.0,0.0,0.0,0.8,0.8,1.6,0.8,0.8,0.8,0.8,0.0,1.6,0.0,0.0,0.0,-0.8,1.6,0.8,1.6,0.8,0.0,-0.8,-1.6,0.0,0.0,1.6,0.0,0.0,0.0,-0.8,0.8,0.0,0.8,0.0,-0.8,1.6,1.6,0.0,0.0,0.0,2.4000000000000004,0.8,-0.8,0.8,0.8,0.0,0.0,0.0,1.6,0.8,1.6,0.8,-0.8,1.6,-0.8,0.8,0.0,1.6,0.0,-0.8,0.8,0.8,0.8,0.0,0.0,1.6,0.0,0.8,0.0,0.0,0.8,-0.8,0.8,0.0,0.8,2.4000000000000004,0.8,0.8,0.0,-0.8,0.8,0.8,0.8,0.0,1.6,0.8,0.8,0.8,0.8,-0.8,1.6,-0.8,0.0,0.0,-0.8,0.8,1.6,0.0,0.8,-0.8,0.8,-0.8,0.8,0.0,0.0,1.6,0.0,0.0,0.8,0.0,0.8,0.0,0.0,0.0,0.0,1.6,1.6,0.0,0.0,-1.6,0.0,-0.8,-0.8,1.6,-0.8,0.8,0.0,-0.8,-0.8,-0.8,0.8,0.8,-0.8,0.8,-0.8,0.0,0.8,0.0,0.8,0.0,0.8,-0.8,0.0,1.6,-0.8,0.0,0.0,0.0,-0.8,-0.8,0.0,0.0,1.6,0.8,-0.8,0.8,0.0,0.8,1.6,-0.8,0.8,0.0,0.0,0.0,-0.8,0.8,-1.6,1.6,0.0,0.8,0.0,-0.8,1.6,0.0,0.0,0.8,-0.8,1.6,-0.8,0.0,1.6,-0.8,0.0,0.8,0.8,0.0,-1.6,1.6,0.0,0.0,0.0,-0.8,0.0,0.0,0.0,2.4000000000000004,0.8,0.8,-1.6,0.0,0.8,0.8,0.8,0.8,0.8,1.6,0.0,0.8,0.0,0.8,0.0,0.8,0.8,0.0,2.4000000000000004,0.0,0.8,0.8,0.8,0.8,1.6,0.8,0.0,0.8,0.8,-0.8,0.8,-0.8,0.0,-0.8,0.0,-1.6,0.0,0.8,-0.8,0.8,0.8,-0.8,0.8,0.0,0.0,1.6,0.8,0.8,0.0,0.8,0.0,0.8,0.8,0.0,0.8,-1.6,0.8,0.8,0.0,0.8,0.8,0.8,0.0,0.8,1.6,-0.8,0.8,0.0,0.0,0.8,-0.8,0.8,0.0,0.0,0.0,0.0,1.6,0.0,0.0,0.0,-0.8,0.8,-0.8,0.0,0.8,0.0,1.6,-0.8,0.8,0.0,0.0,0.8,0.0,0.8,0.0,-0.8,0.8,-0.8,1.6,0.8,0.0,0.8,0.0,0.0,0.0,-0.8,0.8,0.0,1.6,0.0,0.0,2.4000000000000004,-1.6,0.0,1.6,0.8,-0.8,0.8,0.8,0.0,0.8,0.8,0.8,0.0,-0.8,0.8,0.8,0.0,-0.8,0.0,-0.8,0.0,0.0,0.8,0.8,0.8,0.0,0.0,0.8,0.0,0.0,0.8,0.0,-1.6,0.0,0.8,-0.8,0.0,0.0,0.8,0.8,0.8,0.0,-0.8,0.8,0.8,0.0,0.8,1.6,0.8,0.0,1.6,0.8,0.0,0.8,0.0,0.8,-0.8,0.0,0.0,0.0,0.8,-0.8,0.0,1.6,0.0,0.0,1.6,0.8
event_144,1625267060.6180997,1.6,0.8,-0.8,1.6,-0.8,0.8,1.6,0.0,0.0,0.8,1.6,0.0,0.0,0.8,0.0,0.0,-0.8,0.0,1.6,0.0,1.6,0.8,1.6,-0.8,0.8,0.0,-0.8,0.0,-0.8,-0.8,0.8,-0.8,0.8,0.0,0.8,0.0,0.0,0.0,0.0,0.0,0.0,0.0,1.6,-0.8,0.8,0.8,0.8,0.8,-0.8,-0.8,-0.8,1.6,1.6,0.8,0.0,1.6,0.0,-0.8,-0.8,0.0,0.8,-0.8,0.8,0.0,-1.6,0.8,0.0,0.8,0.8,1.6,0.8,0.0,0.0,0.8,0.0,0.8,0.0,-1.6,0.0,1.6,0.0,-0.8,0.8,0.8,1.6,1.6,-0.8,-0.8,1.6,-0.8,0.0,0.8,0.0,0.8,0.8,0.0,1.6,0.8,0.8,-0.8,1.6,0.0,-4.0,-20.800000000000004,-29.6,-17.6,-8.8,-4.800000000000001,-0.8,-1.6,0.0,-2.4000000000000004,-0.8,0.0,-3.2,0.8,0.0,0.0,-0.8,0.8,2.4000000000000004,-0.8,0.8,0.8,-1.6,0.8,0.0,0.0,-0.8,-1.6,1.6,0.0,0.8,0.0,-1.6,0.8,-0.8,1.6,-0.8,0.0,0.8,-0.8,0.8,0.0,0.0,0.8,-1.6,0.8,0.0,-0.8,1.6,0.0,0.0,-0.8,0.0,-0.8,-0.8,0.0,0.8,0.8,-2.4000000000000004,0.8,-0.8,-2.4000000000000004,0.0,-0.8,0.0,0.8,0.0,0.8,-0.8,0.8,0.0,-0.8,0.8,-0.8,-0.8,0.0,0.0,0.0,0.0,0.8,0.8,-0.8,0.8,-0.8,0.0,1.6,-0.8,0.0,0.0,0.0,0.8,0.8,0.8,1.6,0.0,-0.8,0.8,0.0,0.0,-0.8,0.0,-0.8,0.0,0.0,0.0,0.8,0.0,0.0,0.8,0.0,0.0,-0.8,0.8,1.6,0.0,0.0,0.0,0.8,1.6,-1.6,0.8,0.0,0.8,1.6,-0.8,0.0,0.0,0.0,1.6,0.0,0.8,0.0,0.8,0.8,0.8,-0.8,0.8,0.0,0.8,-0.8,0.0,0.8,0.0,1.6,-0.8,0.8,0.0,1.6,0.8,0.0,0.8,-0.8,1.6,-0.8,-0.8,1.6,0.0,0.0,-0.8,0.0,-0.8,0.0,1.6,0.0,-0.8,0.8,-0.8,0.0,0.0,0.8,-0.8,0.0,0.0,-0.8,0.0,0.8,0.0,-0.8,0.0,0.8,0.0,0.8,0.8,-1.6,0.0,1.6,-1.6,0.0,0.0,0.0,0.0,0.0,0.0,0.0,0.0,0.0,0.0,0.0,-0.8,0.8,0.8,0.0,0.0,0.0,1.6,0.8,0.8,0.8,0.8,0.0,-0.8,0.8,0.0,0.0,-0.8,1.6,0.0,0.8,0.8,0.0,0.0,0.8,0.0,-1.6,0.8,0.0,-0.8,0.8,0.8,-0.8,0.8,-0.8,0.8,0.8,-0.8,0.0,-0.8,1.6,0.8,0.0,0.8,0.0,0.8,0.0,-0.8,0.0,0.8,0.0,-1.6,-0.8,1.6,0.0,0.0,-1.6,0.8,0.8,0.0,0.8,0.8,0.0,0.8,0.0,1.6,-0.8,0.0,-0.8,0.0,1.6,0.0,1.6,0.8,-1.6,-0.8,-0.8,1.6,0.0,-0.8,0.8,0.8,0.8,0.0,0.8,-0.8,0.8,0.0,-0.8,0.0,0.0,0.0,0.0,-0.8,0.8,0.0,-0.8,0.8,0.8,-0.8,0.0,0.0,1.6,0.0,0.0,0.0,1.6,0.0,0.0,0.0,0.0,1.6,-0.8,0.0,0.8,1.6,-1.6,-1.6,2.4000000000000004,0.0,-0.8,0.8,-0.8,1.6,-1.6,0.0,0.0,0.0,0.0,0.8,0.8,0.0,-0.8,0.0,-0.8,0.8,-1.6,0.8,0.8,0.0,0.8,-0.8,0.0,1.6,-0.8,1.6,0.8,0.0,0.8,-0.8,0.8,-0.8,1.6,0.8,-0.8,0.8,-0.8,1.6,0.0,0.0,1.6,-1.6,0.8,0.0,0.0,0.8,0.0,1.6,-0.8,0.0,0.8,-0.8,0.8,-0.8,0.0,0.0,0.0,0.8,-0.8,0.0,2.4000000000000004,-0.8,1.6,-0.8,-0.8,0.8,-0.8,0.8,-0.8,0.8,0.8,0.0,0.8,0.0,0.0,0.8,0.0,1.6,-0.8,0.0,0.8,-0.8,-0.8,-0.8,0.8,1.6,0.0,0.8,0.0,0.0,0.8,0.0,0.8,0.0,1.6,0.0,0.8,1.6,0.0,0.0,0.8,0.8,0.8,-0.8,0.0,-0.8,0.0,0.8,0.8,0.0,0.8,0.8,-0.8,0.0,0.8,0.0,1.6,-1.6,0.8,0.0,0.0,0.8,0.0,0.0,0.0,0.0,0.0,1.6,0.8,0.0,0.8,0.0,0.0,0.0,-1.6,0.0,0.8,0.0,1.6,-0.8,0.8,-1.6,0.8,0.0,0.0,1.6,0.0,0.8,0.8,-0.8,0.8,0.8,0.8,-0.8,0.8,1.6,0.0,1.6,-0.8,0.8,0.8,0.0,0.0,-0.8,0.8,0.0,-1.6,1.6,0.0,0.8,0.8,-0.8,0.8,0.0,0.8,0.0,0.8,0.8,-0.8,1.6,0.0,0.0,0.0,0.0,2.4000000000000004,0.0,0.0,1.6,-0.8,1.6,-0.8,0.0,0.8,0.8,0.0,-0.8,0.8,1.6,-0.8,0.8,-0.8,1.6,0.8,0.0,0.8,0.0,0.0,0.8,0.8,0.8,-1.6,0.0,0.0,0.8,0.0,0.0,0.8,0.8,-0.8,0.0,0.0,1.6,0.0,1.6,0.8,-0.8,1.6,0.8,-1.6,0.0,0.0,-0.8,0.8,-0.8,0.8,2.4000000000000004,0.0,-0.8,0.0,-0.8,0.0,0.8,0.0,-0.8,1.6,0.8,-0.8,1.6,0.0,0.8,1.6,-1.6,0.0,-0.8,1.6,0.8,0.0,1.6,0.8,1.6,0.8,-0.8,0.0,0.8,0.0,-1.6,0.8,-0.8,0.0,0.8,0.0,2.4000000000000004,1.6,-0.8,0.0,0.0,0.0,0.0,0.0,1.6,0.0,2.4000000000000004,0.0,-0.8,0.8,0.0,0.8,0.8,0.0,0.0,0.8,0.8,1.6,0.0,0.8,0.8,0.8,0.0,0.8,0.8,0.0,-0.8,0.0,0.0,0.8,-0.8,0.8,0.0,0.8,0.0,0.0,0.0,0.8,-0.8,0.8,-0.8,0.8,0.8,0.8,0.0,1.6,0.0,0.0,-0.8,0.0,0.8,0.8,-0.8,0.0,0.0,0.0,-0.8,0.0,0.8,1.6,-0.8,0.0,0.8,0.0,0.8,0.8,0.0,0.0,0.8,1.6,0.0,0.0,1.6,0.0,1.6,-0.8,-1.6,0.8,0.8,0.8,0.0,0.8,1.6,-0.8,0.8,0.0,0.8,0.8,0.8,0.0,0.0,0.0,0.8,-0.8,2.4000000000000004,0.0,0.8,1.6,0.0,2.4000000000000004,-0.8,0.0,0.8,0.8,0.8,-0.8,0.8,0.8,0.8,1.6,0.0,1.6,1.6,0.8,1.6,0.0,1.6,0.0,0.0,0.0,0.0,1.6,0.8,0.0,0.8,-0.8,0.0,-1.6,1.6,0.8,0.8,0.8,0.0,-1.6,0.8,-1.6,1.6,-0.8,0.0,0.0,0.8,0.8,-1.6,0.8,0.8,0.0,0.8,0.8,0.8,1.6,0.0,-0.8,0.0,0.8,0.0,0.0,0.8,0.8,0.8,0.0,0.8,0.0,-0.8,0.8,0.0,0.0,-0.8,0.0,-0.8,0.0,0.8,0.8,0.8,0.8,0.0,-0.8,0.0,1.6,0.8,0.8,0.0,0.8,0.0,0.8,0.8,-0.8,0.0,0.8,-0.8,0.0,0.0,0.0,0.0,0.8,0.8,0.0,0.8,0.0,0.8,0.0,-0.8,0.8,0.8,0.0,0.0,0.0,2.4000000000000004,0.0,0.8,1.6,-0.8,0.8,-0.8,0.0,0.8,0.0,0.8,0.0,1.6,1.6,0.0,2.4000000000000004,0.0,0.8,0.8,-1.6,1.6,-0.8,0.0,0.0,-0.8,1.6,-1.6,0.8,0.0,0.0,-0.8,0.0,1.6,0.0,-0.8,1.6,-0.8,0.8,0.0,-0.8,0.8,-0.8,1.6,0.0,-0.8,0.0,-0.8,1.6,0.0,-1.6,1.6,0.0,0.0,0.0,0.0,0.0,-0.8,0.8,-0.8,0.0,0.8,0.0,-0.8,0.0,0.8,0.0,0.8,-0.8,-1.6,0.0,0.0,0.8,-0.8,-0.8,0.8,-0.8,0.0,0.0,-1.6,0.8,-0.8,-0.8,0.0,0.8,0.8,0.8,0.0,0.0,0.0,0.0,0.0,1.6,-0.8,-0.8,0.0,0.0,0.0,0.0,0.8,0.0,0.0,0.8,0.8,0.8,0.8,0.8,0.0,0.0,0.8,-0.8,1.6,0.8,0.8,-0.8,0.0,1.6,0.0,0.8,0.0,-0.8,0.8,0.0,0.8,0.0,-0.8,0.8,0.0,0.0,0.0,0.0,1.6,-0.8,0.8,0.0,-0.8,0.8,0.0,0.8,0.0,0.8,-0.8,0.8,1.6,-0.8,0.8,0.8,0.0,0.8,-1.6,0.8,0.8,-0.8,0.8,0.8,-0.8,0.8,0.0,0.0,-0.8,0.8,0.8,0.0,1.6,0.8,0.0,1.6,-1.6,0.0,0.0,0.8,0.8,0.0,0.0,0.8,0.0,0.8,0.0,-0.8,0.0,0.8,-0.8,0.0,0.0,0.0,0.8,0.8,1.6,0.8,0.8,0.8,0.8,-1.6,0.0,-0.8,0.0,-0.8,-0.8,0.8,0.8,0.8,0.0,0.0,0.8,-0.8,0.0,0.0,0.8,2.4000000000000004,0.0,0.0,0.8,0.8,0.0,0.0,0.8,0.0,-0.8,0.8,0.0,-0.8,0.0,0.8,0.8,-0.8,0.0,0.0,-0.8,0.8,-0.8,0.0,0.0,0.0,0.0,0.0,0.0,0.8,0.8,1.6,-0.8,0.0,1.6,0.0,0.0,0.0,0.8,-0.8,-1.6,0.0,0.0,0.8,0.0,0.0,0.0,-0.8,0.0,-0.8,-0.8,0.0,0.0,0.8,-0.8,0.0,0.8,-0.8,2.4000000000000004,-0.8,-0.8,0.0,0.8,1.6,-0.8,0.0,1.6,0.8,0.0,0.0,0.0,0.0,0.0,-1.6,0.8,0.8,0.0,-0.8,0.8,0.8,0.8,0.0,-0.8,0.0,-0.8,-0.8,-1.6,0.0,1.6,0.0,0.0,0.8,0.8,0.8,0.8,0.0,0.0,0.0,0.0,0.8,1.6,0.0,0.8,0.8,1.6,0.0,0.8,1.6,0.0,-0.8,-0.8,0.0,0.8,0.8,0.8,0.0,1.6,-0.8,0.0,0.8,0.8,0.0,-0.8,0.8,1.6,0.0,0.0,0.0,1.6,0.0,0.8,0.0,-0.8,1.6,0.8,0.0,0.0,0.8,0.8,-0.8,0.0,0.8,0.0,0.0,0.8,0.8,0.8,-0.8,1.6,0.0,-0.8,0.8,0.0,0.8,0.0,1.6,0.8,0.8,0.8,-0.8,0.8,-0.8,0.0,0.8,-0.8,3.2,0.0,0.8,0.0,-1.6,1.6,0.0,0.8,1.6,0.0,1.6,0.8,0.0,0.8,0.0,0.0,0.0,0.0,0.0,-0.8,-0.8,0.0,0.8,0.8,0.8,1.6,0.0,0.8,0.8,0.0,1.6,-0.8,1.6,0.0,1.6,0.8,0.8,0.8,0.0,0.0,0.8,0.8,0.0,-0.8,0.0,0.8,0.0,0.8,2.4000000000000004,0.0,0.0,0.0,-0.8,0.8,0.8,0.0,0.0,1.6,2.4000000000000004,0.8,1.6,0.8,0.8,0.8,0.0,1.6,0.8,1.6,0.8,-0.8,0.8,1.6,-0.8,1.6,0.0,0.0,0.8,0.0,1.6,-0.8,-0.8,0.8,0.0,0.8,-1.6,0.8,0.0,-0.8,2.4000000000000004,-0.8,0.0,0.0,-0.8,0.8,-0.8,1.6,0.0,0.0,0.8,0.8,0.8,1.6,0.0,0.8,-0.8,0.0,2.4000000000000004,0.8,-1.6,-0.8,4.800000000000001,-1.6,-0.8,3.2,0.0,0.0,0.0,0.8,-0.8,-2.4000000000000004,1.6,1.6,0.0,-0.8,0.0,1.6,0.0,0.8,1.6,0.8,1.6,-0.8,1.6,1.6,0.0,0.8,0.0,1.6,-0.8,0.8,0.8,0.0,0.8,-0.8,1.6,0.8,0.8,1.6,0.8,0.8,0.0,0.8,0.0,0.8,0.0,0.8,0.8,1.6,0.0,0.8,0.8,0.8,0.0,0.8,1.6,0.0,1.6,0.8,0.8,0.0,0.0,1.6,0.8,0.0,0.8,0.0,0.0,1.6,-0.8,-1.6,0.8,0.0,0.0,-0.8,0.0,0.8,0.0,0.8,1.6,-0.8,0.8,0.0,-0.8,0.8,0.8,0.0,0.0,1.6,0.8,0.8,1.6,-1.6,0.8,0.8,-0.8,1.6,0.0,1.6,0.8,0.0,0.8,-0.8,0.0,0.0,0.0,0.8,-0.8,-0.8,0.0,0.0,0.8,-0.8,0.8,1.6,0.8,0.8,0.0,0.8,0.8,-0.8,0.8,0.0,0.8,-0.8,0.8,1.6,1.6,0.0,0.0,0.0,0.8,-0.8,0.8,-0.8,0.8,0.8,0.0,1.6,0.8,0.0,0.0,0.8,0.0,-0.8,1.6,0.8,0.8,-0.8,-0.8,0.0,0.8,-0.8,0.8,0.0,0.0,0.8,0.8,0.8,0.8,0.8,1.6,-0.8,0.0,-0.8,1.6,0.0,0.8,0.8,-0.8,0.8,-0.8,0.0,0.8,0.8,1.6,0.0,0.8,0.8,-0.8,0.8,0.0,-1.6,0.8,1.6,0.8,0.0,0.0,0.8,0.8,0.8,0.0,0.0,0.8,0.0,0.0,0.0,0.8,1.6,0.0,0.8,0.8,0.0,1.6,0.8,0.8,0.0,-0.8,0.0,0.8,0.8,-0.8,-0.8,1.6,0.0,0.8,1.6,0.0,0.8,-1.6,0.0,0.8,0.0,1.6,0.0,1.6,1.6,-0.8,0.8,-0.8,0.0,0.0,-0.8,0.8,-0.8,0.8,0.8,1.6,1.6,-0.8,0.8,-0.8,0.8,0.0,0.0,0.8,0.8,0.8,0.8,0.8,1.6,0.8,0.8,0.0,0.0,2.4000000000000004,1.6,0.0,0.0,0.8,0.8,-0.8,0.0,0.8,0.0,0.0,0.0,-0.8,-0.8,0.0,0.0,-0.8,0.0,0.8,0.8,-1.6,0.8,0.0,0.0,1.6,-0.8,-0.8,-0.8,1.6,0.0,-0.8,0.0,1.6,1.6,0.0,-0.8,0.8,-0.8,1.6,-0.8,-0.8,0.0,0.8,0.0,0.0,0.8,0.8,-0.8,0.8,0.0,0.0,0.0,0.0,0.8,-0.8,0.0,0.0,-0.8,1.6,-0.8,0.8,0.0,0.8,0.0,0.8,1.6,0.0,0.0,1.6,-1.6,1.6,0.0,0.0,0.0,0.8,-0.8,-2.4000000000000004,1.6,0.8,-2.4000000000000004,1.6,0.0,1.6,0.0,-0.8,0.8,0.0,0.8,0.0,0.8,0.0,-0.8,0.8,0.8,0.0,0.8,-0.8,2.4000000000000004,0.0,0.8,0.8,0.0,0.8,0.0,-0.8,0.8,0.0,0.8,0.0,0.0,1.6,-0.8,0.8,-0.8,-1.6,-0.8,-0.8,1.6,0.0,0.0,0.8,0.8,0.0,0.8,-1.6,-1.6,0.8,1.6,0.8,0.0,0.0,0.0,0.0,0.8,-0.8,0.0,0.8,-0.8,0.0,0.0,0.8,1.6,0.8,0.8,0.8,-0.8,0.8,0.0,0.0,-0.8,0.0,0.0,0.8,0.0,0.8,-0.8,0.8,-0.8,0.8,0.8,0.0,0.0,0.0,0.0,-0.8,1.6,-0.8,0.0,1.6,-0.8,0.0,0.8,0.0,1.6,0.0,0.8,-0.8,0.8,1.6,0.0,0.8,0.0,-0.8,0.8,-0.8,1.6,-0.8,0.0,0.8,0.0,0.8,-0.8,0.0,1.6,0.0,1.6,0.0,0.0,0.8,0.0,0.8,0.0,1.6,-0.8,0.0,0.0,0.8,1.6,-0.8,0.8,0.8,-1.6,0.0,0.0,0.0,0.8,0.0,2.4000000000000004,-1.6,1.6,0.0,-1.6,0.8,-1.6,0.0,-0.8,0.0,1.6,0.0,0.8,1.6,0.0,0.8,0.0,0.0,0.8,0.0,0.0,0.8,0.8,0.0,-0.8,-0.8,0.8,1.6,0.0,0.8,1.6,-0.8,0.8,0.0,0.8,0.0,0.0,-0.8,0.8,-0.8,0.0,0.8,0.8,0.0,0.0,1.6,0.0,0.8,0.8,0.8,0.8,1.6,0.8,0.8,0.0,0.8,-0.8,0.0,0.8,0.0,0.8,0.8,0.8,1.6,-0.8,0.0,0.0,0.0,0.8,-0.8,0.8,1.6,0.0,0.0,0.0,0.0,0.8,0.8,1.6,-0.8,1.6,0.8,0.8,0.8,0.0,0.8,0.0,-0.8,1.6,0.8,-0.8,-0.8,0.8,0.0,0.0,1.6,-0.8,0.8,0.0,0.0,0.8,0.0,0.0,0.0,0.0,-0.8,-0.8,0.8,0.8,0.8,0.0,0.0,2.4000000000000004,0.8,0.0,0.0,-0.8,1.6,0.0,-0.8,0.0,0.0,0.8,0.8,0.0,1.6,0.0,0.8,-0.8,0.8,-0.8,-0.8,0.0,0.8,0.8,0.8,0.0,0.8,0.0,0.0,0.8,0.8,-0.8,-0.8,1.6,0.0,1.6,1.6,-0.8,0.0,1.6,0.0,1.6,0.0,0.8,0.0,0.0,0.0,0.8,0.0,1.6,0.8,0.0,-0.8,0.0,0.0,0.0,0.0,0.0,0.0,1.6,0.0,-0.8,0.8,0.0,1.6,0.0,0.8,0.0,1.6,0.8,0.0,0.8,0.8,0.8,0.8,-1.6,0.8,0.0,0.0,0.8,-0.8,-0.8,-0.8,0.0,0.0,0.0,0.8,0.0,0.0,0.0,0.0,0.0,0.0,0.0,-1.6,0.0,1.6,0.0,0.0,0.0,0.0,1.6,-0.8,-0.8,0.0,1.6,0.8,-0.8,0.8,0.0,0.8,0.8,0.0,1.6,0.8,0.0,-0.8,0.8,0.0,0.0,0.0,0.0,-0.8,0.0,0.0,0.8,1.6,0.8,0.8,0.0,0.8,-0.8,-0.8,0.0,1.6,0.8,0.8,0.8,0.8,0.0,0.8,0.0,1.6,0.0,0.0,-0.8,0.8,1.6,-1.6,0.8,3.2,-1.6,0.8,0.8,1.6,-0.8,1.6,-0.8,0.8,0.8,-1.6,0.8,0.0,0.0,0.8,0.8,0.8,0.8,0.8,-0.8,0.8,0.8,-1.6,0.8,0.0,0.0,0.8,-0.8,0.8,0.0,-1.6,0.0,-0.8,0.0,0.8,0.0,1.6,0.8,1.6,0.8,0.0,1.6,-0.8,0.0,0.0,0.8,0.0,-1.6,0.0,0.0,0.8,1.6,-0.8,0.0,0.0,0.0,0.8,-0.8,1.6,-0.8,0.0,0.8,0.0,1.6,-1.6,0.8,1.6,-0.8,1.6,0.8,0.8,0.8,-0.8,0.0,0.8,1.6,0.8,0.0,0.0,0.0,-1.6,0.0,0.0,1.6,0.0,0.8,0.0,0.8,0.8,0.0,0.0,0.0,0.0,0.0,0.0,1.6,0.0,0.8,0.0,0.0,0.8,-0.8,-0.8,-0.8,0.0,0.8,-0.8,1.6,-1.6,0.0,0.8,0.0,0.8,-0.8,0.8,0.8,0.8,0.8,0.0,0.0,0.0,0.0,-0.8,0.0,0.8,0.0,0.0,0.0,-0.8,-0.8,0.0,0.8,0.0,0.0,1.6,0.0,0.0,0.8,0.0,0.0,0.0,1.6,-0.8,0.8,1.6,0.0,0.8,0.0,0.0,0.0,1.6,0.8,-2.4000000000000004,1.6,0.0,-0.8,0.8,0.0,1.6,0.0,0.0,0.8,-0.8,0.0,0.0,0.8,0.0,-1.6,0.8,-0.8,0.8,0.0,0.0,1.6,-0.8,0.8,0.8,0.0,1.6,-0.8,1.6,0.0,0.0,0.0,-0.8,2.4000000000000004,1.6,-0.8,1.6,-0.8,1.6,-0.8,-0.8,0.8,-0.8,0.8,0.8,0.0,0.8,-0.8,0.8,0.0,0.8,0.0,0.8,0.0,0.0,0.0,-0.8,-0.8,0.0,0.8,0.8,0.0,-0.8,1.6,0.0,0.8,0.8,0.8,0.8,0.0,0.0,1.6,0.8,0.0,0.0,0.8,-0.8,0.8,0.8,0.0,0.8,0.8,0.0,0.0,0.8,0.8,0.0,0.8,0.0,-0.8,0.0,2.4000000000000004,0.0,0.0,0.0,0.8,0.8,0.8,-0.8,0.8,1.6,0.8,-0.8,0.8,0.8,0.8,0.0,0.8,1.6,0.0,0.0,0.8,0.0,0.8,0.0,-0.8,1.6,0.0,0.8,0.0,1.6,0.0,0.0,0.8,0.0,0.0,0.0,0.8,0.8,0.8,0.8,1.6,0.8,0.8,0.0,1.6,0.0,0.8,1.6,-0.8,0.0,1.6,0.0,2.4000000000000004,0.0,0.8,0.8,-0.8,0.8,0.8,0.0,0.8,0.8,1.6,-0.8,-0.8,0.0,0.8,1.6,0.0,0.8,-0.8,0.8,1.6,0.0,2.4000000000000004,0.8,0.0,0.8,-0.8,2.4000000000000004,0.8,0.0,0.8,0.0,0.0,1.6,0.8,0.0,0.0,0.8,0.8,0.0,1.6,0.0,0.0,1.6,0.0,-0.8,0.8,1.6,0.0,0.8,0.8,1.6,0.8,0.8,-0.8,0.0,0.0,0.8,-0.8,0.0,1.6,0.8,-0.8,2.4000000000000004,0.0,0.8,-0.8,0.8,1.6,-0.8,0.8,0.0,0.8,1.6,0.8,1.6,0.8,0.8,0.0,0.8,2.4000000000000004,0.8,0.0,0.8,0.8,1.6,0.8,1.6,1.6,1.6,0.0,0.0
event_145,1625267062.7662225,0.8,0.0,0.0,1.6,1.6,1.6,0.0,0.8,0.0,0.0,0.0,0.0,0.0,0.8,-1.6,0.0,0.8,0.8,0.8,0.8,0.8,-0.8,0.8,0.0,0.0,0.8,0.0,0.0,0.0,-0.8,0.0,0.0,0.0,0.0,0.0,1.6,0.0,0.8,0.0,-0.8,0.8,0.8,0.8,0.0,0.0,0.8,0.0,-0.8,0.8,0.0,0.8,-0.8,-0.8,0.0,1.6,2.4000000000000004,0.0,0.8,-2.4000000000000004,1.6,0.8,-0.8,0.8,-0.8,0.8,0.8,0.0,2.4000000000000004,0.0,0.8,0.8,0.0,0.8,-1.6,-0.8,0.8,0.0,0.8,0.0,1.6,-0.8,0.8,0.0,0.0,0.8,-1.6,0.8,0.0,1.6,1.6,-0.8,0.0,1.6,0.8,1.6,-0.8,0.8,0.0,0.0,0.8,0.0,0.8,-2.4000000000000004,-23.200000000000003,-43.2,-34.4,-16.8,-8.8,-3.2,-3.2,-2.4000000000000004,-3.2,-0.8,-1.6,-2.4000000000000004,-0.8,0.8,-0.8,0.0,0.8,0.0,0.8,0.0,0.8,0.0,0.8,1.6,0.0,0.0,0.0,0.8,0.8,0.0,0.0,0.0,0.8,0.0,0.0,0.0,0.8,0.0,-1.6,0.0,0.8,-1.6,0.8,-0.8,-0.8,-0.8,0.8,0.0,-1.6,0.8,0.8,1.6,1.6,-0.8,0.0,0.8,0.0,0.8,-0.8,0.0,-0.8,2.4000000000000004,1.6,-0.8,0.8,1.6,-0.8,0.0,0.0,0.8,-1.6,-0.8,0.8,0.8,0.8,-0.8,0.8,0.8,2.4000000000000004,0.0,-1.6,0.0,0.0,-0.8,0.8,-0.8,2.4000000000000004,0.0,-0.8,0.0,0.0,0.0,-0.8,0.0,0.8,0.0,-0.8,-1.6,1.6,1.6,0.0,0.0,0.0,0.8,1.6,-0.8,0.0,-0.8,0.8,0.8,-0.8,1.6,0.0,0.8,0.8,0.0,1.6,0.8,0.8,0.0,0.0,0.8,0.0,-0.8,0.8,0.8,0.8,0.0,0.0,0.8,0.0,-0.8,0.0,0.8,0.0,0.0,0.0,0.8,1.6,0.0,0.0,0.8,0.0,0.0,0.0,0.8,0.0,0.0,0.0,1.6,0.8,0.0,0.0,-1.6,0.8,0.8,0.0,0.0,0.0,0.8,0.0,-0.8,1.6,-0.8,-0.8,0.0,0.0,-0.8,0.0,1.6,-0.8,0.8,0.8,-0.8,0.8,0.8,0.0,0.8,0.8,0.8,-0.8,0.8,0.0,2.4000000000000004,0.0,0.0,2.4000000000000004,-0.8,0.0,1.6,-1.6,0.8,0.0,-0.8,0.0,0.0,0.0,0.8,0.8,1.6,-1.6,0.0,-0.8,0.8,0.8,-0.8,-0.8,1.6,-0.8,-1.6,1.6,0.0,-1.6,0.8,0.0,-1.6,0.0,0.0,0.0,-0.8,0.8,0.0,0.0,0.0,0.8,1.6,0.0,0.8,0.0,-0.8,0.0,1.6,1.6,0.0,0.8,0.0,-0.8,0.0,0.8,0.0,0.0,0.0,-0.8,0.0,0.8,0.0,0.8,-0.8,0.8,1.6,1.6,0.8,-0.8,0.8,1.6,-0.8,0.0,0.8,0.0,0.8,-0.8,0.0,0.0,0.0,0.8,1.6,0.0,-0.8,0.8,0.0,-0.8,0.0,-0.8,1.6,-0.8,0.0,1.6,0.0,0.8,-1.6,0.8,0.0,-0.8,0.8,0.0,0.8,0.8,-0.8,1.6,0.0,0.8,0.8,-0.8,0.8,-1.6,0.8,2.4000000000000004,-0.8,1.6,0.0,0.8,0.8,0.8,0.0,0.8,0.0,0.8,0.0,0.8,0.0,0.0,1.6,-0.8,0.0,0.0,1.6,0.8,0.0,0.8,0.8,0.8,0.0,0.0,1.6,0.8,-0.8,0.0,0.8,0.0,-0.8,1.6,0.0,0.0,0.8,0.8,0.8,0.8,0.0,0.0,1.6,-0.8,-0.8,1.6,0.8,0.8,0.0,0.8,0.8,0.8,1.6,0.8,-0.8,1.6,0.0,-0.8,0.0,0.8,0.8,-0.8,0.8,0.8,0.8,0.8,0.0,1.6,-0.8,0.8,-0.8,1.6,0.8,0.0,-0.8,0.8,-0.8,0.8,0.0,1.6,0.0,0.0,0.8,0.0,1.6,-0.8,1.6,1.6,0.8,0.0,1.6,1.6,-0.8,0.8,0.8,-0.8,1.6,0.0,2.4000000000000004,0.8,0.0,0.0,-0.8,-0.8,0.8,-0.8,1.6,-1.6,1.6,0.8,-1.6,0.8,0.0,1.6,0.8,0.0,0.8,0.8,1.6,0.0,0.8,0.8,0.0,0.0,-1.6,1.6,1.6,-1.6,0.8,-1.6,0.0,0.0,0.0,0.8,-0.8,0.0,0.0,0.0,0.8,0.0,0.8,0.8,-0.8,0.8,-0.8,1.6,0.8,0.8,0.8,0.8,1.6,0.8,-0.8,0.0,-0.8,0.8,-1.6,0.0,1.6,0.0,0.0,0.0,0.0,0.0,0.0,0.8,0.8,0.0,0.0,0.8,0.8,0.0,0.0,0.0,0.8,0.0,1.6,0.8,0.8,2.4000000000000004,-0.8,1.6,0.0,0.8,0.8,0.0,1.6,0.0,0.0,1.6,0.0,1.6,-0.8,0.0,0.8,-0.8,0.0,0.8,0.0,0.0,-0.8,0.8,0.0,0.8,0.8,0.0,0.8,0.8,0.0,0.0,-0.8,0.0,0.8,0.8,-0.8,-0.8,1.6,0.0,0.0,0.8,0.8,0.8,-1.6,0.8,0.8,0.0,0.0,0.8,1.6,-0.8,0.0,1.6,0.0,0.8,0.8,0.8,0.0,0.8,0.8,-0.8,0.0,-0.8,-1.6,0.8,1.6,0.0,0.0,0.0,0.8,0.8,1.6,0.8,-0.8,1.6,0.0,0.8,0.8,0.0,0.8,0.0,1.6,0.8,1.6,0.8,-0.8,1.6,-0.8,0.0,0.8,0.0,0.8,-1.6,-0.8,0.8,-0.8,0.8,0.0,0.8,0.8,0.0,0.8,0.8,1.6,0.0,0.0,0.8,0.8,-1.6,0.8,0.0,0.8,-0.8,-0.8,-0.8,1.6,0.0,0.8,0.0,0.0,-0.8,0.8,0.0,0.8,-0.8,0.8,0.8,0.8,-0.8,0.0,0.8,0.8,0.8,-1.6,0.8,3.2,0.0,-1.6,1.6,1.6,-2.4000000000000004,1.6,1.6,-1.6,1.6,0.8,0.0,0.8,-0.8,-1.6,-0.8,0.8,-0.8,0.0,1.6,0.0,0.0,0.0,0.8,0.8,-0.8,-0.8,0.0,0.0,1.6,0.0,0.0,0.8,0.0,1.6,0.8,-0.8,-0.8,-0.8,0.0,-1.6,0.0,0.8,1.6,0.8,0.0,0.8,0.0,0.8,-0.8,0.8,-0.8,-0.8,0.0,0.8,0.0,0.8,0.8,1.6,0.8,-0.8,0.0,0.0,-0.8,0.0,0.8,0.8,1.6,0.0,0.8,0.0,0.8,0.8,0.8,0.8,0.8,-0.8,0.8,-0.8,1.6,0.0,0.8,0.8,-1.6,-0.8,0.8,0.0,0.8,0.0,0.0,-0.8,2.4000000000000004,0.0,-1.6,0.8,0.8,0.8,0.8,0.0,0.8,1.6,0.0,0.8,0.0,0.8,0.0,0.8,0.0,1.6,0.8,-0.8,1.6,0.0,0.0,0.8,0.8,0.8,0.0,0.0,1.6,-0.8,1.6,0.0,0.0,1.6,-0.8,0.0,-0.8,0.8,1.6,-0.8,0.8,0.0,0.8,0.8,-1.6,-0.8,0.8,0.0,0.8,0.8,0.8,1.6,1.6,2.4000000000000004,0.0,1.6,-0.8,0.8,0.8,0.0,0.8,-0.8,0.8,0.8,0.0,0.0,0.0,1.6,0.8,0.8,0.8,0.8,-0.8,0.8,0.8,2.4000000000000004,0.0,1.6,0.0,0.8,0.0,0.8,0.0,0.0,0.0,-0.8,-0.8,0.8,0.0,1.6,0.0,0.8,0.0,-0.8,0.0,0.0,0.0,0.8,0.0,0.8,0.0,0.0,0.0,0.0,0.0,0.0,0.8,-0.8,2.4000000000000004,0.8,0.8,0.8,-0.8,1.6,-1.6,0.0,0.8,0.8,0.8,0.8,0.8,-0.8,0.0,0.0,0.0,0.0,-0.8,0.8,0.8,0.0,1.6,-0.8,1.6,0.0,-2.4000000000000004,1.6,0.0,1.6,0.8,0.8,2.4000000000000004,0.0,1.6,-0.8,-1.6,0.8,-0.8,0.0,0.0,0.8,0.8,-0.8,0.8,0.0,0.0,0.0,-0.8,1.6,0.0,0.0,0.8,0.0,1.6,-0.8,0.0,0.8,0.0,0.8,0.8,0.8,0.8,-1.6,0.8,0.8,1.6,-0.8,0.0,1.6,0.8,0.8,0.8,-0.8,1.6,-0.8,0.8,-0.8,-0.8,0.0,0.0,0.0,0.8,-0.8,0.8,-0.8,0.8,0.0,0.0,0.0,0.0,0.8,-0.8,0.0,0.8,0.0,0.8,0.8,0.8,1.6,0.8,0.8,0.0,0.8,0.0,0.0,0.0,0.0,0.8,-0.8,0.8,-1.6,-1.6,0.0,0.0,0.8,0.8,0.8,0.0,0.8,1.6,-0.8,0.8,0.8,0.0,0.0,0.0,1.6,0.8,0.0,0.0,0.0,0.8,0.0,0.0,0.0,0.8,0.0,-1.6,0.0,0.0,-0.8,0.8,-0.8,0.8,0.0,-0.8,1.6,0.0,-0.8,-0.8,0.8,0.8,-1.6,0.0,-0.8,0.8,0.8,0.0,1.6,0.0,0.8,-0.8,-0.8,1.6,0.8,0.8,0.8,0.0,1.6,-1.6,0.8,0.8,0.0,1.6,-0.8,0.0,0.0,-1.6,1.6,0.0,0.8,0.0,0.8,0.8,0.8,0.0,1.6,0.0,2.4000000000000004,-0.8,1.6,0.0,0.0,0.8,-0.8,0.8,-0.8,2.4000000000000004,0.8,0.0,0.8,0.0,0.0,0.0,0.0,0.0,0.8,0.0,-0.8,0.0,-0.8,0.8,0.0,-0.8,0.0,-0.8,-1.6,0.0,1.6,0.0,0.0,0.0,-0.8,-1.6,0.8,0.8,0.8,0.8,0.0,0.8,1.6,0.8,0.8,0.0,-0.8,0.0,0.8,0.0,0.8,0.0,0.0,0.8,0.8,0.0,0.0,0.0,0.8,-0.8,0.8,-0.8,0.0,0.0,-0.8,0.0,0.8,1.6,1.6,0.8,0.8,0.0,0.8,0.8,-0.8,1.6,0.0,1.6,0.0,0.8,0.0,0.0,-0.8,0.0,0.0,0.0,0.0,-0.8,-0.8,0.8,0.8,-0.8,-0.8,0.0,0.0,0.0,-0.8,0.8,-0.8,0.0,0.0,-0.8,0.0,-0.8,0.8,0.8,0.0,0.8,0.8,0.8,0.8,0.0,0.8,0.8,0.8,-1.6,0.0,0.8,0.0,0.8,0.0,0.0,0.8,0.0,0.8,0.0,0.8,0.0,0.8,0.8,1.6,0.0,0.0,-0.8,-1.6,0.0,0.8,0.8,0.8,-0.8,0.8,0.0,0.8,0.0,0.0,0.8,0.0,0.0,0.8,1.6,0.0,0.0,0.0,0.0,0.8,0.0,0.0,0.8,-0.8,-0.8,-0.8,-0.8,0.8,0.0,0.0,1.6,0.0,0.8,0.8,0.8,0.8,-0.8,0.8,0.0,0.8,0.8,0.0,0.8,0.8,0.8,2.4000000000000004,-0.8,1.6,-0.8,-0.8,0.0,-0.8,0.0,0.8,1.6,0.8,-0.8,0.8,0.0,1.6,0.0,0.0,0.8,0.0,1.6,0.0,0.0,2.4000000000000004,0.0,0.8,-0.8,-0.8,0.8,-0.8,0.8,0.0,0.8,0.8,-1.6,1.6,-0.8,0.8,-0.8,0.0,0.8,-0.8,0.8,0.0,0.0,0.0,-0.8,0.8,-0.8,0.0,0.0,0.8,0.8,0.0,-0.8,0.0,0.0,0.8,0.0,0.8,0.0,0.0,1.6,0.0,0.0,0.0,0.0,-0.8,0.8,1.6,0.0,0.0,0.0,0.8,0.8,0.0,0.8,0.0,0.8,0.8,-0.8,0.8,-0.8,0.0,0.8,0.8,0.0,-0.8,0.0,0.0,0.0,0.0,0.0,0.8,1.6,0.8,0.8,0.0,1.6,-1.6,0.8,0.8,0.8,0.8,-1.6,0.0,0.0,-0.8,1.6,-1.6,1.6,0.0,0.0,0.8,0.0,-0.8,0.0,-0.8,0.8,-0.8,0.8,0.8,0.0,0.0,0.0,0.8,-0.8,1.6,0.8,-0.8,2.4000000000000004,-1.6,-0.8,0.8,-0.8,0.0,0.0,0.0,0.8,0.0,0.0,-1.6,0.8,0.8,0.0,1.6,0.0,0.8,0.8,-0.8,0.0,0.8,0.8,-0.8,-0.8,0.8,-0.8,0.8,-0.8,0.8,1.6,0.8,1.6,-0.8,0.0,0.0,-0.8,0.8,0.0,0.8,0.0,0.0,1.6,0.0,0.0,0.0,1.6,0.8,-0.8,0.8,0.8,0.8,0.8,0.0,2.4000000000000004,0.0,0.8,0.8,0.8,0.0,-0.8,1.6,0.8,0.0,0.8,0.0,0.8,-0.8,0.8,0.8,-0.8,0.8,0.0,0.8,-0.8,0.0,0.8,1.6,0.0,0.0,0.8,0.8,-1.6,0.0,0.0,1.6,0.8,-0.8,0.0,-0.8,0.0,0.0,-0.8,2.4000000000000004,0.8,0.0,1.6,0.8,0.8,-1.6,1.6,0.0,0.8,0.0,-0.8,2.4000000000000004,0.0,0.0,0.0,-2.4000000000000004,0.8,-0.8,0.0,0.8,0.0,0.8,-0.8,1.6,-1.6,-1.6,2.4000000000000004,-1.6,-1.6,0.8,2.4000000000000004,0.0,-1.6,1.6,0.0,0.8,0.8,-1.6,0.8,0.8,-0.8,0.0,0.0,-0.8,0.0,0.8,0.0,-0.8,2.4000000000000004,0.0,-0.8,0.0,0.0,-0.8,0.8,1.6,0.8,-0.8,0.8,0.8,0.0,0.8,0.0,0.8,0.0,-0.8,0.8,0.8,0.8,0.0,0.0,0.8,0.0,-1.6,0.8,0.0,1.6,-1.6,0.0,0.0,0.0,0.0,2.4000000000000004,-0.8,0.8,-0.8,1.6,-0.8,0.0,0.0,0.8,-0.8,0.8,1.6,0.0,0.0,0.0,0.0,0.8,0.8,0.0,1.6,0.0,0.8,0.8,0.8,0.8,0.0,1.6,0.8,0.8,0.0,0.0,0.0,0.8,0.8,1.6,0.0,1.6,0.0,0.0,0.0,0.8,0.8,-0.8,0.8,0.0,-0.8,0.0,0.8,0.8,0.8,-0.8,0.8,0.8,0.8,-0.8,-0.8,1.6,0.8,-0.8,0.8,0.0,0.0,0.0,0.0,0.8,0.0,0.8,0.0,0.0,-0.8,0.0,0.8,0.0,0.8,0.8,-0.8,1.6,1.6,0.8,0.0,0.0,0.8,0.0,0.8,0.8,1.6,0.8,0.0,0.8,1.6,0.8,1.6,-0.8,0.0,-0.8,-0.8,0.8,0.8,0.0,1.6,0.8,0.0,-0.8,0.0,0.0,0.8,0.0,0.0,-0.8,0.8,0.0,-0.8,0.0,1.6,0.8,0.8,0.8,-0.8,0.8,0.0,0.0,0.0,0.0,0.0,0.8,0.8,1.6,-0.8,0.0,0.8,0.0,0.0,0.0,0.8,0.0,-0.8,2.4000000000000004,0.8,0.0,0.8,0.8,0.8,-0.8,0.0,-0.8,0.0,2.4000000000000004,0.8,0.0,0.8,0.0,0.8,1.6,0.0,0.8,0.0,0.0,-0.8,1.6,0.8,0.0,0.8,0.0,2.4000000000000004,0.0,0.8,0.8,0.0,0.0,-1.6,0.8,0.8,0.0,-0.8,0.0,2.4000000000000004,0.8,0.8,1.6,0.0,0.8,0.0,0.0,0.0,1.6,0.8,0.0,0.8,0.8,0.0,2.4000000000000004,0.0,0.0,0.0,-0.8,0.8,0.0,0.8,0.8,0.8,0.0,-0.8,-0.8,0.0,1.6,-0.8,0.8,0.8,0.0,-1.6,-0.8,0.0,0.0,0.0,-0.8,0.0,-0.8,0.8,0.8,0.0,0.0,0.0,1.6,0.0,-0.8,0.8,1.6,0.0,0.0,0.0,-0.8,0.8,-0.8,0.0,0.8,0.0,0.8,0.0,0.8,0.0,0.0,1.6,-1.6,0.0,-0.8,0.0,0.8,-1.6,0.0,0.0,0.0,1.6,0.0,0.0,0.8,-0.8,0.0,0.0,0.8,0.8,0.0,1.6,0.0,0.8,0.8,0.0,1.6,-0.8,0.0,-0.8,0.0,0.8,0.8,0.8,0.0,0.8,0.8,0.8,1.6,-0.8,0.8,0.8,0.8,1.6,-0.8,1.6,0.8,0.0,0.8,0.0,0.8,-0.8,0.0,1.6,0.0,1.6,-0.8,0.0,0.0,-1.6,0.0,0.0,-0.8,0.8,-0.8,0.0,0.0,1.6,0.0,0.0,1.6,0.8,0.0,0.0,-0.8,0.0,0.0,1.6,0.8,0.0,0.0,0.8,0.0,0.0,1.6,0.8,0.0,0.0,0.0,0.0,-0.8,0.0,0.0,0.0,0.8,0.8,-0.8,0.8,0.8,0.0,0.0,-0.8,-0.8,0.0,0.0,0.8,0.8,-0.8,0.8,-0.8,0.8,0.0,-0.8,1.6,-0.8,0.8,0.8,0.0,1.6,0.0,0.0,1.6,-2.4000000000000004,1.6,0.0,0.0,-1.6,-0.8,0.8,-0.8,0.0,0.0,0.0,3.2,0.0,0.0,0.8,0.0,1.6,-0.8,1.6,1.6,1.6,0.8,0.0,1.6,0.8,0.0,1.6,0.0,1.6,0.0,0.8,0.0,-0.8,0.8,0.8,0.0,0.0,-1.6,1.6,0.0,1.6,0.0,-0.8,1.6,0.0,-0.8,-0.8,0.0,0.0,0.0,1.6,0.0,-0.8,1.6,0.8,0.8,0.8,0.8,0.8,0.0,-0.8,0.0,1.6,0.8,1.6,0.8,0.0,0.0,0.8,0.0,0.0,1.6,0.0,0.0,0.0,0.0,-1.6,1.6,-0.8,-1.6,0.0,1.6,-0.8,0.0,0.0,1.6,0.8,-0.8,-0.8,0.0,0.8,0.8,-0.8,0.8,0.0,0.8,0.8,0.8,0.8,-0.8,0.0,0.8,0.0,0.0,0.0,0.0,0.0,0.0,0.8,0.0,0.8,0.8,0.8,0.8,0.0,0.8,0.0,0.8,0.8,1.6,0.8,0.0,0.8,1.6,0.0,1.6,0.8,0.0,0.8,-0.8,0.0,0.8,0.8,0.8,0.0,0.0,0.0,0.0,0.8,0.8,0.0,-0.8,0.0,2.4000000000000004,-0.8,0.0,0.8,0.8,0.8,0.0,0.0,0.8,0.0,2.4000000000000004,0.0,0.8,1.6,0.0,0.0,0.0,0.8,1.6,0.0,0.8,-0.8,0.0,0.0,0.8,1.6,-0.8,0.8,0.0,0.8,0.0,0.8,0.8,0.8,0.0,0.0,0.8,1.6,0.8,0.0,1.6,1.6,1.6,1.6,-0.8,0.0,1.6,0.8,0.0,0.0,0.8,0.8,1.6,0.8,1.6,1.6,0.0,0.8,1.6,-0.8,0.0,-0.8,0.0,0.0,-0.8,0.8,0.8,0.0,1.6,0.0,1.6,0.8,0.0,1.6,-0.8,3.2,0.0,0.8,1.6,0.0,0.8,0.0,0.8,0.0,0.0,0.8,-0.8,0.8,0.0,0.8,1.6,0.0,0.0,0.0,0.8,1.6,-1.6,1.6,0.8,1.6,0.8,-0.8,0.8,0.8,0.8,0.0,0.8,1.6,1.6,0.8,-0.8,0.0,0.0,0.0,0.8,0.0,-0.8,1.6,-0.8,1.6,-0.8,-0.8,0.8,0.0,0.8,0.0,0.0,1.6,-1.6,1.6,-0.8,-0.8,0.8,0.0,-1.6,0.0,1.6,0.0,0.0,0.8,1.6,0.8,0.8,0.0,0.0,0.8,0.0,0.0,0.8,0.0,0.8,0.0,-0.8,0.0,0.0,0.8,0.8,0.8,0.8,0.0,0.8,0.8,0.8,0.0,0.0,0.8,-0.8,0.0,0.8,0.8,0.8,-0.8,1.6,1.6,0.0,0.8,1.6,1.6,0.8,-0.8,0.8,0.0,0.8,-0.8,-1.6,1.6,0.0,0.8,1.6,1.6,1.6,-1.6,0.0,0.0,0.8,0.0,0.0,0.8,0.8,-0.8,0.8,0.8,1.6,0.0,0.0,1.6,-0.8,0.8,0.0,0.8,0.0,0.0,1.6,-0.8,0.0,0.8,0.8,0.8,0.0,0.8,-0.8,0.0,0.8,-0.8,0.0,0.8,0.0,0.8,0.8,1.6,-0.8,0.0,0.0,-0.8,0.0,1.6,-0.8,0.0,0.0,1.6,0.0,1.6,0.8,0.0,1.6,-0.8,0.8,0.8,0.0,1.6,0.8,0.0,0.0,-0.8,0.8,0.0,0.8,0.0,-1.6,0.8,0.0,-0.8,-0.8,0.8,0.8,0.0,0.0,1.6,0.8,0.0,-0.8,0.8,0.8,0.8,0.0,1.6,0.8,1.6,0.0,0.8,0.0,0.0,-0.8,0.0,-0.8,0.8,0.0,0.8,0.8,0.8,0.0,0.0,1.6,0.0,0.0,0.8,-0.8,1.6,-0.8,0.0,0.8,0.0,0.8,0.0,0.0,0.0,0.8,1.6,0.0,0.0,1.6,0.8,0.0,-1.6,0.0,0.0,-0.8,2.4000000000000004,-0.8,-0.8,-0.8,0.0,0.8,0.0,1.6,0.0,0.0,0.8,0.8,0.8,0.8,0.0,0.8,0.0,1.6,0.0,0.8,0.8,0.0,0.8,0.0,-0.8,0.8,0.0,1.6,-0.8,0.8,0.8,0.0,1.6,0.0,0.8,0.0,0.8,1.6,0.8,0.0,0.0,-0.8,1.6,0.0,0.8,0.8,1.6,0.8,0.8,1.6,0.8,0.0,-0.8,0.8,0.8,0.8,0.8,0.8,1.6,1.6,-0.8,0.8,0.0,0.0,0.8,-0.8,0.8,0.0,0.0,1.6,1.6,0.8,0.0,0.8,0.0,0.8,-0.8,0.8,0.0,1.6,0.8,0.0,0.8,0.0,0.0,0.0,0.8,0.8,1.6,0.8,0.0
event_146,1625267064.9153454,0.0,0.8,0.8,0.0,0.0,-0.8,-0.8,-0.8,0.0,0.8,0.8,0.8,0.0,0.0,1.6,0.8,1.6,0.8,-0.8,0.8,-1.6,-0.8,0.8,0.8,0.8,0.8,0.8,0.8,0.0,-0.8,0.0,1.6,0.0,0.0,0.8,-0.8,0.0,0.0,0.8,0.8,0.8,0.0,0.8,0.0,0.0,-1.6,0.0,2.4000000000000004,0.8,0.8,0.0,-0.8,0.0,0.0,0.8,-1.6,0.8,0.8,0.0,0.0,0.0,0.0,0.8,-0.8,0.8,0.0,-0.8,0.0,0.8,0.8,-0.8,0.8,0.8,-0.8,0.0,0.0,1.6,0.8,0.0,0.0,0.0,0.8,0.8,-0.8,0.0,-1.6,0.0,0.0,0.0,0.8,0.0,0.0,0.8,-0.8,0.0,-0.8,0.8,0.8,0.0,0.8,-0.8,0.8,-0.8,-20.0,-60.00000000000001,-58.4,-28.800000000000004,-11.2,-7.200000000000001,-2.4000000000000004,-3.2,-4.0,-4.800000000000001,-2.4000000000000004,-2.4000000000000004,-0.8,0.8,0.0,0.0,0.0,-0.8,-0.8,-0.8,0.0,0.0,-0.8,0.8,1.6,-0.8,0.0,0.0,0.0,0.0,0.0,0.8,0.8,0.0,-0.8,-0.8,0.0,0.8,0.8,0.0,0.8,0.0,0.0,0.0,1.6,0.0,0.8,0.0,0.8,0.0,0.0,0.0,0.0,-0.8,0.0,0.0,1.6,0.0,0.8,1.6,0.8,0.0,0.0,0.0,-0.8,-0.8,0.8,-0.8,1.6,-0.8,-0.8,0.8,-0.8,0.8,0.8,-0.8,0.0,-1.6,0.8,-0.8,-0.8,0.0,0.0,0.0,-0.8,1.6,2.4000000000000004,-0.8,0.8,0.8,0.8,0.8,0.0,0.8,-0.8,0.0,0.8,-0.8,0.8,0.0,0.0,1.6,-0.8,0.0,-0.8,0.0,0.0,0.0,-0.8,0.8,0.8,0.0,-0.8,0.0,0.0,1.6,-1.6,-0.8,0.0,0.0,0.8,0.8,0.8,0.0,0.8,0.8,0.0,-1.6,-0.8,0.0,0.0,0.0,-0.8,0.0,1.6,0.0,0.8,0.8,0.8,0.8,-0.8,0.8,0.0,0.8,0.0,0.0,0.0,0.8,-0.8,1.6,0.0,0.8,0.0,-1.6,-0.8,0.0,0.0,0.0,0.0,0.8,-1.6,0.8,0.0,0.0,0.0,-0.8,0.0,0.0,1.6,-0.8,-1.6,0.8,0.0,0.8,-0.8,-1.6,2.4000000000000004,0.0,0.0,0.0,0.0,0.0,-0.8,0.0,1.6,-0.8,0.0,0.0,-0.8,-0.8,0.0,0.8,-1.6,0.8,0.0,0.8,0.8,0.0,0.8,-0.8,1.6,0.0,-1.6,0.8,0.8,0.8,-0.8,0.0,0.8,-0.8,1.6,0.0,0.8,0.8,-0.8,0.8,-0.8,0.8,0.0,-0.8,1.6,-0.8,0.8,0.0,-0.8,1.6,-1.6,0.0,0.8,0.0,0.8,-1.6,0.0,0.8,0.0,1.6,0.8,-0.8,0.8,-0.8,0.8,-0.8,2.4000000000000004,-0.8,0.0,0.8,0.8,0.8,1.6,0.8,0.8,0.0,-0.8,0.0,0.0,-0.8,0.8,0.8,0.0,0.0,0.8,0.0,0.8,0.0,0.0,0.8,3.2,-1.6,-2.4000000000000004,1.6,1.6,-2.4000000000000004,0.8,0.8,-1.6,0.8,0.8,-1.6,0.8,-0.8,0.8,2.4000000000000004,0.0,0.0,0.8,0.0,0.8,0.0,-0.8,0.0,0.8,-0.8,-0.8,0.0,0.0,0.0,0.8,0.8,0.0,0.8,0.0,0.0,-0.8,1.6,0.0,0.8,-0.8,0.0,0.0,0.0,0.8,-0.8,0.0,0.0,-1.6,-0.8,-0.8,0.8,0.8,-1.6,0.0,0.0,0.0,0.0,0.0,0.8,-0.8,0.8,0.0,-0.8,2.4000000000000004,-0.8,1.6,0.0,0.0,1.6,-0.8,0.0,0.0,0.0,0.8,0.8,0.0,0.8,1.6,2.4000000000000004,-0.8,2.4000000000000004,1.6,0.0,0.8,-0.8,1.6,-0.8,0.8,1.6,0.0,2.4000000000000004,-0.8,-0.8,0.8,-0.8,-0.8,0.0,-0.8,0.0,0.0,-0.8,-0.8,0.8,-0.8,-0.8,0.8,-0.8,1.6,0.8,-0.8,0.8,-0.8,0.8,0.0,0.0,0.8,0.8,0.0,-0.8,-0.8,0.0,-0.8,0.0,0.8,0.0,-0.8,0.8,-0.8,0.0,0.8,-0.8,1.6,0.0,0.0,0.0,1.6,0.8,0.0,0.8,0.8,0.0,1.6,-1.6,0.0,0.8,0.0,-0.8,-0.8,0.8,0.0,0.8,-0.8,0.0,0.8,-0.8,0.0,0.0,-0.8,0.0,-1.6,0.0,0.8,0.0,0.0,0.8,1.6,0.0,0.8,-0.8,-0.8,0.0,0.8,0.8,1.6,0.0,0.8,0.0,1.6,-0.8,0.0,1.6,-0.8,0.0,0.8,-0.8,0.0,-0.8,0.8,0.0,0.0,0.8,0.0,0.8,0.8,-0.8,0.8,0.0,-0.8,0.0,0.0,0.0,0.8,0.0,0.8,-0.8,0.0,0.8,0.8,0.0,0.0,0.8,0.0,0.0,0.0,0.0,0.8,0.0,0.8,-0.8,-0.8,0.8,-0.8,0.0,0.0,0.0,0.8,-0.8,0.0,0.0,0.0,1.6,-0.8,0.0,0.0,1.6,0.8,-0.8,0.0,0.8,0.0,0.8,-0.8,0.8,0.8,-0.8,-0.8,0.0,0.8,0.8,0.8,0.8,1.6,0.0,0.0,-0.8,0.8,-0.8,-0.8,0.0,0.8,0.0,0.0,0.0,0.0,0.0,0.0,0.0,0.0,0.8,-0.8,0.8,-0.8,1.6,0.0,0.0,1.6,0.8,0.8,1.6,0.0,0.8,-0.8,0.0,-0.8,0.0,1.6,0.0,0.8,0.8,0.0,0.0,-1.6,1.6,-0.8,0.0,0.8,1.6,0.0,0.0,1.6,0.8,0.0,0.8,0.0,0.8,0.0,0.8,0.8,0.0,1.6,0.0,0.0,0.8,0.8,2.4000000000000004,-0.8,0.8,1.6,-0.8,0.0,0.8,1.6,0.8,0.0,1.6,0.8,0.0,1.6,0.0,1.6,0.0,0.0,0.0,-0.8,0.8,0.0,0.8,0.8,0.0,0.8,0.0,-0.8,0.0,0.8,0.0,0.8,1.6,0.8,0.0,0.0,1.6,0.8,0.0,0.8,0.8,0.8,-0.8,0.0,0.8,0.8,1.6,0.0,1.6,0.0,0.0,0.8,0.0,1.6,-1.6,0.8,0.8,1.6,1.6,0.8,0.8,0.8,0.8,0.0,0.0,-0.8,0.0,-0.8,0.0,0.0,0.0,0.8,0.0,0.8,-0.8,0.0,0.0,-0.8,0.0,0.0,1.6,2.4000000000000004,-0.8,1.6,-0.8,0.8,0.0,0.0,1.6,-0.8,1.6,0.8,0.0,0.0,-0.8,0.8,0.8,0.8,1.6,0.8,0.8,-0.8,0.0,0.0,-0.8,0.8,0.0,-0.8,0.0,0.0,0.0,0.0,-0.8,0.8,-0.8,0.0,-2.4000000000000004,0.8,0.8,-0.8,1.6,-0.8,0.8,0.8,0.0,0.8,-0.8,0.8,0.0,-0.8,1.6,0.8,0.8,1.6,0.0,0.0,0.0,0.8,0.0,0.0,-0.8,-0.8,0.0,0.8,0.0,-0.8,-1.6,0.8,0.8,0.8,0.0,0.0,0.8,-1.6,0.8,0.8,1.6,-0.8,0.8,0.8,0.8,-0.8,0.8,0.0,0.0,-0.8,0.0,-0.8,0.8,0.8,0.8,0.8,0.8,0.0,0.0,-0.8,0.8,0.0,0.0,-0.8,1.6,0.0,-0.8,2.4000000000000004,0.0,-0.8,0.8,0.0,0.8,0.8,0.0,0.0,-0.8,0.8,0.0,0.8,0.0,0.8,1.6,0.0,0.8,-0.8,-1.6,1.6,-0.8,0.8,-0.8,0.0,0.8,-0.8,1.6,0.8,-1.6,0.0,0.0,0.0,-0.8,0.8,0.8,0.0,0.0,-0.8,0.8,0.8,0.8,0.0,0.8,0.0,-0.8,0.0,0.8,0.0,0.8,0.0,0.0,0.8,-1.6,0.0,0.0,-0.8,-0.8,-0.8,0.0,-0.8,-1.6,0.0,1.6,0.8,0.0,0.8,0.0,0.0,-0.8,0.8,0.0,1.6,0.0,1.6,0.0,0.8,0.0,0.0,0.0,0.0,-0.8,0.0,0.0,0.8,0.0,0.8,0.8,0.0,0.0,0.0,0.0,0.0,0.0,0.8,-0.8,0.0,-0.8,0.0,0.0,0.0,0.0,0.8,0.0,0.0,0.8,0.8,0.0,-0.8,0.8,0.8,0.0,-0.8,-0.8,-0.8,-0.8,0.0,0.0,-1.6,1.6,0.8,0.0,0.8,0.0,0.0,0.0,0.0,0.8,-0.8,0.8,-0.8,-1.6,0.0,1.6,2.4000000000000004,-0.8,0.8,1.6,0.0,0.8,-0.8,-0.8,0.8,0.0,0.0,0.0,0.8,0.0,0.8,0.8,-0.8,0.0,0.8,0.8,0.8,-0.8,0.0,-0.8,0.0,0.8,0.0,0.8,0.8,0.8,0.8,0.8,0.8,0.0,-0.8,0.8,0.0,1.6,0.0,0.8,2.4000000000000004,0.8,0.8,1.6,0.8,0.8,-0.8,-0.8,-0.8,-0.8,1.6,0.8,0.8,0.8,0.0,0.8,0.0,0.8,-0.8,0.8,-0.8,0.0,0.8,-0.8,0.8,0.8,-0.8,0.8,1.6,0.8,0.8,0.8,0.8,-0.8,0.8,0.0,0.0,0.0,1.6,0.8,0.8,0.0,0.0,0.0,0.8,0.8,1.6,0.0,1.6,0.8,0.8,0.8,0.8,0.8,0.0,0.8,-1.6,0.0,1.6,0.0,0.8,0.0,0.8,1.6,0.0,0.0,-0.8,0.8,1.6,0.0,0.8,0.0,0.8,0.8,0.8,1.6,0.0,0.0,0.0,1.6,0.0,-0.8,1.6,0.0,0.8,0.8,0.0,1.6,0.0,0.8,1.6,0.0,1.6,0.0,1.6,0.8,0.0,0.8,0.0,0.8,2.4000000000000004,0.0,0.8,0.8,0.8,0.8,0.0,0.8,-0.8,0.8,-0.8,0.0,0.8,-0.8,0.0,-0.8,-0.8,0.8,-0.8,0.8,0.0,-0.8,-0.8,0.0,1.6,1.6,0.0,0.8,-0.8,1.6,0.8,0.0,0.0,-0.8,0.0,0.8,0.0,1.6,0.8,0.8,-0.8,0.8,2.4000000000000004,-1.6,-1.6,1.6,0.0,-0.8,0.8,2.4000000000000004,0.0,0.8,0.0,0.8,0.0,-0.8,0.8,1.6,0.0,-1.6,0.8,0.8,0.0,0.8,0.0,0.8,0.8,-1.6,0.0,0.8,1.6,0.8,1.6,0.8,0.0,0.0,0.0,1.6,0.8,-0.8,0.8,0.0,0.8,0.8,0.0,1.6,0.8,2.4000000000000004,1.6,0.0,0.0,-0.8,0.0,0.8,0.8,2.4000000000000004,-0.8,0.8,-0.8,0.0,0.8,0.8,0.0,0.0,0.8,0.8,-0.8,1.6,-0.8,1.6,0.0,0.0,0.8,0.0,0.8,0.0,-0.8,0.8,-0.8,0.8,-0.8,0.0,0.0,-0.8,1.6,-0.8,0.8,0.8,0.8,1.6,0.8,0.0,-0.8,0.0,0.8,-1.6,0.8,0.8,-0.8,0.0,-0.8,0.0,0.8,-0.8,0.0,-0.8,0.8,0.0,-0.8,0.8,-0.8,0.0,0.0,-0.8,0.0,-0.8,1.6,0.8,0.8,0.8,0.8,0.8,0.0,0.0,0.0,0.0,0.0,-0.8,0.8,0.0,0.0,0.8,-0.8,1.6,0.8,-0.8,-0.8,0.8,0.0,0.0,-0.8,0.8,0.0,-0.8,0.0,0.8,0.0,0.0,0.0,0.8,0.0,0.0,1.6,0.0,1.6,1.6,0.0,1.6,2.4000000000000004,-0.8,0.8,0.0,0.0,0.0,0.0,-0.8,0.0,2.4000000000000004,0.8,0.8,1.6,0.8,0.8,-1.6,1.6,-0.8,0.8,0.8,0.0,0.0,0.0,0.0,1.6,0.0,0.8,0.0,0.8,0.8,0.0,1.6,-0.8,0.8,0.8,-1.6,-0.8,0.8,0.0,0.0,0.8,0.0,-0.8,2.4000000000000004,0.0,0.0,0.8,-0.8,2.4000000000000004,0.0,0.0,0.8,0.0,2.4000000000000004,-0.8,-0.8,0.8,0.8,0.8,-0.8,0.8,1.6,0.0,1.6,0.0,0.0,0.8,-0.8,0.8,0.0,0.8,0.8,0.8,0.8,0.8,0.0,0.0,0.8,0.8,-0.8,0.0,-0.8,0.8,0.8,-0.8,0.0,0.8,0.0,0.8,0.0,0.8,0.8,-1.6,0.8,0.0,2.4000000000000004,0.8,0.0,1.6,0.8,0.8,0.8,0.0,0.8,-0.8,-0.8,-0.8,-0.8,0.0,0.0,0.8,0.8,0.0,0.8,0.0,0.8,0.0,-0.8,0.0,0.8,-0.8,0.0,-0.8,0.8,0.8,0.8,0.8,0.8,1.6,0.0,0.0,0.8,0.0,0.0,-0.8,-0.8,1.6,0.0,0.8,-0.8,0.0,0.8,-0.8,1.6,-0.8,0.0,1.6,-0.8,0.8,0.0,-0.8,0.0,0.0,0.0,-0.8,0.0,0.0,0.0,0.8,-0.8,3.2,0.0,0.0,0.0,0.0,0.8,0.0,0.0,0.0,0.8,0.8,0.0,0.0,0.8,0.0,1.6,-0.8,1.6,0.0,-0.8,0.0,0.0,0.0,0.0,-0.8,0.8,0.0,0.8,1.6,0.8,0.8,-0.8,0.0,0.0,1.6,0.0,0.0,0.8,1.6,0.0,0.0,0.0,0.8,0.0,0.0,0.0,0.0,0.0,0.8,1.6,0.8,0.8,0.8,-0.8,0.8,-0.8,-0.8,0.0,0.8,0.8,0.0,0.0,0.0,0.8,0.0,0.8,0.0,0.8,1.6,-0.8,0.8,1.6,0.8,0.0,0.8,1.6,0.8,0.0,0.8,-1.6,-0.8,0.0,0.0,0.0,0.0,0.8,0.8,0.0,0.8,-0.8,0.0,0.0,0.0,0.8,-2.4000000000000004,1.6,0.0,-1.6,0.0,-0.8,1.6,0.8,-2.4000000000000004,-0.8,0.0,-0.8,-0.8,0.0,0.0,-1.6,1.6,0.0,1.6,-0.8,0.0,1.6,0.0,0.0,-0.8,-0.8,0.8,0.0,0.0,0.0,0.8,0.8,-1.6,1.6,0.8,-0.8,-1.6,0.0,0.8,0.8,0.0,0.8,0.8,0.8,-0.8,0.0,0.0,-0.8,0.0,-1.6,0.0,0.0,-1.6,1.6,-0.8,2.4000000000000004,0.0,-1.6,0.0,0.0,0.0,0.0,-0.8,0.8,-1.6,0.0,0.0,-0.8,0.8,-0.8,0.0,0.0,0.8,0.0,-0.8,1.6,-0.8,0.8,-0.8,0.0,0.8,0.0,-0.8,0.8,-0.8,-0.8,0.8,0.8,0.0,0.8,0.0,0.0,-0.8,0.8,0.0,0.0,0.0,0.0,-1.6,0.8,0.8,0.8,0.0,0.0,0.8,-0.8,0.8,0.0,-0.8,0.8,-0.8,0.0,-0.8,-0.8,0.0,-1.6,0.8,0.0,0.0,-0.8,0.8,0.8,-1.6,0.0,0.0,-0.8,0.8,-1.6,0.0,0.8,0.8,0.8,-0.8,0.8,0.0,-0.8,2.4000000000000004,-0.8,2.4000000000000004,0.0,0.0,1.6,0.0,0.8,0.0,-0.8,0.8,-1.6,0.0,0.8,0.0,0.8,0.8,0.8,0.8,0.0,0.8,-0.8,1.6,-0.8,0.8,0.0,0.8,0.0,-0.8,0.0,-0.8,0.0,0.8,-0.8,0.0,0.0,0.8,0.0,-0.8,1.6,0.8,-0.8,0.0,0.0,0.8,-0.8,0.8,0.0,-0.8,0.8,0.8,0.0,0.0,1.6,0.8,-0.8,0.0,0.0,-1.6,1.6,-0.8,-1.6,0.0,0.0,0.8,0.0,0.0,0.0,0.0,1.6,0.0,0.8,0.8,0.0,0.0,0.8,1.6,0.0,0.0,0.8,2.4000000000000004,0.8,0.0,0.0,0.8,0.0,0.0,-0.8,0.8,1.6,0.0,0.0,0.8,0.0,1.6,0.8,0.0,0.8,0.8,0.0,0.8,0.8,0.8,0.8,0.8,0.8,-0.8,1.6,0.0,0.8,0.0,0.0,0.8,-0.8,0.8,2.4000000000000004,-0.8,0.8,-1.6,0.8,0.0,1.6,0.0,0.8,0.8,0.8,0.0,0.8,-0.8,2.4000000000000004,1.6,0.8,1.6,-0.8,1.6,0.8,0.8,1.6,1.6,0.0,-0.8,-0.8,1.6,0.8,0.0,0.8,-0.8,0.0,-0.8,0.8,0.0,1.6,0.8,-0.8,0.8,0.0,0.8,0.8,0.8,0.0,-0.8,0.8,1.6,0.8,0.8,0.0,2.4000000000000004,0.8,0.8,0.8,-0.8,1.6,0.8,0.0,0.0,0.0,0.0,0.8,1.6,1.6,0.0,0.0,2.4000000000000004,0.0,0.8,0.0,0.0,1.6,0.0,-0.8,0.0,1.6,-0.8,0.0,1.6,-0.8,0.0,0.0,-0.8,0.0,2.4000000000000004,-0.8,0.0,0.8,0.8,-0.8,0.8,0.0,0.0,-0.8,-1.6,0.8,1.6,-1.6,2.4000000000000004,0.8,0.8,0.0,-0.8,0.8,0.8,0.0,1.6,0.0,1.6,0.0,0.8,0.8,0.0,1.6,0.0,0.0,-0.8,0.8,1.6,-0.8,1.6,0.0,0.8,-0.8,-0.8,0.8,0.0,0.0,0.8,-0.8,-0.8,0.0,0.8,0.8,-0.8,0.8,0.8,0.0,0.8,0.0,0.0,-0.8,-0.8,-0.8,0.8,2.4000000000000004,-0.8,0.8,0.0,0.0,1.6,0.8,0.8,0.0,0.0,0.8,-0.8,-1.6,0.0,0.0,0.0,0.8,1.6,0.0,0.0,1.6,0.8,-0.8,0.8,0.8,0.8,0.0,0.0,0.8,0.8,-1.6,0.0,0.8,0.8,0.0,0.0,0.0,1.6,0.8,0.8,0.8,0.8,1.6,0.8,1.6,0.0,1.6,0.0,-0.8,-0.8,0.8,0.8,0.8,0.8,1.6,0.0,0.8,0.0,1.6,-0.8,2.4000000000000004,0.8,0.8,0.8,-0.8,0.8,0.0,0.0,1.6,0.0,0.8,0.8,0.8,0.8,-0.8,2.4000000000000004,0.8,-0.8,0.8,0.8,1.6,0.0,0.8,0.8,-0.8,0.8,-0.8,0.8,1.6,0.8,1.6,-0.8,0.8,1.6,0.0,1.6,-0.8,0.0,0.8,0.0,0.8,-1.6,1.6,1.6,0.0,0.8,-1.6,0.8,0.0,-0.8,0.8,-0.8,1.6,0.0,0.8,0.8,0.0,1.6,0.0,0.0,0.0,-1.6,0.0,-0.8,0.8,0.8,0.0,1.6,0.8,0.0,0.8,0.0,0.0,0.0,0.8,1.6,0.8,2.4000000000000004,0.0,1.6,0.0,0.0,0.8,0.8,0.8,0.8,0.0,0.0,0.0,0.8,0.8,0.8,1.6,0.0,0.0,-0.8,-0.8,1.6,0.0,0.8,-0.8,1.6,0.0,-0.8,-0.8,0.8,1.6,0.8,0.8,0.0,1.6,0.8,0.0,0.0,0.8,0.8,0.0,0.0,0.8,-0.8,-0.8,-0.8,0.0,-1.6,0.0,1.6,0.0,0.0,0.8,1.6,0.0,-0.8,0.8,0.0,0.8,0.0,-2.4000000000000004,0.0,1.6,0.0,0.0,0.0,1.6,0.0,0.8,0.8,-1.6,1.6,0.8,-0.8,0.8,0.8,2.4000000000000004,0.0,0.0,3.2,1.6,-0.8,0.8,0.8,-0.8,0.0,0.0,-0.8,0.8,0.0,0.0,1.6,0.0,0.8,0.8,0.0,1.6,-0.8,0.8,0.8,1.6,2.4000000000000004,0.0,2.4000000000000004,1.6,-0.8,0.8,0.0,1.6,0.8,0.0,0.8,0.8,0.8,0.8,0.0,2.4000000000000004,-1.6,0.8,0.8,0.0,0.0,0.8,0.0,0.8,0.8,0.0,0.8,2.4000000000000004,-0.8,0.0,0.0,0.0,2.4000000000000004,0.8,0.8,1.6,0.8,0.0,0.0,0.0,2.4000000000000004,0.8,0.8,0.8,0.8,-0.8,0.0,0.8,0.8,0.0,1.6,1.6,0.0,0.0,0.8,0.8,1.6,0.0,-0.8,0.0,1.6,0.8,0.8,0.8,0.8,1.6,0.8,0.0,0.0,0.8,0.8,0.0,0.8,1.6,0.8,0.8,0.0,2.4000000000000004,0.8,0.0,0.8,0.8,0.8,0.0,-0.8,0.8,0.0,0.0,0.0,1.6,0.8,0.0,0.8,0.8,0.8,-0.8,0.8,0.8,0.0,0.0,1.6,0.0,1.6,0.0,0.8,0.0,0.0,-0.8,-0.8,0.0,-0.8,0.8,1.6,0.0,1.6,-0.8,-0.8,0.0,0.0,0.0,0.8,0.8,0.8,0.0,-0.8,0.8,1.6,0.8,0.0,1.6,0.0,1.6,0.8,0.0,0.0,0.8,0.0,0.0,0.0,1.6,0.8,-0.8,0.8,-0.8,-0.8,0.0,-0.8,0.0,0.8,0.0,0.8,-0.8,1.6,-0.8,0.0,-0.8,-0.8,-0.8,0.8,1.6,0.8,0.0,0.0,0.8,0.0,0.8,0.8,1.6,0.8,0.0,0.0,0.0,0.0,0.0,0.0,0.8,0.0,0.8,-0.8,0.0,0.8,-0.8,-0.8,1.6,0.0,1.6,0.0,0.0,0.8,0.0,0.8,0.0,0.8,0.0,-0.8,0.0,0.0,1.6,0.0,0.8,1.6,0.0,-0.8,0.0,0.8,0.8,-1.6,0.0,-2.4000000000000004,0.8,-0.8,0.8,1.6,-0.8,0.8,0.0,0.0,0.8,-1.6,2.4000000000000004,-0.8,0.8,0.0,-0.8,0.8,-0.8,0.0,-0.8,0.0,0.0,0.0,0.8,1.6,-0.8,0.0,-0.8,0.8,0.0,0.0,1.6,-0.8,0.0,-0.8,-1.6,0.8,0.0,0.8,-0.8,0.8,0.0,-1.6,1.6,0.8,0.0,0.0,-1.6,0.0,0.0,1.6,1.6,-0.8,0.8,1.6,1.6,0.8,0.8,0.0,0.0,0.8,0.0,0.8,-0.8,0.8
event_147,1625267067.0714688,0.0,0.8,0.8,-0.8,-0.8,-0.8,0.0,0.0,0.0,0.0,0.8,0.8,0.0,0.0,-0.8,0.0,0.0,-0.8,0.8,0.8,0.8,-0.8,0.0,0.0,0.0,0.0,-0.8,0.0,-0.8,0.0,0.8,0.0,0.0,0.0,0.0,0.0,-0.8,1.6,0.8,0.8,1.6,-0.8,-0.8,0.0,0.8,0.0,-0.8,1.6,0.0,0.0,1.6,-0.8,0.8,-0.8,0.8,0.0,0.8,2.4000000000000004,-0.8,0.8,-0.8,0.8,0.8,0.0,1.6,-0.8,0.8,0.8,-0.8,0.8,0.0,0.8,1.6,-0.8,1.6,0.0,0.0,0.0,0.0,-0.8,-1.6,0.0,0.0,-0.8,0.8,0.0,0.8,-0.8,0.8,0.8,-0.8,0.8,0.0,0.8,0.8,1.6,0.0,0.8,0.0,1.6,0.0,0.0,-12.0,-20.0,-12.0,-4.0,-0.8,-0.8,0.0,0.0,-1.6,-0.8,-0.8,0.0,-0.8,0.0,0.0,0.8,0.0,0.0,-0.8,1.6,1.6,-0.8,0.0,0.8,0.8,-0.8,0.0,0.8,-0.8,0.0,0.0,1.6,0.0,0.0,0.0,-0.8,0.0,1.6,0.0,0.0,0.0,-0.8,-0.8,0.8,0.0,0.0,0.0,1.6,0.8,0.0,1.6,-0.8,0.0,0.0,0.8,0.0,-0.8,0.0,0.0,0.0,1.6,-1.6,0.0,0.0,-0.8,0.8,-0.8,0.0,-0.8,0.8,1.6,-0.8,-0.8,0.0,0.8,-0.8,-1.6,0.0,-0.8,0.8,1.6,-1.6,0.0,0.8,1.6,0.0,0.8,0.0,-0.8,0.8,0.0,0.0,2.4000000000000004,-0.8,0.8,0.8,1.6,-0.8,0.8,0.8,0.0,0.0,0.0,0.0,1.6,-0.8,0.8,0.8,0.8,0.0,-0.8,0.8,-1.6,-0.8,2.4000000000000004,-0.8,0.8,-1.6,-0.8,0.0,0.0,-0.8,0.8,0.8,-0.8,0.8,1.6,-0.8,0.8,0.8,1.6,0.8,-0.8,0.8,0.8,0.8,0.8,-0.8,-0.8,0.0,0.8,0.8,-0.8,0.0,-0.8,0.8,0.8,0.0,-0.8,0.0,0.0,-1.6,0.0,0.8,0.0,0.0,0.0,0.8,0.0,0.8,-0.8,0.0,0.0,-0.8,0.0,-0.8,0.0,0.0,-0.8,0.8,0.8,0.8,0.0,0.8,1.6,0.0,-0.8,0.8,0.0,0.8,0.0,0.0,0.8,0.0,0.0,0.8,0.8,0.8,-0.8,0.8,0.0,0.8,0.8,0.0,2.4000000000000004,0.8,0.0,1.6,0.8,0.0,-0.8,-0.8,-0.8,0.0,0.0,0.8,0.8,0.8,0.0,0.8,-0.8,0.0,-0.8,0.8,0.8,0.8,1.6,0.0,0.0,1.6,0.0,0.8,0.0,0.0,1.6,0.8,0.8,-0.8,0.0,0.0,-0.8,0.8,0.0,0.8,0.0,0.8,0.8,-0.8,-0.8,0.0,0.8,0.8,0.8,1.6,0.8,0.0,0.0,0.0,0.8,-0.8,-2.4000000000000004,-0.8,0.0,0.8,-0.8,-0.8,1.6,0.8,0.8,0.0,0.0,0.8,0.0,0.0,0.0,0.0,0.0,-0.8,0.0,0.8,-0.8,-0.8,0.0,1.6,0.0,-0.8,0.8,0.0,0.8,1.6,0.0,0.8,0.0,-0.8,0.8,0.0,0.8,0.0,0.0,0.0,0.0,0.8,0.8,0.0,0.8,-0.8,0.8,-0.8,0.0,-0.8,0.0,-0.8,0.8,0.0,1.6,0.0,1.6,-0.8,0.0,0.0,0.0,1.6,0.8,1.6,0.0,-1.6,0.0,-0.8,0.8,0.8,-0.8,0.8,-0.8,1.6,0.8,-0.8,2.4000000000000004,0.0,0.8,0.8,-0.8,1.6,0.8,0.8,0.0,0.0,-0.8,0.0,0.8,0.0,0.0,0.8,0.0,0.8,0.0,0.8,-0.8,0.8,0.0,-0.8,0.8,0.8,0.0,0.0,0.8,0.8,0.0,0.8,0.8,0.0,1.6,-1.6,0.0,0.0,1.6,0.0,0.0,0.0,0.0,0.0,0.0,0.0,0.8,-0.8,0.0,0.8,0.8,0.0,0.0,1.6,0.0,0.8,0.0,0.0,0.0,-0.8,-0.8,0.0,0.0,1.6,-0.8,0.8,0.0,0.0,0.0,-0.8,2.4000000000000004,0.8,-0.8,0.8,0.0,0.8,-0.8,1.6,0.8,0.0,0.0,0.0,0.8,0.0,-1.6,0.0,0.0,0.8,-0.8,0.0,0.8,-0.8,0.0,0.0,0.8,0.8,0.8,1.6,-0.8,-0.8,0.8,-0.8,1.6,-0.8,1.6,0.8,-1.6,0.8,-0.8,-0.8,0.8,0.0,0.8,0.0,0.8,0.8,-1.6,1.6,0.0,-0.8,0.8,-0.8,0.0,-0.8,0.8,1.6,0.0,0.8,-0.8,0.0,0.8,0.0,0.0,0.0,-0.8,0.0,0.0,0.8,-0.8,0.0,0.0,0.0,0.8,-0.8,0.0,0.8,0.0,0.0,-0.8,0.0,0.0,-0.8,0.0,1.6,0.0,0.8,0.8,0.0,0.8,0.0,0.0,0.8,0.8,0.0,-0.8,2.4000000000000004,0.0,-0.8,1.6,-0.8,0.0,-0.8,-0.8,0.0,0.0,0.0,0.8,0.8,-0.8,-1.6,0.8,-0.8,0.8,0.0,0.0,0.8,0.8,0.0,-0.8,0.0,0.8,0.0,0.8,0.0,-0.8,0.8,0.0,1.6,0.0,0.8,0.0,0.0,0.8,0.0,-0.8,0.8,-0.8,0.8,-1.6,0.0,0.8,-0.8,0.8,0.0,1.6,-0.8,0.0,0.0,-0.8,1.6,-0.8,0.0,0.8,-0.8,0.8,0.0,0.0,1.6,0.0,1.6,-0.8,-0.8,1.6,0.0,0.8,-0.8,0.8,0.0,-0.8,0.8,0.8,0.0,0.0,-1.6,1.6,0.0,-0.8,-0.8,0.8,0.0,0.0,0.8,0.8,0.0,0.0,0.8,0.8,0.0,0.0,0.0,0.0,1.6,0.0,0.8,0.8,0.0,0.8,0.0,0.0,1.6,0.0,0.0,0.0,0.8,0.0,0.8,0.8,1.6,-0.8,0.8,0.0,0.0,0.0,-0.8,0.8,2.4000000000000004,0.8,0.0,0.0,0.0,0.8,0.0,0.8,0.0,0.8,0.8,0.0,0.8,0.8,0.0,0.0,-0.8,0.8,0.0,0.8,0.0,0.0,0.0,-0.8,0.8,-0.8,0.0,0.8,-0.8,0.0,0.0,0.0,0.8,0.8,0.8,0.0,-0.8,0.8,0.0,0.8,0.0,1.6,2.4000000000000004,0.0,0.0,0.0,0.0,0.8,-0.8,0.0,0.0,0.0,1.6,0.0,0.8,-0.8,-0.8,0.8,0.0,0.8,0.0,0.0,0.8,-1.6,0.0,-0.8,0.0,0.8,0.0,1.6,0.0,0.0,0.0,0.0,1.6,1.6,0.0,0.0,0.8,1.6,-0.8,0.8,0.0,1.6,0.0,0.0,0.8,0.8,0.8,2.4000000000000004,0.8,2.4000000000000004,0.8,0.8,0.0,1.6,0.0,0.0,0.0,0.8,0.0,0.8,0.8,-0.8,1.6,0.8,1.6,0.8,0.8,1.6,0.0,0.0,0.8,-0.8,0.8,0.0,0.0,0.8,0.0,0.0,0.0,-1.6,0.0,-0.8,0.8,0.8,1.6,0.8,0.8,1.6,0.0,0.8,0.8,-0.8,0.8,-0.8,1.6,0.8,-0.8,0.0,0.0,1.6,1.6,-0.8,0.0,0.0,0.8,0.0,-0.8,1.6,0.0,1.6,0.8,1.6,0.8,0.0,0.8,0.0,-0.8,0.0,0.0,1.6,0.8,0.0,0.8,0.8,0.8,0.0,0.8,0.8,-0.8,0.8,0.0,0.0,1.6,0.0,0.8,0.8,1.6,0.0,1.6,0.8,0.0,1.6,-0.8,0.8,0.0,0.0,0.8,0.0,1.6,0.0,0.0,-0.8,0.0,0.8,0.8,-0.8,0.8,-0.8,0.8,1.6,0.0,-0.8,2.4000000000000004,0.8,-1.6,2.4000000000000004,2.4000000000000004,-0.8,-0.8,3.2,2.4000000000000004,-1.6,0.8,1.6,0.8,-0.8,0.0,0.8,-0.8,0.0,1.6,0.8,1.6,0.0,0.8,0.0,0.8,0.8,0.0,1.6,1.6,-1.6,0.0,0.8,1.6,0.8,0.0,0.0,-0.8,1.6,-0.8,-1.6,1.6,0.0,0.0,0.0,1.6,1.6,-0.8,1.6,0.0,-0.8,0.0,0.0,2.4000000000000004,-1.6,0.0,0.8,-0.8,0.8,-0.8,0.0,1.6,-1.6,1.6,0.8,1.6,-0.8,-1.6,2.4000000000000004,-0.8,0.8,0.0,0.0,2.4000000000000004,0.8,1.6,0.8,0.0,1.6,-0.8,0.0,0.8,0.0,1.6,0.8,1.6,0.8,-0.8,0.8,-0.8,0.8,0.0,0.8,-0.8,0.8,0.0,-0.8,0.8,0.8,0.0,1.6,-0.8,0.0,0.8,0.8,1.6,0.8,1.6,0.0,0.0,0.0,0.8,0.8,0.0,0.0,0.0,0.0,0.0,0.0,0.0,0.0,0.8,0.8,0.0,0.8,0.0,0.8,0.8,-0.8,-0.8,0.0,0.8,0.0,0.0,0.0,0.0,0.8,0.0,0.0,0.0,0.0,0.0,-0.8,0.0,-0.8,0.8,0.0,0.0,2.4000000000000004,0.8,0.0,0.8,-0.8,-0.8,0.0,-0.8,1.6,0.0,0.0,-0.8,1.6,0.0,0.8,0.8,0.0,0.8,0.0,0.8,0.0,0.0,0.0,0.8,1.6,1.6,-1.6,1.6,0.0,0.0,0.8,-0.8,0.0,0.0,0.0,1.6,0.0,1.6,-0.8,0.0,0.0,0.8,0.8,0.8,0.0,0.8,0.0,0.0,0.8,0.8,1.6,0.0,0.8,-0.8,1.6,0.8,-0.8,0.8,-0.8,0.8,-0.8,-1.6,1.6,0.0,0.0,0.0,-0.8,0.8,0.0,0.8,-0.8,0.0,0.8,-0.8,0.0,0.8,0.0,0.0,0.0,0.8,0.0,0.0,1.6,0.8,0.8,0.8,1.6,0.8,0.8,-0.8,0.0,0.0,0.0,-0.8,-0.8,0.8,0.0,0.0,0.8,0.8,0.0,0.0,0.0,0.8,0.8,0.8,0.0,0.8,0.0,0.0,0.8,-0.8,0.0,1.6,0.8,0.8,0.0,0.0,0.8,0.8,1.6,0.0,1.6,1.6,1.6,0.8,0.0,0.0,0.0,-0.8,0.0,-0.8,0.8,-0.8,1.6,1.6,0.0,0.0,-1.6,0.0,0.8,-1.6,1.6,0.8,0.8,0.8,0.0,0.8,0.0,1.6,0.8,0.0,0.0,0.8,0.8,0.0,0.0,1.6,0.8,-0.8,0.0,0.8,0.8,0.0,1.6,-0.8,-0.8,0.0,-0.8,0.8,0.0,-0.8,0.0,0.0,1.6,0.0,0.8,0.8,-0.8,0.0,-1.6,1.6,1.6,-1.6,0.0,2.4000000000000004,0.0,0.8,1.6,0.0,0.0,0.0,0.0,0.8,0.0,0.0,0.0,0.8,0.0,-0.8,0.8,-0.8,0.0,-0.8,0.0,0.0,0.0,0.0,0.8,0.8,0.8,0.0,0.0,0.8,0.8,0.0,-0.8,0.8,0.8,2.4000000000000004,0.0,0.0,2.4000000000000004,0.0,0.0,0.8,0.0,1.6,0.0,0.0,0.0,0.0,0.0,0.8,0.8,0.0,-1.6,0.0,-0.8,2.4000000000000004,-1.6,1.6,0.8,0.0,0.8,-0.8,0.0,0.8,-0.8,1.6,0.0,-0.8,0.8,-0.8,0.0,-0.8,0.8,0.8,-0.8,0.0,0.0,1.6,0.0,0.0,0.8,-1.6,0.0,0.0,-0.8,0.8,0.0,0.0,-0.8,0.8,0.0,-0.8,0.8,-0.8,0.0,0.0,-0.8,0.0,-0.8,0.0,0.8,0.0,1.6,-1.6,0.0,0.0,-1.6,0.8,0.0,0.8,1.6,0.0,0.8,0.8,0.0,0.0,0.0,0.0,0.0,-0.8,-0.8,0.0,0.0,0.8,0.0,1.6,0.0,0.8,0.8,-0.8,0.8,0.0,0.0,0.0,0.8,0.0,0.8,0.0,0.8,0.0,0.8,0.8,0.0,0.0,-0.8,0.8,0.0,0.0,0.8,0.0,0.0,-1.6,0.0,0.8,0.8,0.0,0.8,0.0,1.6,-0.8,0.8,-0.8,0.0,0.8,0.0,0.8,-0.8,1.6,0.8,-0.8,0.8,-0.8,0.0,0.0,-0.8,2.4000000000000004,-0.8,0.0,0.8,-0.8,-0.8,0.0,1.6,-0.8,-0.8,2.4000000000000004,0.8,0.8,0.0,0.8,1.6,0.8,0.8,-0.8,0.0,1.6,0.8,0.8,0.0,1.6,0.8,0.8,0.0,0.0,1.6,0.0,-0.8,1.6,0.0,0.8,0.0,0.8,0.8,0.0,0.8,0.0,0.8,0.0,0.0,-0.8,-0.8,0.0,0.8,0.0,1.6,0.0,0.8,0.8,0.0,0.8,-0.8,1.6,0.0,0.8,0.8,0.8,1.6,0.8,-0.8,0.8,0.0,1.6,0.0,0.0,0.8,0.8,0.0,0.8,0.8,0.0,-0.8,0.0,0.0,0.8,-0.8,0.8,0.0,0.8,0.8,-0.8,1.6,1.6,0.8,0.8,0.0,0.0,1.6,1.6,0.8,0.0,0.0,0.8,0.0,0.0,0.8,0.8,-0.8,0.8,0.0,-0.8,0.8,0.0,1.6,-0.8,0.8,1.6,-0.8,2.4000000000000004,2.4000000000000004,-0.8,0.8,0.0,0.0,0.0,0.8,0.8,0.0,2.4000000000000004,-0.8,0.8,1.6,-1.6,0.0,0.8,0.0,0.0,0.8,1.6,0.0,0.0,0.8,0.8,1.6,0.8,0.8,1.6,-0.8,0.8,-0.8,0.0,0.0,0.8,1.6,0.8,1.6,0.0,0.0,1.6,-0.8,0.0,0.0,0.8,2.4000000000000004,0.0,0.8,1.6,0.8,0.8,0.0,-0.8,0.0,0.0,-1.6,-0.8,0.0,0.0,2.4000000000000004,0.0,0.0,-0.8,0.8,0.0,0.8,0.0,0.8,0.0,0.8,0.8,-0.8,0.0,0.8,-0.8,0.0,-0.8,0.0,1.6,0.8,0.0,-0.8,0.0,0.8,0.0,0.0,0.0,0.8,0.0,0.0,0.0,-1.6,-0.8,0.0,0.0,0.0,0.0,0.8,0.0,0.8,0.0,0.0,0.8,0.0,-2.4000000000000004,0.8,0.8,0.0,0.8,-0.8,1.6,0.0,0.0,-2.4000000000000004,0.0,1.6,-3.2,-0.8,1.6,-1.6,0.0,0.0,0.8,0.0,0.0,0.0,-0.8,0.8,-1.6,0.0,1.6,-2.4000000000000004,0.0,0.8,-0.8,1.6,-0.8,0.8,0.0,0.8,0.8,0.0,0.8,0.0,0.8,0.8,0.0,0.8,0.8,-0.8,0.0,0.0,1.6,-0.8,0.0,-0.8,0.0,0.0,1.6,0.8,0.8,-0.8,0.0,-0.8,0.8,-1.6,0.8,0.0,1.6,0.0,0.0,0.0,1.6,0.8,0.0,0.8,0.0,1.6,0.0,0.0,0.0,0.8,0.8,0.0,0.0,0.8,0.8,0.0,-0.8,0.0,0.0,0.0,0.0,0.0,-1.6,1.6,-0.8,0.0,0.8,0.8,0.0,-0.8,0.0,-0.8,0.0,1.6,0.8,-0.8,-1.6,0.8,0.0,0.8,-0.8,-1.6,0.8,0.0,-0.8,0.8,-0.8,0.0,-0.8,0.0,1.6,-0.8,0.8,0.0,0.0,0.0,-2.4000000000000004,0.0,0.8,0.0,0.0,-0.8,0.8,0.8,0.0,1.6,-0.8,0.8,-0.8,0.8,0.0,0.0,0.0,0.0,0.8,0.8,-0.8,0.0,0.0,0.0,1.6,0.0,0.0,0.0,0.0,1.6,0.8,0.8,-0.8,0.0,0.0,0.8,0.0,0.0,-0.8,0.8,0.8,-1.6,0.8,0.8,0.0,0.0,0.0,-0.8,1.6,0.0,-0.8,0.0,0.0,0.0,0.0,-1.6,0.8,0.0,0.0,0.0,0.0,0.0,0.0,0.0,-0.8,0.0,0.0,0.8,0.8,0.8,0.0,-0.8,0.8,0.0,-0.8,0.0,0.8,0.8,-0.8,0.0,0.8,0.0,1.6,-1.6,0.0,0.0,0.0,0.8,0.0,2.4000000000000004,0.8,0.0,0.0,0.0,1.6,-0.8,0.8,0.8,-0.8,0.8,0.0,1.6,0.0,-0.8,1.6,0.0,1.6,0.0,1.6,0.8,0.0,1.6,0.0,0.0,1.6,-0.8,0.8,0.0,1.6,0.0,0.0,1.6,0.0,0.0,0.0,-0.8,1.6,-1.6,1.6,0.8,0.0,0.8,-1.6,0.0,0.8,0.0,0.8,-0.8,0.8,0.0,-0.8,0.8,0.0,0.0,0.0,0.8,-0.8,0.0,0.0,-0.8,-0.8,0.0,0.8,-0.8,0.0,0.0,0.0,-0.8,0.8,0.0,-1.6,0.0,0.0,0.0,-1.6,0.0,0.8,-0.8,0.8,-0.8,0.0,0.8,0.0,0.0,0.0,0.8,0.0,0.8,-0.8,0.8,1.6,0.0,0.8,0.0,0.8,0.0,0.0,0.0,0.8,0.8,0.0,-0.8,0.0,0.0,0.8,0.8,1.6,0.8,0.0,0.8,-0.8,0.0,0.8,0.0,1.6,-0.8,0.8,1.6,-0.8,1.6,-1.6,0.8,0.8,0.8,0.8,0.0,1.6,0.0,0.0,1.6,0.0,1.6,-0.8,-0.8,0.0,-0.8,1.6,1.6,0.0,0.8,0.0,1.6,0.0,0.8,0.0,0.8,0.8,0.0,0.0,-0.8,0.8,0.8,0.0,1.6,-0.8,0.0,2.4000000000000004,0.8,0.8,0.0,0.0,0.0,-0.8,0.0,0.0,0.0,0.8,0.0,0.0,-0.8,-0.8,0.0,0.0,0.8,0.0,1.6,0.0,0.8,0.8,-0.8,1.6,-0.8,-1.6,1.6,0.8,0.8,0.8,0.0,0.8,0.8,1.6,0.8,0.0,0.8,0.0,0.0,0.8,0.8,0.8,0.0,0.8,0.0,0.0,0.0,0.8,0.8,-0.8,0.8,1.6,0.0,0.0,0.0,-0.8,0.8,1.6,0.0,0.0,0.8,0.8,-0.8,0.8,0.8,0.8,0.0,0.8,0.8,0.8,0.8,0.8,0.8,0.8,-0.8,0.0,-0.8,0.0,-0.8,0.8,-0.8,0.8,-0.8,0.8,0.0,0.8,0.0,-0.8,0.8,0.8,-0.8,0.8,-0.8,1.6,0.8,0.0,0.8,-0.8,2.4000000000000004,1.6,-0.8,0.0,0.0,0.8,0.0,-0.8,0.8,0.0,0.8,0.0,-0.8,0.0,-0.8,0.8,0.8,0.0,0.0,0.0,0.0,0.8,0.0,0.8,0.0,0.0,-0.8,0.0,1.6,0.0,0.8,1.6,-0.8,0.8,0.8,0.8,-1.6,1.6,0.8,0.0,0.8,0.0,0.0,2.4000000000000004,0.8,0.8,0.8,0.0,0.0,0.0,-0.8,0.0,0.0,0.8,0.0,1.6,0.8,0.8,0.0,0.8,0.8,0.8,-0.8,-0.8,0.8,0.0,1.6,0.8,0.0,0.0,0.8,-0.8,0.0,0.0,0.8,-0.8,0.0,0.0,1.6,0.0,0.8,0.8,0.8,0.0,-0.8,0.0,0.0,-0.8,0.8,0.0,1.6,0.8,0.0,1.6,0.0,0.0,1.6,0.0,0.8,0.8,0.8,0.0,0.0,0.0,0.0,0.0,0.0,0.8,0.8,-1.6,0.8,0.0,0.0,0.8,0.0,0.8,0.0,0.8,0.0,-0.8,0.8,0.0,-0.8,0.8,0.0,-0.8,-0.8,1.6,0.0,0.0,1.6,0.0,1.6,0.0,-0.8,0.8,-0.8,0.8,-0.8,0.0,1.6,0.0,0.8,0.0,0.0,0.0,-0.8,0.0,0.8,-0.8,0.8,0.0,0.8,0.0,-0.8,-0.8,1.6,0.0,0.8,0.8,0.8,1.6,0.0,0.0,0.0,0.8,0.8,-0.8,0.0,1.6,0.8,0.8,0.0,1.6,0.0,-0.8,1.6,0.0,0.0,0.8,0.8,1.6,0.0,0.8,-0.8,0.8,0.0,0.0,0.0,0.0,0.8,0.0,0.0,1.6,0.0,0.8,0.8,-0.8,2.4000000000000004,-0.8,0.8,0.8,0.0,0.8,-1.6,0.8,0.0,0.8,0.8,-0.8,0.0,-1.6,0.0,0.0,-0.8,0.8,0.0,0.8,0.8,0.0,1.6,-0.8,0.8,-0.8,-0.8,0.0,0.8,2.4000000000000004,0.8,0.0,1.6,-0.8,1.6,0.0,0.0,0.8,-0.8,0.0,0.8,0.8,0.0,-0.8,1.6,0.8,-0.8,0.8,-0.8,0.8,-0.8,0.8,1.6,-0.8,0.8,-0.8,0.0,1.6,-0.8,1.6,0.8,-0.8,0.8,-0.8,0.8,0.0,0.8,0.0,0.0,0.8,0.8,0.0,0.8,0.0,0.8,0.0,-0.8,-0.8,0.8,0.0,0.8,0.8,0.0,-0.8,-0.8,-0.8,0.0,-0.8,0.8,0.8,0.8,-0.8,0.0,0.8,0.0,0.0,0.0,0.0,0.0,0.0,0.0,0.8,0.0,0.0,0.8,0.0,-0.8,0.8,0.8,-0.8,0.0,-0.8,-0.8,0.0,0.8,0.0,-1.6,0.0,-0.8,0.0,0.8,0.0,0.0,0.0,-0.8,0.0,0.0,1.6,-0.8,0.0,0.8,0.0,0.0,0.0,0.0,0.0,0.0,0.0,-0.8,0.0,-0.8,0.0,1.6,0.0,1.6,0.0,0.8,0.0,-0.8,1.6,-0.8,-0.8,-0.8,0.8,2.4000000000000004,-0.8,-1.6,4.0,0.0,-0.8,0.0,4.0,-1.6,-0.8,2.4000000000000004,-0.8,0.8,0.0,0.0,1.6,-0.8,-0.8,1.6,0.8,-0.8,-1.6,1.6,-0.8,0.0,0.8,-0.8,2.4000000000000004,-1.6,0.0,0.0,0.0,-1.6,0.8,0.0,0.0,-0.8,0.0,0.0,0.8
event_148,1625267069.2205915,-0.8,0.8,0.0,0.0,1.6,0.8,0.8,0.8,0.8,0.0,-0.8,0.0,0.8,1.6,-0.8,0.8,1.6,-1.6,0.0,0.0,0.8,0.8,0.0,1.6,0.0,0.8,1.6,-0.8,0.8,0.8,-1.6,0.0,2.4000000000000004,0.0,0.0,1.6,0.8,0.0,0.8,-0.8,0.0,0.8,-1.6,0.0,1.6,1.6,0.0,0.8,0.8,0.8,0.8,0.8,0.0,1.6,-0.8,0.0,-0.8,0.8,0.8,0.0,0.0,0.8,0.0,0.0,0.8,0.8,0.0,-0.8,0.8,0.8,0.8,0.0,0.8,0.8,0.8,1.6,0.8,-0.8,1.6,0.0,0.0,0.0,-0.8,0.8,1.6,-0.8,0.0,-1.6,0.0,0.0,0.0,0.0,0.8,0.8,0.0,0.0,0.0,0.0,0.8,-0.8,0.8,0.8,-14.400000000000002,-63.2,-83.20000000000002,-49.60000000000001,-18.4,-8.8,-4.0,-2.4000000000000004,-5.6,-6.4,-4.800000000000001,-2.4000000000000004,-1.6,0.8,-0.8,-1.6,0.8,-0.8,-0.8,0.8,-0.8,1.6,0.8,-0.8,0.8,0.0,-0.8,-0.8,0.8,0.8,0.0,0.8,0.0,0.8,0.0,-0.8,0.0,0.0,0.8,-0.8,-0.8,0.8,-1.6,1.6,0.8,0.0,1.6,-0.8,0.0,0.0,0.0,0.0,-0.8,1.6,-1.6,0.8,0.8,-0.8,2.4000000000000004,0.0,0.0,0.0,-0.8,1.6,-1.6,0.0,0.0,0.0,0.0,-0.8,1.6,0.8,-0.8,1.6,0.0,0.8,0.0,-0.8,0.0,0.0,0.0,2.4000000000000004,-0.8,0.0,-1.6,0.8,0.0,0.8,0.0,1.6,0.0,1.6,0.0,0.0,0.8,0.0,0.0,0.0,0.0,0.0,0.8,0.0,0.0,0.0,1.6,-0.8,0.0,0.0,0.8,0.8,-0.8,0.0,0.0,-0.8,0.8,0.0,0.8,0.0,0.8,0.0,-0.8,1.6,0.0,-0.8,0.0,0.0,-0.8,0.0,1.6,1.6,-1.6,1.6,0.8,0.8,0.0,0.0,1.6,-1.6,0.8,0.0,0.0,0.8,0.0,1.6,0.8,0.8,0.8,-0.8,0.8,0.0,0.0,0.8,0.0,0.0,0.0,0.8,0.8,0.0,1.6,0.8,0.0,0.0,0.8,0.8,-0.8,1.6,0.8,-1.6,1.6,0.8,0.8,0.8,0.0,0.8,2.4000000000000004,0.0,-1.6,0.8,0.8,-0.8,1.6,1.6,0.0,0.0,-0.8,0.8,0.0,-1.6,0.8,0.0,1.6,-0.8,-0.8,0.0,0.0,0.8,0.0,0.0,0.0,1.6,0.8,0.0,1.6,1.6,0.8,0.0,0.0,0.8,0.0,0.8,0.8,0.8,0.0,0.8,0.8,0.0,0.0,0.8,0.8,-0.8,0.8,0.0,-0.8,0.0,-0.8,-0.8,0.8,0.8,-0.8,0.8,0.0,0.8,0.0,0.8,0.0,0.0,2.4000000000000004,-0.8,0.8,1.6,0.8,1.6,0.8,0.8,0.8,-0.8,0.0,0.0,0.8,-0.8,0.8,0.0,0.0,1.6,-0.8,0.0,1.6,0.0,-0.8,1.6,0.8,1.6,-0.8,0.8,0.0,1.6,0.0,-0.8,1.6,0.0,0.8,1.6,-0.8,1.6,-0.8,0.0,0.0,0.0,0.0,0.0,0.8,-0.8,0.0,0.8,0.0,0.8,-0.8,0.8,-0.8,0.0,1.6,0.0,0.8,1.6,0.0,0.8,0.0,0.0,0.8,0.0,0.8,0.0,0.8,0.0,0.0,0.0,0.8,1.6,0.8,0.8,-0.8,-0.8,0.8,0.8,0.8,0.0,0.0,1.6,0.8,0.0,0.0,0.8,0.8,-1.6,-1.6,0.8,0.8,0.0,0.8,0.0,1.6,0.8,0.8,0.0,0.0,0.8,0.0,-0.8,0.0,0.8,0.8,0.8,0.0,0.0,-0.8,0.0,0.0,1.6,0.0,0.8,0.0,0.0,0.0,0.8,0.0,2.4000000000000004,0.0,0.8,0.8,0.0,3.2,0.0,0.8,0.8,1.6,1.6,0.0,0.8,0.8,-1.6,0.0,-0.8,0.8,-0.8,-0.8,0.0,0.0,0.8,0.8,0.0,0.8,-0.8,1.6,0.0,0.0,0.0,0.0,-0.8,0.8,-0.8,0.8,0.0,0.0,-0.8,0.0,0.0,-0.8,2.4000000000000004,0.0,-1.6,0.0,-0.8,-0.8,0.0,-0.8,0.8,0.0,0.0,0.0,-1.6,-0.8,-0.8,0.8,0.8,0.0,0.0,0.8,0.8,0.8,-0.8,-0.8,0.8,0.0,-0.8,-0.8,0.8,0.8,0.0,0.0,1.6,0.8,0.8,0.8,0.0,0.8,0.0,-0.8,0.0,0.8,0.0,0.8,0.8,0.8,0.8,-0.8,0.0,0.0,-0.8,0.8,-1.6,0.8,0.8,0.0,0.0,0.8,1.6,-1.6,0.0,0.0,-0.8,0.0,-0.8,0.8,0.8,0.0,0.8,0.8,0.8,0.0,0.8,0.8,0.0,-0.8,0.8,0.0,0.0,0.0,1.6,0.0,0.0,0.0,-0.8,0.0,0.0,-0.8,0.0,0.0,1.6,-1.6,0.8,-0.8,0.0,1.6,-0.8,0.8,0.0,0.0,0.8,-1.6,-0.8,0.0,-0.8,0.8,-0.8,0.8,-0.8,-1.6,0.0,-0.8,0.0,-0.8,-0.8,0.0,-0.8,0.8,0.0,0.0,0.0,0.0,0.8,0.0,-0.8,-1.6,-0.8,1.6,-0.8,-0.8,0.8,1.6,0.8,0.0,0.0,-0.8,1.6,0.0,-0.8,0.8,0.0,0.0,-0.8,0.0,0.8,0.8,0.8,0.0,0.8,-0.8,0.0,0.0,0.0,0.0,0.8,0.0,1.6,-0.8,0.8,0.0,0.0,0.8,-0.8,0.8,0.0,1.6,0.0,0.0,2.4000000000000004,0.0,0.0,0.0,-0.8,0.0,-2.4000000000000004,0.8,0.8,0.8,0.8,0.0,0.8,0.8,0.0,2.4000000000000004,-2.4000000000000004,0.8,-0.8,0.8,0.0,0.0,0.8,0.0,-0.8,-0.8,-0.8,1.6,-0.8,0.0,0.8,0.0,0.8,-0.8,0.8,0.0,-0.8,0.8,0.0,1.6,-0.8,0.0,0.0,-1.6,0.8,0.8,0.0,0.0,-1.6,1.6,-0.8,0.0,0.0,-2.4000000000000004,1.6,-2.4000000000000004,-0.8,0.0,0.0,1.6,-0.8,0.0,0.8,-0.8,2.4000000000000004,-0.8,0.0,0.8,0.0,0.0,0.0,0.8,0.8,0.0,0.0,0.0,0.0,0.0,-0.8,0.8,-0.8,-0.8,0.8,1.6,0.8,-0.8,-0.8,1.6,0.0,0.0,0.0,1.6,0.0,0.0,0.8,0.0,0.8,0.8,0.8,0.0,0.8,0.8,1.6,0.8,0.8,0.0,-0.8,0.8,0.0,0.8,1.6,0.8,0.0,-1.6,0.8,0.0,0.8,0.8,0.0,0.0,0.8,-0.8,0.0,-0.8,0.8,1.6,0.0,0.8,-0.8,1.6,0.8,-0.8,0.8,0.0,0.8,0.0,0.0,1.6,-0.8,0.8,0.0,0.0,0.0,0.0,1.6,-0.8,0.0,0.8,0.0,0.0,0.8,0.8,0.0,0.8,0.0,-0.8,0.0,1.6,0.8,0.0,0.0,0.0,0.8,1.6,0.0,0.0,0.8,0.8,-0.8,0.0,-0.8,0.0,0.0,0.8,1.6,-0.8,0.0,0.0,0.8,-0.8,-1.6,0.8,-0.8,0.0,-0.8,0.0,1.6,0.0,0.8,0.8,0.0,0.8,-0.8,0.0,0.0,0.8,-0.8,0.0,0.8,1.6,0.0,0.0,0.0,0.0,0.8,-0.8,0.8,0.8,-0.8,0.8,0.0,0.8,-0.8,0.8,0.8,0.8,-0.8,0.8,0.8,0.8,-0.8,0.0,0.0,0.8,1.6,-0.8,1.6,0.8,0.8,0.0,-0.8,0.8,0.8,0.8,0.0,0.0,0.8,0.8,0.0,0.8,0.0,0.0,0.0,1.6,0.8,0.0,0.8,-0.8,0.8,1.6,0.8,0.8,2.4000000000000004,-0.8,0.0,-0.8,0.8,0.0,0.8,1.6,0.8,0.8,0.0,0.8,-0.8,0.0,-0.8,0.0,0.8,0.0,0.8,1.6,0.0,1.6,0.8,-0.8,0.8,0.0,0.8,-0.8,-0.8,0.8,-1.6,0.0,0.0,0.0,0.0,-0.8,1.6,0.0,0.0,0.8,0.0,0.8,0.8,-0.8,2.4000000000000004,0.8,0.0,0.8,1.6,1.6,0.8,0.8,0.0,0.0,0.0,0.0,0.8,0.8,0.0,-0.8,1.6,-0.8,0.0,1.6,0.8,1.6,0.8,0.8,0.0,1.6,0.0,-0.8,0.8,0.8,0.0,2.4000000000000004,0.0,0.0,0.0,-0.8,1.6,0.8,-2.4000000000000004,0.0,4.0,-1.6,-2.4000000000000004,1.6,-0.8,-0.8,-0.8,1.6,0.8,-2.4000000000000004,0.8,0.0,0.0,0.0,-0.8,1.6,-0.8,0.0,0.0,0.8,1.6,-0.8,1.6,0.8,0.0,1.6,-0.8,0.0,1.6,-1.6,0.8,0.0,1.6,0.8,0.8,0.8,0.0,0.0,0.0,0.0,0.8,-1.6,0.8,-0.8,0.0,0.8,-1.6,0.8,0.0,1.6,0.8,0.8,1.6,-0.8,-0.8,0.8,0.8,1.6,0.0,0.8,0.0,0.8,0.0,0.0,0.8,0.0,0.0,0.0,0.0,0.8,0.0,0.8,0.0,0.0,0.0,0.0,0.8,0.0,0.8,0.0,0.8,0.0,-1.6,0.0,0.8,-0.8,1.6,-0.8,0.8,0.0,0.8,0.8,0.8,0.0,-0.8,0.0,-0.8,-1.6,1.6,0.0,0.0,0.8,0.0,0.8,-0.8,0.0,0.8,0.8,0.8,0.0,0.0,0.0,0.8,0.0,0.0,-0.8,-1.6,0.8,0.8,1.6,0.0,0.0,1.6,0.0,0.0,0.0,-0.8,0.8,0.0,-0.8,0.8,0.0,0.8,0.8,0.0,2.4000000000000004,-0.8,0.8,-0.8,0.0,0.0,-1.6,0.8,-0.8,0.0,0.8,0.8,2.4000000000000004,-0.8,0.0,0.8,-0.8,0.8,-0.8,0.8,0.0,0.8,0.0,-0.8,2.4000000000000004,0.8,0.0,1.6,-0.8,0.0,-0.8,-1.6,-0.8,0.0,1.6,0.8,0.0,0.8,-0.8,0.8,0.0,-0.8,0.8,0.0,0.8,0.8,-1.6,0.0,0.0,0.8,0.0,0.0,-0.8,-0.8,0.8,0.8,0.8,0.0,0.0,0.0,0.0,0.8,0.8,1.6,0.0,0.0,-0.8,-0.8,0.0,1.6,0.8,-0.8,0.0,0.0,0.8,0.8,0.0,0.8,0.8,0.0,0.0,-0.8,0.8,0.0,0.0,1.6,0.8,0.0,0.8,-0.8,0.0,0.8,0.8,0.0,0.8,0.8,0.0,1.6,0.0,1.6,0.8,-0.8,0.8,0.0,0.0,0.0,-0.8,0.8,-0.8,0.8,1.6,0.8,0.8,0.8,0.8,0.0,0.8,0.0,1.6,1.6,1.6,0.8,0.8,0.8,2.4000000000000004,0.0,0.0,0.0,0.0,0.8,0.0,0.0,0.0,0.0,1.6,0.8,-0.8,0.0,0.0,0.8,0.0,-0.8,0.8,0.0,1.6,-1.6,0.0,0.0,0.8,0.0,-0.8,0.8,0.0,0.8,0.8,0.8,0.0,0.0,0.0,-0.8,0.0,0.8,0.8,-0.8,0.8,-0.8,-1.6,0.0,0.0,0.0,0.8,-0.8,0.8,-0.8,1.6,0.0,0.0,0.8,-0.8,-0.8,0.8,0.8,0.8,-0.8,0.8,0.0,-0.8,2.4000000000000004,-1.6,0.8,2.4000000000000004,-0.8,0.0,0.8,0.0,-0.8,0.8,0.8,-0.8,0.8,-0.8,-0.8,1.6,-1.6,-0.8,0.0,0.0,0.8,-0.8,0.8,0.0,0.0,0.0,-0.8,1.6,0.0,-0.8,0.8,0.0,3.2,-0.8,0.0,1.6,0.8,0.0,0.8,0.8,0.0,-0.8,0.0,0.0,0.0,0.0,1.6,0.8,-0.8,0.0,-0.8,-1.6,0.8,-0.8,0.8,0.0,1.6,0.8,-0.8,0.8,-0.8,0.0,1.6,0.0,0.8,0.8,0.0,0.0,0.0,0.0,0.8,-0.8,0.0,0.8,0.0,0.0,0.8,-0.8,-0.8,-0.8,0.0,-0.8,-0.8,0.0,0.8,0.8,0.8,0.8,0.0,0.0,0.0,0.0,0.0,1.6,0.8,0.0,0.0,1.6,0.8,0.0,0.0,-0.8,0.0,0.0,-1.6,0.0,0.0,0.8,0.8,0.8,0.8,-0.8,0.0,0.0,0.0,-0.8,-1.6,0.0,-0.8,-0.8,0.8,0.0,2.4000000000000004,0.8,-0.8,0.8,-1.6,0.8,-1.6,0.0,0.8,0.0,0.8,0.0,1.6,1.6,-0.8,1.6,-0.8,1.6,-0.8,-1.6,0.0,-0.8,0.8,0.0,0.0,0.8,-1.6,0.8,0.0,0.0,0.0,0.0,0.8,0.8,-1.6,0.0,-1.6,0.8,-1.6,0.8,-0.8,-1.6,1.6,0.8,0.0,0.8,0.8,2.4000000000000004,-1.6,0.0,0.8,0.8,0.0,-0.8,0.8,-1.6,-0.8,0.8,-0.8,0.8,0.8,0.0,0.0,0.8,0.0,-0.8,0.0,0.0,-0.8,0.0,0.8,0.8,0.0,0.0,0.8,0.0,1.6,-0.8,0.0,0.0,-0.8,0.0,-0.8,0.8,0.8,0.0,0.0,0.0,0.0,0.0,-0.8,0.0,0.0,0.0,-0.8,0.8,0.0,-0.8,0.8,0.8,0.0,-0.8,0.8,0.0,-0.8,0.0,0.0,0.8,0.8,0.0,0.0,0.0,2.4000000000000004,-0.8,0.8,2.4000000000000004,-0.8,1.6,0.0,-1.6,0.8,0.0,0.8,0.0,0.8,-0.8,0.8,0.8,0.0,0.0,0.8,-0.8,1.6,0.0,0.8,0.8,0.0,0.8,-0.8,0.8,0.0,0.8,2.4000000000000004,0.0,0.0,0.0,-0.8,0.8,-1.6,0.8,0.0,-0.8,1.6,-0.8,0.8,0.0,0.0,0.8,-0.8,0.8,0.8,-0.8,0.8,0.0,0.8,1.6,0.0,0.0,0.0,1.6,0.0,0.0,0.8,0.0,2.4000000000000004,0.8,-0.8,0.0,-0.8,0.0,-0.8,0.0,0.8,0.8,0.8,0.8,0.8,0.8,0.0,0.8,0.8,0.0,0.0,0.0,0.0,-0.8,0.0,0.8,0.8,0.8,1.6,0.8,0.8,0.0,-0.8,2.4000000000000004,-0.8,0.8,-0.8,0.0,1.6,0.8,0.0,0.8,0.0,0.0,-1.6,0.8,-1.6,0.0,0.8,0.8,0.0,1.6,0.0,0.0,0.0,0.8,0.0,0.0,0.0,0.0,0.0,-1.6,0.8,0.0,-0.8,0.8,-0.8,0.0,0.8,0.8,0.8,-0.8,0.8,-0.8,0.8,0.0,0.0,0.8,-0.8,0.8,0.0,0.0,0.8,-0.8,0.8,-0.8,0.8,0.0,-0.8,0.8,0.0,0.0,0.8,-0.8,0.0,-0.8,0.8,1.6,-1.6,0.8,0.0,0.8,0.0,-0.8,0.0,0.0,0.0,-0.8,-0.8,1.6,0.8,0.0,1.6,1.6,-3.2,-0.8,2.4000000000000004,-0.8,-2.4000000000000004,0.0,-0.8,-0.8,0.0,0.8,0.0,1.6,0.0,0.8,1.6,-0.8,0.0,-0.8,0.8,0.0,0.8,1.6,0.8,0.8,0.0,0.8,1.6,-0.8,0.8,0.0,0.0,0.8,0.0,0.8,0.8,0.0,0.8,-0.8,0.8,-0.8,0.0,0.8,0.0,1.6,0.0,0.8,0.8,0.0,1.6,0.0,0.0,0.8,-0.8,1.6,0.8,0.0,0.8,0.0,0.8,-0.8,0.8,0.8,0.0,0.0,-0.8,0.8,-0.8,0.0,2.4000000000000004,-0.8,0.8,-0.8,0.8,0.0,0.0,0.8,-0.8,0.0,-0.8,-2.4000000000000004,0.8,0.8,0.8,1.6,0.8,0.8,-0.8,0.8,0.8,-1.6,2.4000000000000004,-0.8,-0.8,1.6,-0.8,0.8,0.0,0.0,0.8,0.8,-0.8,-0.8,1.6,-0.8,0.0,0.0,0.0,0.0,-1.6,0.0,1.6,0.0,0.8,1.6,0.0,0.8,0.0,0.8,0.0,0.0,0.0,0.8,1.6,1.6,0.0,0.8,0.0,0.0,0.0,0.0,-1.6,0.8,0.0,0.8,1.6,0.0,0.0,0.8,0.0,0.0,0.0,0.8,0.0,0.8,-0.8,0.0,0.8,-0.8,1.6,0.8,0.8,-0.8,0.8,1.6,-1.6,-0.8,0.8,0.0,0.0,0.0,1.6,0.8,-0.8,0.0,0.0,0.8,0.0,0.8,0.8,-0.8,0.0,0.0,0.0,0.8,-0.8,1.6,0.0,-0.8,0.0,-0.8,0.8,0.0,0.0,1.6,0.0,0.8,-0.8,0.0,0.8,1.6,0.0,-0.8,0.0,0.8,-0.8,0.8,0.0,1.6,-0.8,-0.8,0.8,0.0,0.8,-0.8,-0.8,0.8,-1.6,0.8,-0.8,0.8,0.0,0.0,0.8,0.0,-0.8,-0.8,0.8,0.8,2.4000000000000004,0.0,0.0,0.8,1.6,0.0,0.8,0.8,1.6,0.8,-0.8,0.0,0.0,0.0,1.6,0.0,0.8,-0.8,0.0,-0.8,0.8,-1.6,0.0,-0.8,0.8,-0.8,0.0,0.0,0.0,0.8,-1.6,0.0,0.8,0.8,0.8,0.0,0.0,1.6,0.8,0.0,0.0,0.8,0.8,-0.8,0.0,0.8,-0.8,0.8,0.0,0.8,0.8,0.8,0.8,0.0,0.8,0.8,-0.8,1.6,-0.8,0.0,0.0,0.8,0.8,-0.8,0.0,1.6,0.8,1.6,-0.8,0.0,0.8,0.0,-0.8,0.0,0.8,-0.8,-0.8,2.4000000000000004,0.0,0.0,-0.8,0.0,2.4000000000000004,-1.6,-0.8,-0.8,0.8,0.8,0.0,1.6,1.6,1.6,0.8,0.8,1.6,0.0,0.0,0.0,0.8,1.6,-0.8,1.6,1.6,0.8,0.8,0.0,0.0,0.8,0.0,-0.8,0.0,0.0,0.0,0.8,0.8,0.0,0.0,0.8,-0.8,0.0,-0.8,0.0,0.0,0.8,-0.8,0.0,0.0,-0.8,0.0,0.8,0.8,0.8,1.6,2.4000000000000004,0.0,0.0,1.6,0.0,-0.8,0.0,0.8,0.0,0.0,-0.8,-0.8,-0.8,-0.8,0.0,0.0,0.8,0.8,0.0,1.6,0.8,0.0,0.0,0.8,0.0,-1.6,0.8,0.0,0.0,0.8,-0.8,0.8,0.0,0.0,0.8,-1.6,0.0,0.0,-0.8,-1.6,0.0,0.8,0.0,0.8,1.6,-0.8,0.0,0.0,0.0,0.0,-0.8,1.6,-1.6,0.0,-0.8,0.0,0.8,-0.8,0.8,0.8,0.8,0.0,-1.6,0.0,-0.8,1.6,0.0,-0.8,2.4000000000000004,0.8,-0.8,0.8,-0.8,0.8,-0.8,0.0,0.0,0.8,0.0,0.0,0.8,0.0,-0.8,-0.8,-0.8,0.0,-0.8,0.8,-0.8,0.8,-0.8,0.0,0.8,0.0,0.8,0.0,0.0,-0.8,0.8,0.8,0.0,0.0,0.8,0.0,0.0,0.0,0.8,1.6,-0.8,0.0,-0.8,-1.6,0.0,0.8,-0.8,-0.8,0.8,0.0,0.0,0.8,0.0,0.0,-0.8,0.0,-1.6,-1.6,0.8,0.0,1.6,0.0,0.0,0.8,0.8,0.0,-1.6,0.0,2.4000000000000004,-0.8,0.0,0.8,-0.8,0.8,0.0,0.8,0.0,-1.6,0.8,0.0,-0.8,0.0,0.0,0.0,0.8,0.0,0.8,1.6,0.0,-0.8,1.6,0.0,-0.8,-0.8,0.0,0.0,0.8,0.8,1.6,0.8,1.6,-1.6,0.8,0.0,0.8,0.0,-1.6,1.6,0.0,-0.8,1.6,0.0,1.6,0.8,0.8,0.8,0.8,0.0,0.8,-0.8,0.8,0.0,0.0,-0.8,0.8,1.6,0.0,1.6,-0.8,0.8,0.8,-0.8,0.0,0.0,-0.8,0.0,-0.8,0.8,0.0,0.8,0.0,0.0,-0.8,-0.8,0.8,-1.6,0.0,0.8,0.0,0.8,0.0,-0.8,0.0,1.6,0.0,-0.8,0.8,0.8,0.8,0.0,0.8,1.6,0.0,1.6,-0.8,-0.8,0.8,0.0,0.8,0.8,0.8,0.8,-0.8,1.6,1.6,0.8,0.0,0.8,0.8,-0.8,0.0,0.0,0.8,1.6,0.0,1.6,1.6,0.0,1.6,0.0,1.6,-0.8,0.0,0.8,0.0,2.4000000000000004,0.0,0.8,0.8,0.8,0.8,0.8,1.6,0.8,0.0,0.8,-1.6,1.6,0.0,1.6,0.0,-0.8,0.8,0.0,0.8,1.6,-0.8,1.6,-0.8,1.6,0.8,-1.6,1.6,0.8,0.8,0.8,-0.8,0.0,0.8,0.0,0.8,0.0,1.6,0.0,-0.8,0.0,0.8,1.6,-0.8,0.0,0.0,-0.8,0.0,0.8,0.8,0.8,0.0,1.6,-0.8,0.8,0.8,0.0,1.6,0.0,-0.8,-0.8,0.8,0.0,0.0,0.8,0.0,0.8,1.6,0.0,-0.8,0.0,0.0,-0.8,0.0,0.8,0.8,-0.8,0.8,1.6,0.8,0.0,0.8,1.6,-1.6,-0.8,0.0,0.0,0.8,0.0,0.0,0.0,0.8,1.6,0.0,0.8,1.6,-0.8,0.0,0.0,2.4000000000000004,0.0,0.0,1.6,0.0,-0.8,0.8,-1.6,0.0,-0.8,0.8,0.0,-0.8,0.8,0.8,0.0,0.8,-0.8,0.8,0.8,0.0,0.0,-0.8,0.0,0.8,0.8,0.0,0.8,0.8,0.0,1.6,0.0,0.0,1.6,0.0,0.0,1.6,0.8,1.6,-1.6,0.0,0.8,0.0,1.6,0.0,0.8,-0.8,-0.8,1.6,0.0,1.6,0.0,0.8,1.6
event_149,1625267071.3717148,-1.6,0.8,-0.8,-1.6,0.0,0.8,0.0,0.0,0.8,1.6,0.8,1.6,-0.8,-0.8,0.8,0.0,0.0,0.0,-0.8,0.0,0.0,0.8,0.0,0.0,0.0,0.0,1.6,-0.8,-0.8,0.0,0.0,0.0,0.0,0.0,0.8,0.0,0.8,0.0,0.0,0.0,-0.8,0.8,0.0,0.8,0.8,-0.8,1.6,1.6,-0.8,0.8,0.0,0.8,0.0,-1.6,0.8,0.0,-0.8,1.6,0.0,0.8,-1.6,0.0,-0.8,1.6,0.8,0.0,0.0,0.8,0.0,0.0,0.0,0.8,1.6,0.0,1.6,1.6,0.0,0.8,1.6,-1.6,-0.8,0.8,-0.8,-0.8,2.4000000000000004,0.0,0.8,0.0,-0.8,0.8,0.8,0.0,-0.8,0.8,1.6,0.0,0.0,0.0,1.6,0.0,0.0,0.0,-6.4,-32.0,-42.4,-24.0,-9.600000000000001,-6.4,-3.2,0.0,-1.6,-3.2,-2.4000000000000004,-1.6,-0.8,-1.6,0.0,0.0,0.0,-0.8,0.0,0.8,0.8,0.0,0.0,0.0,1.6,0.0,-0.8,0.8,0.0,0.0,0.0,1.6,0.8,0.8,0.0,0.0,0.0,0.0,0.8,0.0,2.4000000000000004,0.0,0.0,1.6,0.8,0.8,0.8,0.0,0.0,-0.8,0.0,0.0,0.0,-0.8,0.8,0.8,-0.8,-0.8,0.8,0.0,0.8,-0.8,0.8,0.8,1.6,-0.8,-0.8,0.8,0.0,-0.8,0.0,-0.8,1.6,0.8,0.0,0.0,-0.8,1.6,0.0,0.0,-0.8,0.0,1.6,-0.8,0.8,0.0,-1.6,0.0,-0.8,0.8,-0.8,0.8,0.0,-0.8,2.4000000000000004,0.8,0.0,0.8,-1.6,0.0,-1.6,1.6,0.8,-0.8,0.0,-0.8,0.0,1.6,0.0,0.0,0.0,0.0,-1.6,-0.8,0.8,0.0,0.0,0.0,-0.8,0.0,-1.6,0.0,0.0,0.0,-0.8,-1.6,0.0,-0.8,0.8,0.8,1.6,0.0,0.8,1.6,-0.8,0.0,0.0,0.0,1.6,0.8,1.6,0.8,1.6,1.6,0.0,0.8,0.8,0.8,0.0,0.0,0.0,-0.8,0.8,0.0,0.0,0.0,0.0,0.8,-1.6,0.0,-0.8,0.0,0.0,0.0,0.0,-0.8,0.8,1.6,-0.8,0.0,0.8,-0.8,1.6,0.0,0.0,0.8,-0.8,1.6,-1.6,0.0,0.8,0.8,0.8,-0.8,0.8,-0.8,0.0,0.8,-2.4000000000000004,0.0,0.0,0.8,-0.8,0.8,0.8,-0.8,0.0,-1.6,-1.6,0.8,0.8,0.8,0.0,-0.8,1.6,-0.8,0.8,0.0,-1.6,1.6,-0.8,0.8,0.0,0.8,1.6,-0.8,0.8,0.8,-0.8,1.6,-0.8,0.8,-0.8,-0.8,0.8,-1.6,0.8,0.0,0.0,0.8,-1.6,0.8,0.0,0.8,1.6,-1.6,1.6,0.0,2.4000000000000004,0.8,0.8,0.8,-0.8,0.0,0.0,-0.8,0.8,0.0,0.8,0.0,-0.8,0.0,0.8,0.8,0.0,0.0,0.0,0.0,0.8,0.0,0.0,0.0,0.0,0.0,-1.6,0.8,0.8,0.0,0.8,0.8,-0.8,0.8,0.0,0.0,0.0,0.0,-0.8,0.0,-0.8,0.8,0.8,0.8,1.6,-1.6,-0.8,-1.6,0.0,0.8,-1.6,0.8,0.0,0.0,0.8,0.0,-0.8,0.8,-0.8,0.0,0.8,2.4000000000000004,0.8,0.0,0.0,0.0,0.0,0.0,0.0,0.0,0.8,1.6,-1.6,1.6,0.8,0.0,0.8,-0.8,0.8,0.8,0.0,0.0,-0.8,0.8,-1.6,-0.8,0.8,0.0,1.6,-0.8,1.6,0.0,-0.8,1.6,-0.8,0.8,0.0,0.0,1.6,0.8,1.6,0.0,0.8,1.6,-0.8,0.8,-0.8,0.0,0.0,-0.8,0.0,0.8,0.8,1.6,0.8,0.8,0.0,0.0,-0.8,-0.8,-0.8,0.0,-0.8,0.8,0.0,0.8,0.8,0.0,0.8,0.0,0.8,-0.8,0.0,1.6,-0.8,0.0,0.8,0.0,0.0,0.0,0.8,-0.8,-0.8,1.6,-1.6,-0.8,0.8,0.8,0.8,-0.8,0.0,0.8,0.0,0.0,0.8,0.0,0.8,0.0,0.0,-1.6,0.0,0.0,-0.8,0.8,0.8,0.0,1.6,0.0,-0.8,0.8,0.8,0.0,1.6,0.8,0.0,1.6,0.0,1.6,0.8,-0.8,0.8,0.8,0.0,0.0,-0.8,0.8,-0.8,0.8,1.6,0.8,0.8,0.0,0.0,0.0,1.6,-0.8,1.6,0.0,2.4000000000000004,0.8,0.8,0.8,0.8,0.8,0.0,0.0,0.0,0.0,0.0,-0.8,0.0,0.0,0.0,0.8,0.0,-0.8,-0.8,0.0,0.0,-1.6,0.8,0.0,0.8,-0.8,0.0,-1.6,0.0,0.0,-0.8,0.8,0.0,0.0,0.8,0.8,-0.8,-0.8,0.8,-1.6,-0.8,0.8,0.0,0.0,0.8,0.0,0.0,0.8,0.8,0.0,0.0,0.8,0.8,0.0,0.0,0.0,-0.8,0.0,1.6,-0.8,0.0,0.8,0.8,0.8,0.0,2.4000000000000004,0.8,0.8,0.0,-0.8,1.6,-1.6,0.0,0.0,0.0,0.8,0.0,0.8,0.0,0.0,0.8,-0.8,0.8,-1.6,-0.8,1.6,0.0,0.0,0.0,0.0,2.4000000000000004,0.0,0.8,0.0,1.6,0.8,-0.8,2.4000000000000004,-0.8,2.4000000000000004,0.0,0.0,1.6,-0.8,0.8,0.8,0.0,0.8,-0.8,0.0,0.0,0.0,0.8,0.0,2.4000000000000004,-0.8,0.8,0.0,-0.8,0.8,-0.8,1.6,0.8,0.8,0.0,0.8,0.8,-0.8,-0.8,1.6,0.8,-0.8,0.8,1.6,0.8,-1.6,0.8,2.4000000000000004,0.8,-0.8,1.6,3.2,-1.6,0.0,0.8,-0.8,0.0,-1.6,0.8,0.8,0.0,0.0,-1.6,0.8,1.6,-0.8,0.0,0.0,0.0,0.0,0.8,-1.6,0.8,1.6,0.0,0.8,0.8,0.8,-0.8,0.0,0.0,-0.8,0.8,0.0,0.8,0.0,0.0,0.8,0.0,-0.8,0.8,0.0,0.0,-0.8,0.8,0.0,0.0,0.0,0.0,0.8,0.0,-0.8,0.8,0.0,0.0,-0.8,-0.8,0.8,0.0,-0.8,0.8,0.8,1.6,0.0,0.8,0.8,0.0,0.8,-0.8,0.8,-0.8,0.8,0.8,-0.8,1.6,-0.8,0.0,0.8,-0.8,0.0,0.0,0.0,1.6,-1.6,0.8,0.0,0.8,0.0,0.0,0.8,-0.8,1.6,1.6,0.8,1.6,-0.8,1.6,0.8,-1.6,0.8,0.0,0.0,0.8,0.0,0.0,0.0,1.6,0.0,0.0,1.6,0.0,0.8,0.0,0.8,0.8,0.8,0.0,-1.6,0.8,1.6,1.6,0.8,0.0,1.6,0.8,0.8,-0.8,-0.8,0.8,0.8,0.8,0.8,0.8,0.8,0.0,0.0,1.6,1.6,-0.8,0.8,0.0,-0.8,0.8,-0.8,-0.8,0.0,0.0,0.0,0.8,0.8,0.8,0.8,0.0,0.0,-0.8,0.0,0.0,2.4000000000000004,0.8,0.8,1.6,0.8,0.8,0.8,0.8,0.0,0.8,0.0,0.0,0.8,-1.6,1.6,0.0,0.8,0.8,-0.8,0.8,0.8,-1.6,0.8,0.0,1.6,0.8,0.0,1.6,0.0,0.0,0.0,0.0,0.8,0.8,0.8,0.0,0.0,0.8,-0.8,0.0,-0.8,0.8,0.0,-0.8,1.6,0.0,0.0,0.0,-0.8,0.8,-0.8,0.8,0.8,-0.8,0.8,-0.8,0.0,1.6,0.0,0.0,0.8,0.0,0.0,0.0,0.0,0.0,1.6,1.6,-0.8,0.0,0.8,0.0,0.0,0.0,0.8,1.6,0.0,0.8,0.8,0.8,0.8,0.8,1.6,-0.8,0.0,0.8,0.0,0.8,0.0,0.8,1.6,0.0,0.8,0.0,0.8,0.8,-0.8,1.6,0.0,2.4000000000000004,0.8,0.0,2.4000000000000004,0.0,0.8,0.8,-0.8,0.0,-0.8,0.0,0.0,0.8,0.0,0.0,0.0,0.0,0.0,0.0,-0.8,0.8,0.0,1.6,0.0,0.0,0.0,-1.6,0.8,1.6,-0.8,0.8,0.8,0.0,0.8,0.8,0.0,-0.8,0.0,0.0,0.0,0.8,0.0,0.8,0.0,0.0,1.6,-0.8,0.0,0.8,0.0,0.0,0.0,0.8,0.0,0.8,0.8,-0.8,0.8,0.0,0.0,0.8,0.0,0.8,-0.8,0.8,0.0,0.8,0.8,0.8,-0.8,-0.8,-0.8,0.0,-0.8,0.8,0.0,0.0,0.8,0.8,-0.8,0.8,0.0,0.8,-0.8,0.0,0.0,0.8,0.0,0.0,0.8,0.8,0.8,1.6,0.0,0.8,0.0,0.0,0.8,0.0,1.6,-0.8,0.0,0.0,1.6,0.8,0.8,0.8,1.6,0.8,0.0,0.8,0.8,-0.8,1.6,0.0,2.4000000000000004,-1.6,0.0,0.0,0.0,0.8,-0.8,0.0,0.8,-0.8,0.8,0.0,1.6,0.0,0.8,1.6,0.0,1.6,0.0,0.0,1.6,-0.8,0.8,0.0,-0.8,1.6,-1.6,0.0,-0.8,0.8,0.8,-1.6,0.8,0.0,0.0,0.8,0.0,0.0,0.8,0.8,0.0,-0.8,1.6,-2.4000000000000004,0.8,0.8,-0.8,0.8,0.8,0.8,0.0,0.0,0.8,-1.6,0.8,0.0,0.0,1.6,-0.8,0.0,-0.8,0.0,1.6,0.8,0.0,-0.8,0.8,-0.8,-1.6,0.0,0.0,0.0,-0.8,-1.6,0.8,-0.8,0.8,0.0,0.0,0.8,-1.6,1.6,0.8,0.0,2.4000000000000004,0.0,0.0,1.6,-0.8,0.0,0.8,-0.8,0.0,0.8,-0.8,0.8,0.8,1.6,0.8,0.0,1.6,0.0,0.8,0.0,0.0,1.6,0.0,0.8,0.0,-0.8,0.8,0.8,0.0,0.8,0.0,0.0,0.8,0.0,0.0,0.8,0.8,0.0,-0.8,0.0,0.0,0.8,-0.8,0.8,0.8,-0.8,0.8,-0.8,1.6,0.0,0.0,1.6,-0.8,1.6,-0.8,0.0,1.6,-1.6,0.0,0.0,0.8,0.0,-1.6,0.8,0.8,0.8,1.6,-0.8,1.6,0.8,0.8,0.8,0.0,0.8,0.0,1.6,0.0,1.6,1.6,-0.8,1.6,0.0,0.0,-0.8,-1.6,1.6,-1.6,0.8,0.0,0.0,1.6,0.8,1.6,0.8,-1.6,-0.8,0.8,0.0,2.4000000000000004,0.0,0.8,-0.8,0.8,0.8,1.6,0.0,0.0,0.0,0.0,0.0,0.8,0.0,1.6,0.8,0.0,0.0,0.0,0.0,0.8,0.8,0.0,0.0,0.0,0.0,-0.8,0.0,0.8,0.8,0.0,0.8,0.8,1.6,0.0,0.8,0.0,0.8,0.8,0.0,-0.8,1.6,0.0,0.8,0.0,0.0,-0.8,0.0,0.8,-0.8,0.8,0.0,0.8,0.0,0.0,0.8,-0.8,1.6,-0.8,-1.6,0.0,0.0,0.8,-0.8,0.8,1.6,0.0,1.6,-0.8,0.0,1.6,0.8,0.8,-0.8,0.8,0.8,-0.8,1.6,0.0,0.8,0.0,-0.8,0.8,-0.8,-0.8,0.0,0.0,0.0,-0.8,0.8,0.8,0.0,1.6,0.8,0.0,0.0,-0.8,0.0,0.0,1.6,-0.8,0.8,0.0,-0.8,0.0,0.0,0.0,1.6,0.0,0.8,0.0,0.0,0.0,0.8,1.6,0.8,0.0,0.8,0.0,0.0,0.0,-0.8,0.0,0.8,-0.8,0.0,0.8,0.0,0.0,0.8,0.8,-0.8,0.8,0.8,-0.8,1.6,0.0,0.0,-0.8,-0.8,0.0,0.0,0.0,0.0,-0.8,-0.8,-1.6,0.8,0.0,-0.8,1.6,-0.8,0.0,0.8,-0.8,0.0,0.0,0.8,0.0,0.8,1.6,-0.8,0.8,0.0,1.6,0.8,-0.8,0.8,-1.6,0.8,0.8,-0.8,0.0,0.0,0.8,0.8,0.0,2.4000000000000004,-0.8,0.0,-0.8,-0.8,0.0,0.0,1.6,0.0,0.8,0.8,-0.8,0.8,-0.8,0.8,1.6,-1.6,0.8,-0.8,0.0,0.0,1.6,0.0,-0.8,1.6,1.6,-0.8,0.8,0.0,0.0,-0.8,-0.8,0.0,1.6,0.0,0.8,-0.8,1.6,0.0,0.0,0.0,1.6,0.0,0.8,0.0,0.0,0.0,0.0,-0.8,0.0,0.0,0.0,-0.8,0.0,0.8,0.0,0.0,0.8,-0.8,0.8,-0.8,0.0,1.6,1.6,-0.8,-0.8,-0.8,-0.8,0.8,0.8,0.8,0.0,0.0,0.8,-1.6,1.6,0.8,0.0,0.8,0.0,0.0,-0.8,0.8,0.8,0.0,0.8,0.0,0.8,1.6,-0.8,-0.8,-0.8,0.8,-1.6,0.0,0.8,0.0,0.8,0.0,0.0,0.8,-1.6,0.8,0.0,0.0,0.8,-1.6,1.6,0.0,-0.8,0.8,0.8,0.8,-0.8,0.8,0.0,-0.8,0.0,-0.8,0.0,0.8,0.0,2.4000000000000004,0.0,1.6,-0.8,0.8,0.8,-0.8,0.0,-1.6,0.0,0.8,0.8,1.6,0.0,2.4000000000000004,-0.8,0.0,1.6,1.6,-0.8,0.0,-0.8,1.6,-0.8,-0.8,0.0,0.0,0.0,0.0,0.8,-0.8,0.0,0.8,0.0,-0.8,0.0,-0.8,0.8,-0.8,0.8,1.6,0.0,0.0,0.0,-0.8,-0.8,0.0,-0.8,0.0,0.8,0.8,0.0,0.8,-0.8,0.8,1.6,0.0,-0.8,0.0,0.0,0.0,-0.8,0.8,1.6,0.0,1.6,0.0,-0.8,1.6,0.0,0.0,0.0,0.8,0.8,0.0,1.6,1.6,0.0,-0.8,-0.8,0.0,-0.8,0.0,0.0,0.0,0.0,-0.8,0.0,1.6,-0.8,0.8,0.0,1.6,0.8,0.0,0.0,-0.8,0.8,0.0,0.8,2.4000000000000004,0.0,0.0,0.0,0.8,0.8,-2.4000000000000004,0.8,-0.8,-0.8,0.0,1.6,1.6,-0.8,-0.8,0.0,0.0,0.8,-0.8,0.8,0.8,0.8,0.8,-0.8,0.0,0.8,-1.6,0.8,0.0,0.0,0.8,0.8,0.0,0.0,1.6,0.0,-0.8,0.0,0.8,1.6,-1.6,0.0,0.0,-0.8,0.8,0.0,-0.8,0.8,-0.8,0.0,0.0,0.8,0.8,-0.8,1.6,0.0,0.0,0.0,1.6,0.0,0.0,0.8,1.6,0.8,0.0,-0.8,0.0,0.8,0.8,-0.8,0.0,1.6,-0.8,0.0,0.8,0.8,-1.6,0.0,0.0,0.8,0.0,0.0,1.6,0.8,0.0,0.0,0.0,0.8,-0.8,0.8,0.0,-0.8,1.6,-0.8,0.8,0.8,0.8,0.8,0.0,1.6,0.8,-1.6,0.8,0.0,0.0,0.0,-0.8,0.8,-0.8,0.0,0.8,0.0,0.8,-1.6,0.0,0.0,0.0,0.8,-0.8,0.0,0.8,0.0,-0.8,0.0,0.8,-0.8,0.0,0.0,-1.6,1.6,0.0,-0.8,0.0,0.0,0.0,-0.8,-0.8,0.0,0.8,0.8,0.0,0.0,-0.8,0.0,1.6,0.0,0.0,0.0,0.0,0.0,0.8,0.0,0.0,0.0,-1.6,-0.8,0.0,1.6,0.8,0.0,0.8,0.8,0.0,0.8,-1.6,-0.8,0.8,0.0,-0.8,0.0,0.0,-0.8,0.8,0.0,0.0,0.8,-0.8,0.8,0.0,-0.8,0.0,-1.6,0.8,-0.8,-1.6,0.8,0.0,0.0,-0.8,0.8,0.8,-0.8,0.0,0.0,0.8,1.6,0.8,0.0,0.0,0.8,0.0,-0.8,0.8,0.8,0.0,-0.8,0.0,0.8,-2.4000000000000004,0.8,0.8,0.0,-1.6,-1.6,0.0,0.0,-0.8,1.6,-0.8,0.8,0.0,0.8,0.0,0.8,1.6,-0.8,0.8,-1.6,0.8,1.6,-0.8,0.0,0.0,0.0,-0.8,1.6,2.4000000000000004,-3.2,-1.6,2.4000000000000004,-2.4000000000000004,-1.6,2.4000000000000004,0.0,-0.8,0.0,2.4000000000000004,0.0,-1.6,0.8,0.8,0.0,-0.8,0.0,0.0,0.0,1.6,-0.8,0.8,0.8,0.0,0.8,0.0,0.0,-0.8,-0.8,0.0,0.0,0.8,0.0,0.8,0.0,0.0,0.8,0.0,0.8,0.0,0.8,0.0,0.0,-0.8,0.0,0.0,0.8,-0.8,1.6,-0.8,0.0,0.0,0.0,0.0,-0.8,0.8,-0.8,0.8,0.8,0.0,1.6,0.0,0.0,0.8,-0.8,0.0,-1.6,0.0,0.0,-0.8,1.6,0.0,1.6,-0.8,-0.8,0.0,-0.8,2.4000000000000004,-1.6,0.0,0.0,0.0,2.4000000000000004,-1.6,0.0,1.6,0.0,-0.8,0.0,0.8,0.0,0.0,0.8,0.0,2.4000000000000004,-0.8,-1.6,1.6,-0.8,-0.8,0.0,0.8,0.8,-2.4000000000000004,0.8,1.6,0.0,-0.8,0.0,2.4000000000000004,-1.6,0.8,0.0,0.0,1.6,-2.4000000000000004,-0.8,1.6,1.6,1.6,-0.8,0.0,0.8,0.0,1.6,0.0,0.8,0.8,0.8,0.0,0.0,0.8,0.8,0.8,1.6,0.8,0.8,-0.8,0.8,1.6,0.0,0.0,-0.8,0.0,1.6,0.0,0.0,1.6,0.0,0.0,0.8,0.0,0.8,0.0,1.6,0.0,1.6,1.6,0.8,1.6,1.6,-0.8,0.8,0.0,0.0,0.8,0.0,0.0,0.8,0.0,1.6,0.8,0.8,-1.6,0.0,0.0,0.8,-0.8,0.0,0.0,0.8,-0.8,0.0,0.8,0.8,0.8,0.0,0.8,-0.8,1.6,0.0,0.8,1.6,-0.8,0.0,-1.6,-0.8,0.8,0.0,0.0,0.0,0.8,-0.8,-0.8,0.8,0.0,0.8,0.8,0.0,1.6,1.6,0.0,0.0,0.8,0.8,-1.6,0.0,0.8,0.0,0.8,0.0,1.6,1.6,0.8,-1.6,0.0,2.4000000000000004,-0.8,0.0,1.6,1.6,1.6,0.0,0.8,1.6,0.0,1.6,0.0,0.0,0.0,0.0,0.0,0.8,0.8,0.8,0.0,0.8,0.0,0.0,0.8,0.8,0.8,-1.6,0.8,1.6,1.6,0.0,1.6,1.6,0.8,0.8,0.8,0.0,0.8,0.0,0.0,0.0,0.0,-0.8,0.8,0.8,0.8,-0.8,0.0,0.0,0.8,-0.8,0.8,-0.8,0.8,0.0,-0.8,0.8,0.0,1.6,-0.8,0.0,0.0,1.6,0.8,-1.6,-0.8,0.0,-0.8,0.0,-2.4000000000000004,0.8,0.8,-1.6,0.8,-0.8,0.0,-0.8,0.0,0.0,-1.6,1.6,0.8,0.8,1.6,-0.8,0.8,0.0,-0.8,-0.8,-0.8,2.4000000000000004,0.0,0.0,0.8,-1.6,0.8,-0.8,-0.8,0.8,-0.8,0.0,0.8,-0.8,-0.8,2.4000000000000004,0.8,-0.8,2.4000000000000004,0.0,-1.6,2.4000000000000004,0.0,0.8,-0.8,-0.8,-0.8,0.8,1.6,-0.8,1.6,0.8,0.8,1.6,0.8,0.0,-0.8,-0.8,0.8,1.6,0.0,0.0,0.8,0.8,-0.8,0.8,0.8,0.8,0.8,0.8,0.8,0.8,0.0,1.6,0.8,0.8,0.0,0.0,-0.8,0.8,0.0,0.8,-0.8,0.0,0.0,-0.8,0.0,1.6,0.0,0.8,0.0,0.8,0.8,0.8,0.8,-0.8,0.8,0.0,-0.8,1.6,0.0,0.8,0.0,0.0,0.8,-1.6,0.8,0.8,0.8,0.0,-0.8,0.8,-0.8,1.6,1.6,-0.8,0.8,0.0,-1.6,1.6,1.6,0.8,-0.8,0.0,0.8,0.0,0.8,0.0,-0.8,0.0,0.0,1.6,0.0,0.0,0.0,-0.8,0.8,-0.8,0.8,0.8,0.8,1.6,-0.8,0.8,-0.8,0.8,0.8,-0.8,0.8,0.0,1.6,0.8,0.0,1.6,0.0,0.0,0.8,0.0,1.6,-0.8,0.8,0.0,0.8,0.0,-0.8,0.0,0.0,0.0,0.0,-0.8,0.0,-0.8,1.6,0.8,0.8,0.8,0.8,0.8,0.8,-0.8,0.8,0.8,0.8,0.8,-1.6,0.8,-0.8,0.0,0.0,0.0,-0.8,0.8,0.8,-0.8,0.0,0.8,0.8,0.0,-0.8,0.8,0.0,0.0,0.0,0.0,-0.8,0.0,0.8,-0.8,-0.8,0.0,-0.8,0.0,0.8,-0.8,0.0,0.0,0.8,-1.6,-0.8,0.0,-0.8,1.6,-0.8,0.8,-0.8,0.0,0.0,-0.8,1.6,-0.8,-1.6,1.6,0.0,0.8,0.0,-0.8,0.8,0.0,0.0,0.0,0.8,0.0,-0.8,0.0,-0.8,0.8,0.8,-0.8,1.6,0.0,0.0,0.8,0.0,1.6,-0.8,0.0,0.0,0.8,0.8,0.0,0.8,1.6,-0.8,0.8,-0.8,0.8,-0.8,-1.6,0.0,-0.8,-0.8,1.6,0.0,0.0,-0.8,0.8,-0.8,0.8,0.0,-0.8,0.0,0.0,0.0,0.0,-0.8,0.8,0.0,0.8,0.8,-1.6,1.6,0.0,0.8,0.8,0.0,0.8,-0.8,-0.8,0.8,0.8,0.8,0.8,0.0,-0.8,0.0,-0.8,-0.8,-0.8,0.8,0.8,0.0,0.8,0.0,0.8,0.8,0.0,0.0,-1.6,1.6,0.8,-0.8,0.8,0.0,-0.8,0.8,0.8,0.0,0.8,1.6,-0.8,0.0,1.6,0.0,0.0,-0.8,0.0,0.0,1.6
event_150,1625267073.5578396,0.8,1.6,0.8,1.6,1.6,0.0,0.8,-0.8,1.6,0.0,-0.8,0.8,-0.8,0.8,2.4000000000000004,0.0,1.6,0.0,0.8,-0.8,0.0,0.0,-0.8,-0.8,0.8,0.0,0.0,-1.6,0.8,0.0,0.8,0.8,-1.6,2.4000000000000004,1.6,0.0,0.8,0.8,0.0,-1.6,1.6,0.0,-0.8,1.6,0.0,-0.8,-1.6,-0.8,0.0,-0.8,0.8,0.8,0.8,0.0,0.0,0.0,-0.8,0.8,0.0,-0.8,0.0,0.0,-0.8,0.0,-1.6,0.8,0.0,1.6,-0.8,-1.6,0.8,-0.8,0.0,-0.8,0.0,0.8,-0.8,0.0,0.8,-0.8,-0.8,0.0,0.8,-0.8,0.0,0.0,0.0,0.8,0.0,0.0,1.6,0.8,0.8,0.8,0.0,-0.8,0.0,0.8,0.0,1.6,0.0,-3.2,-17.6,-26.4,-16.8,-4.800000000000001,-2.4000000000000004,-1.6,-0.8,-3.2,-2.4000000000000004,-1.6,-0.8,-0.8,-0.8,0.8,0.0,0.0,0.0,0.8,0.0,2.4000000000000004,0.0,0.0,-1.6,0.0,0.8,-0.8,0.0,0.0,0.8,0.0,0.8,1.6,-0.8,0.8,0.0,0.0,0.0,-0.8,0.8,0.0,-0.8,0.0,-0.8,0.0,0.0,0.8,0.8,-0.8,1.6,0.0,-0.8,0.8,0.0,0.8,0.0,0.0,0.0,-1.6,2.4000000000000004,0.0,0.0,0.0,0.0,1.6,0.8,0.0,-0.8,0.0,1.6,-2.4000000000000004,0.8,0.0,-0.8,0.8,0.0,1.6,0.0,-0.8,1.6,0.0,0.8,0.0,1.6,0.8,0.0,1.6,0.0,1.6,0.8,0.0,1.6,0.8,0.8,-0.8,0.0,0.8,0.0,0.8,0.8,0.0,2.4000000000000004,-0.8,1.6,0.0,1.6,0.8,-0.8,0.8,-0.8,0.0,1.6,0.0,1.6,-0.8,0.8,0.0,0.8,0.8,0.8,0.0,0.8,0.0,-0.8,0.8,0.8,0.0,0.8,0.0,0.0,1.6,0.8,1.6,0.0,0.8,0.8,0.0,0.0,0.8,1.6,-0.8,0.0,0.0,-0.8,0.8,0.0,0.0,0.0,0.0,0.8,-0.8,0.8,0.0,-0.8,0.8,-1.6,-0.8,0.0,0.0,0.8,-1.6,0.0,0.0,0.0,1.6,-0.8,0.8,0.8,0.0,0.0,0.0,1.6,0.0,0.0,0.8,0.8,0.8,-0.8,1.6,0.0,-0.8,0.8,-1.6,1.6,0.0,-1.6,0.8,0.8,-0.8,0.8,0.8,1.6,0.0,0.0,0.0,0.0,0.8,-0.8,0.8,0.8,0.0,0.0,1.6,0.0,0.0,0.0,0.0,-0.8,0.0,0.0,0.8,0.0,0.0,-0.8,-0.8,0.0,1.6,-0.8,0.8,-0.8,0.8,0.8,-0.8,0.0,1.6,0.0,0.0,0.8,-0.8,1.6,0.0,1.6,0.0,0.0,0.0,-0.8,0.0,1.6,0.8,-0.8,-0.8,0.0,-0.8,0.0,0.0,0.0,0.8,0.0,0.0,0.0,0.0,0.8,0.8,0.8,0.0,0.0,-0.8,1.6,0.8,0.0,1.6,2.4000000000000004,-2.4000000000000004,0.8,2.4000000000000004,-1.6,-0.8,1.6,0.8,-1.6,0.0,1.6,0.0,0.0,0.8,0.8,0.8,0.0,1.6,0.8,0.8,0.0,0.0,1.6,1.6,0.8,0.8,0.0,2.4000000000000004,0.0,0.8,1.6,-0.8,0.8,0.0,2.4000000000000004,1.6,0.0,0.8,1.6,0.0,0.8,0.0,0.0,0.0,0.8,0.8,-0.8,0.0,1.6,0.8,0.0,-0.8,1.6,0.0,0.8,0.0,0.0,0.8,0.8,0.8,-0.8,0.8,-0.8,0.0,0.8,-0.8,0.0,1.6,0.0,0.0,0.8,0.8,1.6,0.0,0.8,0.8,1.6,0.8,1.6,0.0,-1.6,0.8,0.8,1.6,0.8,1.6,1.6,0.8,0.8,0.0,1.6,-0.8,-0.8,-0.8,-1.6,2.4000000000000004,-0.8,0.0,0.8,0.0,0.8,0.8,0.8,0.0,0.0,0.8,-0.8,0.8,0.0,0.0,0.8,-1.6,1.6,0.8,0.0,1.6,0.0,0.0,0.0,0.8,0.0,-0.8,0.0,-0.8,0.8,0.0,-0.8,0.8,0.8,0.8,-0.8,-0.8,1.6,0.0,0.0,-0.8,-0.8,2.4000000000000004,0.0,1.6,0.0,0.8,0.8,-0.8,0.8,0.0,-0.8,0.8,0.0,0.8,-0.8,0.0,0.0,0.8,0.0,-0.8,0.8,0.8,-0.8,0.8,0.8,0.8,0.8,-0.8,0.8,-1.6,1.6,0.8,-0.8,0.0,0.0,1.6,0.0,-0.8,1.6,-0.8,0.0,0.0,-0.8,0.0,-0.8,-0.8,0.0,-0.8,0.0,0.0,0.0,0.8,0.8,0.0,0.0,-0.8,-1.6,0.0,1.6,-0.8,0.0,0.8,1.6,0.0,0.0,0.0,-1.6,0.0,-0.8,-0.8,0.0,0.8,0.8,0.0,0.0,0.8,0.8,0.8,0.0,0.8,-0.8,0.0,0.0,0.8,0.0,1.6,0.8,0.8,0.0,0.0,0.0,0.8,0.8,-0.8,1.6,-0.8,2.4000000000000004,-0.8,0.8,0.8,0.8,1.6,1.6,0.8,0.8,-0.8,0.0,-0.8,0.8,0.0,0.0,1.6,-0.8,0.0,-0.8,0.0,1.6,-1.6,1.6,-1.6,1.6,0.8,-1.6,0.8,0.0,0.0,0.8,-0.8,0.8,0.8,0.0,0.8,-0.8,0.8,-1.6,0.8,0.0,0.0,0.8,-1.6,0.8,0.8,-0.8,0.0,0.0,0.8,0.0,0.8,2.4000000000000004,-0.8,1.6,0.0,0.0,1.6,-1.6,-0.8,-0.8,2.4000000000000004,0.0,-1.6,0.8,0.0,0.8,0.8,-0.8,0.8,0.8,0.8,0.0,0.8,0.8,0.0,0.8,0.0,1.6,0.8,-0.8,0.8,0.8,0.0,0.0,0.0,-0.8,1.6,-0.8,-0.8,1.6,0.8,1.6,0.8,-0.8,0.0,0.8,0.8,-1.6,3.2,0.0,-1.6,2.4000000000000004,0.8,-0.8,0.8,-0.8,1.6,-0.8,-0.8,-0.8,0.0,0.0,0.0,0.0,0.0,-0.8,1.6,0.0,0.8,0.8,0.8,1.6,0.8,0.8,0.0,0.8,0.8,0.0,0.0,-0.8,-0.8,1.6,0.0,0.8,0.0,0.0,-0.8,-0.8,0.8,0.0,0.8,0.0,0.8,0.0,-1.6,0.8,0.0,0.8,0.0,-0.8,1.6,0.0,0.8,0.8,0.0,1.6,0.0,-1.6,0.0,1.6,0.8,0.0,0.0,0.8,0.0,0.0,-1.6,0.0,0.8,-0.8,0.0,0.8,0.8,0.8,0.0,0.0,0.8,0.8,0.8,0.8,0.8,-0.8,-0.8,0.8,0.8,-0.8,0.0,0.0,0.8,0.0,0.0,0.8,0.8,0.0,-1.6,0.0,1.6,0.8,0.8,1.6,0.0,0.8,0.8,0.8,0.0,0.8,-0.8,-0.8,0.0,-0.8,0.8,1.6,-0.8,0.8,-1.6,0.0,0.8,0.0,0.0,0.0,0.0,0.0,-0.8,0.0,-0.8,0.0,0.0,-1.6,0.8,-0.8,1.6,0.8,-1.6,0.0,0.0,0.0,-0.8,-1.6,1.6,0.0,-0.8,0.0,-0.8,0.8,0.0,0.8,-0.8,-0.8,2.4000000000000004,-0.8,0.0,0.8,0.0,0.8,0.0,1.6,-1.6,0.0,0.8,-0.8,0.0,-0.8,1.6,0.8,0.0,0.8,-1.6,0.8,0.0,-1.6,0.8,-0.8,0.8,0.0,0.0,0.8,-0.8,-0.8,0.0,0.0,0.0,0.0,1.6,-0.8,0.0,0.8,0.8,0.8,0.8,1.6,0.8,-0.8,0.8,-1.6,0.0,0.8,0.8,0.8,0.0,0.8,0.8,0.0,0.8,0.8,0.8,0.0,0.0,0.0,0.8,-0.8,1.6,0.0,-0.8,0.0,0.0,-0.8,1.6,-0.8,1.6,-0.8,1.6,1.6,-0.8,0.8,0.0,0.0,0.0,-0.8,0.8,0.0,0.8,-0.8,-0.8,0.8,-0.8,0.0,-0.8,0.0,0.8,-1.6,0.8,0.0,-1.6,0.8,-0.8,0.8,-0.8,0.0,0.8,-0.8,0.8,0.0,-0.8,-0.8,-1.6,0.0,0.0,0.8,0.8,-0.8,0.8,0.0,1.6,0.8,-0.8,-0.8,0.0,0.0,0.0,-0.8,0.8,-0.8,0.8,0.0,0.0,0.0,-0.8,0.8,0.8,-0.8,-0.8,0.0,0.8,-0.8,0.0,0.8,0.0,0.8,0.0,0.8,0.0,-0.8,0.0,0.0,0.8,1.6,0.0,1.6,0.0,0.0,-0.8,-0.8,0.0,0.8,0.8,0.0,0.0,0.0,-0.8,0.0,0.0,0.0,-0.8,-0.8,0.0,0.0,-1.6,0.0,-0.8,0.8,0.0,-0.8,0.0,-0.8,0.8,0.0,0.0,0.0,1.6,0.0,-0.8,0.8,0.8,-0.8,0.0,-0.8,0.8,0.0,0.0,-0.8,0.0,-0.8,-0.8,0.0,-0.8,0.8,-0.8,0.0,0.0,0.0,0.8,-1.6,0.8,0.0,-0.8,0.8,0.8,-0.8,0.8,0.0,1.6,0.0,1.6,0.8,0.0,0.8,-0.8,0.0,0.0,0.8,0.8,-0.8,0.0,0.0,0.8,0.0,-0.8,1.6,-1.6,0.8,0.0,-0.8,1.6,-0.8,0.8,1.6,0.8,0.0,0.8,0.0,0.8,-1.6,0.8,0.8,1.6,0.0,0.0,0.0,1.6,2.4000000000000004,-1.6,-1.6,3.2,-0.8,-1.6,0.8,0.8,-0.8,0.8,0.8,0.8,0.8,0.0,0.0,0.8,-0.8,0.0,0.8,0.0,0.0,0.0,0.0,1.6,-0.8,-0.8,0.8,0.8,0.0,0.0,0.0,0.0,-0.8,0.0,0.0,-0.8,0.0,0.8,0.0,0.0,-0.8,-0.8,0.0,0.0,0.0,0.0,-0.8,0.0,0.0,0.0,-0.8,0.8,0.8,0.8,-0.8,0.8,1.6,0.0,0.8,0.0,0.8,0.0,0.0,0.8,-0.8,0.8,0.8,0.0,0.8,0.0,0.8,-0.8,0.0,0.8,-1.6,1.6,0.0,0.8,0.0,-0.8,0.8,-0.8,0.0,-0.8,-0.8,2.4000000000000004,0.0,0.0,0.8,-1.6,0.0,0.0,0.0,0.0,0.8,0.8,-0.8,0.8,0.8,0.0,0.8,-0.8,0.8,0.8,-1.6,0.0,0.0,0.8,1.6,0.0,0.8,0.0,0.8,0.0,0.8,-0.8,0.0,0.0,0.0,-0.8,0.0,0.8,0.8,-0.8,0.8,0.8,-0.8,2.4000000000000004,0.0,0.0,0.0,0.0,-0.8,0.0,-1.6,0.0,-0.8,-1.6,0.0,-1.6,0.0,-1.6,0.0,0.8,0.0,0.0,0.0,0.0,1.6,-0.8,0.0,0.8,-0.8,-0.8,0.0,0.8,0.8,0.0,0.0,0.8,1.6,1.6,0.0,0.0,0.0,-0.8,-0.8,-0.8,0.8,0.8,1.6,0.8,0.0,0.8,-0.8,1.6,0.8,-0.8,0.8,-0.8,0.0,-0.8,-0.8,1.6,0.0,0.8,-0.8,0.0,1.6,-0.8,0.8,-0.8,0.8,1.6,-0.8,0.8,0.0,0.0,-0.8,0.0,0.8,0.8,0.8,0.0,0.0,0.8,-1.6,1.6,0.8,0.8,0.0,0.0,0.0,0.0,-0.8,0.8,0.0,1.6,-1.6,0.0,0.8,0.0,1.6,-0.8,0.0,0.0,0.8,0.8,-0.8,0.0,0.0,-0.8,0.8,-0.8,0.8,0.0,-0.8,0.0,-0.8,0.0,-0.8,0.0,0.0,0.0,0.0,0.0,-0.8,0.8,0.0,0.0,0.8,-0.8,-0.8,0.0,1.6,0.8,0.0,0.8,0.0,0.8,0.8,-0.8,-0.8,1.6,0.0,0.0,0.8,0.8,0.8,0.8,-0.8,0.8,0.8,0.0,0.0,0.0,0.0,0.0,0.0,0.0,0.0,0.8,0.0,0.8,-0.8,0.8,0.0,0.8,0.0,-0.8,1.6,-1.6,1.6,0.8,0.0,0.8,0.8,0.0,-0.8,0.0,1.6,-0.8,1.6,0.0,0.8,1.6,0.8,0.8,0.8,0.0,0.8,-2.4000000000000004,0.8,-0.8,0.8,0.8,0.0,0.0,-0.8,0.0,0.0,0.0,0.8,0.0,0.8,0.8,0.0,0.8,0.0,0.8,0.0,-0.8,0.8,0.0,0.8,-0.8,-0.8,0.8,-0.8,0.8,0.0,0.0,0.0,0.0,0.8,-0.8,0.0,0.0,0.0,1.6,-0.8,-0.8,-0.8,0.0,0.0,-0.8,0.0,0.8,0.8,2.4000000000000004,-0.8,-0.8,0.8,0.8,0.0,-0.8,0.8,0.0,-0.8,0.8,0.0,0.8,0.0,0.0,1.6,-0.8,0.0,0.0,0.8,0.0,0.8,0.0,0.8,0.8,0.8,0.8,0.0,0.8,-0.8,0.8,0.8,0.8,0.0,-0.8,0.0,1.6,0.0,1.6,0.0,1.6,0.0,-0.8,0.8,0.0,0.0,0.0,0.0,2.4000000000000004,-1.6,1.6,-0.8,0.0,0.0,-0.8,0.8,0.0,-0.8,0.8,-0.8,0.8,1.6,0.0,0.8,-0.8,1.6,0.0,0.0,2.4000000000000004,0.0,0.8,-0.8,0.0,0.0,0.0,0.8,-0.8,0.0,-0.8,0.0,0.0,-1.6,0.0,0.0,-0.8,0.8,0.0,0.0,0.8,0.0,0.0,-0.8,0.0,0.8,-0.8,-0.8,0.0,1.6,0.8,0.8,0.8,0.0,0.0,0.0,-0.8,0.0,-0.8,-0.8,0.0,0.0,0.8,-0.8,0.0,0.0,0.8,-0.8,0.0,0.8,0.0,0.0,-0.8,0.8,0.8,0.8,0.8,0.8,0.0,0.0,0.0,0.8,0.8,1.6,-0.8,0.8,0.0,0.0,0.0,0.8,0.8,1.6,0.8,-0.8,0.0,0.8,-0.8,1.6,0.0,0.0,-0.8,-1.6,-0.8,0.0,-1.6,0.8,0.0,0.8,-1.6,-0.8,0.0,0.0,1.6,0.0,0.8,0.8,0.8,1.6,-0.8,0.0,0.0,0.0,0.8,0.0,0.8,0.8,-1.6,1.6,0.0,0.0,-0.8,-0.8,0.8,-0.8,0.8,0.0,0.0,1.6,0.0,0.0,1.6,-0.8,0.0,-0.8,0.8,0.0,0.0,0.0,0.0,0.8,0.8,0.0,0.0,-0.8,0.0,-0.8,0.0,0.0,-0.8,0.8,-0.8,0.0,-0.8,-1.6,0.0,-0.8,-0.8,-0.8,-0.8,-0.8,-0.8,0.8,0.0,0.8,0.8,0.0,1.6,0.0,0.0,-0.8,-0.8,1.6,0.8,0.0,-0.8,0.0,0.8,-0.8,0.8,0.0,0.0,0.0,-0.8,0.0,-1.6,0.0,0.8,-0.8,0.0,-1.6,1.6,0.0,0.8,0.0,0.8,0.8,0.8,0.0,0.0,-0.8,0.8,-0.8,0.0,0.0,0.0,1.6,-0.8,0.0,-0.8,0.8,0.0,-1.6,0.0,0.0,0.8,-0.8,-1.6,0.8,-1.6,0.0,0.0,-0.8,1.6,-0.8,1.6,-0.8,-0.8,0.8,-0.8,0.8,-1.6,-0.8,-0.8,-0.8,1.6,-0.8,0.0,0.0,0.0,0.8,-0.8,0.8,0.8,-1.6,1.6,-0.8,0.0,0.8,0.0,0.8,-0.8,0.8,-0.8,0.0,0.0,-2.4000000000000004,0.8,-1.6,0.0,0.0,0.0,0.8,1.6,0.8,0.0,0.8,0.8,-1.6,0.0,0.8,0.0,2.4000000000000004,0.0,-0.8,0.8,0.8,-0.8,0.0,-0.8,0.8,0.0,-0.8,-0.8,0.0,-0.8,0.8,1.6,-0.8,-0.8,1.6,-0.8,0.8,-0.8,-0.8,1.6,0.0,-0.8,-0.8,0.0,0.8,0.8,0.8,0.0,-0.8,0.8,0.0,-0.8,0.0,0.8,-0.8,-0.8,0.0,0.8,0.0,0.0,0.0,-0.8,0.0,-0.8,1.6,0.0,-0.8,0.0,0.0,-0.8,0.0,0.0,-0.8,0.8,0.0,-0.8,0.8,1.6,0.8,0.0,-0.8,1.6,0.0,0.0,0.0,-0.8,1.6,0.0,0.0,0.8,0.0,1.6,0.8,-0.8,0.8,-1.6,0.8,-0.8,0.0,0.0,-1.6,0.0,0.8,0.8,0.0,-0.8,1.6,0.0,0.8,0.8,0.0,0.0,0.0,0.8,0.0,0.8,0.0,0.0,1.6,0.8,0.8,0.8,-0.8,0.8,0.0,0.0,-0.8,0.8,0.8,0.8,0.0,1.6,-0.8,0.0,-0.8,0.0,0.0,0.0,0.8,1.6,-3.2,0.8,2.4000000000000004,-1.6,-0.8,2.4000000000000004,-0.8,-1.6,0.8,1.6,-0.8,0.0,0.0,0.0,0.0,0.0,0.0,1.6,-0.8,0.8,-1.6,0.0,0.0,-0.8,0.8,-0.8,0.8,0.0,0.0,0.8,0.0,-0.8,0.8,0.0,-0.8,-0.8,0.8,0.0,0.8,0.0,1.6,0.8,0.0,0.0,-0.8,1.6,0.8,-0.8,0.8,0.0,0.0,1.6,-0.8,1.6,0.0,0.0,1.6,-1.6,1.6,-0.8,-0.8,0.8,-1.6,0.8,-0.8,0.8,0.0,0.0,1.6,0.8,1.6,0.0,0.0,0.8,0.8,0.8,0.0,0.8,1.6,0.0,0.8,0.8,-0.8,1.6,-0.8,0.0,0.0,0.8,1.6,-0.8,0.8,-1.6,-0.8,0.8,-0.8,-0.8,1.6,0.8,2.4000000000000004,-0.8,0.0,0.0,0.8,0.0,0.0,1.6,0.0,0.0,0.8,0.0,0.0,0.0,0.0,0.0,0.0,0.8,0.8,0.0,0.0,0.8,0.0,0.0,0.8,-0.8,-0.8,0.0,0.8,0.0,0.0,-0.8,0.0,0.0,-0.8,-0.8,0.8,0.8,0.8,0.8,0.0,0.8,0.0,0.0,-0.8,0.0,0.8,0.0,0.8,-0.8,1.6,0.0,0.8,1.6,0.0,0.8,0.0,0.0,0.8,-0.8,0.8,0.0,0.0,0.8,-1.6,0.0,0.8,0.8,1.6,0.0,0.8,0.0,0.0,0.8,0.0,2.4000000000000004,-0.8,0.8,1.6,0.8,0.0,-0.8,0.0,0.8,-1.6,0.8,-0.8,0.8,1.6,0.0,2.4000000000000004,-0.8,0.8,0.0,-0.8,1.6,-1.6,1.6,-0.8,0.0,0.8,0.0,0.8,-1.6,0.0,0.8,0.0,0.8,0.8,0.8,0.0,0.8,0.8,-0.8,1.6,0.8,0.0,0.8,0.0,2.4000000000000004,0.0,-1.6,0.0,0.0,0.0,-0.8,0.0,0.0,-1.6,0.8,0.8,-0.8,0.0,0.0,0.0,-1.6,1.6,0.0,0.0,0.0,0.0,0.8,1.6,0.0,0.0,0.8,-0.8,0.0,0.8,0.8,0.8,-0.8,0.0,0.0,0.0,0.0,0.8,0.8,-0.8,-0.8,0.8,0.0,0.0,-0.8,0.0,1.6,0.0,0.0,0.8,-0.8,0.8,-0.8,0.8,0.0,0.0,0.8,0.0,1.6,1.6,-1.6,1.6,0.0,1.6,-0.8,-0.8,0.0,-1.6,0.0,0.0,0.0,0.8,-0.8,0.0,0.0,0.8,0.0,0.8,0.0,-0.8,-0.8,0.0,-0.8,1.6,0.0,0.0,0.8,-0.8,1.6,0.0,0.0,-0.8,0.0,1.6,-0.8,0.0,0.0,0.0,0.0,0.8,0.8,0.0,0.0,0.0,0.8,0.8,0.8,0.0,0.0,0.0,0.0,-0.8,0.0,0.0,-1.6,0.8,1.6,0.0,0.0,-0.8,1.6,0.0,0.8,-1.6,-0.8,0.0,-0.8,-0.8,0.0,0.0,0.8,-0.8,0.0,0.0,0.0,0.8,-0.8,0.8,0.0,-0.8,-0.8,0.0,-0.8,0.0,0.0,0.8,0.0,0.0,0.8,-0.8,0.8,0.0,-0.8,0.8,0.8,0.0,0.0,0.8,1.6,0.0,0.8,0.0,-0.8,0.8,-1.6,-1.6,0.0,-0.8,0.8,0.0,0.0,0.0,0.0,0.0,-0.8,-0.8,0.8,-0.8,1.6,-0.8,0.8,0.0,0.0,0.8,0.8,0.0,0.0,0.8,0.0,0.0,0.0,-0.8,-0.8,0.8,-1.6,0.8,-0.8,0.0,0.8,-0.8,0.0,-1.6,-0.8,0.0,-0.8,1.6,-0.8,0.0,0.8,-0.8,0.0,0.8,0.0,0.0,-0.8,0.8,0.0,0.0,-0.8,0.0,0.8,0.0,-0.8,-0.8,0.8,0.0,-1.6,0.0,-0.8,0.8,0.0,0.0,1.6,-0.8,0.0,0.0,0.0,0.0,-2.4000000000000004,0.0,0.8,0.0,-0.8,1.6,1.6,-0.8,0.0,1.6,0.8,0.8,-0.8,0.8,0.0,0.8,-0.8,0.0,0.8,1.6,0.8,-0.8,0.0,0.8,-0.8,0.8,-0.8,0.0,0.0,0.0,0.0,0.0,0.0,-0.8,0.0,0.0,0.0,0.8,0.0,0.8,-1.6,-1.6,0.8,0.0,0.8,1.6,0.0,0.0,1.6,0.0,-0.8,0.0,1.6,0.0,-0.8,-0.8,-0.8,1.6,-2.4000000000000004,0.8,0.8,-0.8,0.8,-1.6,0.0,-0.8,0.8,0.8,-0.8,1.6,0.0,0.8,0.8,-1.6,0.0,-0.8,0.8,0.8,-0.8,0.8,0.8,0.0,0.0,-0.8,-0.8,0.0,-0.8,0.0,0.0,0.0,0.0,0.8,0.0,0.0,0.0,-0.8,0.8,0.0,-1.6,0.8,-0.8,0.8,0.8,0.0,0.8,0.8,0.8,0.0,0.0,0.0,0.0,0.0,0.0,0.0,1.6,0.0,0.0,0.0,0.0,0.0,0.8,0.0,0.8,0.8,0.0,-0.8,0.0,-0.8,0.8,0.0,0.0,0.0,0.8,-0.8,0.0,-0.8,0.8,0.0,0.0
event_151,1625267075.7159631,-0.8,0.0,0.8,0.8,-0.8,0.8,1.6,0.8,0.0,1.6,0.8,-0.8,0.0,0.8,0.8,0.0,0.0,0.0,1.6,0.0,0.0,0.8,0.0,-0.8,-0.8,0.8,0.0,0.8,0.0,0.0,1.6,0.8,0.0,0.0,0.0,1.6,0.0,0.0,0.8,0.0,0.0,1.6,-0.8,0.0,0.0,0.8,0.8,0.8,-0.8,0.8,-0.8,1.6,-0.8,0.0,0.8,-0.8,0.0,0.8,0.0,0.0,0.8,0.8,0.0,0.0,1.6,0.0,0.0,0.0,1.6,1.6,-0.8,0.8,0.0,0.8,0.0,0.0,0.0,-0.8,0.8,0.8,0.0,0.8,0.0,0.8,0.8,-0.8,-0.8,-1.6,2.4000000000000004,0.8,0.8,0.8,0.0,1.6,1.6,-0.8,-0.8,0.0,1.6,-1.6,0.0,0.0,-7.200000000000001,-47.199999999999996,-78.39999999999999,-48.0,-17.6,-7.200000000000001,-2.4000000000000004,-2.4000000000000004,-3.2,-4.800000000000001,-4.800000000000001,-0.8,-1.6,0.8,0.0,0.0,-0.8,0.0,0.0,-0.8,0.0,0.0,-0.8,0.8,2.4000000000000004,0.0,0.0,0.0,1.6,-0.8,1.6,0.8,2.4000000000000004,0.8,-0.8,-0.8,0.0,0.0,1.6,-0.8,0.0,0.0,-0.8,0.0,0.0,0.8,0.0,0.0,0.8,0.0,0.0,0.0,0.8,1.6,0.0,0.0,-0.8,0.8,0.8,0.0,0.0,0.0,-0.8,-0.8,0.0,0.8,0.8,0.0,0.0,-1.6,-0.8,0.0,0.0,0.0,0.0,0.0,0.8,-0.8,0.8,0.0,0.0,1.6,0.0,-0.8,0.0,0.8,0.8,0.0,0.8,1.6,-0.8,0.0,-1.6,-0.8,1.6,-0.8,-0.8,0.0,-1.6,0.0,1.6,0.8,-3.2,2.4000000000000004,1.6,-4.0,0.8,0.8,0.0,-0.8,0.8,2.4000000000000004,-0.8,0.8,0.8,0.8,0.8,-0.8,2.4000000000000004,1.6,0.0,0.8,0.0,1.6,0.0,0.0,0.8,0.0,0.8,0.0,0.8,0.0,0.0,0.0,-0.8,0.8,0.8,0.0,1.6,-0.8,-0.8,-0.8,-0.8,1.6,-1.6,1.6,-0.8,0.8,1.6,-1.6,0.8,0.8,0.0,1.6,0.0,0.8,1.6,0.8,0.0,0.0,0.8,0.0,-0.8,0.0,0.0,1.6,0.0,1.6,0.0,-0.8,1.6,1.6,0.8,0.0,0.8,0.8,0.8,0.8,0.0,0.8,1.6,-2.4000000000000004,-0.8,0.8,1.6,-0.8,0.0,2.4000000000000004,0.8,0.8,2.4000000000000004,0.0,0.0,0.8,-0.8,0.0,0.0,0.0,-0.8,0.8,0.0,0.8,0.8,0.0,0.0,0.0,-2.4000000000000004,0.0,0.0,0.0,0.8,-0.8,-0.8,0.8,-0.8,0.8,0.0,0.8,0.8,-1.6,-0.8,0.0,2.4000000000000004,0.0,-0.8,0.8,1.6,0.0,0.8,-0.8,0.8,0.0,-0.8,0.8,0.8,0.0,2.4000000000000004,0.8,0.8,-1.6,0.0,-0.8,0.8,0.0,0.8,0.0,0.0,0.8,0.0,0.0,1.6,0.0,0.8,0.8,-0.8,1.6,0.0,0.8,-0.8,0.0,1.6,-0.8,0.0,0.0,-0.8,0.0,0.0,0.0,0.0,0.0,-0.8,-0.8,0.0,0.8,-0.8,0.0,0.8,1.6,0.8,0.8,0.0,-0.8,0.8,0.8,-0.8,0.0,0.8,0.8,0.0,0.0,0.0,0.0,0.0,-0.8,0.0,0.0,0.8,0.8,0.0,0.8,1.6,0.0,0.0,0.0,0.8,0.0,-0.8,0.0,0.0,-0.8,0.8,0.0,1.6,0.0,-0.8,1.6,0.0,0.0,-0.8,0.0,0.8,1.6,0.8,0.0,0.0,0.8,0.0,0.8,0.8,0.0,0.0,-0.8,0.0,0.8,0.0,1.6,0.0,-0.8,0.0,0.0,0.8,1.6,0.8,0.8,-0.8,1.6,0.0,0.8,1.6,-0.8,1.6,0.0,0.8,0.8,1.6,0.8,0.0,0.8,0.0,0.0,0.8,0.0,1.6,0.0,0.0,0.0,0.0,-1.6,0.0,0.8,0.0,0.0,0.8,1.6,0.0,1.6,0.8,0.8,0.0,0.8,-0.8,0.0,1.6,0.8,0.8,0.8,1.6,2.4000000000000004,0.8,0.0,-0.8,0.8,0.8,0.0,0.8,0.0,1.6,0.8,0.8,2.4000000000000004,0.8,0.0,0.8,0.8,0.0,0.8,0.0,0.0,0.0,-0.8,0.0,1.6,1.6,0.8,0.8,0.8,0.8,-0.8,1.6,0.8,3.2,0.8,1.6,1.6,0.8,0.8,0.8,0.0,1.6,0.0,-1.6,0.0,1.6,0.0,0.8,3.2,0.8,-0.8,0.8,0.0,1.6,0.0,0.8,0.0,2.4000000000000004,1.6,-0.8,1.6,0.8,0.8,0.8,0.0,1.6,1.6,1.6,1.6,0.0,0.8,0.8,-0.8,0.0,0.0,1.6,-0.8,2.4000000000000004,0.8,-1.6,1.6,-0.8,1.6,0.0,0.0,1.6,-0.8,0.8,0.8,0.0,2.4000000000000004,0.0,-0.8,0.8,1.6,0.8,0.8,2.4000000000000004,0.8,0.8,0.8,-0.8,0.8,0.0,-0.8,0.0,-0.8,2.4000000000000004,0.0,0.0,1.6,0.8,1.6,0.8,0.8,0.8,0.8,0.8,-0.8,1.6,0.8,0.0,0.0,0.8,0.8,0.0,0.8,1.6,0.8,0.0,0.8,0.0,1.6,0.8,1.6,0.8,1.6,0.8,0.8,0.0,0.0,0.8,0.8,-0.8,1.6,0.8,0.0,0.0,0.8,0.8,0.8,0.0,0.0,0.0,0.8,1.6,0.8,1.6,0.0,0.0,0.0,0.0,0.0,0.8,0.8,2.4000000000000004,0.8,0.8,0.0,0.0,0.8,0.8,0.0,1.6,1.6,-0.8,0.8,0.0,-0.8,0.0,1.6,0.0,0.0,0.8,0.8,0.8,0.0,0.8,0.0,-0.8,0.8,-0.8,0.0,1.6,0.0,0.8,0.0,2.4000000000000004,0.0,0.0,1.6,0.0,0.8,-0.8,-0.8,0.0,0.0,1.6,0.0,1.6,0.8,0.0,0.8,0.0,0.8,0.0,-1.6,1.6,0.0,0.8,0.0,-0.8,1.6,0.8,1.6,0.8,-0.8,1.6,0.0,1.6,0.0,1.6,0.0,0.8,2.4000000000000004,0.0,0.0,1.6,1.6,0.8,-0.8,0.8,0.8,0.0,0.0,1.6,1.6,0.8,0.0,0.8,-0.8,0.8,-0.8,1.6,0.0,0.8,0.0,0.8,0.8,0.0,0.8,0.0,0.0,0.8,1.6,0.8,0.8,0.8,0.8,0.8,0.0,0.0,0.8,0.8,-0.8,-0.8,0.8,0.0,0.0,0.0,0.8,-0.8,1.6,0.0,0.0,1.6,0.8,0.0,0.0,0.0,-0.8,0.8,1.6,1.6,0.0,-0.8,0.0,0.8,0.0,0.0,0.0,0.0,0.8,-0.8,1.6,0.8,0.8,0.8,0.0,1.6,-0.8,-0.8,0.8,0.8,0.0,-0.8,-0.8,0.0,-0.8,0.0,0.0,0.8,0.8,0.0,1.6,0.8,0.8,0.0,1.6,0.0,-0.8,0.0,1.6,0.0,0.8,0.0,0.0,0.0,0.8,0.0,0.0,0.0,-0.8,-0.8,0.8,0.0,0.8,0.8,0.0,0.8,0.0,-0.8,0.0,-0.8,1.6,0.0,-1.6,0.0,0.0,0.0,0.0,0.8,-0.8,0.0,0.8,0.0,0.0,1.6,0.0,0.0,-0.8,0.0,0.8,0.0,0.0,0.0,0.0,0.8,0.0,0.0,0.0,0.8,0.0,0.0,0.8,0.0,0.0,0.0,-0.8,-1.6,0.0,0.8,0.0,0.0,0.0,0.8,0.0,0.8,0.0,0.0,1.6,0.0,0.0,0.0,0.0,1.6,0.8,0.8,0.0,0.0,-0.8,0.0,0.8,-0.8,0.8,-0.8,0.8,0.0,-0.8,0.8,0.0,1.6,0.0,0.8,0.8,0.0,0.0,0.0,0.0,1.6,-0.8,0.0,0.0,1.6,0.0,0.0,0.0,0.0,-0.8,-0.8,-0.8,1.6,-0.8,0.8,-0.8,2.4000000000000004,0.8,-4.0,0.8,2.4000000000000004,-2.4000000000000004,0.8,0.8,0.0,-0.8,-0.8,0.0,0.0,0.8,-0.8,0.8,1.6,-1.6,-0.8,0.0,0.0,0.0,0.0,0.0,0.0,0.0,0.8,0.0,0.8,-0.8,-0.8,0.8,0.0,0.0,0.0,0.0,0.0,0.0,0.0,0.0,0.0,0.8,0.0,0.8,-0.8,0.8,0.0,0.0,0.8,0.0,0.8,1.6,0.0,0.8,1.6,0.8,0.0,0.0,0.0,0.8,-0.8,0.0,0.8,-0.8,0.0,0.0,1.6,-0.8,0.0,0.0,-0.8,0.0,0.0,-0.8,0.8,-0.8,0.8,0.0,0.0,0.8,0.0,1.6,0.0,1.6,0.0,-0.8,1.6,0.0,0.0,1.6,-0.8,1.6,0.0,-1.6,0.8,-0.8,-0.8,0.8,0.8,0.8,0.8,0.8,-0.8,0.0,-0.8,0.0,0.0,0.8,0.8,-0.8,0.0,0.0,-0.8,0.0,-1.6,-0.8,2.4000000000000004,0.0,0.0,-0.8,0.0,0.8,-1.6,-0.8,0.0,0.8,-0.8,-0.8,0.8,-0.8,-0.8,0.8,0.0,0.8,0.0,0.0,0.0,0.8,0.8,0.0,0.8,0.0,-1.6,0.0,-0.8,0.0,0.8,-0.8,0.8,0.0,0.8,0.0,-0.8,0.8,-0.8,0.8,0.8,0.8,0.0,-0.8,0.8,-0.8,0.0,0.8,0.0,1.6,-1.6,0.8,-0.8,-0.8,0.8,-0.8,0.8,0.8,0.0,0.8,0.8,0.0,0.0,-0.8,0.0,0.8,0.8,0.8,0.0,0.8,0.8,0.8,1.6,0.0,0.0,-0.8,0.0,0.0,-0.8,-0.8,1.6,0.8,0.8,0.0,0.8,0.0,0.0,0.0,0.0,0.0,0.0,-1.6,0.8,0.0,0.0,0.8,0.0,0.8,0.8,0.8,0.8,-0.8,0.8,-0.8,0.0,0.0,-1.6,0.8,0.0,0.8,-0.8,-0.8,0.0,-0.8,0.8,0.0,-0.8,1.6,0.0,0.0,0.0,0.8,1.6,0.8,0.0,-0.8,-0.8,1.6,-0.8,0.0,0.8,0.0,0.8,0.0,0.8,0.0,0.8,0.0,-1.6,0.8,0.0,0.0,0.0,-0.8,1.6,0.0,0.0,0.0,0.0,0.0,0.0,0.8,0.8,0.0,1.6,-0.8,0.8,0.0,0.0,1.6,0.0,0.8,-0.8,0.0,1.6,1.6,0.0,0.0,0.0,0.8,-0.8,0.8,-0.8,0.8,0.8,0.0,0.0,0.8,0.0,1.6,0.8,0.8,-0.8,0.8,-0.8,-0.8,-0.8,0.0,0.0,1.6,-0.8,0.0,0.0,0.0,0.0,0.8,-0.8,0.0,0.8,0.8,0.0,0.0,0.8,0.0,0.0,1.6,0.8,2.4000000000000004,0.0,0.0,-0.8,-0.8,1.6,0.8,0.0,0.0,0.8,0.8,-1.6,0.8,0.8,0.0,1.6,-1.6,0.0,0.0,0.8,1.6,0.8,1.6,0.8,0.8,2.4000000000000004,0.0,0.8,0.0,0.8,0.0,0.0,0.8,0.0,0.0,0.8,0.0,0.0,-0.8,0.8,0.0,-1.6,0.8,0.0,0.8,0.0,-0.8,0.8,1.6,0.8,0.8,0.8,1.6,0.0,0.8,0.8,0.8,2.4000000000000004,0.8,0.8,0.0,1.6,0.8,1.6,0.8,0.8,0.0,0.0,0.8,1.6,0.0,1.6,0.0,0.0,0.0,0.8,-0.8,0.8,-0.8,0.0,-0.8,0.8,0.8,-2.4000000000000004,0.0,0.8,0.0,0.8,0.0,0.8,0.8,-0.8,0.0,-0.8,0.0,0.0,-0.8,-0.8,0.8,0.0,0.0,0.0,0.0,-1.6,0.8,0.0,0.0,1.6,0.0,0.0,-0.8,0.8,0.8,0.0,0.8,-0.8,-0.8,0.0,0.8,0.8,-0.8,0.8,1.6,0.0,1.6,0.8,-0.8,0.0,0.0,0.0,0.0,1.6,0.0,-0.8,0.8,0.0,0.0,0.0,0.0,0.8,-0.8,0.0,0.8,-0.8,0.0,-0.8,0.0,1.6,0.0,1.6,0.0,-0.8,0.0,-0.8,0.8,-0.8,2.4000000000000004,0.8,0.0,1.6,0.0,0.8,1.6,0.0,0.8,-0.8,0.0,0.0,-0.8,0.8,0.8,0.8,0.0,-0.8,0.0,0.0,0.8,-1.6,0.0,0.0,0.0,0.0,-0.8,0.8,1.6,0.0,0.8,-1.6,0.0,0.8,0.8,0.8,-0.8,0.8,0.0,-0.8,0.0,0.0,0.8,0.0,0.0,0.0,0.0,0.8,0.8,0.8,0.0,0.0,0.8,0.0,0.8,0.8,0.8,1.6,0.8,0.0,-0.8,0.8,0.8,0.0,0.0,0.8,1.6,0.8,0.8,-0.8,0.0,0.0,-0.8,0.8,0.0,0.8,0.8,-0.8,0.8,0.0,0.8,0.0,0.0,0.8,-0.8,0.0,-0.8,0.0,1.6,-0.8,1.6,0.0,0.0,1.6,-0.8,0.8,-0.8,0.0,2.4000000000000004,0.0,0.8,0.0,1.6,2.4000000000000004,-1.6,0.8,0.0,0.0,1.6,-1.6,0.8,-1.6,0.0,1.6,0.0,1.6,-0.8,0.8,0.0,0.0,0.8,0.0,0.8,0.8,0.0,0.8,-0.8,0.8,-0.8,0.0,0.8,-1.6,0.8,0.0,-0.8,0.8,-1.6,1.6,0.0,-0.8,1.6,0.0,0.0,-0.8,-0.8,0.0,-0.8,0.0,0.0,0.8,0.0,1.6,0.8,0.8,1.6,1.6,0.8,-1.6,-0.8,-0.8,0.8,0.0,0.0,0.8,1.6,-0.8,0.0,0.0,-0.8,0.8,-0.8,0.0,0.8,0.0,0.8,0.8,0.8,0.8,0.0,0.0,0.0,0.8,0.0,0.8,0.0,0.8,0.0,0.0,-0.8,0.8,0.8,0.0,0.8,0.8,-0.8,0.0,0.8,0.0,2.4000000000000004,0.0,0.8,0.8,0.0,0.8,0.0,0.0,0.0,0.0,0.0,-1.6,1.6,0.0,0.8,0.0,-0.8,-0.8,0.8,-0.8,2.4000000000000004,0.0,0.8,0.0,0.8,-0.8,-1.6,2.4000000000000004,0.0,0.8,0.8,-0.8,0.8,0.8,0.0,1.6,0.0,1.6,0.0,0.0,0.0,0.0,1.6,0.0,0.8,0.0,-1.6,0.0,-0.8,0.8,-0.8,0.0,1.6,-1.6,0.8,0.0,-0.8,1.6,-0.8,0.0,-0.8,1.6,0.8,-0.8,0.8,0.8,2.4000000000000004,1.6,-0.8,0.0,-0.8,0.8,-0.8,0.8,0.8,0.0,1.6,0.0,0.8,0.8,0.0,0.0,0.0,0.0,-0.8,0.0,0.0,0.0,0.0,0.8,0.8,0.0,0.0,0.8,0.0,0.8,0.8,1.6,0.8,0.8,0.8,0.0,1.6,1.6,0.0,0.8,0.8,1.6,0.0,0.0,0.0,0.8,0.8,1.6,1.6,0.0,-0.8,0.0,-0.8,0.0,-0.8,0.0,0.8,0.8,0.0,-0.8,0.0,0.8,0.0,0.8,-0.8,-0.8,1.6,1.6,0.8,-1.6,-0.8,3.2,-1.6,-2.4000000000000004,1.6,2.4000000000000004,-2.4000000000000004,0.0,0.8,-1.6,0.0,0.8,0.8,0.8,-0.8,0.8,1.6,0.8,0.0,-0.8,2.4000000000000004,0.8,-1.6,-0.8,0.0,0.8,0.0,-1.6,1.6,0.0,0.0,0.0,0.0,1.6,-0.8,-0.8,0.8,0.0,1.6,0.8,-0.8,1.6,0.0,0.8,0.0,0.8,0.0,-0.8,-0.8,-0.8,0.0,0.0,0.0,1.6,0.0,0.8,0.8,0.0,0.8,-0.8,1.6,0.8,0.8,0.8,0.0,0.8,0.8,0.0,0.0,0.0,0.8,0.0,0.0,1.6,0.0,0.0,1.6,0.0,0.8,-1.6,-0.8,-0.8,-0.8,0.0,0.0,0.0,1.6,0.0,0.8,-0.8,0.8,0.0,0.0,0.8,-1.6,0.8,0.8,-0.8,0.0,-0.8,0.0,0.0,-1.6,1.6,0.8,0.0,0.8,-0.8,0.0,-0.8,0.8,0.0,-1.6,0.8,0.0,-0.8,0.8,0.0,0.8,-0.8,0.0,-2.4000000000000004,0.0,0.8,-0.8,0.8,-0.8,0.8,0.0,0.0,0.8,-0.8,0.8,0.0,-0.8,0.8,0.0,0.8,0.8,-0.8,0.8,0.0,0.0,0.0,0.0,0.0,-0.8,0.8,0.0,0.0,0.8,-0.8,1.6,0.0,0.0,0.8,0.0,0.8,-1.6,0.8,0.8,1.6,0.0,0.8,1.6,0.0,-0.8,1.6,0.0,0.0,-0.8,0.0,1.6,-0.8,0.8,0.8,0.8,0.8,-0.8,0.8,0.0,0.0,0.0,1.6,0.0,0.8,0.0,0.0,0.8,0.0,-0.8,0.8,0.8,0.8,1.6,1.6,-0.8,0.8,0.8,0.8,0.0,0.0,0.8,0.8,0.0,0.8,0.0,-0.8,0.8,-0.8,-0.8,-0.8,0.0,1.6,-2.4000000000000004,0.8,1.6,-0.8,0.8,-0.8,-1.6,-0.8,1.6,0.0,0.0,0.0,-0.8,0.8,0.0,-0.8,0.8,-0.8,0.0,-0.8,0.0,1.6,0.0,0.8,-0.8,0.0,0.0,-1.6,0.8,0.0,-0.8,-0.8,0.0,0.8,-0.8,-1.6,0.8,0.8,0.8,-0.8,0.8,0.0,-0.8,0.8,-0.8,0.8,0.8,-0.8,1.6,-0.8,1.6,-0.8,0.0,0.8,0.0,0.8,-0.8,-0.8,0.8,-0.8,0.8,0.0,0.8,0.8,0.0,0.0,0.0,0.0,1.6,-0.8,0.8,-0.8,0.0,0.0,0.0,0.0,0.0,1.6,-1.6,0.0,1.6,-0.8,0.0,1.6,0.8,0.0,-0.8,0.8,0.0,0.0,0.0,-0.8,-1.6,0.8,0.8,0.8,0.0,0.8,0.8,0.0,0.8,0.0,0.0,0.8,-0.8,-0.8,0.8,1.6,0.0,-0.8,0.0,1.6,0.8,0.8,0.0,-0.8,0.0,0.0,-0.8,0.8,0.8,0.0,0.0,0.8,0.0,0.0,0.8,0.8,1.6,0.0,0.0,0.8,0.0,0.8,0.0,-0.8,0.0,-0.8,0.0,0.8,0.8,-0.8,-0.8,0.8,0.0,1.6,0.8,0.0,2.4000000000000004,0.0,0.8,0.8,0.0,1.6,-0.8,0.0,0.0,-0.8,0.8,0.0,0.8,0.8,0.0,0.8,-0.8,0.8,-0.8,0.0,0.8,0.0,0.8,0.0,0.8,0.8,-0.8,0.0,-0.8,0.0,1.6,0.8,0.8,-0.8,0.8,0.8,-1.6,-0.8,-0.8,0.0,0.8,0.8,0.0,0.0,0.8,0.0,0.0,0.0,0.8,0.0,0.0,0.8,0.8,0.0,0.8,-0.8,0.0,-0.8,-0.8,1.6,-0.8,0.0,2.4000000000000004,0.0,0.0,-0.8,0.0,1.6,0.0,-0.8,0.0,0.8,0.8,-0.8,0.8,1.6,0.8,0.8,-0.8,0.8,0.0,-1.6,0.0,0.0,0.8,0.0,0.8,1.6,-0.8,0.0,1.6,0.0,0.8,0.0,0.8,0.8,-0.8,0.8,-0.8,0.8,1.6,-0.8,1.6,0.8,0.0,0.8,0.8,0.8,0.0,0.0,1.6,0.0,1.6,-0.8,0.0,0.0,0.8,0.8,0.8,0.0,0.8,0.0,0.0,-0.8,1.6,-0.8,0.0,0.8,-1.6,1.6,0.8,0.8,0.8,0.0,0.0,0.0,0.0,1.6,-0.8,-0.8,0.8,0.8,0.0,0.0,0.0,-0.8,-0.8,1.6,-0.8,1.6,0.0,0.0,0.0,0.0,0.0,-1.6,1.6,1.6,0.8,0.8,0.8,1.6,0.0,0.0,0.8,0.0,0.8,0.0,0.0,0.0,0.0,0.8,0.8,0.8,0.8,0.0,0.8,0.8,0.0,-1.6,0.0,0.0,0.0,0.0,0.8,0.0,1.6,1.6,0.8,0.0,0.0,0.0,0.0,0.0,0.0,1.6,-0.8,0.8,0.8,1.6,0.0,0.8,0.0,0.0,0.8,0.8,0.0,0.8,-0.8,1.6,0.0,0.0,0.8,-0.8,0.8,0.0,0.0,1.6,0.0,0.0,0.0,-0.8,0.8,-0.8,0.0,0.0,0.8,0.8,1.6,1.6,0.0,0.8,-0.8,0.0,0.8,-0.8,0.8,0.8,-1.6,0.0,-0.8,0.0,0.0,0.0,0.0,-0.8,0.8,0.0,-0.8,0.8,0.8,0.0,0.0,-0.8,0.0,0.0,1.6,0.0,-0.8,0.8,0.8,0.8,0.0,0.0,0.0,0.8,0.0,-0.8,0.8,-0.8,0.0,0.8,0.0,0.0,1.6,-1.6,0.0,0.0,-0.8,0.0,-1.6,0.8,0.0,-0.8,0.0,1.6,-0.8,0.0,0.8,0.0,0.0,0.8,0.8,0.0,0.8,0.8,0.8,0.8,1.6,0.0,0.8,0.8,0.8,0.0,0.8,0.8,0.8,0.8,0.8,2.4000000000000004,0.8,-0.8,0.8,-0.8,0.8,0.0,0.0,0.0,0.8,0.0,-0.8,0.0,0.0,0.0,1.6,0.8,0.8,0.8,0.8,0.8,0.0,0.8,0.0,0.0,0.8,-0.8,0.8,-0.8,-0.8,0.8,-0.8,0.8,1.6,0.0,2.4000000000000004,0.0,1.6,-0.8,0.0,0.8,-0.8,2.4000000000000004,-0.8,-0.8,0.8,0.0,0.8,-0.8,1.6,2.4000000000000004,0.0,0.8,0.0,0.0,0.8,-0.8,0.8,0.8,0.8,1.6,0.8,0.8,0.0,0.8,0.0,0.0,2.4000000000000004,-0.8,0.0,0.0,0.8,0.0,-0.8,0.8,0.8,0.8,0.0,0.0,1.6,-0.8,-0.8
event_152,1625267077.8650863,0.0,0.0,0.0,1.6,0.0,0.8,0.8,0.0,0.8,0.0,0.0,0.8,-0.8,0.8,0.0,0.0,0.0,0.0,1.6,0.8,-0.8,0.8,0.8,0.8,0.0,0.8,0.0,0.0,-0.8,1.6,0.8,0.8,-0.8,0.0,0.0,1.6,-0.8,1.6,0.8,1.6,0.0,0.8,0.0,0.0,0.0,-0.8,0.8,0.8,0.8,0.8,0.8,0.0,0.8,0.8,0.0,0.0,0.8,0.0,0.8,0.0,0.0,-0.8,-1.6,0.0,0.0,-0.8,0.0,0.0,0.8,-1.6,2.4000000000000004,0.8,-1.6,0.0,1.6,0.8,0.0,2.4000000000000004,2.4000000000000004,-1.6,1.6,1.6,1.6,-0.8,-1.6,1.6,0.0,-0.8,0.8,0.8,1.6,-0.8,0.8,2.4000000000000004,0.8,0.8,0.0,2.4000000000000004,0.0,-0.8,1.6,0.0,-7.200000000000001,-32.0,-35.2,-20.0,-10.400000000000002,-4.800000000000001,-1.6,-0.8,-0.8,-3.2,-0.8,-1.6,-0.8,-0.8,0.0,1.6,0.8,-0.8,0.8,-0.8,0.0,0.0,-0.8,0.8,0.0,-0.8,0.0,1.6,0.0,0.8,0.0,-0.8,1.6,-2.4000000000000004,0.0,0.0,1.6,1.6,-0.8,0.8,0.0,0.8,0.0,0.0,0.0,0.8,0.8,-0.8,0.0,0.8,0.0,0.8,-0.8,1.6,0.0,0.8,0.8,-0.8,0.8,0.0,-0.8,0.8,-0.8,0.8,1.6,0.0,0.8,0.0,1.6,0.0,-0.8,-0.8,-0.8,0.8,-0.8,0.0,1.6,0.8,0.8,0.8,0.0,0.0,0.0,0.8,-0.8,0.8,0.8,0.0,1.6,-0.8,2.4000000000000004,0.8,0.0,1.6,0.8,0.0,0.0,0.0,0.8,0.0,0.8,0.8,1.6,0.8,0.0,1.6,0.8,0.8,0.0,0.0,0.8,0.8,-0.8,0.0,0.8,1.6,-0.8,1.6,0.8,0.8,0.0,-1.6,0.0,0.0,-0.8,2.4000000000000004,0.8,0.0,0.0,0.0,0.0,0.0,0.0,0.8,0.8,0.8,0.0,0.8,-0.8,0.8,0.8,0.8,1.6,-0.8,0.8,0.0,-0.8,0.0,0.8,0.8,-1.6,0.0,0.0,0.8,0.0,0.8,0.8,-0.8,-0.8,0.0,0.8,0.8,0.8,0.8,0.0,0.8,0.0,0.0,0.8,-0.8,0.0,0.0,1.6,0.8,0.0,0.0,0.0,0.0,1.6,0.0,0.8,0.8,0.0,0.8,0.0,0.8,0.8,-0.8,0.8,-1.6,0.8,-0.8,0.8,1.6,-0.8,0.8,0.0,-0.8,0.8,-0.8,0.8,1.6,0.0,1.6,-0.8,0.0,0.0,0.0,0.8,0.0,2.4000000000000004,-0.8,0.8,0.8,0.0,0.0,0.0,0.0,0.8,-0.8,0.0,-0.8,0.8,-0.8,0.8,0.0,-0.8,0.8,0.8,-0.8,0.8,-1.6,1.6,0.0,0.8,0.0,-1.6,1.6,0.0,0.0,0.0,-0.8,0.8,1.6,0.8,0.0,0.0,0.0,-0.8,0.8,-0.8,0.0,1.6,-0.8,0.0,-0.8,-0.8,-1.6,0.8,1.6,0.8,0.0,0.8,0.0,0.8,0.8,0.0,0.8,0.8,-1.6,0.0,0.8,0.0,0.8,0.8,0.8,0.0,0.8,0.0,-0.8,0.8,-1.6,-0.8,0.8,0.0,0.8,0.0,0.8,0.8,0.8,0.0,0.0,1.6,0.0,1.6,-0.8,-0.8,0.8,0.0,-0.8,2.4000000000000004,0.0,-0.8,0.8,1.6,0.0,-0.8,0.0,0.0,1.6,0.8,-1.6,1.6,0.8,-0.8,0.8,-1.6,1.6,-0.8,0.0,0.0,-0.8,0.0,0.8,0.0,0.8,-0.8,0.8,-0.8,0.0,0.0,-0.8,0.0,-0.8,-0.8,0.8,-0.8,0.8,0.0,0.0,0.8,-0.8,2.4000000000000004,0.0,-0.8,-1.6,0.0,0.0,-1.6,0.0,0.0,1.6,0.8,-0.8,0.0,0.0,0.0,0.8,-0.8,0.8,0.0,0.8,0.8,0.0,0.0,0.8,0.8,0.0,-1.6,0.8,0.8,-0.8,-0.8,0.8,0.0,0.8,1.6,-1.6,-0.8,1.6,-0.8,-0.8,0.8,0.0,0.0,0.8,0.0,0.0,1.6,0.0,0.8,0.0,0.0,0.0,0.0,0.0,0.0,2.4000000000000004,-1.6,0.8,0.0,0.0,0.8,0.8,0.0,0.0,0.8,0.0,0.8,0.0,0.0,0.8,1.6,-1.6,0.8,-0.8,-0.8,-0.8,0.0,0.0,0.0,0.8,2.4000000000000004,-0.8,0.8,-0.8,-0.8,-0.8,-0.8,0.0,0.8,-0.8,0.8,0.0,0.8,0.0,0.8,0.0,0.0,1.6,0.0,0.8,1.6,-2.4000000000000004,0.8,-0.8,-0.8,0.8,-0.8,2.4000000000000004,1.6,0.8,0.0,0.0,0.8,-0.8,0.8,0.8,0.8,0.8,0.0,0.8,0.0,0.0,0.0,0.8,-0.8,-1.6,0.8,0.8,0.0,0.0,-0.8,1.6,0.8,0.8,0.0,0.0,0.8,0.8,0.0,0.0,0.0,0.0,0.0,0.8,0.0,0.0,0.8,-0.8,1.6,-1.6,0.0,0.8,0.0,0.8,0.0,0.0,1.6,0.8,0.8,0.0,0.8,0.8,0.0,0.8,0.0,1.6,0.0,0.0,0.8,0.8,0.8,0.8,0.0,0.8,0.0,0.0,0.0,0.8,0.0,0.8,0.8,0.8,0.0,0.8,0.0,1.6,0.0,0.0,-1.6,0.0,0.8,-0.8,0.8,0.0,0.8,0.8,-0.8,0.8,0.0,0.0,0.0,0.0,0.8,-0.8,-1.6,0.0,0.0,1.6,-1.6,1.6,-0.8,-1.6,0.8,0.0,0.0,-0.8,0.0,0.8,-0.8,0.8,0.8,-0.8,0.8,-0.8,0.0,-0.8,1.6,0.8,-0.8,0.8,0.0,0.8,0.8,-0.8,0.8,0.0,1.6,-0.8,0.0,0.8,-0.8,0.0,0.8,0.0,0.0,-0.8,0.8,-0.8,-1.6,0.0,-0.8,0.8,0.0,0.0,0.8,0.8,0.8,0.8,1.6,0.0,0.0,0.8,-0.8,0.0,1.6,-0.8,1.6,0.8,0.8,0.0,0.8,0.8,0.0,0.0,0.0,0.8,0.0,0.0,1.6,-0.8,0.8,-0.8,0.8,0.0,0.8,0.0,0.8,0.8,0.0,-0.8,0.0,0.0,1.6,0.8,0.0,1.6,-0.8,1.6,0.0,0.8,0.8,-0.8,0.8,-0.8,0.8,0.8,0.8,0.8,-0.8,0.8,-0.8,0.0,0.8,-0.8,0.0,0.0,0.8,0.8,0.0,0.8,-0.8,1.6,-0.8,-0.8,0.0,0.0,0.8,0.0,0.0,0.8,-0.8,1.6,0.0,-0.8,0.8,-1.6,0.0,-0.8,0.0,0.8,0.0,0.8,0.8,0.0,0.8,0.0,0.8,0.0,-0.8,0.8,0.0,0.8,0.0,0.8,0.8,0.8,0.8,0.0,0.0,2.4000000000000004,-1.6,-1.6,3.2,0.8,-1.6,1.6,2.4000000000000004,0.0,-0.8,1.6,0.8,0.8,0.8,0.8,0.8,-1.6,0.0,0.8,0.8,1.6,0.0,0.8,0.8,0.8,0.0,1.6,0.8,0.8,-0.8,0.0,0.0,0.8,-0.8,0.0,0.0,-0.8,1.6,0.8,-1.6,1.6,0.8,0.8,-0.8,-0.8,0.8,0.0,0.8,-0.8,-0.8,0.0,0.0,-0.8,0.0,0.0,0.0,0.0,0.0,0.0,0.8,0.0,0.0,0.0,-0.8,0.0,0.8,-0.8,0.8,0.0,0.8,1.6,0.8,0.8,-0.8,0.0,-0.8,0.0,0.8,0.8,0.8,1.6,0.0,0.8,-0.8,0.0,0.8,0.0,-0.8,-0.8,-0.8,-0.8,0.8,0.0,-0.8,2.4000000000000004,0.8,0.0,0.8,0.0,0.0,0.0,0.0,0.0,0.0,0.8,0.0,0.8,0.8,-0.8,0.8,-0.8,0.0,-0.8,-0.8,-0.8,0.0,0.0,1.6,0.8,0.8,-0.8,0.0,-0.8,0.8,-1.6,-0.8,-0.8,-0.8,-1.6,-1.6,0.0,0.0,0.0,0.0,-0.8,0.0,0.0,0.0,-0.8,-0.8,-0.8,-0.8,0.0,-0.8,0.8,1.6,0.0,0.0,0.0,-0.8,-0.8,-0.8,-0.8,-0.8,0.0,0.0,-0.8,0.8,0.0,-1.6,2.4000000000000004,-1.6,0.8,-0.8,0.8,0.0,-1.6,0.8,0.0,0.0,1.6,-0.8,0.8,-0.8,0.8,-0.8,-0.8,0.8,-0.8,0.0,-0.8,0.0,0.8,-0.8,0.8,0.0,-1.6,0.0,-1.6,0.8,0.8,-1.6,0.0,0.8,0.8,-0.8,1.6,0.0,0.0,0.0,0.0,0.8,0.8,-0.8,1.6,0.8,2.4000000000000004,-0.8,0.8,0.8,-0.8,0.0,-0.8,-0.8,1.6,0.8,1.6,0.0,0.8,-0.8,-0.8,0.0,-0.8,-0.8,0.0,-1.6,0.8,-0.8,-1.6,0.8,0.8,-0.8,-0.8,0.0,-0.8,0.8,0.8,-0.8,0.0,0.8,-0.8,0.0,-1.6,0.0,0.8,-0.8,0.8,-0.8,0.0,0.0,1.6,1.6,-0.8,0.0,0.0,0.8,0.0,0.0,0.0,1.6,-0.8,-0.8,-0.8,1.6,0.8,-0.8,-0.8,2.4000000000000004,-0.8,0.8,0.8,-0.8,0.8,-0.8,0.0,-0.8,0.8,1.6,0.0,0.8,0.8,-0.8,0.8,0.0,0.8,0.0,-0.8,0.8,-1.6,0.8,0.8,0.8,1.6,0.8,0.8,0.0,0.8,1.6,-1.6,1.6,0.0,2.4000000000000004,0.8,-0.8,1.6,0.0,0.0,0.0,0.8,0.8,-1.6,0.0,0.0,-0.8,0.8,0.8,0.8,-0.8,-0.8,0.8,-0.8,0.8,-1.6,0.0,0.0,0.0,0.8,-0.8,-0.8,0.0,-0.8,0.8,0.8,-0.8,0.8,0.8,0.8,-0.8,0.0,0.0,-0.8,-0.8,0.0,0.0,-0.8,0.0,0.0,-2.4000000000000004,1.6,0.8,0.8,0.8,0.0,0.8,-0.8,0.8,0.0,-0.8,0.8,0.0,-0.8,0.0,0.8,0.0,0.0,-0.8,0.8,0.0,0.0,0.0,0.0,0.8,0.0,-0.8,0.0,0.8,0.0,0.8,-0.8,0.0,0.0,-0.8,0.0,0.0,-0.8,-0.8,0.0,0.0,-0.8,0.0,-0.8,0.8,-0.8,0.0,1.6,0.0,0.0,0.0,0.0,0.8,1.6,0.0,0.8,0.8,0.8,-0.8,0.8,0.8,0.0,-0.8,-1.6,0.8,-0.8,1.6,1.6,0.0,0.0,0.0,1.6,-2.4000000000000004,0.0,-0.8,0.0,0.0,0.8,-1.6,0.8,0.8,0.8,-0.8,0.0,0.0,-0.8,0.8,0.0,0.0,0.8,0.0,0.8,0.0,-0.8,1.6,0.8,-0.8,0.8,0.0,-0.8,0.0,0.8,0.0,-0.8,0.0,0.0,0.0,1.6,0.8,-0.8,-0.8,-0.8,0.0,-0.8,1.6,0.0,0.0,0.0,0.8,0.0,1.6,0.0,-0.8,0.8,0.0,-1.6,0.0,0.0,0.0,0.8,0.0,0.8,0.0,-1.6,0.0,-0.8,0.0,0.0,-1.6,0.0,0.0,0.0,0.8,0.8,0.0,-0.8,0.0,0.0,0.0,0.0,-0.8,0.8,0.8,-0.8,1.6,0.0,0.8,-0.8,0.0,0.0,0.8,-0.8,0.0,-0.8,0.8,0.0,0.8,-0.8,0.0,0.0,-0.8,0.8,-0.8,0.0,0.8,-0.8,1.6,-2.4000000000000004,0.8,0.0,-0.8,0.0,0.0,0.0,-0.8,0.8,1.6,-0.8,0.0,0.0,0.0,0.0,-1.6,0.0,0.0,0.0,0.8,-0.8,-1.6,0.0,0.8,0.8,-0.8,0.8,0.0,-1.6,0.0,0.0,0.8,0.0,0.0,0.0,0.0,1.6,0.8,-0.8,0.0,-0.8,0.0,0.0,0.0,0.0,0.0,0.0,-0.8,0.0,0.0,0.0,-0.8,-0.8,-0.8,0.0,0.8,0.8,0.0,0.0,0.0,-0.8,0.0,0.8,0.0,0.0,0.8,0.0,0.0,0.0,0.8,0.8,-0.8,0.0,-0.8,0.8,0.0,-1.6,1.6,0.8,-0.8,1.6,0.0,0.8,0.0,-0.8,-0.8,-0.8,0.0,0.0,0.8,0.0,-0.8,0.0,-0.8,0.0,-0.8,0.8,0.0,0.0,1.6,0.0,1.6,0.8,0.0,0.8,-1.6,1.6,1.6,0.8,0.8,-1.6,0.8,-0.8,-1.6,0.0,-0.8,1.6,0.0,0.0,0.0,-1.6,1.6,0.0,0.0,-0.8,0.0,0.8,-1.6,0.0,0.8,-0.8,1.6,-0.8,-0.8,0.0,0.8,0.8,-2.4000000000000004,0.8,0.8,0.0,1.6,-1.6,0.0,0.0,0.0,0.0,0.0,1.6,0.0,-0.8,1.6,0.0,0.0,0.0,0.0,0.8,-0.8,-0.8,-0.8,0.0,0.0,-0.8,0.8,0.8,-0.8,0.0,0.0,0.0,0.0,-0.8,0.8,0.0,2.4000000000000004,-1.6,0.0,0.8,0.8,0.0,0.8,0.0,0.0,-0.8,0.8,-0.8,0.0,0.0,0.0,0.0,0.8,0.0,0.0,0.8,-1.6,0.0,0.0,0.0,0.0,-0.8,-0.8,0.0,0.0,-0.8,-0.8,0.8,-0.8,0.8,0.8,-0.8,0.0,0.0,0.0,0.0,-0.8,0.0,0.0,0.0,0.0,0.8,0.8,-0.8,0.8,-0.8,-0.8,0.8,0.0,0.8,0.0,0.8,0.0,0.0,0.0,-0.8,0.8,0.8,-0.8,-0.8,0.0,0.8,0.8,0.0,0.0,-1.6,0.8,-0.8,-0.8,0.8,0.0,0.8,0.8,0.0,0.8,-1.6,0.0,0.0,0.0,-0.8,0.0,0.8,0.0,0.0,1.6,0.0,2.4000000000000004,-0.8,0.0,0.0,-1.6,1.6,-1.6,0.0,0.0,0.8,0.8,-0.8,0.8,0.0,-0.8,1.6,-0.8,0.8,0.8,-0.8,0.0,0.0,0.0,0.8,0.8,-0.8,0.0,2.4000000000000004,-2.4000000000000004,-0.8,2.4000000000000004,0.8,-1.6,0.8,0.0,0.0,0.8,0.0,-0.8,1.6,0.0,0.0,1.6,1.6,-0.8,0.0,0.0,0.0,-0.8,-0.8,1.6,0.8,-0.8,0.0,0.0,0.0,0.0,0.8,0.8,0.0,0.0,0.8,-0.8,0.8,0.8,0.0,0.0,0.0,-0.8,0.0,0.8,0.0,0.0,0.8,-0.8,0.0,0.0,0.0,0.0,-0.8,-0.8,-0.8,0.8,-0.8,-0.8,0.8,-0.8,1.6,0.8,-0.8,0.0,0.0,0.0,0.0,-0.8,0.0,0.0,0.0,-0.8,1.6,0.0,-0.8,0.0,0.0,0.8,0.0,0.8,0.8,0.8,0.8,0.8,0.0,1.6,-0.8,0.0,0.0,0.0,0.0,-0.8,-0.8,0.0,0.0,1.6,0.8,-0.8,0.0,0.8,0.0,0.8,0.0,1.6,0.0,0.8,0.0,-0.8,0.0,0.0,-0.8,0.0,0.8,-0.8,0.8,0.8,0.8,0.8,1.6,0.0,-0.8,-0.8,0.0,0.8,-1.6,-0.8,0.0,-0.8,0.8,0.8,0.0,0.8,0.0,0.8,0.0,0.8,0.0,-0.8,1.6,-0.8,0.0,0.8,0.0,0.8,-0.8,0.8,0.8,0.0,1.6,-0.8,-0.8,0.8,-0.8,0.8,-0.8,1.6,0.0,0.8,1.6,0.8,1.6,-0.8,0.8,1.6,-1.6,0.0,-0.8,0.8,0.8,-0.8,0.0,0.0,0.0,0.8,0.0,1.6,0.0,-0.8,0.8,0.0,3.2,0.0,0.0,1.6,0.8,0.8,0.8,0.8,0.8,-0.8,0.0,0.0,0.0,-1.6,0.8,0.8,0.0,0.8,-0.8,0.0,0.8,-0.8,0.0,-0.8,0.0,0.8,0.0,0.0,0.0,0.8,0.0,0.0,1.6,0.8,0.8,0.8,0.8,0.8,0.8,0.8,-0.8,0.8,0.0,0.0,1.6,-0.8,0.0,-0.8,0.0,-0.8,-0.8,0.8,0.0,0.0,0.0,0.8,-0.8,0.8,0.0,-1.6,0.0,0.8,-0.8,0.8,-0.8,1.6,0.0,0.8,0.0,-0.8,0.8,0.0,-0.8,0.0,0.0,0.8,0.0,0.8,0.0,-0.8,0.0,-0.8,0.8,0.0,-1.6,1.6,0.0,0.8,0.8,0.0,1.6,0.8,0.0,0.8,-0.8,0.8,-0.8,0.0,0.8,1.6,0.8,0.0,1.6,1.6,0.0,0.8,-0.8,1.6,-0.8,0.0,0.8,-1.6,0.8,2.4000000000000004,0.0,0.8,-0.8,0.8,-0.8,0.8,0.8,-0.8,0.8,0.0,0.0,0.8,-0.8,0.0,0.0,1.6,0.8,0.0,1.6,0.8,0.0,0.0,0.0,0.8,0.0,0.8,0.0,0.8,0.0,-0.8,0.0,-0.8,-1.6,0.8,0.0,0.0,0.8,0.0,0.0,0.8,0.0,0.0,0.8,0.0,-0.8,0.0,0.8,0.0,0.8,-0.8,0.8,0.8,0.8,0.0,-0.8,0.8,-0.8,-0.8,-0.8,0.8,0.0,0.8,0.8,1.6,-0.8,-0.8,0.0,0.0,0.0,0.0,0.8,0.0,0.0,0.0,0.0,0.8,0.8,0.0,1.6,0.8,0.0,0.0,0.0,0.8,1.6,-0.8,0.8,0.8,1.6,0.0,0.0,-0.8,-0.8,0.8,-1.6,-1.6,1.6,-0.8,0.8,0.0,0.0,-0.8,0.0,0.8,0.0,0.0,1.6,0.0,1.6,-1.6,0.8,0.0,-0.8,1.6,-0.8,0.8,-1.6,1.6,0.8,-0.8,1.6,-0.8,0.0,0.0,-1.6,0.8,0.0,-0.8,1.6,0.0,-0.8,0.8,1.6,0.8,0.0,0.8,0.0,-0.8,1.6,0.0,0.0,-0.8,-0.8,-0.8,-0.8,0.8,0.8,0.0,0.0,0.0,1.6,0.8,0.0,-1.6,0.0,0.8,0.0,-0.8,0.0,0.8,0.0,0.8,0.0,0.8,-1.6,0.8,2.4000000000000004,-0.8,0.0,0.0,0.8,0.0,0.0,0.8,0.8,0.8,0.0,0.0,0.8,-0.8,-0.8,1.6,0.8,1.6,-0.8,1.6,0.8,0.8,0.0,0.0,0.8,1.6,0.0,-0.8,0.0,0.8,-0.8,1.6,0.0,0.0,0.8,0.0,0.0,0.8,0.0,1.6,-0.8,0.8,0.0,-2.4000000000000004,0.8,-0.8,0.8,0.8,-0.8,0.0,0.8,1.6,0.0,0.0,1.6,-0.8,0.8,-0.8,0.8,1.6,-0.8,0.8,0.0,-0.8,0.0,0.0,0.0,-1.6,0.8,0.8,-1.6,0.0,0.0,0.8,1.6,-0.8,0.8,0.0,0.8,0.8,0.0,0.8,0.0,0.8,1.6,-1.6,-0.8,0.0,0.0,0.0,-0.8,0.0,0.0,0.0,0.8,1.6,0.0,-0.8,0.0,0.8,-0.8,0.0,0.0,0.8,0.8,0.0,0.0,0.8,-0.8,0.0,0.8,0.0,0.8,0.0,0.8,0.0,0.8,-0.8,0.8,0.0,-0.8,-0.8,0.8,-0.8,0.8,0.8,0.0,0.0,-0.8,0.8,2.4000000000000004,-0.8,0.8,-1.6,0.8,0.0,0.0,-0.8,-0.8,1.6,0.0,0.0,0.0,-0.8,0.8,0.0,0.0,1.6,-1.6,1.6,0.0,0.0,-0.8,0.0,0.8,-1.6,-0.8,0.8,0.8,0.0,-0.8,0.0,-0.8,-0.8,0.0,-0.8,0.8,-0.8,0.8,0.0,0.0,0.8,-1.6,0.8,0.8,-1.6,0.8,0.0,0.8,0.8,0.0,1.6,-1.6,0.8,-0.8,-1.6,0.8,-0.8,0.0,-0.8,0.0,0.8,-0.8,1.6,0.8,-0.8,0.8,0.8,1.6,-0.8,0.0,0.0,-0.8,0.8,-0.8,0.0,-0.8,0.0,0.8,0.0,0.8,0.8,0.0,0.0,0.0,1.6,0.8,-0.8,0.8,0.0,0.8,0.8,0.0,0.0,0.0,0.0,0.0,0.0,0.0,0.8,0.0,0.8,-0.8,0.0,0.8,0.0,0.0,1.6,-0.8,1.6,0.8,-0.8,0.0,0.8,0.8,0.8,0.8,-0.8,0.8,0.8,-1.6,1.6,0.8,-0.8,-0.8,-0.8,0.8,-0.8,0.8,0.8,0.8,0.0,0.0,1.6,0.8,-0.8,1.6,-0.8,0.8,0.8,-0.8,0.8,-0.8,0.0,0.0,-0.8,3.2,1.6,0.0,0.0,0.8,0.8,1.6,0.8,0.0,0.8,1.6,-2.4000000000000004,0.0,0.8,0.8,0.0,0.0,1.6,0.8,-0.8,0.0,0.8,0.8,-0.8,0.0,0.8,-0.8,-0.8,0.0,1.6,0.0,-0.8,0.8,1.6,0.0,-0.8,0.8,1.6,0.8,0.0,0.8,1.6,2.4000000000000004,0.0,1.6,0.8,0.8,0.0,-0.8,0.8,0.0,-0.8,2.4000000000000004,0.8,1.6,0.0,0.8,0.0,0.0,-0.8,1.6,0.8,0.8,0.8,1.6,0.0,0.8,0.0,0.0,0.8,0.0,1.6,0.8,-0.8,-0.8,0.8,1.6,-0.8,-0.8,1.6,0.8,-0.8,0.0,-0.8,0.8,0.8,-1.6,1.6,0.8,0.0,1.6,0.0,0.8,0.8,0.0,0.8,-0.8,0.0,0.0,1.6,0.8,0.0,1.6,0.0,1.6,1.6,-0.8,0.0,-0.8,-0.8,0.0,-0.8,1.6,0.8,1.6,0.8,0.8,0.8,0.8,0.8,0.8,0.0,0.0,-0.8,0.8,0.0,1.6,0.0,0.8,0.8,-0.8,0.0,0.8,0.0,0.0,0.8,0.8,1.6,-0.8,1.6,0.8,1.6,1.6,0.8,0.8,0.8,0.8
event_153,1625267080.0322099,0.0,1.6,0.0,-0.8,-0.8,0.0,0.0,0.8,0.8,0.8,0.0,0.8,0.0,-0.8,0.8,0.0,-1.6,0.0,0.8,0.8,-0.8,0.0,0.8,-0.8,0.8,-1.6,-0.8,1.6,0.0,0.0,1.6,0.8,0.8,-0.8,0.8,0.8,0.8,0.8,0.8,0.8,-0.8,0.0,0.0,0.0,0.8,-0.8,-0.8,1.6,-1.6,1.6,0.8,0.0,0.8,0.0,1.6,0.0,1.6,0.0,0.0,2.4000000000000004,-0.8,0.0,1.6,0.0,1.6,-0.8,0.0,0.0,0.0,0.8,0.0,0.8,-0.8,-1.6,0.8,-0.8,1.6,-0.8,0.0,1.6,0.0,0.0,-0.8,0.0,1.6,0.8,0.0,0.0,-0.8,1.6,0.8,1.6,0.8,0.8,0.8,0.0,0.0,0.8,1.6,0.0,0.0,0.0,-4.0,-49.60000000000001,-130.4,-108.80000000000001,-48.800000000000004,-20.800000000000004,-12.0,-4.0,0.0,-6.4,-8.0,-4.800000000000001,-7.200000000000001,-4.800000000000001,1.6,0.8,-0.8,0.0,-0.8,-0.8,-0.8,0.0,0.0,-2.4000000000000004,0.8,1.6,-2.4000000000000004,-0.8,0.8,0.0,-0.8,-1.6,1.6,0.8,-1.6,0.8,1.6,0.0,-0.8,0.0,0.8,0.8,0.8,0.0,0.8,0.8,1.6,0.8,0.0,1.6,0.0,0.0,0.8,0.8,0.8,0.8,0.8,1.6,-0.8,0.8,0.0,0.0,0.0,0.8,0.8,-0.8,0.0,2.4000000000000004,0.0,1.6,-0.8,0.0,0.0,0.0,0.0,0.0,-0.8,0.8,-0.8,0.8,0.0,0.8,0.8,0.0,0.8,-0.8,0.8,0.8,-0.8,1.6,0.0,0.0,-0.8,-0.8,0.8,0.0,0.0,0.8,-0.8,0.0,-1.6,1.6,-0.8,0.0,0.0,0.0,0.0,1.6,0.0,0.8,0.0,0.0,-1.6,0.0,0.8,0.8,0.8,0.0,1.6,0.8,0.0,1.6,0.0,0.0,0.0,0.8,1.6,0.0,0.0,0.0,0.8,1.6,0.0,0.0,0.0,0.8,-0.8,0.0,0.8,0.0,0.8,0.0,0.8,1.6,0.8,0.8,0.8,1.6,0.8,0.0,-0.8,0.8,3.2,-0.8,0.0,2.4000000000000004,0.8,-0.8,0.8,1.6,0.0,-0.8,-0.8,0.0,1.6,-0.8,0.8,1.6,0.0,0.0,0.0,0.8,1.6,-0.8,0.8,0.8,0.8,-0.8,-0.8,1.6,0.8,0.0,0.0,0.0,-0.8,0.0,1.6,0.0,0.0,0.0,0.8,1.6,0.0,0.8,1.6,-0.8,0.8,0.0,0.8,1.6,-1.6,0.8,0.0,0.8,0.0,-0.8,0.8,0.8,0.0,1.6,0.0,0.0,0.0,1.6,0.8,0.0,0.8,0.8,1.6,0.8,-0.8,0.0,0.0,0.0,0.0,0.0,1.6,0.8,0.8,1.6,0.8,0.0,0.0,1.6,0.8,-0.8,0.8,-0.8,0.0,0.0,0.0,0.0,1.6,-0.8,0.0,1.6,0.0,0.0,0.0,0.8,0.0,0.8,0.8,0.0,0.8,0.8,0.0,1.6,0.8,0.8,0.0,0.8,-0.8,0.8,0.8,0.0,1.6,-0.8,0.0,1.6,0.0,1.6,0.0,1.6,-0.8,0.8,0.8,-0.8,0.0,0.8,1.6,0.8,-0.8,0.0,1.6,0.0,0.8,-0.8,0.8,0.0,0.0,0.8,0.8,0.8,0.8,0.8,1.6,-0.8,0.8,0.8,-0.8,0.8,0.0,1.6,0.0,0.8,0.0,-0.8,1.6,0.8,0.0,0.8,1.6,1.6,-0.8,1.6,1.6,0.0,1.6,-0.8,-0.8,1.6,-0.8,-0.8,0.8,0.8,1.6,0.8,0.8,0.8,1.6,0.0,0.0,0.0,0.0,0.8,0.8,0.8,0.0,0.0,0.8,0.8,0.8,1.6,0.8,0.0,0.0,-0.8,0.0,0.8,0.8,0.8,1.6,0.8,1.6,0.0,0.8,0.8,0.8,0.0,-1.6,0.0,0.0,-0.8,1.6,0.8,1.6,-0.8,0.0,0.8,-0.8,0.0,0.0,0.8,0.8,0.0,0.0,0.0,0.8,0.0,-1.6,0.0,-1.6,1.6,2.4000000000000004,-0.8,2.4000000000000004,-0.8,0.0,0.0,-1.6,1.6,0.8,0.0,0.8,0.0,0.0,-1.6,0.8,-0.8,0.0,0.8,-0.8,2.4000000000000004,0.0,1.6,1.6,0.8,0.8,-0.8,0.8,2.4000000000000004,-0.8,0.8,0.8,0.8,0.0,0.0,-0.8,-0.8,1.6,0.0,-0.8,1.6,0.8,0.0,-0.8,0.8,1.6,0.0,0.8,0.0,0.8,-0.8,-0.8,0.8,0.0,0.8,0.0,0.0,1.6,0.8,0.0,0.8,0.8,0.0,-0.8,0.8,0.0,0.8,0.0,0.0,1.6,0.0,0.8,0.8,0.0,0.0,-0.8,0.0,0.0,0.0,0.0,2.4000000000000004,0.8,0.8,-0.8,0.8,0.0,0.8,0.0,0.8,0.0,0.0,0.8,-1.6,-0.8,1.6,0.0,-0.8,1.6,-0.8,1.6,1.6,-0.8,-0.8,2.4000000000000004,-0.8,-0.8,0.8,0.0,0.8,0.0,0.8,-0.8,-2.4000000000000004,0.0,-0.8,0.8,-0.8,0.8,0.8,-0.8,1.6,0.0,0.0,0.8,0.8,0.8,-0.8,2.4000000000000004,0.8,-0.8,1.6,-1.6,0.0,0.0,-1.6,0.8,0.0,0.0,0.0,0.0,0.8,-0.8,1.6,0.8,0.0,1.6,-0.8,1.6,0.0,-0.8,0.0,-0.8,0.8,0.0,0.8,0.8,0.0,2.4000000000000004,0.8,0.0,0.8,-0.8,0.8,0.8,0.8,1.6,0.0,0.8,0.0,0.8,0.0,0.8,0.8,0.0,0.0,0.0,-0.8,0.0,0.0,1.6,0.8,0.0,0.8,0.0,0.0,0.8,-1.6,0.8,0.0,1.6,0.0,0.0,0.8,0.0,0.8,-0.8,0.8,0.0,0.8,0.8,0.8,0.0,0.8,0.0,0.8,0.8,0.0,0.8,0.0,0.0,0.0,-0.8,0.0,0.8,0.8,0.0,0.8,0.8,0.0,0.0,0.8,-0.8,0.8,0.8,-1.6,1.6,0.8,0.8,0.0,0.0,0.8,0.0,1.6,-0.8,-1.6,0.8,0.0,0.8,1.6,0.0,1.6,-0.8,0.8,0.8,0.0,0.0,0.0,0.8,-0.8,-0.8,0.8,0.0,1.6,0.0,0.0,0.8,-0.8,0.8,0.0,-0.8,0.8,-0.8,0.8,-0.8,1.6,0.8,0.0,0.8,1.6,-0.8,-0.8,0.8,1.6,-0.8,-0.8,0.8,-0.8,-1.6,0.0,2.4000000000000004,-0.8,0.0,0.8,0.0,1.6,-0.8,0.0,0.8,0.0,0.0,0.0,0.8,0.0,-0.8,-0.8,-0.8,0.0,0.8,-0.8,0.0,0.8,-0.8,0.8,0.0,-2.4000000000000004,0.8,0.8,0.0,-0.8,-0.8,-1.6,0.8,0.8,-0.8,-0.8,0.0,-0.8,0.0,0.8,-0.8,0.8,-0.8,0.0,-1.6,0.0,1.6,-0.8,0.0,-0.8,0.8,0.0,-0.8,0.8,-0.8,1.6,0.8,-0.8,2.4000000000000004,0.8,0.8,0.0,0.8,1.6,0.0,0.0,0.0,0.8,0.8,0.0,0.8,0.8,-0.8,0.0,0.8,0.8,0.0,0.8,2.4000000000000004,0.0,0.8,-0.8,-0.8,0.8,0.8,0.8,-0.8,0.8,1.6,0.0,0.8,-0.8,0.8,-0.8,-0.8,0.0,0.0,-0.8,1.6,0.0,0.8,0.0,0.0,-0.8,0.8,0.0,0.0,0.8,0.0,0.0,-0.8,0.0,0.8,0.8,0.8,0.8,-0.8,0.8,0.0,0.0,0.0,-0.8,0.8,-0.8,-0.8,0.8,0.8,-0.8,0.0,0.8,-1.6,0.8,0.0,0.0,-0.8,0.0,0.8,0.0,0.0,0.0,0.0,1.6,-1.6,0.0,0.0,1.6,0.8,0.0,0.0,0.0,0.8,0.8,-0.8,0.8,0.0,0.8,0.8,0.8,1.6,0.0,0.8,0.0,0.0,1.6,0.0,0.8,1.6,-0.8,0.8,0.0,0.0,0.0,0.0,0.0,0.0,0.8,-0.8,0.8,0.8,0.0,0.8,0.0,0.0,1.6,-1.6,1.6,0.0,2.4000000000000004,0.0,0.0,0.8,-0.8,0.0,-0.8,-0.8,0.8,-1.6,1.6,0.0,0.0,0.8,0.0,1.6,0.0,-0.8,0.8,-0.8,1.6,-0.8,-0.8,0.8,-0.8,-0.8,0.0,0.0,0.0,0.8,0.8,0.0,-0.8,1.6,-0.8,0.0,0.8,-0.8,0.8,0.0,0.0,-0.8,0.0,-0.8,0.8,0.0,0.8,0.0,0.0,0.8,1.6,0.0,0.0,0.0,0.8,-0.8,0.0,1.6,-0.8,0.0,0.0,0.0,0.0,0.8,0.0,-1.6,0.8,-0.8,-0.8,0.8,0.0,0.8,0.0,0.8,0.8,0.8,0.0,0.0,0.8,0.0,0.0,0.8,-0.8,0.8,0.0,0.8,1.6,0.0,0.8,0.0,0.0,0.8,-1.6,1.6,0.0,1.6,0.0,0.0,2.4000000000000004,1.6,1.6,1.6,-0.8,2.4000000000000004,-0.8,0.0,0.0,0.0,1.6,-0.8,0.8,0.0,-1.6,0.8,-1.6,0.8,-0.8,0.0,0.8,-0.8,0.8,-0.8,0.8,1.6,0.0,1.6,-0.8,-0.8,1.6,0.0,-0.8,0.0,0.8,0.8,-0.8,0.0,-0.8,0.8,0.0,-0.8,-0.8,-0.8,0.0,0.0,-0.8,0.8,0.0,0.0,0.0,0.8,0.8,-0.8,1.6,-0.8,-0.8,0.8,1.6,0.8,-0.8,0.8,0.0,0.0,0.0,-0.8,-0.8,1.6,0.0,0.0,0.0,0.0,-0.8,0.0,0.0,0.8,0.0,0.8,0.0,0.0,0.0,0.0,0.0,0.8,-0.8,0.0,-0.8,0.8,0.0,0.0,0.8,-0.8,0.0,-1.6,0.0,0.8,0.8,0.0,0.0,0.0,0.8,-2.4000000000000004,0.0,0.0,0.0,-0.8,-0.8,0.0,0.0,0.0,0.0,0.0,0.8,-0.8,0.8,-0.8,0.0,0.0,0.0,0.8,0.0,0.0,0.8,-0.8,0.8,-0.8,0.8,0.8,-0.8,1.6,0.0,-0.8,0.8,-0.8,0.0,0.0,-0.8,1.6,0.0,-0.8,0.0,0.0,-0.8,-0.8,0.8,0.8,-0.8,1.6,0.0,-1.6,0.0,0.0,-0.8,0.8,-0.8,-0.8,-0.8,0.0,0.0,0.0,0.8,0.8,0.0,0.8,-0.8,-0.8,0.0,1.6,-1.6,-0.8,0.0,0.0,-0.8,0.8,0.8,0.8,0.8,0.8,0.8,-0.8,-0.8,0.8,0.0,0.0,0.0,0.0,0.8,0.8,0.0,0.0,0.8,0.0,1.6,0.0,0.0,1.6,-0.8,0.8,0.8,0.8,0.8,0.0,0.8,0.8,0.0,-0.8,0.0,0.0,-0.8,0.8,0.8,0.0,-0.8,0.0,0.0,0.0,-0.8,0.0,0.0,0.8,0.8,0.0,0.8,0.0,1.6,-0.8,0.0,-1.6,0.0,1.6,-0.8,0.0,-0.8,-0.8,-0.8,-0.8,0.8,0.8,-0.8,0.8,-0.8,0.0,0.0,0.0,0.8,0.0,0.0,0.8,-0.8,0.8,1.6,-0.8,0.0,-1.6,-0.8,-1.6,0.8,0.8,0.0,0.8,-1.6,0.0,3.2,-0.8,-3.2,1.6,3.2,-2.4000000000000004,-0.8,2.4000000000000004,-0.8,-1.6,0.0,1.6,-0.8,-2.4000000000000004,0.0,0.8,-1.6,-1.6,0.8,0.8,0.0,-1.6,0.0,2.4000000000000004,0.8,0.8,0.8,0.0,0.0,0.0,1.6,-0.8,0.8,-0.8,0.0,0.8,0.8,0.0,1.6,-0.8,0.8,0.0,-0.8,0.8,-0.8,0.8,-0.8,0.0,0.0,-1.6,0.8,-0.8,1.6,-0.8,0.8,1.6,0.0,0.0,-0.8,0.0,1.6,-1.6,0.8,-0.8,-0.8,0.8,0.0,-0.8,-0.8,0.0,0.8,-0.8,0.8,-0.8,1.6,-0.8,-0.8,1.6,-1.6,0.0,0.0,-0.8,1.6,-0.8,0.8,-0.8,0.8,0.8,-1.6,1.6,-0.8,-1.6,-0.8,-0.8,0.0,0.0,0.0,0.8,-0.8,2.4000000000000004,-1.6,-1.6,0.8,-1.6,-0.8,0.0,0.0,0.8,-0.8,-0.8,0.0,0.0,0.8,0.8,0.8,-0.8,0.0,0.0,0.0,0.8,0.0,0.8,0.8,-0.8,0.8,0.8,0.8,0.0,-0.8,0.8,0.8,0.8,0.0,0.8,1.6,0.8,0.0,1.6,0.8,0.0,-0.8,-0.8,0.0,-0.8,-0.8,0.8,-0.8,0.0,-0.8,0.0,0.0,-0.8,0.0,0.0,-0.8,0.8,0.8,0.0,0.8,0.8,0.0,0.0,0.8,-0.8,0.8,1.6,0.0,1.6,-0.8,0.0,-0.8,-0.8,0.8,0.0,0.0,0.0,-0.8,-0.8,-0.8,0.0,0.0,-0.8,0.8,0.8,-0.8,0.0,0.0,0.8,-0.8,0.0,-0.8,-0.8,2.4000000000000004,-0.8,0.8,-1.6,0.8,-0.8,-0.8,0.8,-2.4000000000000004,0.8,0.0,-2.4000000000000004,0.8,-0.8,0.8,0.0,-1.6,0.8,-1.6,0.8,0.0,0.0,0.0,-0.8,0.0,-0.8,-0.8,0.0,-0.8,1.6,0.8,0.0,1.6,0.8,0.0,-0.8,0.8,0.0,1.6,2.4000000000000004,0.8,0.8,1.6,-0.8,1.6,0.0,0.8,0.8,-0.8,0.0,-0.8,0.0,0.8,0.0,0.0,0.0,0.8,0.0,1.6,0.0,0.0,-0.8,0.0,-0.8,-1.6,0.8,0.0,0.8,0.8,-0.8,0.0,1.6,0.8,-0.8,0.8,0.0,0.0,0.0,-0.8,1.6,1.6,-0.8,1.6,-0.8,0.0,-0.8,-0.8,0.8,-0.8,0.0,0.8,-0.8,0.8,-0.8,0.0,1.6,-0.8,-0.8,0.0,0.8,0.0,0.8,0.0,0.8,1.6,0.8,-0.8,0.8,0.0,0.0,0.0,0.8,0.8,0.0,1.6,-0.8,1.6,1.6,0.0,0.0,0.0,-0.8,0.0,0.0,0.8,0.0,0.8,0.0,0.8,0.8,0.8,0.8,0.0,0.0,0.0,0.0,0.8,2.4000000000000004,-1.6,0.0,2.4000000000000004,0.0,-0.8,1.6,0.0,0.0,0.8,-0.8,-0.8,1.6,0.0,1.6,1.6,0.0,-0.8,0.0,0.0,0.0,-0.8,0.0,0.0,0.8,-1.6,0.0,0.8,0.8,0.0,0.0,0.0,0.0,0.8,0.8,1.6,0.0,0.8,0.0,-0.8,0.0,0.0,0.8,-0.8,-0.8,0.0,-1.6,0.0,0.8,0.8,0.0,-0.8,0.8,0.0,0.0,1.6,-0.8,1.6,0.0,-1.6,0.0,-0.8,0.0,-0.8,0.0,2.4000000000000004,0.0,1.6,-0.8,0.0,1.6,-0.8,0.8,0.8,0.8,0.8,0.0,0.8,0.8,-0.8,0.0,0.8,1.6,-0.8,0.8,0.8,-0.8,0.0,0.0,0.8,0.8,0.8,0.8,0.0,0.8,0.8,-0.8,0.8,-0.8,2.4000000000000004,0.0,0.0,2.4000000000000004,0.8,1.6,0.0,0.0,0.8,0.0,0.8,-0.8,0.8,0.0,0.8,1.6,0.8,0.0,0.0,0.8,0.8,-1.6,0.8,0.0,1.6,0.0,0.0,-0.8,0.0,0.0,-0.8,0.8,-0.8,0.8,0.8,-0.8,0.0,-0.8,0.0,0.0,0.0,0.8,0.0,0.0,0.8,-0.8,0.0,0.0,0.8,0.0,-0.8,1.6,0.0,0.0,0.8,0.0,0.0,0.0,0.0,-1.6,0.0,1.6,-0.8,1.6,0.0,0.8,0.0,0.0,0.8,0.0,0.8,0.8,0.0,0.8,0.0,0.8,0.0,-0.8,0.0,-1.6,0.0,0.0,-0.8,-0.8,-0.8,0.8,0.0,-1.6,0.8,-1.6,1.6,0.0,0.0,0.8,-0.8,0.8,0.0,0.8,0.8,1.6,0.8,1.6,0.0,0.8,-0.8,0.8,0.0,0.0,-0.8,-0.8,1.6,0.0,1.6,0.8,0.8,2.4000000000000004,-0.8,-0.8,0.0,0.8,-0.8,0.8,0.8,0.8,0.0,0.8,-0.8,0.8,0.8,0.0,0.8,-0.8,1.6,0.0,0.0,0.0,0.8,1.6,0.0,0.0,0.8,0.0,0.8,0.8,-0.8,-1.6,0.8,0.0,0.0,-1.6,-0.8,0.8,-0.8,0.8,1.6,-0.8,0.0,0.0,-0.8,0.0,0.8,0.8,0.8,0.8,1.6,0.8,1.6,0.8,0.0,0.8,-0.8,-0.8,0.8,1.6,0.0,0.0,0.8,0.0,0.8,0.0,0.0,0.0,-0.8,0.0,-0.8,0.8,-0.8,0.0,1.6,0.0,1.6,0.0,0.8,0.8,0.8,0.0,-0.8,0.8,0.8,-0.8,1.6,0.0,1.6,0.8,0.0,1.6,0.0,0.8,0.8,-0.8,1.6,-0.8,2.4000000000000004,0.8,0.0,0.8,0.0,0.0,-0.8,0.0,1.6,-0.8,2.4000000000000004,-0.8,0.8,0.0,0.0,0.8,0.0,0.0,0.0,0.8,1.6,-0.8,0.8,0.8,0.8,0.0,-0.8,1.6,0.8,0.0,0.8,0.0,-0.8,0.8,0.8,0.8,0.8,0.8,0.8,0.8,0.0,0.8,0.0,0.8,0.0,-0.8,0.8,1.6,0.8,0.0,0.0,1.6,-0.8,1.6,-0.8,0.8,1.6,0.0,0.0,0.8,0.0,0.8,0.0,0.8,0.8,0.8,0.8,0.8,2.4000000000000004,-0.8,0.0,-0.8,0.0,1.6,-0.8,1.6,0.8,0.8,1.6,0.0,0.8,0.0,-0.8,0.8,0.8,1.6,0.0,0.0,2.4000000000000004,2.4000000000000004,0.8,0.0,2.4000000000000004,0.8,-3.2,0.8,0.8,-2.4000000000000004,-0.8,2.4000000000000004,0.0,0.0,0.0,0.0,0.0,0.8,-0.8,1.6,0.8,0.0,0.8,0.8,1.6,1.6,-0.8,0.8,0.8,0.0,0.0,0.8,0.8,0.0,0.8,1.6,-0.8,-0.8,0.8,0.8,0.8,0.0,0.8,0.0,0.0,0.8,0.8,0.0,0.0,0.8,-0.8,0.8,0.8,0.0,0.8,0.0,-0.8,-0.8,0.0,0.8,0.0,0.0,1.6,0.8,0.8,-0.8,0.0,0.8,0.8,0.0,0.0,0.0,0.8,0.0,0.0,0.8,0.0,0.8,0.0,0.0,0.8,0.0,0.8,0.8,-0.8,1.6,0.0,0.0,-0.8,0.8,2.4000000000000004,-0.8,1.6,0.8,0.8,0.8,0.8,0.0,0.0,0.8,0.8,0.0,0.8,-0.8,0.8,0.0,-0.8,0.0,0.0,0.0,0.8,-0.8,1.6,-0.8,0.0,0.8,-0.8,1.6,-0.8,1.6,0.8,-0.8,0.8,0.0,1.6,0.0,0.0,2.4000000000000004,-0.8,2.4000000000000004,0.8,0.0,0.0,0.0,0.0,0.0,0.0,1.6,-0.8,0.0,-0.8,0.8,0.0,0.0,0.8,0.0,0.0,0.8,0.0,0.8,0.0,0.8,0.0,0.8,0.0,-0.8,0.8,0.8,0.8,0.0,0.0,0.8,0.8,0.0,0.0,0.0,1.6,-0.8,0.0,0.8,1.6,0.8,0.8,1.6,-0.8,0.8,0.0,0.8,1.6,-1.6,0.8,0.0,0.0,1.6,0.8,0.8,1.6,0.8,0.8,0.0,0.8,0.0,-0.8,1.6,0.0,2.4000000000000004,0.8,0.8,0.0,0.0,0.8,0.8,0.8,0.0,0.8,0.0,0.0,0.8,-1.6,1.6,0.8,1.6,0.8,0.8,0.8,1.6,-0.8,1.6,0.0,0.8,0.8,0.8,0.8,0.0,0.8,0.0,0.0,0.0,0.0,1.6,0.0,0.0,0.0,-0.8,1.6,-0.8,0.0,0.8,0.0,1.6,0.8,0.0,0.8,0.8,0.0,0.0,0.0,0.8,0.8,1.6,0.8,0.0,0.8,-0.8,-0.8,0.0,0.8,0.8,-0.8,0.8,0.8,0.8,0.0,0.0,0.0,0.0,0.0,-0.8,0.0,0.0,0.0,0.0,0.0,0.8,0.8,-0.8,0.8,0.8,0.0,-0.8,0.0,0.0,0.0,0.0,-0.8,1.6,0.8,0.0,0.0,0.0,0.8,0.8,1.6,0.8,2.4000000000000004,0.8,0.0,0.0,1.6,-1.6,0.8,0.0,0.0,0.8,0.8,-0.8,1.6,0.0,0.8,1.6,0.0,0.0,0.8,0.0,0.8,-0.8,0.8,0.8,0.8,0.8,0.0,-0.8,0.8,-0.8,1.6,0.0,0.0,2.4000000000000004,0.0,1.6,0.8,0.8,0.8,-0.8,0.8,0.8,0.8,0.0,-0.8,0.8,-1.6,0.8,0.8,0.8,1.6,0.0,0.8,0.0,0.0,0.8,-0.8,0.0,-1.6,-0.8,1.6,0.0,0.8,-0.8,0.0,1.6,-0.8,0.8,-0.8,0.0,1.6,0.0,1.6,0.0,0.8,0.8,0.0,1.6,0.8,1.6,0.8,0.0,0.0,0.0,0.0,0.0,1.6,0.8,0.8,0.0,0.8,0.0,0.0,0.8,0.0,-0.8,-0.8,0.8,0.8,1.6,0.8,0.0,0.8,1.6,0.0,0.8,0.0,1.6,-0.8,-1.6,0.8,0.0,0.0,1.6,0.8,1.6,0.0,0.8,0.8,0.0,-1.6,-0.8,0.0,0.8,0.0,1.6,-1.6,0.8,1.6,-0.8,1.6,0.0,0.8,0.8,1.6,0.8,-0.8,1.6,0.8,-1.6,0.8,-0.8,1.6,-0.8,0.0,1.6,0.8,0.0,0.0,1.6,0.8,-0.8,0.8,0.8,0.8,-0.8,-0.8,0.8,0.8,-0.8,0.0,0.0,0.8,0.0,1.6,0.0,0.0
event_154,1625267082.1893334,-1.6,0.8,0.8,0.8,0.8,0.8,0.8,0.0,0.0,0.8,0.0,-0.8,1.6,0.8,0.0,0.0,0.8,0.8,-0.8,0.0,0.0,0.0,0.0,-0.8,0.0,-0.8,0.0,0.0,1.6,0.8,0.0,1.6,0.8,-0.8,0.0,0.0,1.6,0.0,-0.8,0.8,0.8,1.6,0.0,-0.8,0.0,-0.8,0.0,-0.8,0.0,0.8,0.8,1.6,0.0,0.8,0.0,0.0,0.8,-0.8,0.0,0.0,0.0,0.8,-0.8,1.6,-0.8,0.8,0.0,-0.8,1.6,-0.8,0.0,0.8,0.0,0.0,0.0,0.0,0.0,-0.8,1.6,-0.8,0.0,0.0,0.8,0.8,-0.8,0.0,0.8,0.0,1.6,0.0,0.0,-0.8,-0.8,0.8,1.6,0.0,0.8,-0.8,1.6,-0.8,0.0,0.0,-8.0,-42.4,-54.400000000000006,-30.4,-12.8,-4.800000000000001,-2.4000000000000004,0.0,-2.4000000000000004,-4.800000000000001,-2.4000000000000004,-0.8,-1.6,0.0,0.8,-0.8,0.0,0.0,-1.6,0.8,-0.8,0.0,-0.8,0.8,3.2,-0.8,0.8,0.8,0.0,2.4000000000000004,-1.6,0.0,0.8,1.6,0.8,-0.8,0.8,2.4000000000000004,0.0,0.8,0.8,-1.6,0.0,2.4000000000000004,-0.8,-1.6,4.0,0.8,-1.6,1.6,1.6,0.8,0.8,0.8,0.0,0.8,0.0,-2.4000000000000004,1.6,1.6,-1.6,0.8,0.8,1.6,0.0,0.0,1.6,0.0,-0.8,0.0,0.8,1.6,-0.8,1.6,1.6,1.6,-0.8,0.8,0.8,0.0,-0.8,0.0,-0.8,0.0,0.0,0.8,1.6,0.0,-0.8,0.0,0.8,0.8,-1.6,0.8,0.8,0.8,-0.8,-0.8,0.8,0.8,0.0,0.0,-0.8,-0.8,0.8,1.6,0.0,0.8,0.0,0.0,0.0,-0.8,0.8,1.6,-0.8,0.0,0.0,-1.6,0.8,-0.8,0.8,-0.8,0.0,0.0,0.0,0.8,0.8,-0.8,2.4000000000000004,0.0,-1.6,1.6,0.0,0.8,0.0,0.0,0.8,-0.8,1.6,-0.8,-1.6,0.0,-1.6,0.0,0.8,0.8,1.6,-0.8,0.0,0.8,0.8,0.8,0.0,0.8,0.0,-0.8,-0.8,0.0,0.8,0.0,0.0,0.8,-0.8,0.8,0.8,0.0,0.8,-1.6,0.8,0.8,1.6,1.6,0.0,0.8,0.0,1.6,0.8,-0.8,0.8,0.0,-0.8,0.0,-0.8,0.8,0.8,0.0,1.6,-1.6,0.0,-0.8,0.8,-0.8,0.8,0.8,0.8,0.8,-0.8,0.8,0.8,-0.8,0.0,0.0,0.0,1.6,0.0,0.8,-0.8,0.0,0.0,-0.8,0.0,0.8,0.8,0.0,0.8,0.0,-2.4000000000000004,0.0,0.0,0.0,-0.8,-0.8,0.8,0.8,0.8,0.0,0.0,0.0,-0.8,-0.8,0.0,0.8,0.8,-0.8,0.8,1.6,0.8,0.0,-0.8,0.8,0.0,0.0,-0.8,0.0,0.0,0.8,0.8,0.0,0.8,0.8,-0.8,0.8,-0.8,0.0,-0.8,0.0,0.0,-0.8,0.8,-0.8,0.8,1.6,0.0,0.8,-0.8,0.0,0.0,-0.8,0.0,1.6,0.0,0.0,0.0,1.6,-0.8,0.8,0.8,0.8,0.8,-0.8,0.0,0.0,-1.6,0.8,-0.8,0.8,-0.8,-0.8,0.8,0.8,0.8,0.8,0.0,2.4000000000000004,-1.6,1.6,0.0,0.0,0.8,-0.8,1.6,0.0,1.6,0.8,-0.8,0.8,0.0,0.0,0.8,-1.6,1.6,0.0,0.0,0.0,-0.8,-0.8,-0.8,0.0,0.8,0.0,0.0,0.8,0.8,0.8,0.0,0.8,-0.8,0.0,-1.6,1.6,1.6,0.0,-0.8,0.0,0.8,1.6,0.8,0.8,-1.6,0.8,0.0,0.0,0.8,0.0,0.8,1.6,0.0,0.8,0.8,0.0,0.8,0.0,0.0,-0.8,0.8,0.0,0.0,0.0,0.0,1.6,0.8,0.0,0.8,0.8,0.8,-0.8,0.0,-0.8,1.6,-0.8,0.0,1.6,0.8,0.0,0.0,0.0,0.8,0.0,0.0,-0.8,-0.8,-0.8,0.8,0.8,0.0,-0.8,0.8,0.8,1.6,-0.8,0.0,0.8,0.0,0.0,-0.8,0.0,-0.8,0.0,0.0,-0.8,0.8,0.0,0.8,1.6,0.0,2.4000000000000004,0.0,0.0,0.0,-0.8,2.4000000000000004,-0.8,1.6,0.8,-0.8,0.8,0.0,0.8,0.8,-0.8,0.8,0.0,0.8,0.0,0.0,1.6,-1.6,0.0,0.8,0.8,0.8,0.0,0.8,0.8,1.6,0.8,-0.8,0.8,0.8,0.8,0.0,0.8,2.4000000000000004,0.8,0.8,0.8,0.0,1.6,0.8,0.0,0.8,0.0,0.8,-1.6,1.6,2.4000000000000004,0.0,0.0,0.0,0.8,1.6,0.8,0.8,1.6,0.0,0.0,1.6,1.6,0.8,0.8,0.8,0.8,0.0,1.6,0.0,0.8,0.0,-0.8,0.0,0.8,-0.8,0.8,0.0,0.0,0.8,0.8,0.0,1.6,0.0,0.8,0.8,0.0,0.0,-0.8,-0.8,1.6,0.8,0.0,0.0,-0.8,0.8,-0.8,0.8,-0.8,0.8,0.8,-1.6,0.0,0.0,1.6,0.8,0.0,0.8,-1.6,0.0,0.0,-0.8,0.8,0.0,0.8,-1.6,0.0,0.8,0.0,0.8,0.0,-0.8,0.8,0.8,0.8,0.8,1.6,0.8,0.0,0.8,0.0,-0.8,0.8,0.8,0.8,0.0,1.6,0.8,0.0,0.8,0.8,-0.8,0.8,0.0,1.6,0.8,0.8,0.0,0.8,-0.8,0.0,0.8,1.6,0.0,0.0,0.0,0.8,1.6,-0.8,1.6,0.8,1.6,0.0,0.0,1.6,0.8,0.0,0.8,-0.8,1.6,-0.8,0.0,0.0,0.0,0.0,1.6,0.0,0.8,0.8,0.8,0.8,0.8,-0.8,0.8,-0.8,0.8,-0.8,-0.8,0.0,-0.8,0.0,0.0,0.8,-0.8,0.8,0.8,0.0,0.8,-0.8,-0.8,0.0,-2.4000000000000004,2.4000000000000004,0.0,-0.8,0.8,-0.8,0.8,-1.6,0.0,1.6,-0.8,1.6,0.0,1.6,0.8,0.0,0.8,0.0,0.8,-0.8,0.0,0.8,0.0,0.8,0.0,0.0,0.8,-0.8,0.8,-1.6,0.8,0.8,-0.8,0.8,0.8,1.6,1.6,-0.8,2.4000000000000004,-0.8,-1.6,0.0,0.0,0.8,-0.8,-0.8,0.0,0.0,0.8,-0.8,1.6,0.0,0.0,0.8,0.8,0.8,-1.6,0.0,2.4000000000000004,0.0,0.8,0.0,0.0,0.8,-0.8,1.6,-1.6,0.8,0.0,-0.8,0.0,-0.8,-0.8,0.8,0.8,1.6,-0.8,0.8,0.0,0.0,0.0,0.0,0.0,0.8,-0.8,0.8,-0.8,0.8,0.8,0.8,0.8,-0.8,1.6,0.0,0.0,-0.8,0.8,0.0,-0.8,-0.8,0.0,0.8,-0.8,-0.8,-0.8,-0.8,0.8,0.0,-0.8,0.0,-0.8,0.0,0.0,0.8,0.0,0.0,0.8,0.0,-0.8,-0.8,0.0,1.6,-0.8,0.8,0.0,0.0,2.4000000000000004,-0.8,0.0,0.8,0.0,0.8,0.0,0.0,0.8,0.8,-0.8,1.6,1.6,-0.8,0.0,0.0,-2.4000000000000004,0.0,-1.6,0.8,0.8,0.0,0.8,0.8,0.8,0.8,0.0,1.6,0.0,-0.8,0.0,0.0,2.4000000000000004,-1.6,0.8,0.8,0.0,0.0,-0.8,0.8,0.0,-0.8,0.8,-0.8,1.6,0.0,0.0,1.6,0.8,0.0,-0.8,0.0,0.8,-1.6,0.8,0.0,0.8,0.0,-1.6,0.0,0.0,0.0,0.0,-0.8,0.8,0.8,1.6,-0.8,0.0,0.8,-0.8,0.0,0.8,0.8,1.6,-0.8,0.0,0.0,-0.8,0.0,0.8,0.0,0.0,0.0,0.8,0.0,0.0,0.0,0.0,0.0,-0.8,0.0,0.0,0.8,-0.8,0.0,0.8,1.6,0.8,0.8,0.8,0.0,0.8,1.6,0.8,0.0,0.0,0.0,-0.8,0.0,0.8,-0.8,0.8,-0.8,0.8,0.0,-0.8,0.0,0.8,0.8,-0.8,-0.8,1.6,0.0,0.8,0.0,0.0,0.0,0.0,1.6,0.0,1.6,0.8,-1.6,2.4000000000000004,0.8,-0.8,1.6,0.8,1.6,-1.6,-0.8,0.8,0.0,0.8,0.8,1.6,0.8,-1.6,1.6,-1.6,0.8,0.0,0.0,0.8,0.0,0.8,-0.8,-0.8,0.8,0.8,0.8,0.8,-1.6,1.6,0.8,0.8,-0.8,0.0,0.8,0.0,0.8,0.8,0.0,0.8,-0.8,0.0,-0.8,0.8,0.8,0.8,0.0,0.0,0.0,0.0,0.8,0.8,0.0,0.0,0.0,-0.8,0.8,1.6,0.8,0.8,0.8,0.8,0.0,0.8,1.6,0.0,0.8,0.0,0.0,0.8,0.0,0.0,-0.8,0.8,0.8,0.0,0.0,0.0,0.8,0.0,-0.8,0.8,-0.8,0.0,-0.8,0.0,2.4000000000000004,0.8,1.6,0.8,0.0,0.8,0.0,0.0,0.0,1.6,0.0,0.8,0.8,0.8,0.0,1.6,0.0,1.6,0.8,-0.8,0.8,0.0,-0.8,0.8,0.0,1.6,-0.8,0.0,0.8,0.0,0.0,0.8,0.0,0.8,-1.6,0.8,0.0,0.8,0.8,-0.8,0.8,-0.8,0.8,1.6,-0.8,0.8,-0.8,0.8,0.0,-0.8,1.6,0.0,0.8,0.8,-0.8,0.8,0.0,0.8,0.0,0.0,0.0,0.0,0.8,0.8,0.8,0.0,1.6,-0.8,-0.8,0.8,1.6,0.8,0.8,0.0,1.6,0.0,0.0,0.8,0.0,0.8,0.0,0.8,0.8,0.8,0.8,0.8,0.8,1.6,0.8,0.0,0.0,1.6,0.8,-0.8,-0.8,0.0,0.0,0.0,0.8,0.8,0.8,0.0,0.0,0.0,0.0,0.8,0.8,0.0,1.6,0.8,0.8,1.6,0.8,0.8,0.0,2.4000000000000004,0.8,0.0,0.8,0.0,1.6,-0.8,0.8,1.6,-0.8,0.8,0.0,0.0,0.8,0.0,1.6,0.0,0.8,-0.8,-0.8,1.6,-0.8,0.8,0.8,-0.8,-0.8,0.0,1.6,0.0,0.8,1.6,0.8,0.0,-0.8,2.4000000000000004,0.8,-1.6,1.6,-0.8,-0.8,0.0,-2.4000000000000004,0.8,0.0,0.8,0.8,-0.8,1.6,0.0,0.0,0.0,-0.8,0.0,-0.8,2.4000000000000004,0.8,-0.8,1.6,0.8,0.0,1.6,-0.8,0.8,0.8,0.0,0.8,0.0,0.8,0.0,0.8,0.0,0.0,0.8,0.0,0.8,0.0,-1.6,0.8,-0.8,0.0,0.0,-1.6,0.8,0.8,0.8,0.0,0.8,0.8,-0.8,0.0,0.0,0.0,1.6,0.0,0.8,1.6,0.8,0.0,0.0,0.0,0.8,0.0,-0.8,0.0,-1.6,0.0,1.6,0.0,0.0,-0.8,0.8,0.0,1.6,0.0,-0.8,0.8,0.0,-0.8,0.0,0.8,-0.8,0.0,0.8,0.0,-0.8,2.4000000000000004,0.0,0.0,0.0,0.0,0.8,0.0,0.0,1.6,0.8,0.0,0.8,0.8,-0.8,0.0,1.6,0.0,0.0,-0.8,0.0,0.8,0.0,1.6,-0.8,0.8,-0.8,-1.6,1.6,1.6,1.6,0.0,-0.8,2.4000000000000004,-0.8,2.4000000000000004,-0.8,-0.8,1.6,-0.8,-0.8,0.0,0.0,1.6,0.0,0.8,0.0,0.0,1.6,-1.6,0.8,0.0,-0.8,0.0,0.0,1.6,0.0,0.0,1.6,0.0,0.8,0.0,0.8,0.0,-0.8,1.6,0.0,1.6,-0.8,0.0,0.8,0.8,0.8,0.8,0.0,0.0,0.0,-0.8,-0.8,0.0,0.0,0.8,0.8,0.8,0.0,0.0,0.0,0.0,0.0,-0.8,0.8,1.6,0.0,0.0,0.8,1.6,0.8,0.0,0.0,-0.8,0.8,0.8,0.8,0.0,0.0,0.0,-0.8,0.8,0.8,-0.8,0.8,0.0,0.0,0.0,-0.8,0.8,0.0,-0.8,1.6,0.0,0.8,0.8,0.8,1.6,0.8,1.6,-0.8,0.0,1.6,0.8,0.0,-0.8,1.6,0.8,1.6,0.0,-0.8,0.8,0.8,0.0,1.6,1.6,0.8,0.0,0.8,1.6,0.8,-0.8,0.8,1.6,0.8,-0.8,0.8,0.8,0.0,0.0,0.0,1.6,0.0,0.0,0.8,0.0,1.6,0.0,1.6,1.6,1.6,0.8,-0.8,0.0,0.8,0.0,0.0,0.8,0.0,0.8,-0.8,0.0,0.0,0.0,0.8,0.8,0.8,-0.8,0.0,0.8,-0.8,-0.8,0.0,0.8,1.6,-0.8,0.0,0.0,0.0,1.6,0.0,0.8,0.0,1.6,0.0,-1.6,0.8,0.0,-0.8,0.8,-0.8,0.8,0.8,-0.8,0.8,-0.8,-1.6,1.6,0.8,0.0,-0.8,0.0,1.6,-1.6,0.8,0.0,0.0,1.6,-1.6,-0.8,0.0,1.6,0.8,-0.8,1.6,0.0,0.8,1.6,0.0,0.8,0.8,0.0,0.0,0.0,1.6,0.0,1.6,0.0,0.8,1.6,0.0,0.0,0.0,-1.6,0.0,-0.8,1.6,0.8,0.0,0.0,0.0,1.6,0.0,0.0,0.8,-0.8,0.0,0.8,0.8,2.4000000000000004,-0.8,1.6,0.0,1.6,-0.8,0.0,0.8,-0.8,0.8,-0.8,1.6,0.8,0.0,1.6,0.8,0.8,0.8,0.0,0.8,0.8,-0.8,0.8,-0.8,0.8,0.0,0.8,0.0,-0.8,0.0,1.6,1.6,0.0,1.6,0.0,0.8,0.8,0.0,1.6,0.0,0.0,0.8,0.8,0.0,1.6,0.0,-1.6,-0.8,0.0,0.0,0.0,-0.8,0.8,0.0,0.8,1.6,0.0,0.0,0.8,0.0,0.0,0.8,1.6,0.8,0.0,0.8,0.0,1.6,0.0,-0.8,1.6,-0.8,0.0,0.0,0.8,1.6,-0.8,0.8,0.0,0.0,0.0,0.0,0.0,0.0,-0.8,0.8,-0.8,0.8,-0.8,0.0,1.6,0.0,0.8,0.8,0.0,0.0,-2.4000000000000004,0.0,0.8,0.8,0.0,0.8,2.4000000000000004,0.8,0.0,0.8,0.0,1.6,-0.8,0.0,0.0,-0.8,1.6,0.0,0.8,0.8,0.0,0.8,-0.8,0.8,-0.8,0.0,0.8,0.0,0.0,0.0,-0.8,1.6,-0.8,1.6,-0.8,-0.8,1.6,0.8,0.0,0.0,1.6,1.6,0.0,0.0,0.0,1.6,0.8,0.0,0.8,-1.6,0.8,0.8,0.0,0.8,0.0,0.8,0.0,0.8,0.8,0.0,1.6,0.8,0.0,0.8,0.8,0.8,-0.8,0.8,0.8,0.8,1.6,-0.8,0.0,1.6,0.8,0.0,0.8,0.8,0.8,0.8,0.8,0.8,0.8,0.8,0.8,0.8,0.0,0.8,-0.8,0.8,0.8,0.8,-0.8,0.0,0.8,-0.8,1.6,0.8,0.8,0.0,0.0,1.6,0.8,0.8,0.8,1.6,2.4000000000000004,0.0,2.4000000000000004,0.0,0.0,0.8,-0.8,0.8,0.0,0.0,1.6,0.8,0.8,0.0,0.8,0.0,0.0,0.0,0.8,0.8,0.8,0.0,0.8,0.0,0.0,0.0,0.8,2.4000000000000004,-0.8,2.4000000000000004,1.6,-0.8,2.4000000000000004,0.8,0.0,-0.8,-0.8,1.6,0.0,0.8,0.8,-0.8,0.0,0.8,0.8,0.8,-0.8,1.6,0.8,1.6,0.0,0.8,0.8,0.0,0.0,-0.8,0.0,1.6,0.0,-0.8,0.0,1.6,0.8,0.8,0.0,-0.8,0.8,0.8,-0.8,0.8,-0.8,0.0,0.0,0.8,1.6,-0.8,0.0,1.6,0.8,0.0,0.0,0.8,0.0,0.0,0.0,-0.8,0.8,0.8,0.8,1.6,0.8,0.0,0.0,1.6,1.6,0.8,0.0,1.6,0.8,2.4000000000000004,0.0,0.0,0.8,0.0,0.0,0.0,0.0,0.8,0.0,0.8,0.8,0.8,0.8,-0.8,0.8,0.0,0.8,1.6,0.8,0.8,-0.8,-0.8,0.8,0.0,0.8,0.8,0.0,0.0,0.0,1.6,0.0,0.8,0.8,0.0,1.6,0.8,0.8,0.8,-0.8,2.4000000000000004,0.0,-0.8,0.8,-0.8,0.0,0.0,1.6,0.0,0.0,0.8,0.0,0.8,0.0,-1.6,-0.8,0.8,1.6,0.8,0.0,1.6,0.0,0.0,0.0,-0.8,0.0,0.8,0.8,0.0,0.0,1.6,0.8,0.8,2.4000000000000004,-0.8,-0.8,1.6,0.8,-1.6,1.6,1.6,-2.4000000000000004,0.8,2.4000000000000004,0.8,-1.6,2.4000000000000004,1.6,0.8,0.0,0.8,2.4000000000000004,-1.6,0.8,0.8,2.4000000000000004,0.0,0.0,1.6,0.8,0.0,1.6,0.0,1.6,0.8,0.0,0.0,0.8,0.8,0.8,0.0,1.6,-0.8,0.8,-0.8,0.0,0.0,0.8,1.6,0.0,0.0,0.0,0.8,0.8,-0.8,2.4000000000000004,0.8,-0.8,2.4000000000000004,1.6,0.8,0.0,0.0,0.8,-0.8,0.0,0.8,0.0,-0.8,-0.8,0.8,-1.6,0.0,0.8,0.0,0.8,-0.8,0.8,-0.8,0.8,0.8,-1.6,0.0,-1.6,-1.6,-0.8,0.0,2.4000000000000004,-0.8,0.8,1.6,-0.8,0.8,0.0,-0.8,0.8,0.0,0.0,0.0,0.8,-0.8,-0.8,0.8,0.0,0.0,0.8,-0.8,0.8,-0.8,0.0,0.0,0.0,0.8,-0.8,0.0,0.0,0.0,0.8,0.0,1.6,0.0,-0.8,0.8,0.0,0.8,0.0,0.0,1.6,0.8,-0.8,0.8,0.0,0.8,0.0,0.8,0.0,0.8,0.0,1.6,1.6,0.0,0.0,0.8,0.0,0.0,-0.8,0.8,0.8,0.8,0.0,0.0,0.8,0.8,0.8,0.8,0.8,-0.8,1.6,0.8,0.0,0.0,0.8,-0.8,0.0,0.0,0.8,0.0,-0.8,0.0,0.0,-0.8,0.0,0.0,0.0,0.8,0.8,0.8,0.8,0.8,-0.8,0.0,0.0,0.0,0.0,0.0,2.4000000000000004,-0.8,0.0,-0.8,0.0,0.8,-0.8,0.0,0.0,0.8,0.0,0.0,1.6,0.0,0.0,0.8,0.0,2.4000000000000004,0.0,0.0,0.8,0.0,0.0,-1.6,0.0,0.8,0.0,1.6,0.0,1.6,0.0,0.0,1.6,0.0,0.8,-0.8,0.0,1.6,1.6,0.8,-0.8,0.8,0.8,-0.8,1.6,-0.8,1.6,-1.6,-1.6,0.8,-0.8,0.0,0.8,0.8,0.8,-0.8,0.8,0.0,0.8,-0.8,0.0,0.8,0.0,0.0,0.0,0.0,0.8,0.0,0.0,1.6,0.8,2.4000000000000004,0.0,0.8,0.8,0.0,0.8,0.0,0.0,0.8,0.0,0.0,0.0,0.0,0.0,0.0,0.0,0.0,0.0,0.8,-0.8,0.0,0.8,0.8,-0.8,0.0,-1.6,-0.8,-0.8,0.0,0.0,-0.8,0.0,1.6,1.6,0.8,-0.8,0.0,0.0,0.0,0.0,0.0,0.0,-0.8,1.6,0.8,-0.8,1.6,-0.8,-0.8,1.6,0.0,0.0,0.0,0.0,0.0,0.0,0.8,0.0,0.8,0.8,1.6,0.8,-0.8,0.0,0.0,-0.8,1.6,0.0,0.8,0.8,0.8,0.0,0.0,0.8,0.0,0.0,0.0,-1.6,1.6,0.0,0.8,1.6,0.0,-0.8,0.0,0.8,0.8,-0.8,1.6,-0.8,1.6,-0.8,-1.6,0.8,0.0,0.0,0.0,0.8,0.8,0.8,2.4000000000000004,-0.8,-0.8,0.8,-0.8,0.8,0.8,0.0,1.6,0.0,0.0,-0.8,0.0,0.0,-0.8,0.8,0.8,0.8,0.8,0.8,0.8,0.0,0.0,0.8,-0.8,0.0,0.0,0.8,0.0,-0.8,0.8,0.8,0.0,1.6,0.0,0.0,0.8,-0.8,0.0,0.0,0.8,0.8,0.0,0.0,0.8,0.0,0.8,-0.8,0.0,-0.8,-0.8,0.8,-0.8,0.0,-0.8,0.8,1.6,0.8,0.8,0.8,0.8,0.0,-1.6,1.6,0.0,1.6,0.8,0.8,0.8,0.0,0.8,0.8,0.0,1.6,-2.4000000000000004,0.0,0.0,0.8,0.8,0.0,0.8,0.8,0.8,0.0,0.0,0.0,-0.8,1.6,0.0,0.8,0.0,0.8,0.8,0.8,0.8,0.8,0.0,-0.8,0.0,0.0,0.0,0.0,0.0,0.8,0.8,0.0,0.0,0.8,-0.8,0.8,0.0,-0.8,0.0,0.8,0.0,0.8,0.0,0.8,-0.8,1.6,0.0,-0.8,0.8,0.0,-1.6,-0.8,1.6,0.0,0.8,0.8,0.8,0.0,0.0,0.0,-0.8,0.0,0.8,0.0,0.8,0.8,0.8,0.0,0.0,2.4000000000000004,1.6,0.8,0.8,1.6,0.0,0.0,1.6,0.0,0.0,1.6,0.8,2.4000000000000004,0.0,0.0,1.6,0.0,0.0,-0.8,1.6,0.0,0.8,0.0,0.8,0.8,1.6,0.0,2.4000000000000004,-0.8,0.8,-0.8,0.0,0.8,-0.8,0.8,1.6,-1.6,2.4000000000000004,0.0,0.8,0.8,1.6,1.6,-0.8,-0.8,0.8,-0.8,0.0,0.0,0.8,0.8,0.0,0.8,-0.8,1.6,0.8,0.0,0.8,0.0,1.6,0.0,-0.8,2.4000000000000004,0.0,0.8,0.0,0.0,0.8,-0.8,1.6,0.8
event_155,1625267084.3374565,-0.8,0.0,-0.8,0.8,0.0,0.0,2.4000000000000004,-0.8,0.8,1.6,0.0,0.0,0.0,0.0,-0.8,-0.8,0.8,0.0,0.0,0.0,1.6,0.8,0.0,0.8,-0.8,0.8,0.0,0.0,1.6,0.0,0.0,0.0,0.0,1.6,-0.8,-0.8,0.0,0.0,0.0,0.0,0.0,1.6,0.8,0.0,0.0,1.6,0.8,0.0,0.8,0.0,0.0,-0.8,0.8,0.8,0.0,0.0,0.8,0.8,1.6,0.8,0.8,0.0,0.0,0.0,-0.8,0.0,0.0,-0.8,0.8,0.8,0.8,0.0,0.8,0.0,0.0,-0.8,1.6,0.0,0.8,-0.8,0.0,0.8,0.0,0.0,0.0,0.0,0.0,0.0,0.8,0.8,1.6,0.8,0.0,0.8,0.0,0.8,1.6,-1.6,0.8,-0.8,-2.4000000000000004,1.6,-2.4000000000000004,-21.6,-44.8,-36.00000000000001,-17.6,-10.400000000000002,-2.4000000000000004,0.0,-0.8,-1.6,-3.2,-3.2,-4.0,0.0,0.8,-0.8,0.8,0.8,0.0,0.0,-0.8,0.8,0.0,0.0,-1.6,0.0,0.8,-0.8,0.8,0.0,0.0,0.8,-1.6,2.4000000000000004,0.8,-1.6,0.8,0.0,-0.8,-0.8,0.8,0.0,0.0,0.0,0.0,0.8,0.0,-0.8,-0.8,0.0,0.0,0.8,0.8,0.8,0.8,0.8,0.0,0.8,0.0,0.8,0.8,-0.8,0.8,0.8,0.0,1.6,0.0,1.6,0.0,0.8,0.8,0.8,0.0,0.0,0.0,0.0,0.0,0.0,0.0,0.8,-0.8,-0.8,-0.8,0.0,1.6,0.0,0.8,0.0,0.0,0.8,0.0,0.8,0.8,0.8,0.0,0.0,0.8,-0.8,-0.8,1.6,-0.8,0.0,0.0,0.8,0.8,0.0,0.8,-0.8,0.8,-0.8,-2.4000000000000004,0.8,0.0,0.0,0.0,0.0,1.6,0.0,0.8,0.0,-0.8,1.6,0.0,0.0,0.0,0.8,0.8,-0.8,0.8,1.6,0.8,0.8,-0.8,2.4000000000000004,-0.8,-0.8,0.0,0.0,0.8,0.0,0.0,1.6,-0.8,0.8,0.0,0.0,1.6,-0.8,1.6,0.0,1.6,0.0,0.8,1.6,0.0,0.8,0.8,0.0,1.6,0.0,0.8,-0.8,0.0,0.8,0.8,-0.8,-0.8,-0.8,-1.6,-0.8,0.8,-0.8,0.0,0.8,0.8,-0.8,-0.8,0.0,0.0,0.0,0.8,0.8,0.0,0.8,0.8,0.0,0.0,0.0,0.8,0.0,-0.8,0.0,0.8,0.0,0.8,-0.8,0.0,0.0,0.0,0.0,0.8,0.8,0.0,0.0,0.8,0.0,0.8,0.0,0.8,-0.8,-0.8,2.4000000000000004,0.8,0.8,0.8,0.8,1.6,0.8,0.0,0.8,0.8,1.6,-1.6,0.0,0.8,0.0,0.0,0.0,1.6,0.0,0.0,0.8,0.0,-0.8,-0.8,0.0,0.8,0.0,0.8,1.6,0.8,0.0,0.8,1.6,0.0,0.8,0.0,-0.8,0.8,0.8,0.8,0.8,0.8,1.6,0.0,0.8,0.8,0.0,0.0,0.0,0.0,0.0,-0.8,1.6,0.0,0.8,-0.8,-0.8,-0.8,0.0,-0.8,0.8,0.0,0.8,0.8,0.0,0.0,0.8,0.8,0.0,0.8,0.8,0.8,0.8,0.0,0.8,1.6,0.8,-0.8,0.8,0.8,1.6,0.8,0.0,0.0,-0.8,0.0,0.0,0.8,-0.8,0.0,1.6,0.8,0.8,0.0,0.0,0.8,-0.8,-0.8,0.8,1.6,1.6,-0.8,0.0,0.0,1.6,1.6,0.0,0.8,0.8,0.8,0.8,0.0,0.8,0.0,0.0,0.8,0.0,0.8,-0.8,0.8,0.0,-0.8,0.8,-0.8,0.8,0.0,-1.6,1.6,0.8,0.8,0.0,0.0,1.6,0.0,-0.8,-0.8,0.8,2.4000000000000004,0.0,0.8,0.0,1.6,0.0,0.0,0.8,0.0,0.8,-0.8,-0.8,0.8,-1.6,0.8,0.0,0.0,0.0,-0.8,-0.8,1.6,-0.8,0.8,0.0,0.8,-0.8,0.8,1.6,0.8,0.0,0.0,0.0,0.0,0.0,0.8,0.0,0.0,0.0,0.8,0.0,-0.8,0.8,0.8,0.0,-0.8,0.8,0.0,0.8,0.0,0.0,0.8,0.8,0.0,0.0,0.8,1.6,0.0,0.8,0.0,-1.6,0.8,0.8,-0.8,0.0,0.8,0.8,0.8,0.8,0.0,-0.8,1.6,-0.8,0.0,0.8,0.8,1.6,-0.8,0.8,1.6,-0.8,0.8,-0.8,0.8,-0.8,-0.8,0.0,0.0,0.0,0.8,-0.8,2.4000000000000004,-1.6,0.8,0.0,-0.8,1.6,-0.8,0.0,-0.8,0.8,0.0,0.0,2.4000000000000004,0.0,0.8,0.0,-1.6,1.6,-0.8,0.8,-0.8,0.0,0.8,-0.8,0.8,-0.8,-2.4000000000000004,0.0,-0.8,1.6,-1.6,0.8,0.0,0.8,0.8,-0.8,0.0,-1.6,1.6,1.6,-4.0,0.8,4.0,-0.8,-0.8,0.8,0.0,-0.8,-1.6,2.4000000000000004,0.8,0.0,0.0,1.6,0.8,-2.4000000000000004,0.0,2.4000000000000004,0.0,-0.8,0.8,1.6,0.0,0.8,0.0,0.0,1.6,-1.6,-0.8,0.0,1.6,0.0,0.0,0.8,0.8,0.8,0.8,-0.8,0.0,0.0,0.8,-0.8,0.8,0.8,0.8,0.8,0.0,1.6,1.6,0.0,0.8,0.0,0.8,0.0,0.0,0.8,0.0,0.0,-0.8,0.8,0.8,0.8,0.8,-0.8,-0.8,-0.8,-0.8,0.8,1.6,0.8,0.8,0.8,1.6,-1.6,0.0,0.0,-0.8,0.8,-0.8,0.0,0.8,0.0,1.6,0.8,1.6,-0.8,-0.8,0.0,0.8,0.8,1.6,0.0,0.8,-1.6,1.6,0.0,0.8,0.8,-0.8,0.0,-1.6,0.8,1.6,0.0,0.8,-0.8,0.8,-0.8,-2.4000000000000004,1.6,0.0,-0.8,0.8,-0.8,0.8,0.0,0.8,1.6,-0.8,0.8,0.8,0.8,1.6,0.0,0.8,1.6,0.0,-0.8,0.8,0.8,0.8,0.8,0.0,1.6,-0.8,0.0,-1.6,-0.8,0.8,-0.8,0.8,0.0,0.8,0.0,0.0,0.8,0.8,0.0,0.0,0.0,0.8,0.0,-0.8,0.0,0.8,0.0,-0.8,0.0,1.6,0.8,0.8,0.8,0.8,0.0,-0.8,0.0,-0.8,2.4000000000000004,-0.8,0.8,0.8,1.6,0.8,0.0,0.0,0.8,0.0,0.0,-2.4000000000000004,0.0,0.0,0.8,0.8,0.0,0.0,0.0,-0.8,0.8,-0.8,0.0,0.8,0.8,-0.8,0.0,0.0,0.0,0.0,0.8,0.0,0.0,0.8,1.6,0.0,-1.6,0.8,0.0,0.8,0.0,0.0,0.8,-0.8,1.6,-0.8,-1.6,0.8,-0.8,0.8,-0.8,0.0,-0.8,-0.8,0.8,0.0,0.0,0.0,0.8,-1.6,0.0,1.6,0.8,-0.8,0.0,0.8,-0.8,0.0,0.0,0.0,0.8,-0.8,0.0,0.0,-0.8,0.8,-0.8,0.0,0.0,0.0,0.0,-0.8,0.0,-0.8,-0.8,0.8,0.0,0.8,0.0,0.0,1.6,0.0,0.0,0.8,0.8,0.8,0.0,0.8,0.0,1.6,0.0,0.0,1.6,0.0,0.0,1.6,0.0,1.6,0.0,0.0,0.0,0.0,0.8,1.6,0.8,0.0,-0.8,0.8,0.0,0.8,-0.8,0.8,0.0,-0.8,0.8,0.0,-0.8,-0.8,-1.6,0.0,0.0,0.0,0.0,0.8,0.0,-0.8,0.8,0.0,-0.8,0.8,0.0,0.8,-0.8,0.0,0.0,-1.6,0.0,0.0,0.0,0.0,0.0,0.8,0.0,0.8,0.8,-0.8,0.8,-0.8,-2.4000000000000004,1.6,1.6,-0.8,-0.8,1.6,-0.8,-0.8,2.4000000000000004,0.0,-0.8,0.8,-0.8,0.0,0.8,-0.8,0.0,0.0,0.8,0.8,0.8,0.0,0.0,0.8,0.0,0.0,0.8,0.0,1.6,-0.8,0.0,0.0,1.6,0.0,0.8,0.0,0.0,0.0,0.0,0.0,0.0,-1.6,0.8,0.0,1.6,-0.8,0.0,0.0,0.0,-0.8,-0.8,0.0,0.0,-0.8,0.8,0.0,0.0,0.0,-1.6,0.8,0.0,0.0,0.8,-0.8,1.6,-0.8,-0.8,0.0,-0.8,0.8,0.0,1.6,0.8,0.8,0.8,-0.8,0.8,0.0,0.0,0.8,-0.8,0.8,0.0,0.0,0.0,-0.8,0.8,0.0,0.8,0.0,0.0,0.8,-1.6,0.8,0.8,-1.6,0.0,0.0,0.0,-2.4000000000000004,0.0,2.4000000000000004,0.0,0.8,-0.8,0.8,0.8,-0.8,0.0,-0.8,0.8,-0.8,-0.8,2.4000000000000004,0.0,0.8,0.0,-0.8,0.8,0.0,0.0,0.0,0.0,-0.8,0.8,0.0,0.0,0.0,0.8,0.8,0.8,0.8,0.8,0.8,-0.8,0.0,-1.6,0.0,0.8,1.6,-0.8,0.0,0.8,0.8,0.0,0.0,0.0,1.6,-0.8,0.0,-0.8,0.8,0.8,0.8,0.8,0.8,0.8,0.0,-0.8,0.8,0.0,0.8,0.0,0.8,0.8,-1.6,0.8,0.8,0.8,0.8,0.8,0.0,0.0,0.0,0.0,0.0,0.8,0.0,0.0,0.0,-0.8,1.6,0.0,0.8,0.8,-0.8,0.8,0.0,0.8,-0.8,-0.8,0.8,-0.8,0.8,-0.8,0.0,1.6,-0.8,-0.8,-0.8,1.6,0.8,-0.8,0.8,0.0,-0.8,0.8,-1.6,0.0,0.8,0.8,0.0,-0.8,0.0,0.8,0.0,0.0,0.0,0.0,0.8,0.0,0.8,-0.8,0.8,0.0,0.0,0.0,-0.8,0.0,0.0,0.8,0.0,0.0,0.0,-0.8,0.8,1.6,0.0,2.4000000000000004,0.8,0.8,0.0,0.8,-0.8,0.8,-0.8,0.0,0.0,0.0,-0.8,0.0,0.0,0.8,-0.8,0.8,0.0,0.0,0.0,-0.8,-0.8,0.0,0.0,0.0,0.0,0.0,0.8,0.8,-0.8,-0.8,0.0,-0.8,1.6,-0.8,0.8,0.0,0.0,0.0,-0.8,0.0,0.8,0.0,0.0,0.0,0.0,-0.8,-0.8,0.0,0.0,0.8,0.8,0.0,0.8,0.8,0.8,0.0,1.6,0.0,-2.4000000000000004,0.8,-0.8,0.8,0.0,-0.8,2.4000000000000004,0.8,0.8,0.8,-0.8,0.8,-0.8,0.0,0.0,0.8,0.8,-0.8,1.6,0.0,0.0,0.0,0.0,1.6,-0.8,0.0,0.0,-0.8,0.8,-0.8,0.0,1.6,0.0,0.0,0.0,0.8,0.0,-0.8,0.8,0.0,1.6,0.0,-0.8,0.8,0.8,0.0,0.8,0.0,0.8,-0.8,-0.8,0.0,-0.8,0.0,0.8,0.0,0.8,-0.8,-0.8,-0.8,0.0,-0.8,-0.8,-0.8,0.8,-1.6,0.0,0.8,0.0,0.8,0.0,0.8,-0.8,0.8,0.8,-0.8,0.0,0.0,-0.8,0.8,-1.6,0.0,0.0,0.0,0.0,-1.6,-0.8,0.0,0.8,0.0,0.0,0.8,-0.8,0.8,1.6,0.0,0.8,0.0,-0.8,-1.6,0.0,2.4000000000000004,-0.8,0.8,0.8,0.8,1.6,-1.6,1.6,0.0,-3.2,0.8,1.6,0.8,-0.8,0.8,0.0,-1.6,2.4000000000000004,0.0,1.6,1.6,-0.8,0.0,0.0,-0.8,0.0,0.0,0.8,-0.8,0.8,0.0,1.6,0.0,-0.8,0.8,-0.8,0.0,0.0,0.8,0.8,-0.8,0.0,1.6,-0.8,0.8,-0.8,0.8,0.0,0.0,0.0,0.8,0.0,0.0,0.0,0.8,-0.8,0.0,-0.8,-0.8,-0.8,0.8,0.8,0.8,-0.8,0.0,-0.8,0.0,0.0,0.0,0.8,-0.8,0.0,0.8,0.0,0.0,-0.8,0.0,-0.8,0.8,0.0,0.8,0.0,0.0,0.8,-1.6,0.0,0.8,0.0,0.0,-0.8,0.8,-1.6,0.0,0.0,-1.6,1.6,-0.8,-0.8,0.0,0.8,0.8,-1.6,0.8,0.8,-0.8,0.8,-1.6,0.8,0.0,0.0,0.0,-0.8,0.0,-0.8,0.0,1.6,0.0,0.8,-0.8,-0.8,0.8,-1.6,0.0,0.0,0.8,0.0,-1.6,0.0,0.0,0.8,0.0,0.0,1.6,0.0,0.0,0.0,0.0,1.6,-0.8,0.0,0.8,1.6,0.8,0.8,0.8,1.6,0.0,0.0,0.8,1.6,-0.8,1.6,0.8,0.0,0.0,-0.8,-0.8,0.8,-0.8,0.8,0.0,0.8,0.8,-0.8,0.0,0.0,0.8,0.8,0.0,-0.8,1.6,0.0,-0.8,0.0,0.0,0.0,-0.8,0.0,1.6,0.0,-0.8,-0.8,0.0,0.0,0.0,0.8,0.0,-0.8,0.0,0.0,0.8,0.8,0.8,0.0,0.0,-0.8,-1.6,-0.8,0.8,0.0,0.0,0.0,0.0,0.8,0.8,0.8,-0.8,0.8,0.0,-0.8,0.0,-0.8,0.0,-0.8,1.6,0.8,0.0,-0.8,0.0,1.6,-0.8,-0.8,1.6,0.0,0.8,-0.8,0.0,1.6,0.0,0.8,0.8,0.0,1.6,-0.8,0.0,0.0,1.6,0.0,-0.8,0.8,0.0,0.8,2.4000000000000004,0.0,0.8,0.0,-0.8,0.0,0.0,0.0,0.0,0.8,1.6,-0.8,0.0,-0.8,0.8,-0.8,0.8,0.8,0.8,-1.6,-0.8,0.0,1.6,-0.8,0.8,0.0,-0.8,2.4000000000000004,0.8,0.0,-0.8,0.0,1.6,-0.8,0.0,0.8,-0.8,0.0,0.0,-0.8,-0.8,0.0,0.8,0.0,0.8,0.8,0.0,0.0,0.0,0.0,0.0,1.6,-0.8,-0.8,-1.6,1.6,0.0,-0.8,0.8,0.8,0.0,0.8,1.6,-0.8,-0.8,0.8,-1.6,0.0,0.0,0.0,0.8,0.0,0.8,0.0,-0.8,0.0,0.0,0.8,-0.8,0.0,-0.8,-1.6,0.8,0.0,0.0,2.4000000000000004,0.8,2.4000000000000004,-0.8,-0.8,-0.8,-0.8,1.6,0.8,0.8,0.8,0.0,1.6,-1.6,0.8,0.8,0.0,0.8,-1.6,0.8,-0.8,-0.8,0.8,-0.8,0.8,-0.8,0.8,-0.8,-0.8,0.8,0.0,0.0,0.8,0.0,-0.8,0.0,0.8,0.0,0.0,0.8,-0.8,1.6,0.0,0.0,0.8,-0.8,0.8,-0.8,-0.8,1.6,0.8,0.0,-0.8,-0.8,0.0,0.0,-0.8,0.0,0.0,0.8,0.8,-1.6,0.8,0.8,0.0,0.8,-0.8,-0.8,0.0,0.8,0.0,0.0,0.0,1.6,-0.8,1.6,0.0,-0.8,1.6,-0.8,0.0,0.0,0.0,0.8,1.6,0.8,0.0,0.8,0.8,0.0,0.8,-1.6,0.8,0.0,1.6,1.6,-1.6,0.8,2.4000000000000004,1.6,-0.8,0.8,1.6,-0.8,0.0,0.8,0.0,2.4000000000000004,0.0,0.0,0.8,0.8,0.8,0.8,0.0,0.8,0.0,0.8,-0.8,0.8,-0.8,0.8,0.8,-0.8,0.0,0.0,0.0,1.6,-0.8,0.8,0.8,-0.8,0.0,0.0,0.8,-0.8,0.0,0.8,0.0,-0.8,0.8,0.0,0.0,0.0,0.0,-0.8,0.8,-1.6,0.8,1.6,-0.8,0.8,-0.8,-0.8,0.8,0.0,0.8,-0.8,0.0,0.8,-1.6,0.8,0.0,-0.8,3.2,-1.6,0.0,0.8,1.6,0.8,0.0,0.0,1.6,2.4000000000000004,0.8,0.0,1.6,0.0,0.8,-0.8,0.8,-0.8,0.8,0.8,0.0,0.8,0.0,0.8,-0.8,0.8,0.0,-0.8,0.0,0.0,0.0,0.0,-0.8,1.6,0.0,0.0,0.8,0.0,0.8,-0.8,0.0,-0.8,0.8,0.8,-0.8,2.4000000000000004,0.8,0.0,1.6,-0.8,1.6,0.0,-1.6,0.0,-0.8,1.6,0.8,0.0,1.6,-2.4000000000000004,0.0,0.0,0.8,0.8,-0.8,0.8,0.8,0.0,0.0,0.0,1.6,-0.8,0.8,0.8,-0.8,1.6,0.0,0.8,0.0,-0.8,0.8,-0.8,0.0,0.0,0.0,0.0,-0.8,0.0,0.0,0.0,0.0,0.0,-0.8,-0.8,0.0,0.0,0.0,0.8,-0.8,0.8,0.0,-0.8,0.0,0.0,-0.8,0.0,-0.8,0.8,0.8,1.6,0.0,-0.8,1.6,0.0,-0.8,0.0,0.8,0.0,0.0,0.0,1.6,0.0,0.0,0.0,0.8,0.0,-0.8,0.0,-0.8,0.0,1.6,0.0,1.6,0.0,0.0,1.6,0.8,0.8,0.0,0.8,0.8,0.8,0.0,0.0,0.8,1.6,0.0,0.8,0.8,0.0,0.0,0.0,0.0,0.0,-0.8,1.6,1.6,0.0,0.0,0.0,0.8,0.0,-0.8,0.8,-0.8,1.6,-0.8,0.8,0.0,0.8,0.0,-0.8,1.6,0.0,0.8,1.6,-0.8,0.0,-0.8,0.8,0.0,0.0,0.8,0.8,0.0,1.6,-0.8,-0.8,0.0,0.8,0.0,-1.6,0.8,0.8,-0.8,0.8,0.0,0.0,0.8,0.0,-0.8,0.8,2.4000000000000004,-0.8,0.8,0.8,0.8,0.8,0.8,0.0,0.0,0.8,-0.8,0.0,0.8,0.0,0.8,0.8,0.0,1.6,0.8,-0.8,0.8,0.8,0.0,0.0,0.0,0.0,-0.8,-0.8,0.0,1.6,0.0,0.0,0.0,0.0,0.0,0.0,0.8,0.8,2.4000000000000004,0.0,0.8,1.6,0.8,-0.8,0.0,0.8,0.8,-0.8,0.0,0.0,0.0,0.8,1.6,0.8,0.8,0.8,-0.8,-0.8,0.8,-0.8,0.8,-0.8,0.0,0.0,-1.6,0.0,-0.8,0.0,0.8,-0.8,1.6,0.0,0.8,0.0,0.0,1.6,-0.8,0.0,0.0,0.8,1.6,-0.8,2.4000000000000004,0.0,-1.6,1.6,-0.8,0.0,-0.8,0.8,1.6,-0.8,1.6,0.8,0.0,0.8,0.0,0.8,0.0,2.4000000000000004,1.6,-0.8,1.6,0.0,1.6,1.6,0.0,0.0,0.0,0.0,-0.8,0.0,1.6,0.0,1.6,0.8,0.0,0.8,-1.6,0.8,0.0,0.0,-0.8,-0.8,0.0,0.0,-0.8,-1.6,2.4000000000000004,1.6,-3.2,0.8,2.4000000000000004,-1.6,-2.4000000000000004,1.6,0.0,0.0,0.8,0.8,1.6,0.8,-1.6,1.6,0.0,-0.8,0.0,-0.8,-0.8,0.0,-0.8,0.8,0.8,1.6,-1.6,0.8,0.8,-1.6,0.8,0.8,0.8,0.8,0.0,0.8,0.0,1.6,-0.8,0.0,0.8,-0.8,2.4000000000000004,-0.8,0.8,0.8,0.0,2.4000000000000004,-0.8,0.0,0.8,-0.8,0.0,0.0,0.8,-0.8,0.0,1.6,-0.8,0.8,0.0,0.0,1.6,0.0,0.8,0.0,0.8,0.8,-0.8,1.6,1.6,0.0,0.0,-0.8,2.4000000000000004,-0.8,1.6,0.8,0.0,0.8,-0.8,0.0,0.8,0.0,1.6,0.0,2.4000000000000004,0.0,0.0,1.6,0.0,0.8,0.0,0.0,0.0,0.0,0.8,-0.8,-0.8,1.6,0.0,0.0,0.8,0.8,0.8,-1.6,-0.8,0.8,0.8,0.0,0.0,3.2,1.6,0.8,1.6,0.0,1.6,0.0,0.0,0.0,0.8,-0.8,1.6,0.8,0.0,0.0,0.8,0.8,0.8,-1.6,1.6,-0.8,0.8,0.0,0.0,0.8,0.8,1.6,0.8,0.0,0.8,0.8,1.6,0.0,-0.8,0.8,-0.8,-0.8,0.0,0.8,0.0,0.0,1.6,-0.8,0.8,0.0,0.0,0.8,-0.8,1.6,0.0,-0.8,0.8,0.0,1.6,0.0,0.0,-0.8,-1.6,2.4000000000000004,0.0,-0.8,0.0,0.0,1.6,0.0,-0.8,0.8,0.8,1.6,-0.8,0.8,0.0,0.0,0.0,0.0,0.8,0.0,0.0,1.6,0.0,0.0,0.0,0.0,0.0,0.8,0.0,0.0,0.8,0.8,-0.8,1.6,0.0,0.8,1.6,0.8,0.8,0.8,-0.8,0.8,0.0,1.6,0.0,0.0,0.8,-0.8,-0.8,0.0,0.0,0.8,-0.8,1.6,0.8,1.6,0.8,0.0,-0.8,0.8,0.0,0.8,1.6,0.8,0.0,-1.6,0.0,1.6,0.0,0.0,0.0,0.0,2.4000000000000004,0.8,0.0,0.8,0.0,0.0,0.8,0.8,0.8,1.6,0.0,0.8,0.8,-0.8,0.0,-0.8,0.0,-0.8,0.0,0.8,0.0,0.0,0.0,0.0,0.8,-0.8,0.0,-0.8,1.6,0.8,0.0,1.6,0.8,0.0,0.8,-0.8,-0.8,0.8,-0.8,0.0,0.0,0.8,0.0,0.8,1.6,0.0,1.6,0.0,0.8,0.0,-0.8,0.8,0.0,0.8,0.8,-0.8,0.0,1.6,0.0,0.0,0.8,0.8,0.0,-1.6,0.0,0.8,1.6,-0.8,0.8,0.8,0.0,0.0,1.6,0.8,0.8,0.0,0.0,0.0,0.8,0.0,1.6,0.8,0.0,0.8,0.8,0.0,0.8,-0.8,0.8,0.0,0.0,0.0,-0.8,0.8,0.8,0.0,0.8,0.8,-0.8,1.6,0.8,0.0,1.6,-0.8,0.8,0.0,-0.8,0.0,0.0,0.0,-1.6,0.0,0.0,-1.6,0.8,-1.6,-0.8,0.8,0.0,0.0,0.0,0.8,0.8,0.0,-1.6,-1.6,0.0,0.8,-0.8,0.0,0.0,2.4000000000000004,-0.8,0.0,0.8,-1.6
event_156,1625267086.4885793,0.0,0.8,0.8,0.8,0.8,0.8,0.8,-0.8,0.8,0.0,-0.8,0.0,0.8,1.6,0.0,0.8,0.8,0.0,1.6,-0.8,0.0,1.6,1.6,1.6,-0.8,1.6,0.8,-0.8,2.4000000000000004,0.0,1.6,0.8,-0.8,0.8,0.0,0.8,0.8,0.0,2.4000000000000004,-1.6,0.8,-1.6,0.8,0.0,0.8,0.8,0.0,0.8,0.8,0.0,2.4000000000000004,0.8,0.8,0.8,-1.6,1.6,0.0,-0.8,0.8,0.0,1.6,0.0,0.8,0.8,0.0,0.8,-0.8,0.0,-0.8,0.0,0.8,0.0,1.6,0.8,0.8,0.8,0.8,1.6,0.8,0.8,0.0,-0.8,1.6,2.4000000000000004,0.8,1.6,1.6,1.6,0.8,0.0,-0.8,0.0,0.8,-0.8,0.0,0.0,0.8,0.8,0.8,0.0,0.8,0.0,-4.0,-41.60000000000001,-93.60000000000001,-81.60000000000001,-39.199999999999996,-16.0,-8.0,-5.6,-4.0,-7.200000000000001,-4.800000000000001,-4.0,-4.0,0.0,1.6,0.0,-0.8,-0.8,0.0,0.8,-0.8,1.6,0.8,0.0,0.8,1.6,0.0,-0.8,0.8,0.8,0.0,0.0,0.0,2.4000000000000004,-0.8,-0.8,-1.6,-0.8,1.6,1.6,-0.8,1.6,-0.8,0.8,0.0,0.8,1.6,0.0,0.8,0.8,0.8,-0.8,0.8,0.8,-0.8,0.8,0.0,0.0,1.6,-0.8,1.6,0.0,-0.8,1.6,0.0,0.0,0.0,0.0,0.8,-0.8,0.8,0.8,0.0,0.8,0.0,0.0,1.6,0.0,-1.6,-0.8,0.8,2.4000000000000004,-0.8,0.0,0.0,0.0,0.8,0.0,0.0,1.6,0.8,-0.8,0.8,1.6,0.0,0.8,0.8,0.8,0.8,0.0,0.0,0.8,0.0,0.0,0.0,-0.8,1.6,0.0,0.8,1.6,0.0,0.0,0.8,0.8,0.8,0.0,0.0,0.0,1.6,1.6,1.6,1.6,0.8,0.0,0.8,0.8,0.0,0.8,0.8,-0.8,0.8,0.8,0.0,0.0,0.8,0.0,0.0,0.0,0.8,-0.8,1.6,0.0,0.0,0.8,-0.8,0.8,0.8,0.8,0.0,-0.8,0.8,0.8,1.6,0.8,0.8,0.8,0.0,0.0,0.0,-0.8,0.8,-0.8,1.6,0.8,-0.8,0.8,0.0,1.6,0.0,0.0,1.6,0.0,0.8,0.8,0.8,1.6,0.0,0.8,0.0,0.8,0.8,0.0,1.6,0.8,0.8,1.6,-0.8,0.8,0.0,0.0,-0.8,0.0,0.8,0.8,0.0,0.0,0.8,0.8,0.0,0.8,0.8,0.0,0.0,0.0,0.8,0.0,0.8,0.0,1.6,0.8,-0.8,0.8,0.0,1.6,-0.8,0.0,1.6,1.6,0.0,0.8,0.8,1.6,0.8,1.6,-0.8,1.6,1.6,-1.6,0.0,-0.8,0.8,1.6,0.0,1.6,-1.6,0.8,-0.8,0.8,0.0,-0.8,0.0,0.8,0.0,0.0,0.0,1.6,-0.8,0.8,0.8,0.0,2.4000000000000004,0.0,1.6,0.0,-1.6,1.6,0.8,-0.8,0.8,0.8,0.0,0.8,1.6,-1.6,-0.8,1.6,-0.8,0.0,1.6,-0.8,1.6,0.8,0.0,0.8,-0.8,1.6,-1.6,0.0,0.8,0.8,1.6,-0.8,1.6,0.0,0.0,0.0,0.8,1.6,-0.8,0.8,-0.8,0.0,0.8,0.8,0.8,0.0,-0.8,0.8,0.8,0.8,-0.8,0.0,1.6,-1.6,0.0,0.8,0.0,1.6,0.0,0.8,0.8,0.8,1.6,-0.8,1.6,0.0,1.6,0.0,0.0,1.6,0.8,0.0,1.6,0.8,1.6,0.0,0.0,0.0,0.0,0.0,2.4000000000000004,0.8,0.0,0.0,0.8,0.8,1.6,0.0,1.6,-0.8,1.6,0.0,0.8,0.8,0.0,0.8,0.8,0.8,0.8,1.6,1.6,0.8,0.8,0.8,1.6,0.8,0.0,1.6,1.6,-0.8,0.8,-0.8,-0.8,1.6,0.0,1.6,-0.8,1.6,0.8,-0.8,2.4000000000000004,0.8,0.8,0.0,1.6,0.8,-0.8,1.6,0.0,0.0,0.8,0.8,2.4000000000000004,0.0,-0.8,1.6,0.0,0.8,-1.6,0.8,0.0,0.8,0.8,-0.8,1.6,-0.8,0.0,0.8,0.8,0.8,0.0,0.8,0.8,0.0,1.6,-0.8,0.8,1.6,0.0,0.8,0.0,0.0,-0.8,0.0,1.6,0.8,0.0,1.6,0.8,1.6,-0.8,0.8,0.0,0.8,0.8,0.0,0.8,0.0,0.8,0.8,0.8,0.0,-0.8,1.6,0.8,0.8,-1.6,0.8,0.0,0.8,0.0,-1.6,0.8,-0.8,0.8,0.0,-0.8,0.0,0.8,1.6,0.8,0.8,0.8,0.0,0.0,-0.8,0.8,0.8,0.0,0.8,0.8,0.0,0.0,0.0,0.0,0.0,0.0,0.0,0.0,1.6,0.0,-0.8,0.8,-0.8,0.0,0.0,0.8,0.8,0.0,0.0,0.8,0.0,0.8,0.0,0.8,0.8,0.8,0.8,0.8,1.6,0.0,0.8,0.8,0.0,1.6,0.0,0.8,1.6,0.0,0.0,0.0,1.6,0.0,-0.8,0.0,1.6,0.8,0.0,0.0,0.8,1.6,-1.6,0.0,0.8,3.2,0.0,-0.8,1.6,0.8,0.0,1.6,0.8,0.0,-0.8,0.0,0.0,0.8,0.0,0.8,0.8,0.0,0.0,0.0,-0.8,0.8,0.0,0.0,0.0,0.8,1.6,-0.8,0.0,1.6,0.0,0.8,0.0,-0.8,0.8,0.8,0.0,0.0,-0.8,0.8,-0.8,0.0,0.8,0.0,0.0,0.8,0.8,-0.8,0.0,0.0,0.0,-0.8,-0.8,0.8,0.0,0.0,0.0,0.0,0.8,0.8,0.0,0.8,0.8,0.0,0.8,0.0,1.6,0.0,0.8,0.8,-1.6,1.6,0.0,0.0,1.6,0.8,1.6,0.0,0.8,0.8,0.0,0.8,-0.8,1.6,0.8,0.0,1.6,-0.8,0.0,0.0,0.8,2.4000000000000004,0.0,0.8,0.0,0.0,0.8,-0.8,0.8,0.0,1.6,1.6,-0.8,2.4000000000000004,-0.8,-0.8,1.6,-0.8,1.6,-1.6,0.0,-0.8,0.0,0.8,0.8,0.0,0.8,0.0,0.8,0.0,0.8,-0.8,0.8,0.0,0.8,0.0,-0.8,1.6,0.8,-0.8,0.8,0.0,0.0,1.6,0.8,0.0,1.6,-0.8,0.0,2.4000000000000004,-1.6,-1.6,2.4000000000000004,-0.8,-1.6,0.8,0.0,-0.8,0.8,0.8,0.0,0.8,0.0,-0.8,1.6,0.8,0.8,0.8,0.8,0.0,-0.8,0.8,0.8,0.8,0.0,0.8,0.8,0.8,0.8,0.0,0.8,0.8,-0.8,1.6,0.8,0.0,1.6,0.0,1.6,0.0,-0.8,0.8,-0.8,0.8,0.8,-0.8,0.0,-0.8,0.0,1.6,0.8,0.0,0.0,0.8,1.6,0.8,-0.8,-0.8,1.6,1.6,0.8,0.8,0.8,1.6,0.0,0.8,0.8,1.6,0.8,0.0,0.8,-0.8,-0.8,3.2,0.8,1.6,0.0,0.0,0.8,-0.8,0.0,0.0,0.0,0.0,-0.8,0.8,0.0,0.8,0.8,-0.8,0.8,0.0,0.8,0.0,-0.8,0.0,0.0,0.0,0.8,-0.8,1.6,0.0,0.0,0.0,-1.6,-0.8,-0.8,0.0,-0.8,-0.8,0.8,0.8,0.8,0.8,0.8,1.6,0.8,-0.8,-0.8,0.8,1.6,0.0,0.8,0.8,1.6,0.8,0.8,0.0,-0.8,1.6,0.0,-1.6,0.0,0.0,0.0,0.8,0.8,0.8,0.8,0.0,0.0,0.8,-1.6,0.8,-0.8,0.8,0.8,0.0,-0.8,-0.8,0.0,0.8,0.8,0.0,-0.8,-1.6,0.8,0.0,1.6,0.0,0.0,0.8,0.0,0.0,0.8,-0.8,1.6,-1.6,1.6,-0.8,0.8,0.8,0.8,1.6,0.0,0.0,0.8,-1.6,0.0,-0.8,0.8,-0.8,0.8,0.0,0.0,0.8,-0.8,0.0,0.8,-0.8,0.8,0.8,0.8,-1.6,0.8,0.8,0.0,-0.8,0.8,0.8,0.8,0.0,0.0,0.8,-0.8,0.0,0.0,0.8,-0.8,-0.8,0.0,-0.8,0.0,0.0,-0.8,0.8,-0.8,0.0,-0.8,0.8,0.0,-0.8,1.6,0.8,0.0,1.6,0.0,-0.8,0.0,0.8,-0.8,0.0,0.0,0.0,0.0,-0.8,-1.6,0.0,1.6,-0.8,0.8,0.0,0.0,0.0,0.8,0.8,-0.8,0.0,2.4000000000000004,0.0,1.6,1.6,1.6,1.6,0.0,0.8,0.0,1.6,0.8,-0.8,1.6,1.6,0.0,1.6,-0.8,1.6,-0.8,-0.8,0.8,0.8,0.8,0.0,0.8,1.6,-1.6,0.8,-0.8,0.0,0.0,0.0,0.8,0.8,0.0,-0.8,-0.8,2.4000000000000004,0.0,0.0,0.0,-0.8,0.8,0.0,0.8,-0.8,0.0,0.8,-0.8,0.8,0.8,0.0,0.8,0.0,0.8,-0.8,0.0,0.8,-0.8,1.6,1.6,0.8,0.0,0.0,1.6,0.0,1.6,0.0,-0.8,0.8,-0.8,0.8,0.0,0.0,1.6,0.0,1.6,0.0,0.0,0.0,0.8,0.0,0.8,0.0,0.0,-0.8,0.8,0.8,0.0,0.0,0.0,0.0,-0.8,0.0,1.6,0.0,-0.8,-0.8,-0.8,0.8,0.8,0.0,0.8,-0.8,0.0,0.0,0.0,0.8,1.6,-0.8,1.6,0.8,0.8,0.0,1.6,0.8,0.0,0.8,-0.8,0.0,0.0,0.0,1.6,0.0,0.8,-0.8,0.0,0.0,0.8,-0.8,0.8,-0.8,0.8,-1.6,-0.8,0.0,0.0,0.8,-0.8,0.8,-0.8,0.8,1.6,-1.6,1.6,0.0,0.0,0.0,-0.8,1.6,0.0,0.0,1.6,-0.8,0.8,-0.8,0.8,0.0,-1.6,2.4000000000000004,0.0,-0.8,1.6,0.8,0.8,0.0,-1.6,-0.8,-0.8,0.8,-0.8,0.8,-1.6,0.8,1.6,-0.8,0.0,-1.6,0.0,0.0,-1.6,0.0,0.0,0.8,0.0,-1.6,0.0,0.0,0.8,0.0,0.0,0.0,-0.8,0.8,0.0,-0.8,0.8,-0.8,0.8,0.0,0.0,1.6,-0.8,0.8,-0.8,0.0,0.8,0.0,0.8,0.8,0.8,1.6,-0.8,0.8,0.0,0.8,0.8,-0.8,0.8,-0.8,-0.8,0.8,0.8,0.0,-0.8,0.8,-0.8,0.8,0.0,0.0,0.0,0.0,0.0,-1.6,0.8,0.0,-1.6,0.8,0.0,0.0,2.4000000000000004,0.0,0.0,0.0,0.8,0.8,-0.8,-0.8,0.0,1.6,0.0,-0.8,0.8,-0.8,0.8,-0.8,0.8,0.0,0.0,1.6,-1.6,0.8,0.8,-1.6,0.8,-1.6,0.0,-0.8,0.8,1.6,-0.8,0.8,0.8,-0.8,1.6,-0.8,-1.6,0.0,-0.8,0.8,-0.8,0.8,0.0,0.8,0.0,0.0,0.8,-0.8,0.0,0.0,-1.6,0.8,-1.6,-0.8,0.8,-0.8,0.8,0.8,0.0,-0.8,0.0,1.6,0.0,-0.8,0.0,0.8,2.4000000000000004,0.8,0.8,0.0,1.6,0.0,0.0,0.8,0.0,0.0,0.0,0.0,0.8,-0.8,0.0,-0.8,0.0,0.0,0.0,0.0,0.8,-0.8,0.0,0.0,0.0,-0.8,0.0,0.0,0.8,0.0,0.8,0.0,0.0,1.6,0.8,0.0,0.0,0.0,0.0,-0.8,0.0,0.8,0.8,0.0,0.0,0.0,-0.8,-0.8,0.0,-0.8,-0.8,-0.8,0.8,0.8,0.0,0.8,-1.6,0.8,-0.8,-2.4000000000000004,0.8,0.8,1.6,0.0,0.0,2.4000000000000004,0.0,1.6,0.0,0.0,1.6,-1.6,0.0,0.0,0.0,0.8,0.0,1.6,0.8,0.0,0.8,-0.8,0.8,-0.8,0.0,0.8,-0.8,0.8,0.0,0.8,1.6,0.0,0.8,0.8,0.8,0.0,0.8,1.6,0.8,1.6,0.8,0.8,0.8,0.0,0.8,0.8,0.0,0.0,-1.6,-0.8,-0.8,0.0,0.8,0.8,0.0,1.6,-0.8,0.8,0.0,0.0,-0.8,0.8,0.0,1.6,-0.8,-0.8,0.0,0.8,0.0,-0.8,0.8,0.0,0.8,1.6,0.8,0.0,0.0,-0.8,-0.8,-0.8,0.0,0.8,0.8,0.0,-0.8,0.8,-0.8,0.0,1.6,-0.8,0.8,-0.8,0.0,0.0,1.6,0.0,0.8,0.0,-0.8,0.0,1.6,0.8,-0.8,-0.8,1.6,1.6,0.0,-0.8,-0.8,0.8,0.8,-1.6,0.8,0.0,0.8,0.8,0.0,2.4000000000000004,0.0,0.0,0.8,-0.8,1.6,-2.4000000000000004,-0.8,1.6,-0.8,0.8,-0.8,1.6,0.0,0.0,0.8,-0.8,2.4000000000000004,0.0,-0.8,0.8,0.8,1.6,-0.8,0.0,2.4000000000000004,0.0,0.8,0.0,0.8,0.8,-0.8,0.0,0.0,-0.8,0.8,0.0,1.6,-1.6,0.0,0.0,0.8,-0.8,-1.6,0.8,0.8,-0.8,0.0,-0.8,0.8,0.0,0.0,0.8,-1.6,0.8,0.8,0.0,-0.8,-1.6,0.8,0.0,0.0,0.8,0.8,0.0,0.8,0.0,-1.6,1.6,0.8,0.8,0.8,0.0,0.8,-0.8,0.8,0.0,-0.8,1.6,-0.8,0.0,0.0,0.8,0.8,0.0,0.8,1.6,-0.8,1.6,0.0,0.0,0.0,-0.8,0.0,0.0,1.6,-1.6,0.0,0.8,0.0,0.8,-0.8,0.8,0.8,-1.6,0.0,-0.8,0.0,0.0,-0.8,0.0,-0.8,0.8,0.0,0.8,0.8,-0.8,0.0,0.0,-0.8,2.4000000000000004,-0.8,2.4000000000000004,1.6,0.0,0.8,0.8,0.8,0.0,-1.6,-0.8,0.0,0.0,0.0,0.8,2.4000000000000004,0.0,0.0,0.0,-0.8,0.8,-1.6,1.6,-0.8,0.0,-0.8,0.0,0.0,-1.6,0.0,0.8,0.0,0.0,0.0,0.8,-0.8,-0.8,0.0,0.0,0.0,-1.6,0.8,0.0,-1.6,0.0,-0.8,-2.4000000000000004,0.0,0.0,0.0,0.0,-0.8,0.8,-2.4000000000000004,0.8,0.8,-1.6,0.0,-1.6,-1.6,-0.8,0.8,0.0,0.0,0.0,0.0,0.0,0.8,0.0,-1.6,0.0,-0.8,-0.8,0.0,0.0,0.8,0.8,0.8,0.0,-0.8,0.0,-0.8,0.0,0.0,-1.6,0.0,-1.6,0.8,-0.8,-1.6,0.8,-0.8,-0.8,0.8,0.0,0.0,-2.4000000000000004,0.0,0.0,0.0,0.8,0.0,0.8,0.8,-0.8,0.8,0.0,0.8,0.0,-0.8,0.0,-0.8,1.6,0.0,0.0,0.8,-0.8,0.8,0.0,-0.8,0.0,0.0,0.0,-0.8,0.0,0.0,-1.6,0.8,0.0,0.8,-1.6,0.0,0.8,0.0,0.0,0.0,0.0,1.6,-0.8,-0.8,0.0,1.6,-0.8,0.8,0.0,-1.6,0.0,0.0,0.0,0.0,0.8,-0.8,0.8,0.0,0.0,-0.8,0.8,-0.8,-0.8,0.8,0.0,0.8,-0.8,0.0,1.6,0.0,0.0,0.0,-0.8,-0.8,0.0,-0.8,0.0,0.8,0.8,-0.8,0.8,0.8,0.0,0.0,0.8,-0.8,0.8,-1.6,-0.8,0.8,0.0,0.0,0.0,0.0,0.0,-0.8,0.8,0.8,0.8,-0.8,-0.8,0.8,0.8,0.8,0.0,1.6,1.6,-1.6,1.6,-1.6,-0.8,1.6,-2.4000000000000004,0.0,0.0,-1.6,2.4000000000000004,0.0,0.0,0.0,0.8,-0.8,-0.8,0.8,0.0,0.0,0.8,-0.8,0.8,0.0,0.0,0.0,-0.8,0.8,-0.8,1.6,0.8,-0.8,0.0,-0.8,0.0,-1.6,-0.8,0.8,0.0,0.0,0.0,-0.8,-0.8,-0.8,0.8,0.8,0.0,0.8,0.0,0.0,0.0,-0.8,-0.8,0.8,0.0,-1.6,0.0,0.8,-0.8,-0.8,0.0,0.8,0.8,0.0,0.0,-0.8,1.6,0.0,0.0,0.0,0.8,0.8,0.0,0.8,0.8,0.0,0.0,0.8,0.0,-0.8,-0.8,-0.8,0.0,0.8,0.0,0.8,0.8,0.8,0.0,1.6,0.8,0.8,0.0,0.8,0.8,1.6,0.0,-0.8,0.0,0.8,0.0,0.0,0.0,0.0,0.0,0.8,-0.8,0.8,0.8,0.0,0.0,0.8,1.6,0.0,-0.8,0.8,-0.8,0.8,0.0,0.0,0.0,-1.6,1.6,-0.8,0.0,0.8,-0.8,0.0,0.8,1.6,0.0,0.8,1.6,-1.6,0.8,0.0,0.0,0.8,-1.6,1.6,-0.8,0.0,1.6,0.0,1.6,-0.8,0.0,0.8,-0.8,0.8,0.0,0.8,0.0,-2.4000000000000004,0.0,-0.8,0.8,1.6,-0.8,1.6,0.0,0.8,0.8,-0.8,0.0,0.0,0.0,0.0,0.8,1.6,-0.8,1.6,-0.8,0.8,0.0,-0.8,0.8,-0.8,-0.8,0.0,-0.8,0.8,-0.8,0.0,0.0,0.8,0.0,0.0,0.0,0.0,0.0,-0.8,0.8,0.0,1.6,0.8,0.8,0.8,0.0,0.8,1.6,0.0,1.6,0.8,-0.8,-0.8,0.0,0.0,0.8,0.8,0.8,-0.8,0.8,-0.8,0.0,-0.8,0.8,0.8,0.0,-0.8,0.0,-0.8,0.8,0.0,0.8,0.0,-0.8,1.6,0.8,0.0,0.8,0.0,0.8,-1.6,-0.8,1.6,0.8,-0.8,0.0,0.8,-1.6,0.8,0.0,-0.8,0.8,-0.8,0.8,0.0,0.0,0.8,-0.8,0.8,0.0,-1.6,0.8,0.8,1.6,0.0,0.8,1.6,0.0,0.8,0.8,-0.8,0.8,-2.4000000000000004,0.8,0.8,0.0,0.0,-0.8,0.8,0.0,0.8,0.0,-0.8,1.6,0.0,0.0,0.8,-0.8,1.6,-0.8,0.0,1.6,-1.6,0.8,0.8,0.8,0.0,-0.8,1.6,0.0,0.8,1.6,-0.8,0.8,1.6,-0.8,0.0,0.8,1.6,-0.8,1.6,0.0,-0.8,0.8,0.8,0.8,0.8,0.0,0.8,-0.8,0.0,0.8,0.0,0.8,0.8,0.0,-0.8,0.0,0.8,0.8,0.8,0.8,-0.8,0.8,0.8,-0.8,0.8,1.6,0.8,-0.8,-0.8,1.6,-0.8,0.0,0.0,0.0,0.0,0.0,0.0,0.8,0.0,0.0,0.8,-0.8,0.0,0.0,0.0,0.8,-0.8,0.0,0.0,0.8,-1.6,-0.8,0.0,1.6,0.8,0.0,0.0,0.0,1.6,0.0,0.0,0.8,0.0,0.8,0.8,0.0,1.6,-0.8,0.0,1.6,0.0,0.8,-0.8,-0.8,0.8,-0.8,0.0,0.8,1.6,-0.8,0.0,0.8,0.8,0.8,-1.6,0.0,0.8,1.6,0.8,0.0,0.0,1.6,0.8,1.6,0.0,0.0,-0.8,-0.8,0.0,0.0,-0.8,0.8,0.0,0.8,0.0,0.8,0.0,1.6,-0.8,-0.8,1.6,0.8,-1.6,0.0,0.8,-0.8,0.0,0.8,0.8,0.0,0.8,0.8,0.8,-0.8,1.6,0.8,-0.8,-1.6,0.8,0.0,0.0,0.0,-0.8,-0.8,-0.8,-0.8,0.0,0.0,0.0,0.8,-1.6,0.0,-0.8,-0.8,1.6,-1.6,-0.8,-0.8,1.6,-0.8,-0.8,1.6,0.8,0.8,0.8,-0.8,0.8,0.0,0.8,-0.8,-1.6,0.8,0.0,0.0,0.0,0.8,0.0,-0.8,0.8,0.8,-0.8,0.8,-0.8,0.8,-0.8,0.0,0.8,-0.8,1.6,0.8,1.6,0.8,0.0,0.0,-1.6,0.8,2.4000000000000004,-0.8,1.6,0.0,2.4000000000000004,0.0,0.8,-0.8,0.0,0.8,-0.8,0.0,0.8,-1.6,2.4000000000000004,0.8,0.0,0.0,0.0,0.8,1.6,-0.8,0.8,-0.8,0.0,0.0,-0.8,0.0,0.0,0.0,0.0,0.8,0.0,0.8,0.8,-0.8,0.0,0.0,0.8,0.0,0.0,0.0,-0.8,0.0,0.0,-0.8,0.0,-0.8,0.0,0.0,0.0,0.8,0.0,0.0,0.8,0.0,0.0,0.0,-0.8,0.0,0.0,0.0,-0.8,-0.8,0.0,0.8,0.0,0.8,-0.8,-1.6,0.0,-0.8,-0.8,0.8,0.8,0.8,0.0,0.8,1.6,-0.8,0.0,0.0,0.8,-0.8,0.0,0.8,-0.8,0.8,-0.8,-0.8,1.6,0.0,0.8,0.0,0.0,0.8,-2.4000000000000004,0.8,-0.8,2.4000000000000004,0.0,-0.8,2.4000000000000004,-0.8,0.0,0.0,0.0,1.6,-0.8,0.0,0.0,0.8,0.8,0.0,0.8,1.6,-0.8,0.0,-0.8,0.8,0.0,0.8,0.8,-0.8,-0.8,-0.8,0.0,0.0,-0.8,0.0,-0.8,-0.8,0.8,0.0,1.6,0.8,-0.8,-0.8,0.0,0.0,0.0,0.8,0.0,0.8,0.0,-1.6,0.0,0.8,0.0,0.0,0.8,0.0,-0.8,0.8,0.0,-0.8,0.8,-0.8,-0.8,-0.8,0.8,0.8,0.0,-0.8,1.6,0.8,0.8,0.0,-1.6,0.8,0.0,-0.8,-0.8,0.0,0.8,-0.8,-0.8,0.8,0.8,-0.8,0.0,0.0,0.0,0.0,0.0,0.0,0.0,0.0,0.0,0.8,0.0,0.0,0.8,0.0,0.0,-0.8,0.8,0.0,0.0,0.8,0.8
event_157,1625267088.6377022,0.0,0.0,0.8,0.8,0.0,0.8,-0.8,-0.8,0.8,0.0,0.8,0.0,0.8,0.0,-0.8,0.0,0.0,0.0,0.0,-0.8,-0.8,0.0,-0.8,-0.8,0.0,0.0,-0.8,0.0,-0.8,0.8,0.0,0.0,0.8,-1.6,0.0,0.0,0.0,0.8,-1.6,0.0,1.6,-0.8,1.6,-0.8,0.0,0.0,-0.8,0.0,-0.8,0.0,-0.8,0.8,0.0,0.0,0.0,0.0,0.0,0.8,-0.8,1.6,-1.6,-0.8,0.8,-0.8,0.8,1.6,0.0,-0.8,0.0,0.8,0.0,0.8,0.8,0.0,2.4000000000000004,-0.8,0.0,0.0,1.6,0.0,-0.8,0.0,0.8,0.0,-0.8,0.0,0.0,0.0,0.8,0.8,0.8,-0.8,0.8,0.0,0.8,0.8,0.0,0.8,0.8,-1.6,-0.8,0.0,-6.4,-43.2,-71.2,-49.60000000000001,-21.6,-8.0,-5.6,-1.6,-1.6,-4.800000000000001,-3.2,-3.2,-4.800000000000001,-0.8,0.0,-0.8,-0.8,-1.6,-1.6,-0.8,0.0,0.8,-0.8,-0.8,1.6,0.0,-1.6,0.0,-0.8,0.8,-0.8,-2.4000000000000004,1.6,0.8,0.8,-1.6,-1.6,1.6,-0.8,0.8,0.0,0.8,2.4000000000000004,0.0,0.0,0.8,0.0,0.0,-0.8,1.6,0.8,-0.8,0.8,-0.8,0.8,0.0,-0.8,0.0,0.0,0.8,-0.8,-0.8,0.8,0.0,0.0,0.8,0.0,0.0,-0.8,0.8,-0.8,2.4000000000000004,0.0,0.0,1.6,0.8,0.0,0.8,0.0,0.0,-0.8,-0.8,-0.8,0.0,0.8,0.8,0.8,0.8,-0.8,0.8,0.0,0.0,0.0,-0.8,0.0,0.8,0.0,0.0,-0.8,0.8,0.0,-0.8,0.0,-0.8,0.8,0.8,-0.8,0.0,0.8,0.0,0.8,-0.8,0.0,0.0,-0.8,0.8,-1.6,0.0,0.8,0.8,0.8,-0.8,0.8,0.8,0.0,1.6,0.0,0.0,0.8,-0.8,0.0,-1.6,1.6,0.0,-0.8,0.0,1.6,2.4000000000000004,0.0,-0.8,0.8,0.0,1.6,-0.8,0.8,0.8,0.0,1.6,-0.8,0.8,0.0,-0.8,0.0,0.0,0.8,-0.8,-0.8,0.0,-1.6,0.8,0.0,1.6,0.8,-0.8,0.8,0.8,0.8,-0.8,0.0,0.8,1.6,0.8,0.0,0.0,1.6,-0.8,0.8,0.0,0.0,0.0,-1.6,0.8,-0.8,-0.8,1.6,0.0,0.0,-1.6,-0.8,0.0,-0.8,0.0,0.0,0.8,0.8,-0.8,0.8,-0.8,0.0,0.0,0.0,0.8,-0.8,0.8,0.8,0.8,0.8,0.0,0.0,-0.8,-0.8,0.8,0.0,0.0,0.0,-0.8,0.0,0.8,0.8,0.0,-0.8,0.8,0.8,0.0,0.8,0.0,0.0,1.6,0.0,-1.6,0.8,0.0,0.8,0.0,0.8,0.8,-0.8,1.6,-0.8,0.0,0.8,-0.8,0.8,-0.8,0.8,0.8,0.8,0.8,-0.8,0.0,0.0,0.0,0.0,-1.6,0.0,0.8,0.0,0.0,0.0,-0.8,0.8,0.8,0.8,0.0,0.8,0.8,0.0,0.8,-0.8,2.4000000000000004,-0.8,0.8,0.8,0.0,0.0,-0.8,0.8,0.0,-0.8,0.8,0.0,0.8,0.8,0.8,0.8,0.0,0.8,-0.8,-0.8,0.8,-1.6,1.6,0.0,0.0,0.0,0.0,0.8,-0.8,0.8,0.8,0.8,0.0,0.0,0.8,0.8,-0.8,0.8,1.6,0.0,0.8,1.6,0.8,-2.4000000000000004,0.8,-0.8,-1.6,0.0,0.0,0.0,0.0,0.8,0.8,-1.6,1.6,1.6,0.0,0.8,-0.8,0.0,-1.6,1.6,0.0,-0.8,0.8,1.6,0.0,1.6,0.0,-0.8,0.8,0.0,-0.8,0.0,0.0,0.0,0.0,1.6,1.6,0.0,0.0,0.8,0.8,-1.6,0.0,0.0,0.0,0.8,0.0,0.8,0.8,1.6,0.8,0.0,0.0,0.0,-2.4000000000000004,0.8,1.6,0.0,0.8,0.8,1.6,0.8,-0.8,0.8,0.0,0.0,0.0,0.0,0.0,0.8,0.8,0.0,-0.8,1.6,-0.8,0.0,-0.8,0.0,-0.8,0.8,0.0,0.0,0.0,-0.8,0.0,0.8,-0.8,0.8,-0.8,-0.8,1.6,0.8,0.0,0.0,0.0,1.6,0.0,-0.8,-0.8,0.8,-0.8,0.8,0.8,-0.8,0.8,0.0,0.0,-0.8,0.0,0.0,0.8,0.8,0.0,-0.8,0.8,0.0,-1.6,0.0,1.6,0.0,0.0,0.8,0.0,0.0,1.6,-0.8,0.0,-0.8,0.0,-0.8,0.0,0.0,0.0,0.8,0.0,0.8,0.8,0.8,1.6,0.0,0.8,0.8,-0.8,0.0,0.0,0.0,0.0,0.8,0.8,-0.8,1.6,-0.8,0.0,0.0,-0.8,1.6,-0.8,0.0,0.0,0.0,1.6,-1.6,1.6,0.8,-0.8,0.8,-1.6,0.0,0.0,0.0,1.6,0.0,1.6,-1.6,-0.8,-0.8,-0.8,0.0,0.0,-0.8,0.8,0.0,0.8,0.0,0.8,0.0,-0.8,0.8,0.0,1.6,0.8,0.0,0.0,0.0,-0.8,0.0,-0.8,0.0,-0.8,0.8,0.8,-1.6,-0.8,0.0,0.8,0.8,-0.8,0.8,0.0,0.8,0.8,-0.8,0.8,0.0,-0.8,-1.6,0.0,0.8,0.0,0.8,0.0,0.8,0.8,0.8,-0.8,0.0,0.8,0.0,0.0,0.8,0.0,0.8,0.0,0.8,0.0,0.0,0.8,-0.8,0.8,0.0,0.0,0.8,0.8,0.0,-1.6,0.0,0.8,0.0,0.8,1.6,0.0,0.8,-0.8,0.8,0.0,0.8,-0.8,0.8,0.8,0.8,0.0,0.8,0.0,0.0,-0.8,0.8,-0.8,0.8,0.0,-0.8,0.8,0.0,0.8,0.8,0.0,0.8,-0.8,1.6,0.8,0.0,0.8,-0.8,0.8,0.0,-1.6,0.0,0.0,0.0,0.8,0.8,0.8,0.8,0.8,-2.4000000000000004,1.6,0.0,-1.6,1.6,-0.8,0.0,1.6,-0.8,0.0,-1.6,0.8,-0.8,-0.8,0.8,-0.8,0.8,0.0,-1.6,0.8,-2.4000000000000004,0.0,0.8,0.8,1.6,0.8,1.6,-0.8,0.0,0.8,0.0,-0.8,0.0,0.0,-0.8,-0.8,0.8,0.0,0.8,-0.8,-0.8,0.8,0.0,0.8,0.0,-0.8,0.0,-0.8,0.0,0.8,0.0,-0.8,-0.8,0.0,0.0,0.0,0.0,0.8,-0.8,0.0,0.0,2.4000000000000004,-0.8,0.0,0.8,-0.8,0.0,1.6,0.8,1.6,0.0,0.0,0.0,-0.8,-1.6,0.0,0.0,0.8,-1.6,0.8,-1.6,0.8,0.0,0.0,0.0,0.0,0.0,0.0,0.0,1.6,-1.6,1.6,1.6,-1.6,1.6,1.6,0.8,0.0,0.0,0.0,-0.8,0.0,0.0,0.8,0.8,-0.8,0.0,-1.6,-0.8,0.0,-0.8,1.6,0.8,0.0,0.0,1.6,0.8,-0.8,0.8,0.0,-0.8,0.0,0.8,0.0,0.0,-0.8,0.8,0.0,0.0,1.6,-0.8,0.8,-0.8,0.0,0.0,-0.8,0.8,0.0,0.0,1.6,0.0,0.0,-0.8,0.8,0.0,0.0,0.0,0.0,0.0,-0.8,-0.8,1.6,-0.8,0.0,1.6,0.0,0.0,-0.8,0.8,0.0,0.8,0.0,0.8,0.8,0.8,-0.8,0.8,0.0,0.8,0.0,-1.6,0.8,0.0,0.0,1.6,0.8,0.8,0.0,0.8,0.0,0.8,0.8,0.8,1.6,0.8,-0.8,0.0,0.0,0.0,0.8,-0.8,0.8,-1.6,0.8,0.8,-0.8,1.6,0.0,0.0,-0.8,-1.6,0.0,0.0,-0.8,0.8,0.0,-0.8,-0.8,0.0,0.8,0.0,0.8,0.0,0.0,0.0,0.0,0.0,0.8,-0.8,-0.8,0.0,0.8,-0.8,0.0,0.0,0.8,1.6,-0.8,0.0,-0.8,0.8,0.0,0.0,0.8,-1.6,0.0,0.8,0.0,1.6,0.0,0.8,0.8,0.0,0.0,-0.8,-1.6,0.0,0.0,0.8,-1.6,1.6,-0.8,0.8,0.0,0.8,0.8,-0.8,0.8,0.8,0.8,0.0,0.8,0.8,1.6,-0.8,0.8,0.0,1.6,0.0,-0.8,0.0,-0.8,0.0,0.0,0.8,0.0,-0.8,0.8,-0.8,0.8,-1.6,0.8,0.0,0.0,0.0,0.0,0.8,0.8,-0.8,-0.8,0.8,0.8,0.0,0.8,0.0,-0.8,2.4000000000000004,0.8,0.8,0.0,0.8,1.6,0.0,0.0,-0.8,0.0,0.8,-1.6,0.8,0.0,0.0,0.0,-0.8,0.8,0.0,-0.8,1.6,-1.6,0.0,-1.6,0.8,0.8,-2.4000000000000004,0.8,0.0,0.0,0.8,-1.6,0.0,0.8,0.0,0.0,0.0,1.6,-0.8,0.0,0.8,0.0,0.8,0.8,0.8,0.8,-0.8,0.8,-1.6,0.8,-0.8,-0.8,1.6,0.0,0.8,0.0,0.8,0.8,-0.8,0.0,0.0,-1.6,0.8,-1.6,0.8,0.0,1.6,0.8,0.0,0.0,-0.8,-0.8,-0.8,0.0,0.0,-0.8,1.6,0.8,0.8,0.8,0.0,-1.6,0.0,0.0,0.0,-0.8,0.0,-0.8,0.8,0.0,-0.8,0.8,0.0,0.0,0.0,1.6,0.8,0.0,0.8,0.8,0.8,0.0,-0.8,-0.8,0.0,0.8,0.8,0.0,0.0,0.0,-0.8,0.0,0.0,0.0,0.8,1.6,1.6,0.0,0.8,0.0,-0.8,-0.8,0.8,0.8,-0.8,0.8,-0.8,0.8,0.8,0.0,0.0,-1.6,-0.8,0.0,0.0,0.8,-0.8,0.0,-0.8,0.0,1.6,0.0,0.0,0.0,0.8,0.0,0.0,1.6,0.0,0.8,-0.8,-0.8,0.8,-0.8,0.0,0.0,0.0,0.8,-1.6,0.8,0.0,0.8,0.8,0.0,1.6,0.8,-0.8,1.6,-0.8,0.8,-1.6,-0.8,0.8,0.8,0.0,0.8,0.8,1.6,0.0,0.8,-0.8,0.8,-0.8,0.8,0.8,0.8,0.0,0.0,0.0,0.8,0.0,-0.8,0.0,0.0,0.8,0.8,0.8,0.0,0.0,0.0,0.0,0.8,0.8,0.8,0.0,-0.8,-0.8,-0.8,0.8,0.0,0.8,0.0,0.8,0.0,0.0,1.6,0.0,0.0,0.0,0.8,-0.8,0.0,1.6,0.8,1.6,0.0,0.8,0.8,0.8,1.6,-0.8,0.8,0.8,-0.8,-0.8,0.8,0.0,1.6,0.0,0.8,0.0,-0.8,0.8,0.8,0.0,-0.8,0.0,0.8,0.8,0.0,0.0,0.8,0.0,-0.8,0.8,0.0,0.8,-0.8,0.8,0.8,0.0,0.0,0.8,0.8,1.6,0.0,0.8,0.8,0.8,-0.8,0.0,0.8,0.0,0.8,1.6,-0.8,1.6,0.0,0.0,0.8,0.0,0.0,0.8,-0.8,1.6,-0.8,0.0,0.8,0.0,0.8,-0.8,0.8,-0.8,0.8,0.8,0.0,1.6,1.6,0.8,0.8,-0.8,0.8,1.6,0.0,0.8,0.8,-0.8,0.0,0.8,0.0,0.0,0.8,0.8,0.0,0.8,0.0,-0.8,1.6,-1.6,-0.8,1.6,0.0,0.8,0.0,0.0,0.8,1.6,1.6,0.0,0.0,0.8,0.8,0.8,0.0,1.6,1.6,0.8,1.6,0.8,2.4000000000000004,0.8,0.8,1.6,-1.6,0.8,-0.8,0.8,1.6,0.0,0.8,0.0,0.0,0.8,0.0,1.6,0.0,0.8,0.0,0.8,2.4000000000000004,-0.8,0.8,0.0,0.8,0.0,0.0,0.8,0.0,0.0,0.0,-0.8,2.4000000000000004,0.0,0.8,0.0,0.0,0.8,-0.8,0.0,0.0,-0.8,0.0,0.8,2.4000000000000004,0.0,-0.8,1.6,0.0,1.6,0.0,0.8,0.0,0.8,0.8,-0.8,0.8,1.6,-0.8,0.0,-2.4000000000000004,1.6,0.0,0.0,0.8,0.0,0.0,0.0,0.8,0.8,0.0,0.8,-0.8,0.0,0.8,0.8,0.0,0.0,0.8,-0.8,-0.8,1.6,0.8,0.8,0.8,1.6,1.6,0.8,0.0,0.0,1.6,0.0,-0.8,0.8,0.8,0.0,1.6,0.0,0.8,0.8,0.0,0.0,2.4000000000000004,0.0,0.0,0.8,0.0,0.8,0.0,0.8,0.8,-0.8,0.8,1.6,0.8,1.6,-1.6,0.8,0.0,1.6,0.0,0.0,1.6,0.8,0.0,0.8,0.0,1.6,-0.8,0.0,0.8,0.0,0.8,2.4000000000000004,0.0,1.6,-0.8,0.8,-0.8,0.0,0.8,0.8,0.8,0.0,0.8,-0.8,0.0,0.8,0.0,1.6,0.0,-1.6,1.6,0.0,0.8,0.8,1.6,0.8,-1.6,0.8,0.8,0.0,0.0,0.0,0.8,-1.6,0.0,1.6,0.0,0.8,-0.8,0.0,0.8,0.8,0.0,-0.8,0.0,-0.8,-2.4000000000000004,0.8,0.8,0.0,0.0,0.0,0.8,0.0,1.6,-1.6,-0.8,0.8,0.0,0.0,0.0,0.8,0.8,0.0,0.8,0.0,0.8,-0.8,-0.8,0.8,-1.6,-0.8,0.0,-0.8,0.0,-0.8,0.0,1.6,1.6,-0.8,0.0,1.6,0.0,0.0,0.0,1.6,0.8,-0.8,0.0,0.8,0.8,0.0,0.8,0.8,0.0,-0.8,0.8,0.0,0.8,-0.8,0.8,0.0,0.8,-0.8,0.0,0.0,0.0,-0.8,0.8,0.0,0.8,-0.8,0.8,0.8,0.8,1.6,-0.8,0.8,0.0,0.8,1.6,-0.8,0.8,0.0,1.6,-0.8,-0.8,0.8,0.0,-0.8,0.0,0.0,0.8,-0.8,0.8,0.8,0.0,0.8,0.0,0.8,1.6,0.8,0.8,0.8,0.8,-0.8,0.8,1.6,0.0,0.8,0.8,1.6,0.8,0.0,0.0,0.0,0.8,-0.8,0.0,0.8,0.8,1.6,0.0,0.0,0.8,-0.8,0.8,0.0,-0.8,0.0,-0.8,-0.8,0.0,0.0,0.8,0.8,1.6,-0.8,-0.8,0.8,-0.8,0.0,-0.8,0.0,0.0,0.8,0.8,0.8,0.0,0.8,0.0,-0.8,0.8,0.0,0.0,0.8,0.0,1.6,0.0,0.8,1.6,0.0,-0.8,-0.8,0.8,1.6,-0.8,0.0,-1.6,0.8,0.0,-1.6,1.6,0.0,0.0,0.0,0.0,0.8,0.8,0.8,0.0,0.8,0.8,-0.8,0.8,0.0,0.8,1.6,-0.8,0.8,0.8,-0.8,0.8,0.0,-0.8,0.0,0.8,2.4000000000000004,0.0,1.6,0.8,0.8,1.6,-1.6,-0.8,-0.8,0.8,1.6,0.0,0.8,0.8,0.0,1.6,0.0,-0.8,0.8,0.8,-0.8,0.0,2.4000000000000004,0.8,0.0,0.8,0.8,0.8,-0.8,-0.8,0.0,-0.8,0.0,-0.8,0.8,0.8,-0.8,0.0,0.8,1.6,0.0,0.8,0.0,0.0,-0.8,0.0,1.6,0.8,1.6,1.6,0.0,3.2,0.0,-0.8,-0.8,4.0,-0.8,-3.2,0.8,0.8,-0.8,0.8,2.4000000000000004,0.8,-2.4000000000000004,0.0,1.6,0.8,-0.8,0.0,2.4000000000000004,0.8,0.8,0.0,0.8,2.4000000000000004,-0.8,0.0,0.0,-1.6,1.6,0.8,0.8,0.8,0.0,1.6,-1.6,0.8,0.0,1.6,0.8,0.0,1.6,-1.6,1.6,0.8,-0.8,0.0,-1.6,0.8,0.8,0.8,1.6,-0.8,1.6,0.8,-1.6,1.6,0.8,0.8,0.0,0.0,1.6,-0.8,1.6,-0.8,0.0,0.8,-0.8,0.8,0.0,0.0,0.8,0.0,0.8,0.8,0.0,0.8,0.0,1.6,-0.8,-0.8,-0.8,0.8,0.8,-0.8,0.8,0.8,0.8,0.8,0.0,2.4000000000000004,0.0,-2.4000000000000004,0.8,0.0,2.4000000000000004,0.0,0.8,0.0,0.8,0.8,0.0,0.0,0.8,0.0,-0.8,-1.6,0.0,0.0,0.8,0.0,0.0,-0.8,0.0,-0.8,0.8,0.0,0.8,0.0,0.0,0.0,-0.8,0.8,0.0,0.0,0.0,0.0,-0.8,0.8,0.8,0.0,0.0,0.0,-0.8,0.0,-1.6,0.8,0.0,0.0,0.8,-1.6,-0.8,-0.8,0.8,0.8,0.0,1.6,0.8,0.0,1.6,0.0,0.0,0.0,-0.8,-0.8,0.0,2.4000000000000004,-0.8,0.0,0.0,0.8,0.8,0.0,0.0,0.8,0.8,0.0,-1.6,0.0,0.0,0.0,1.6,0.0,1.6,0.0,-0.8,0.8,0.0,0.8,-0.8,-0.8,0.0,0.0,1.6,-0.8,1.6,0.8,0.8,1.6,0.0,1.6,0.0,0.0,1.6,1.6,0.0,0.0,0.8,0.8,-1.6,0.8,0.8,0.0,-0.8,-0.8,0.0,-0.8,0.0,1.6,0.8,0.8,-0.8,0.0,0.0,0.8,0.0,0.8,0.0,1.6,-0.8,0.0,0.0,0.8,0.0,0.0,0.8,0.0,0.8,0.0,0.0,0.0,0.0,-0.8,0.0,0.0,0.0,0.8,0.0,-0.8,0.0,-1.6,1.6,0.0,0.0,-0.8,-0.8,0.8,-0.8,1.6,0.8,0.0,2.4000000000000004,-0.8,-2.4000000000000004,0.8,0.8,0.8,0.0,0.0,0.0,0.0,0.8,0.0,0.8,0.8,0.8,0.0,0.0,0.0,0.0,0.8,0.8,0.0,0.8,0.0,0.8,0.8,0.0,0.8,-1.6,0.8,0.8,0.0,0.8,0.0,0.8,0.8,0.0,0.8,0.0,0.8,0.8,-0.8,1.6,0.8,0.8,0.8,2.4000000000000004,-0.8,0.0,0.0,0.0,0.8,0.0,0.0,0.0,0.0,0.8,0.8,0.0,0.0,0.0,0.0,0.8,-0.8,0.0,0.8,0.8,0.8,0.0,0.8,0.0,-0.8,1.6,0.0,0.8,1.6,-0.8,-0.8,1.6,0.8,-0.8,1.6,0.0,-1.6,1.6,0.0,-0.8,0.0,-0.8,0.0,0.8,-0.8,0.0,0.0,0.0,0.0,0.8,0.0,0.0,0.8,0.0,-0.8,0.0,1.6,0.8,0.8,-0.8,0.8,0.0,1.6,0.0,-0.8,1.6,-0.8,0.0,0.0,2.4000000000000004,0.8,0.0,0.8,0.8,0.0,1.6,0.0,1.6,0.8,0.8,0.8,-0.8,1.6,0.0,0.8,1.6,0.0,0.8,0.8,1.6,1.6,-0.8,1.6,0.0,1.6,0.0,-0.8,2.4000000000000004,0.8,0.0,1.6,0.0,0.8,-0.8,-0.8,-0.8,0.8,0.0,1.6,0.8,0.8,-0.8,0.0,0.0,0.8,-1.6,1.6,0.8,-0.8,1.6,0.0,-0.8,1.6,0.0,0.8,0.0,-1.6,0.8,0.0,0.0,0.0,0.8,0.8,0.0,0.0,0.0,0.8,-0.8,1.6,0.8,0.0,0.0,0.0,0.8,-0.8,0.8,1.6,0.0,1.6,0.0,0.8,0.0,-0.8,0.0,0.0,1.6,0.0,0.8,0.8,0.8,0.8,0.8,0.8,0.0,0.0,0.8,-0.8,0.8,0.8,0.8,0.8,-0.8,0.0,0.8,0.0,0.8,0.0,0.8,0.8,0.0,0.0,-0.8,0.8,0.0,1.6,0.8,-1.6,0.8,0.0,1.6,0.0,0.0,0.8,0.8,1.6,-0.8,0.0,1.6,-1.6,1.6,0.8,0.0,0.0,-0.8,0.8,0.8,-0.8,0.8,-0.8,0.8,0.0,0.0,0.0,-0.8,0.0,-0.8,0.8,0.8,-1.6,1.6,0.0,0.8,0.8,-0.8,0.8,0.0,1.6,0.8,0.8,0.8,0.0,0.8,0.0,-0.8,0.8,0.8,0.8,-0.8,0.0,0.0,-1.6,0.8,0.8,0.0,0.0,0.0,0.8,1.6,0.0,0.0,0.8,0.0,-0.8,0.8,0.8,0.0,0.8,0.0,0.0,0.8,1.6,0.8,-0.8,0.0,-0.8,0.8,0.8,0.8,0.8,0.0,1.6,0.8,0.0,0.0,0.0,0.8,-1.6,0.0,-0.8,0.0,0.8,-1.6,1.6,0.0,0.0,1.6,-0.8,2.4000000000000004,0.8,-0.8,0.8,0.0,0.8,0.0,0.0,0.8,0.8,0.0,-0.8,0.0,0.8,-0.8,0.0,-0.8,0.0,-0.8,0.8,0.8,0.0,0.8,0.0,0.0,1.6,-0.8,1.6,0.8,0.8,0.8,0.0,0.8,0.0,1.6,0.8,-0.8,1.6,0.8,0.8,0.0,-0.8,1.6,0.0,1.6,-0.8,0.8,0.8,-0.8,0.8,0.0,-1.6,0.0,0.0,0.0,-0.8,-0.8,0.0,-0.8,0.8,0.0,0.8,0.8,-0.8,0.0,0.0,2.4000000000000004,0.8,-0.8,0.8,0.8,1.6,0.8,-0.8,0.0,0.8,0.0,0.8,0.0,0.0,0.0,0.8,0.0,0.8,0.8,0.0,0.0,0.0,-0.8,-0.8,0.8,0.0,0.8,0.0,-0.8,0.8,-0.8,0.8,0.0,0.0,0.8,-1.6,0.8,0.0,0.8,0.0,-0.8,1.6,0.0,-0.8,0.8,-0.8,1.6,-1.6,0.0,0.0,0.0,0.8,0.0,0.8,0.8,-0.8,1.6,-1.6,0.0,-0.8,1.6,0.8,0.8,0.0,-0.8,0.0,-0.8,-0.8,0.8,0.0,0.0,0.8,0.0,0.8,-0.8,0.0,0.0,-0.8,0.8,0.0,-0.8,-0.8,2.4000000000000004,-0.8,-1.6,3.2,-0.8,-0.8
event_158,1625267090.7948258,0.0,-0.8,-0.8,0.0,0.8,0.0,0.8,-0.8,1.6,-0.8,0.0,0.8,-0.8,0.0,0.0,0.0,0.8,0.8,1.6,0.8,1.6,-0.8,-0.8,-0.8,-0.8,0.8,0.0,-0.8,0.0,0.0,0.0,0.0,0.8,0.0,-0.8,0.8,0.0,0.8,0.0,0.0,0.8,0.8,0.8,-0.8,0.0,1.6,0.0,0.8,0.8,0.8,1.6,0.0,0.8,-1.6,2.4000000000000004,0.8,-0.8,0.8,0.8,0.8,0.8,0.0,1.6,0.8,-1.6,0.0,-0.8,0.8,0.0,0.0,-0.8,0.0,-0.8,0.0,1.6,0.8,0.8,0.8,-0.8,0.0,-0.8,0.0,0.8,1.6,0.8,0.0,1.6,0.8,-0.8,0.8,-0.8,0.8,0.0,-0.8,-0.8,0.8,0.8,0.8,0.0,0.8,0.0,0.0,-9.600000000000001,-65.60000000000001,-104.80000000000001,-70.4,-30.4,-12.8,-6.4,-0.8,-2.4000000000000004,-8.8,-7.200000000000001,-4.0,-5.6,0.0,1.6,0.0,0.0,-2.4000000000000004,-0.8,0.0,-1.6,0.0,0.0,0.8,0.8,0.8,-0.8,-0.8,2.4000000000000004,-0.8,0.0,-0.8,-0.8,1.6,-1.6,0.8,0.8,0.8,1.6,-1.6,-0.8,0.8,1.6,1.6,0.8,0.8,0.0,-0.8,1.6,0.0,0.8,0.8,-0.8,0.8,0.0,1.6,0.0,0.0,0.8,1.6,0.8,0.8,0.8,0.8,0.0,0.8,-1.6,0.0,0.8,-1.6,1.6,1.6,0.8,0.0,0.8,1.6,0.0,-0.8,0.0,1.6,2.4000000000000004,-0.8,1.6,1.6,0.8,0.8,0.8,0.8,0.8,0.8,0.0,-0.8,0.0,0.0,1.6,0.0,0.8,-0.8,0.0,0.0,0.8,-0.8,0.8,0.0,0.0,-0.8,0.0,0.0,0.0,0.0,0.0,-0.8,-0.8,0.0,0.0,0.0,0.0,0.8,0.0,0.0,-0.8,1.6,0.0,0.0,0.8,-0.8,0.0,-0.8,1.6,0.0,0.0,0.8,0.0,0.0,0.0,0.0,0.8,0.0,0.0,-2.4000000000000004,0.8,0.8,-0.8,0.8,0.0,1.6,0.0,1.6,0.0,0.0,2.4000000000000004,0.0,0.8,0.0,-0.8,1.6,0.0,0.8,1.6,0.0,0.8,-0.8,0.8,0.0,-1.6,1.6,-1.6,0.8,0.8,-0.8,1.6,0.8,0.8,0.8,0.0,2.4000000000000004,-0.8,1.6,0.8,0.8,1.6,0.0,1.6,0.0,-0.8,0.8,0.8,1.6,-1.6,0.0,-1.6,-0.8,0.8,2.4000000000000004,0.8,0.0,0.0,0.8,0.0,0.8,-0.8,1.6,0.8,0.8,0.0,0.8,0.8,0.8,0.0,-0.8,0.0,-0.8,0.8,0.8,0.8,0.8,0.0,0.8,-0.8,0.0,0.8,0.0,0.0,0.0,0.0,-0.8,0.0,0.0,0.8,-0.8,0.0,0.8,0.8,0.8,0.0,0.0,0.8,0.0,-1.6,0.0,0.8,0.8,-0.8,0.0,0.0,1.6,1.6,0.8,-0.8,0.0,1.6,0.8,0.0,0.8,0.0,0.8,0.0,1.6,1.6,0.8,0.8,0.8,0.0,0.8,0.8,1.6,0.0,0.8,0.8,2.4000000000000004,2.4000000000000004,0.0,0.0,1.6,0.0,0.0,0.0,1.6,0.8,0.8,1.6,0.8,1.6,-0.8,0.8,0.0,0.0,0.8,0.8,0.8,0.8,0.8,2.4000000000000004,0.8,0.8,0.0,0.0,0.0,0.0,0.0,0.0,0.0,0.8,0.0,0.0,0.8,-0.8,0.0,-0.8,-0.8,0.0,0.8,0.8,0.8,0.8,0.0,0.8,-0.8,0.0,1.6,1.6,0.8,0.8,0.8,0.0,0.0,1.6,0.0,0.0,0.0,0.0,0.8,1.6,0.8,0.0,0.8,-0.8,-0.8,0.8,0.8,0.8,0.0,0.0,1.6,0.8,0.8,0.8,0.8,0.8,0.8,1.6,0.8,0.8,0.8,0.8,0.8,1.6,0.8,0.0,0.8,0.0,-1.6,2.4000000000000004,0.0,0.8,0.0,-0.8,1.6,1.6,0.8,1.6,0.8,1.6,0.0,0.0,0.0,0.0,1.6,-0.8,0.8,1.6,0.8,1.6,0.8,0.8,0.8,0.0,0.8,0.0,1.6,-0.8,1.6,1.6,0.0,0.8,0.0,0.8,1.6,-0.8,0.8,0.0,0.8,0.8,0.8,0.8,0.8,0.8,0.0,0.0,0.0,0.8,0.8,0.0,0.8,0.0,0.0,0.0,0.0,0.8,1.6,0.0,0.0,-0.8,0.0,0.8,-0.8,0.8,-0.8,0.0,0.0,-0.8,0.8,0.8,0.8,1.6,0.8,0.8,0.8,2.4000000000000004,0.0,0.8,0.8,0.8,0.8,0.8,0.8,0.0,0.8,1.6,0.0,0.8,0.8,0.8,0.8,0.8,1.6,0.0,0.0,0.8,1.6,0.8,0.0,1.6,0.0,-0.8,0.8,0.0,2.4000000000000004,0.8,0.0,0.0,0.0,1.6,0.0,0.8,1.6,0.8,0.8,-0.8,1.6,0.8,0.0,1.6,0.0,2.4000000000000004,0.0,-0.8,0.8,-0.8,0.8,1.6,-0.8,1.6,0.8,1.6,0.0,0.8,0.0,0.0,0.8,0.0,0.0,0.0,0.0,0.8,-1.6,0.0,0.0,0.0,0.8,0.8,1.6,0.0,-1.6,3.2,0.0,-3.2,0.8,1.6,0.0,-0.8,1.6,0.8,-1.6,0.0,0.8,1.6,-0.8,0.0,2.4000000000000004,1.6,-0.8,-0.8,0.0,0.8,-0.8,0.8,0.8,1.6,0.0,-0.8,2.4000000000000004,0.8,0.8,-0.8,-0.8,0.8,-0.8,-0.8,0.0,0.8,0.8,0.0,0.8,1.6,0.0,0.0,0.0,0.0,-0.8,0.0,0.0,0.0,0.8,-0.8,0.8,1.6,0.8,0.0,0.8,0.8,0.0,-0.8,0.0,0.8,1.6,0.8,0.8,1.6,0.8,0.0,0.0,0.0,1.6,-0.8,0.0,0.0,0.0,-0.8,1.6,0.0,0.8,-0.8,0.8,0.0,0.8,0.0,0.8,0.0,0.8,-0.8,0.8,-0.8,1.6,0.0,0.0,1.6,0.0,0.8,1.6,0.0,0.0,0.0,0.0,0.8,-0.8,1.6,0.0,0.0,0.8,-1.6,0.0,-0.8,0.0,0.8,-1.6,0.0,0.0,-0.8,1.6,0.0,0.8,0.8,-0.8,-0.8,-0.8,1.6,0.8,0.0,0.0,0.8,0.0,0.8,0.8,0.0,0.8,1.6,0.0,1.6,0.0,0.0,0.8,0.0,1.6,0.8,0.0,1.6,0.8,0.0,0.0,0.8,0.8,-0.8,1.6,-0.8,0.0,0.8,0.0,0.8,0.0,0.8,-0.8,0.0,0.0,1.6,0.8,0.8,0.8,1.6,-0.8,0.8,0.8,0.0,-1.6,0.8,-0.8,0.8,0.0,0.8,1.6,-0.8,-0.8,0.0,0.0,0.8,-0.8,0.8,0.0,0.0,0.0,0.0,0.0,0.0,-0.8,0.8,0.0,0.0,0.8,0.8,0.0,-1.6,0.8,-0.8,0.0,0.8,0.0,1.6,0.0,0.0,0.0,0.0,1.6,0.0,0.8,0.0,0.8,0.8,-1.6,0.8,0.0,-1.6,1.6,-0.8,0.0,0.0,0.0,0.8,-0.8,0.8,0.0,0.0,1.6,-1.6,0.0,0.0,0.0,-0.8,0.0,0.0,0.0,0.0,0.0,0.8,0.0,0.0,0.0,0.8,-0.8,0.8,0.8,1.6,0.8,0.0,0.0,0.8,0.8,1.6,0.8,1.6,0.0,0.0,0.8,0.8,1.6,-0.8,0.0,0.8,1.6,0.8,1.6,0.0,2.4000000000000004,0.0,0.0,1.6,0.0,0.8,0.8,0.8,1.6,-0.8,0.8,0.0,0.8,0.8,0.8,-0.8,0.0,0.8,0.0,0.0,1.6,0.0,0.8,0.8,-1.6,2.4000000000000004,0.0,0.0,0.8,0.8,0.8,0.0,0.8,0.8,0.8,0.0,-0.8,0.8,0.0,0.8,0.8,-0.8,0.0,0.0,0.8,0.8,0.0,2.4000000000000004,0.0,0.8,-0.8,-0.8,0.8,0.8,0.8,0.0,0.0,0.0,1.6,2.4000000000000004,-1.6,0.8,1.6,-0.8,0.8,0.8,0.0,0.8,0.0,0.8,1.6,0.0,0.8,0.0,0.8,0.0,0.0,1.6,0.0,0.8,0.0,0.0,2.4000000000000004,0.8,1.6,1.6,0.8,0.0,0.0,1.6,0.0,1.6,1.6,0.8,2.4000000000000004,0.0,0.8,1.6,0.0,2.4000000000000004,0.0,0.0,0.8,0.0,0.8,0.0,0.8,0.8,-1.6,0.8,0.8,1.6,0.0,1.6,0.8,0.8,-0.8,0.0,0.8,0.8,0.0,0.0,0.8,0.8,0.8,1.6,0.0,0.0,0.8,0.0,0.0,0.8,0.8,1.6,0.8,1.6,0.0,0.8,0.8,-0.8,0.8,0.0,0.8,0.8,0.0,2.4000000000000004,0.8,0.8,0.0,-0.8,0.0,-0.8,1.6,0.0,0.8,1.6,0.0,1.6,0.0,0.8,-0.8,-0.8,0.8,-2.4000000000000004,0.0,0.8,0.0,1.6,0.0,2.4000000000000004,0.0,-0.8,1.6,0.0,0.8,-0.8,-0.8,0.8,-0.8,0.8,0.0,0.0,0.8,-0.8,1.6,-0.8,0.0,0.0,-0.8,2.4000000000000004,0.8,0.8,1.6,0.0,2.4000000000000004,-0.8,0.8,0.8,0.0,1.6,0.0,0.8,-0.8,0.0,1.6,-0.8,1.6,-0.8,1.6,0.0,0.0,0.0,0.0,0.8,0.8,-0.8,0.8,0.8,1.6,0.0,0.0,0.0,-0.8,1.6,1.6,0.0,0.8,-0.8,0.8,-0.8,-0.8,1.6,0.8,0.0,0.0,-0.8,0.0,0.0,0.0,0.8,0.0,0.0,0.8,0.0,0.8,0.8,0.0,1.6,-0.8,0.0,0.8,0.8,0.8,0.8,0.8,1.6,-0.8,1.6,0.8,0.0,1.6,0.0,0.8,0.0,0.8,0.8,0.8,0.8,0.8,0.0,0.0,0.8,1.6,-0.8,0.8,0.0,0.0,0.8,-0.8,0.8,0.8,0.0,0.8,0.0,1.6,0.0,-1.6,1.6,0.8,2.4000000000000004,0.8,0.0,1.6,0.8,0.8,0.0,0.0,0.0,-0.8,0.8,-1.6,0.0,0.0,0.0,1.6,-0.8,0.0,0.8,0.0,1.6,-1.6,0.8,0.0,0.0,0.0,-1.6,1.6,0.8,0.0,0.8,0.0,0.0,0.8,0.8,1.6,-0.8,0.8,0.0,0.0,0.8,0.8,1.6,0.0,1.6,-0.8,0.0,0.8,0.0,0.8,0.8,-0.8,0.8,0.0,-0.8,0.8,0.8,0.8,-0.8,0.0,0.0,1.6,1.6,0.8,0.0,2.4000000000000004,0.8,0.8,0.0,0.0,0.8,0.0,-0.8,1.6,0.0,0.0,0.0,0.8,1.6,0.8,1.6,-0.8,0.0,0.8,-1.6,0.0,0.0,1.6,0.8,0.0,0.8,-0.8,-0.8,0.8,0.0,0.8,0.0,0.8,0.0,1.6,0.8,0.0,1.6,0.8,-0.8,1.6,-0.8,1.6,-0.8,-0.8,0.0,0.0,1.6,0.0,1.6,1.6,-0.8,0.8,0.0,0.0,0.0,0.0,0.8,0.8,0.0,0.0,0.8,1.6,0.0,0.8,0.0,0.0,0.8,0.8,0.0,0.0,0.8,0.8,-0.8,-0.8,0.8,0.8,0.0,-0.8,0.0,0.0,0.8,1.6,0.0,0.0,0.0,0.8,0.0,0.0,1.6,0.0,0.8,-0.8,-0.8,-0.8,0.0,0.0,0.0,0.0,0.0,0.0,0.8,-1.6,-0.8,1.6,0.8,-1.6,0.0,3.2,-0.8,-1.6,1.6,2.4000000000000004,-2.4000000000000004,0.0,2.4000000000000004,-0.8,0.0,-1.6,0.8,0.8,-0.8,0.0,1.6,0.8,-0.8,0.0,0.8,0.0,0.8,-0.8,1.6,1.6,0.8,0.0,0.8,0.8,0.8,0.0,0.8,0.0,0.0,0.8,0.0,-0.8,0.8,0.0,1.6,0.0,0.0,0.0,0.0,1.6,0.0,0.0,0.8,-0.8,1.6,-0.8,0.8,0.0,0.8,0.8,-0.8,1.6,0.0,0.8,0.8,0.0,0.8,-0.8,0.0,0.8,-0.8,2.4000000000000004,0.0,0.0,1.6,-1.6,0.0,0.0,0.0,0.0,-1.6,1.6,0.0,0.0,1.6,-0.8,0.8,0.0,0.0,-1.6,0.0,1.6,0.0,1.6,-0.8,0.8,1.6,0.0,0.0,0.0,1.6,0.0,0.0,2.4000000000000004,-0.8,0.0,0.8,-0.8,1.6,0.0,-0.8,0.0,0.8,-1.6,0.0,0.8,0.0,0.0,0.0,0.0,0.8,0.0,0.8,0.8,0.0,0.0,-0.8,1.6,0.8,2.4000000000000004,-0.8,0.8,0.8,0.0,-1.6,0.0,0.0,0.0,-1.6,0.0,0.0,-0.8,0.8,0.0,0.8,0.0,-0.8,0.0,-1.6,0.8,-1.6,0.8,0.8,0.0,0.0,-1.6,0.8,0.8,0.0,0.8,0.0,0.8,0.8,0.8,0.8,0.0,0.8,0.0,1.6,1.6,1.6,0.8,-1.6,0.8,-0.8,-1.6,0.8,-0.8,0.8,0.0,0.0,1.6,-2.4000000000000004,1.6,1.6,-0.8,0.8,-0.8,0.8,-0.8,0.8,1.6,-0.8,1.6,0.8,0.8,0.8,-0.8,0.0,0.0,0.0,-0.8,-0.8,0.8,0.8,0.8,0.8,0.0,0.0,-0.8,0.8,0.8,-1.6,-0.8,0.0,0.0,0.0,-0.8,0.8,0.8,0.0,0.0,0.8,0.0,-0.8,0.0,0.8,0.8,0.8,0.0,0.8,1.6,2.4000000000000004,0.0,0.8,0.8,0.8,0.0,0.0,0.0,0.8,0.0,0.0,0.0,0.8,0.0,0.0,0.8,0.0,0.0,0.8,0.0,0.8,-0.8,0.0,0.8,0.0,0.0,0.0,0.8,-0.8,1.6,1.6,0.0,1.6,0.8,0.8,-0.8,-0.8,1.6,0.8,0.0,0.8,0.0,-0.8,0.0,0.8,0.0,0.0,0.8,0.0,0.8,0.0,0.8,-0.8,0.0,0.8,-1.6,1.6,1.6,0.8,1.6,0.0,2.4000000000000004,0.8,2.4000000000000004,0.0,-0.8,2.4000000000000004,0.8,0.0,1.6,0.8,1.6,0.0,0.8,0.8,0.0,1.6,0.0,1.6,-0.8,-0.8,0.8,0.8,0.0,0.8,0.8,0.8,0.0,0.0,0.8,0.8,0.8,-0.8,0.8,0.8,0.8,0.8,0.0,1.6,0.0,0.8,1.6,0.0,1.6,0.0,0.0,-0.8,0.0,0.8,1.6,0.8,0.0,-0.8,0.8,-1.6,0.0,0.0,0.8,0.8,0.8,0.0,0.0,0.8,0.0,0.0,0.0,0.8,0.0,1.6,0.8,0.0,0.8,0.8,0.0,-0.8,0.0,0.8,-0.8,0.8,0.8,-0.8,0.8,0.0,0.8,0.0,-0.8,0.8,0.0,0.0,0.0,0.0,0.0,0.0,0.0,-0.8,0.0,2.4000000000000004,-0.8,-0.8,0.8,1.6,1.6,0.0,0.0,0.8,0.8,1.6,0.0,0.8,0.8,0.8,0.8,0.0,1.6,-0.8,0.0,1.6,0.8,0.0,-0.8,0.8,0.0,0.0,0.0,0.0,1.6,0.0,0.0,1.6,-0.8,0.8,0.0,0.8,2.4000000000000004,0.8,-0.8,0.8,0.8,1.6,0.0,1.6,0.8,0.8,0.0,0.0,0.0,1.6,0.8,0.0,0.0,1.6,0.0,0.0,0.8,0.8,0.8,0.8,0.8,0.8,-1.6,0.8,0.0,0.8,0.8,0.8,0.0,-0.8,1.6,0.8,-0.8,0.8,0.0,-0.8,0.8,0.8,0.8,0.8,-0.8,0.8,0.8,-0.8,0.8,-0.8,0.8,0.8,0.0,0.8,0.8,1.6,0.8,-0.8,0.8,-0.8,-0.8,0.8,0.8,1.6,-0.8,0.8,1.6,0.0,0.8,0.0,0.8,0.8,0.0,0.8,0.8,1.6,0.8,1.6,1.6,-0.8,0.0,0.0,0.8,0.8,-0.8,1.6,-0.8,1.6,1.6,0.0,0.8,1.6,0.8,0.8,0.0,1.6,0.0,-0.8,1.6,-1.6,3.2,-0.8,0.8,0.8,0.8,1.6,0.0,0.8,0.8,0.8,0.8,-0.8,1.6,0.0,0.8,0.0,0.0,0.8,0.8,0.0,1.6,0.0,1.6,0.8,0.8,0.8,0.0,1.6,0.8,0.0,0.8,0.8,1.6,1.6,1.6,0.8,0.8,0.8,0.0,0.8,0.0,1.6,0.8,0.8,0.8,-0.8,0.0,-0.8,0.8,0.0,0.0,0.8,0.8,-0.8,0.8,0.8,-0.8,0.8,0.0,-0.8,0.0,0.8,1.6,1.6,0.8,0.8,0.0,0.8,1.6,0.0,1.6,0.8,-0.8,0.0,0.0,0.8,-0.8,0.8,2.4000000000000004,0.8,0.0,0.8,0.8,0.0,0.8,0.8,0.0,0.8,0.0,0.8,1.6,0.0,0.8,0.0,0.0,0.8,-0.8,1.6,0.0,2.4000000000000004,1.6,0.8,1.6,0.8,0.0,0.8,-0.8,1.6,0.0,0.0,0.8,0.0,1.6,0.8,0.0,1.6,0.0,1.6,0.0,1.6,0.8,-0.8,0.8,0.8,0.0,0.8,0.0,1.6,-0.8,0.8,0.8,-0.8,1.6,0.0,0.8,1.6,0.8,1.6,-0.8,0.0,0.0,0.8,0.8,-0.8,0.0,0.0,0.0,1.6,0.0,1.6,0.8,1.6,0.8,0.0,0.8,-0.8,1.6,-0.8,0.0,1.6,0.0,0.8,-0.8,0.8,2.4000000000000004,0.0,1.6,0.0,0.8,1.6,0.0,0.8,0.8,1.6,0.8,0.8,0.8,1.6,0.8,0.0,1.6,0.8,-0.8,0.8,-0.8,0.8,0.8,0.8,0.0,0.8,-0.8,0.0,0.8,0.0,0.8,0.0,0.0,0.8,2.4000000000000004,0.8,0.0,0.8,2.4000000000000004,0.0,0.8,0.8,0.8,-0.8,-1.6,0.0,0.0,-1.6,2.4000000000000004,-0.8,1.6,0.0,0.8,0.0,0.0,0.8,0.0,0.0,1.6,0.0,0.8,0.8,0.8,0.8,-0.8,0.0,0.8,0.8,0.0,0.0,0.8,0.8,0.0,0.0,-0.8,0.8,0.8,0.0,0.0,0.8,0.8,0.0,0.0,0.0,0.0,0.8,-0.8,0.0,0.8,0.8,0.0,0.0,0.0,-0.8,-0.8,2.4000000000000004,0.8,-0.8,0.8,1.6,2.4000000000000004,0.0,0.0,0.0,0.0,0.8,0.0,0.0,0.0,0.8,1.6,-0.8,1.6,0.8,-0.8,0.8,0.8,0.0,0.0,0.0,0.8,0.8,0.0,0.8,0.8,0.8,0.8,2.4000000000000004,0.0,0.0,0.8,-1.6,-0.8,4.0,0.8,-0.8,1.6,2.4000000000000004,-0.8,0.0,0.8,1.6,0.8,-0.8,0.0,1.6,0.0,0.8,0.8,0.8,0.8,-0.8,-0.8,1.6,0.0,0.8,-0.8,0.0,0.8,-0.8,0.0,0.0,0.0,1.6,0.8,0.8,0.0,1.6,-0.8,0.0,0.8,0.0,0.0,0.0,0.0,1.6,0.0,0.8,0.0,-0.8,0.0,-0.8,0.8,0.8,0.8,0.8,0.0,1.6,0.0,0.0,1.6,-1.6,0.8,0.0,0.0,-0.8,-0.8,0.0,0.0,1.6,0.0,-0.8,0.0,-0.8,0.8,-0.8,0.0,0.8,0.0,1.6,0.0,1.6,0.0,-1.6,0.0,1.6,-0.8,0.0,0.0,0.0,0.8,0.0,0.0,0.0,1.6,0.8,0.8,0.8,0.0,0.0,0.0,0.8,1.6,0.8,0.0,0.8,2.4000000000000004,0.0,1.6,0.0,0.0,0.8,-1.6,0.0,0.0,0.0,1.6,-0.8,2.4000000000000004,0.0,0.0,0.0,-0.8,0.0,0.0,0.0,0.0,0.0,0.8,0.0,0.8,0.0,0.8,0.0,-0.8,1.6,0.0,0.0,1.6,0.8,1.6,-0.8,0.0,0.8,0.0,0.0,0.0,-0.8,-1.6,0.0,0.8,0.0,1.6,0.0,0.0,0.0,1.6,0.8,-0.8,0.0,0.0,-1.6,1.6,0.0,0.8,0.8,-0.8,0.8,-0.8,1.6,0.0,-1.6,1.6,-0.8,0.0,-0.8,0.8,0.8,-0.8,1.6,0.0,0.0,-0.8,0.0,0.8,-1.6,0.8,0.8,-0.8,1.6,0.0,0.8,2.4000000000000004,-0.8,0.8,0.8,0.8,-1.6,-0.8,1.6,0.0,0.8,0.0,1.6,0.0,1.6,0.8,0.8,-0.8,0.8,-0.8,0.0,0.0,-0.8,0.8,1.6,0.8,0.8,0.0,0.8,0.0,1.6,0.0,1.6,0.0,0.8,0.0,-1.6,0.0,0.0,0.8,0.0,0.0,0.0,1.6,0.8,0.0,0.8,0.0,0.0,0.0,0.0,0.8,0.8,-0.8,0.0,0.0,-0.8,-0.8,0.8,0.0,-0.8,0.8,0.0,-0.8,0.8,0.8,0.0,0.0,0.0,-0.8,-0.8,1.6,0.0,0.0,0.0,-0.8,1.6,0.8,-0.8,0.8,0.0,1.6,-1.6,1.6,0.8,1.6,0.0,0.0,2.4000000000000004,0.8,0.0,0.8,0.0,-0.8,-0.8,0.0,1.6,-0.8,0.8,-0.8,0.8,0.0,0.0,0.8,0.0,0.8,0.8,0.0,0.8,0.8,0.0,0.8,0.0,1.6,-0.8,1.6,0.0,-0.8,0.0,-1.6,0.0,0.0,-0.8,1.6,-1.6,0.8,-0.8,-0.8,0.0,0.8,0.0,0.8,0.8,0.8,-0.8,-0.8,-0.8,1.6,0.0,0.0,0.8,-0.8,1.6,0.0,-0.8,0.8,0.8,0.8,-0.8,-0.8
event_159,1625267093.001952,0.0,0.8,-1.6,0.8,-0.8,2.4000000000000004,0.0,-0.8,0.8,0.0,0.8,1.6,-0.8,1.6,0.0,0.8,0.0,-0.8,-0.8,0.8,0.8,0.0,-0.8,0.8,0.0,0.8,-0.8,1.6,0.8,0.8,0.8,0.8,0.8,1.6,-0.8,0.8,1.6,0.8,1.6,0.8,-0.8,0.8,0.8,-0.8,0.0,0.0,1.6,0.0,0.0,1.6,-0.8,-0.8,0.0,0.8,0.8,0.0,1.6,0.0,-1.6,1.6,0.0,0.0,0.8,-0.8,-0.8,-0.8,1.6,0.0,0.8,0.8,0.0,0.8,0.0,0.8,-0.8,-0.8,0.8,0.0,0.8,0.0,0.8,1.6,-0.8,1.6,0.8,0.0,0.8,0.8,0.8,0.0,0.0,1.6,-0.8,1.6,0.0,0.8,0.8,0.0,1.6,-0.8,0.0,0.8,-1.6,-21.6,-65.60000000000001,-61.6,-31.200000000000003,-14.400000000000002,-5.6,-1.6,-0.8,-4.0,-3.2,-3.2,-4.0,-2.4000000000000004,0.0,0.8,1.6,0.8,0.8,-0.8,-0.8,0.0,0.8,-0.8,-0.8,0.0,0.8,-0.8,0.8,-0.8,0.0,0.8,0.0,0.8,-0.8,0.0,0.8,0.8,0.0,0.8,0.0,0.0,0.0,0.8,-0.8,0.0,-0.8,0.0,0.0,0.8,0.8,0.0,0.0,0.0,0.0,-0.8,0.0,0.8,-0.8,0.8,-0.8,0.0,0.8,0.8,0.8,-0.8,0.0,0.8,0.8,0.8,-0.8,0.0,0.8,-1.6,-0.8,0.0,0.8,0.0,0.0,0.8,0.0,0.0,0.0,0.8,1.6,0.8,0.0,-2.4000000000000004,1.6,0.0,-1.6,0.0,0.0,-1.6,0.8,-0.8,1.6,-0.8,-0.8,1.6,0.0,2.4000000000000004,-0.8,0.0,0.8,0.0,1.6,0.0,0.0,0.8,-0.8,0.0,-0.8,0.8,-0.8,-0.8,2.4000000000000004,-0.8,0.0,0.0,-0.8,0.0,-1.6,0.0,-0.8,0.8,0.0,-0.8,1.6,-0.8,0.0,0.8,0.8,0.0,0.0,0.8,0.0,-0.8,0.8,0.0,0.0,-0.8,0.8,0.8,-0.8,0.0,-0.8,-0.8,1.6,-0.8,0.0,0.0,0.0,0.0,0.0,0.8,0.8,-0.8,1.6,-0.8,0.0,-0.8,1.6,0.0,-0.8,0.8,0.0,1.6,0.0,-0.8,0.0,0.8,-0.8,0.0,0.8,0.0,0.0,0.0,0.8,0.0,0.0,-0.8,0.0,0.0,0.0,-0.8,-0.8,0.8,-0.8,-0.8,-0.8,0.8,0.0,0.8,1.6,0.0,-0.8,-1.6,-0.8,0.0,0.8,0.0,-0.8,0.8,0.8,-0.8,0.0,-0.8,1.6,0.0,-0.8,0.0,-0.8,0.0,0.8,0.0,0.8,-0.8,0.8,0.0,0.0,0.8,0.0,0.0,0.0,-0.8,0.0,0.0,0.8,-0.8,0.0,1.6,-0.8,1.6,0.0,-0.8,0.0,-0.8,0.0,-0.8,0.0,-0.8,-0.8,0.8,0.0,-0.8,0.0,-0.8,0.8,0.0,0.8,0.8,0.0,0.8,0.0,0.0,0.8,0.8,0.0,-1.6,-0.8,0.8,0.0,0.0,0.0,0.0,0.8,0.8,-0.8,-0.8,0.8,0.0,-0.8,0.8,0.8,0.0,0.0,0.0,1.6,-0.8,0.0,0.8,0.0,-0.8,0.0,0.0,0.0,0.0,0.0,-0.8,1.6,0.8,-0.8,1.6,0.0,0.0,-0.8,0.8,0.8,1.6,-0.8,0.8,0.0,2.4000000000000004,-0.8,0.8,0.0,0.0,0.0,-0.8,0.0,0.8,-0.8,1.6,0.0,0.8,0.0,0.8,0.0,0.0,0.0,0.8,-1.6,0.8,0.0,0.0,-0.8,0.8,0.0,-1.6,0.8,-0.8,0.8,1.6,-1.6,0.8,0.8,0.8,0.0,-0.8,1.6,0.8,-0.8,0.0,-0.8,0.8,0.0,1.6,0.8,0.0,1.6,0.0,-0.8,0.8,0.0,0.0,0.8,0.0,-1.6,0.0,0.0,0.0,0.0,-0.8,0.0,0.0,0.0,0.8,-0.8,0.8,0.8,0.0,-1.6,-1.6,0.8,0.0,0.8,0.8,0.0,0.0,0.8,0.8,-0.8,0.0,0.0,-0.8,0.8,0.0,0.8,1.6,0.0,0.0,0.8,0.8,0.8,0.0,0.8,0.0,0.8,0.0,0.8,2.4000000000000004,0.8,0.0,0.0,0.8,0.8,-0.8,0.8,0.0,0.0,1.6,0.8,0.8,1.6,-0.8,-0.8,0.8,1.6,-0.8,0.8,-0.8,1.6,0.0,-0.8,0.0,0.8,0.8,0.8,0.0,0.8,0.0,0.8,0.8,0.0,0.8,-1.6,0.8,0.0,0.8,2.4000000000000004,0.0,1.6,0.8,-1.6,0.8,0.0,0.0,0.8,1.6,0.8,-0.8,1.6,0.0,0.0,0.8,-1.6,-0.8,0.0,2.4000000000000004,0.8,-1.6,1.6,0.0,0.8,1.6,-0.8,1.6,0.0,0.0,-0.8,0.0,1.6,0.8,0.0,0.8,0.8,1.6,-0.8,1.6,0.8,-0.8,0.8,-1.6,0.8,0.0,0.0,0.0,0.8,0.0,0.8,0.0,0.8,0.0,0.8,0.8,0.0,0.8,0.0,1.6,0.8,1.6,-0.8,1.6,1.6,0.0,0.8,0.0,-0.8,-0.8,0.0,1.6,0.0,0.8,0.0,0.0,0.0,0.8,0.8,1.6,0.8,0.8,0.8,0.0,0.0,2.4000000000000004,1.6,0.0,0.8,-0.8,1.6,0.0,0.8,0.8,0.0,0.0,-0.8,0.0,0.8,0.8,-0.8,-0.8,0.0,0.0,-0.8,0.8,0.0,1.6,0.0,0.0,0.0,0.0,0.8,0.0,1.6,0.8,-1.6,1.6,0.8,0.8,0.8,-0.8,1.6,0.8,1.6,-0.8,-1.6,1.6,-0.8,0.0,0.0,0.0,0.8,-0.8,0.8,0.8,0.0,0.8,0.0,1.6,0.0,-0.8,0.8,0.0,1.6,0.8,0.8,1.6,0.0,1.6,0.8,0.8,1.6,0.0,1.6,0.8,1.6,0.0,0.0,2.4000000000000004,1.6,0.8,0.8,0.0,1.6,0.8,0.0,1.6,0.0,2.4000000000000004,2.4000000000000004,0.0,1.6,0.0,-0.8,-0.8,1.6,0.0,0.0,0.0,0.8,0.8,0.0,0.0,0.8,0.8,0.8,0.8,-0.8,1.6,0.8,0.0,1.6,0.0,0.0,-0.8,0.8,0.0,0.8,0.8,1.6,-0.8,0.0,1.6,0.0,0.8,0.8,0.0,0.8,0.8,0.8,0.8,1.6,0.0,0.0,0.8,0.0,1.6,0.8,0.0,0.0,0.8,0.0,0.8,0.8,-0.8,1.6,0.8,-0.8,0.8,0.0,0.8,0.0,0.0,1.6,0.8,-0.8,0.0,0.0,0.0,-0.8,0.8,0.8,0.8,0.0,0.0,0.8,0.8,0.0,1.6,0.8,0.8,0.0,-0.8,1.6,0.8,0.8,0.8,0.0,1.6,-0.8,0.8,0.0,0.0,0.8,-0.8,0.0,0.0,-0.8,1.6,0.0,1.6,-0.8,0.0,-1.6,0.8,0.0,0.8,0.0,0.8,0.0,0.8,0.8,0.8,0.0,0.0,0.0,0.0,0.0,0.8,0.0,-0.8,0.8,0.8,0.0,0.0,0.8,1.6,-0.8,0.0,0.8,0.0,0.0,-0.8,0.0,0.0,0.0,0.0,-0.8,0.8,0.8,0.0,0.8,-0.8,0.0,0.0,1.6,0.0,-0.8,0.8,0.0,0.0,0.8,-0.8,0.8,-0.8,-0.8,-0.8,-0.8,1.6,0.0,0.8,0.8,0.8,0.8,-0.8,0.0,0.0,-0.8,0.0,-1.6,0.8,0.0,0.8,0.8,0.0,0.0,0.0,0.8,0.8,0.0,0.8,0.8,0.0,2.4000000000000004,-0.8,0.8,0.0,0.8,0.0,0.0,0.8,0.8,0.0,-0.8,0.0,1.6,0.8,0.8,1.6,0.0,0.0,0.0,0.0,0.0,-1.6,0.0,-0.8,0.8,0.0,-1.6,0.0,0.0,0.8,0.0,0.8,0.8,0.8,0.8,-0.8,-0.8,1.6,0.8,-0.8,0.0,0.8,0.8,-0.8,0.0,1.6,-1.6,0.8,0.0,0.0,0.0,0.8,0.8,-1.6,0.8,0.8,-0.8,0.8,0.0,0.0,0.8,1.6,0.8,0.0,0.0,0.8,0.8,0.0,0.8,-0.8,0.8,0.0,-1.6,0.8,0.8,0.8,0.0,0.8,1.6,0.8,0.0,-0.8,0.8,0.0,0.0,0.8,-0.8,0.8,0.0,0.0,1.6,0.0,1.6,0.0,-0.8,0.8,-1.6,1.6,0.0,1.6,0.8,-0.8,2.4000000000000004,-0.8,0.0,0.8,-0.8,1.6,-1.6,-0.8,0.0,-0.8,0.8,0.0,1.6,0.8,-0.8,0.8,0.0,0.8,0.0,0.8,1.6,0.0,0.8,0.0,0.8,2.4000000000000004,-0.8,0.8,-0.8,-0.8,2.4000000000000004,0.8,1.6,-0.8,0.0,0.8,-0.8,0.0,-0.8,1.6,-0.8,0.0,0.0,-1.6,0.8,1.6,0.8,0.0,-0.8,2.4000000000000004,0.8,1.6,0.8,-0.8,2.4000000000000004,-0.8,-1.6,0.8,0.8,1.6,0.0,0.8,1.6,0.0,1.6,0.0,-0.8,0.0,-0.8,0.0,0.8,0.8,0.8,0.0,0.0,0.8,0.8,0.0,0.8,0.8,0.0,-1.6,-0.8,1.6,0.0,0.0,0.8,1.6,0.8,0.0,0.8,0.0,0.8,-0.8,0.8,1.6,1.6,0.8,0.8,0.8,1.6,0.0,0.8,0.0,0.8,0.8,-2.4000000000000004,-0.8,0.8,0.0,1.6,-0.8,1.6,-0.8,-0.8,0.0,0.0,0.0,0.0,0.0,0.0,-0.8,-0.8,0.0,1.6,0.0,0.0,0.8,-0.8,1.6,0.8,0.0,0.0,-0.8,0.0,0.0,-0.8,0.8,0.0,-0.8,-0.8,-0.8,0.0,-0.8,0.0,0.0,0.0,0.8,0.0,0.8,0.8,-0.8,0.0,-0.8,0.8,-0.8,-0.8,2.4000000000000004,0.0,0.0,0.0,0.8,-0.8,0.8,0.8,0.0,0.8,-0.8,-0.8,0.0,0.0,0.8,1.6,0.8,0.8,0.0,-0.8,0.8,-0.8,-0.8,0.0,0.8,0.0,-0.8,0.0,0.0,0.8,0.0,0.0,0.8,-0.8,0.0,-0.8,0.0,1.6,1.6,0.0,0.0,0.0,0.8,-0.8,0.0,0.8,0.0,0.8,0.0,-0.8,0.8,-0.8,1.6,0.8,0.8,0.0,0.0,0.8,1.6,0.0,1.6,-0.8,1.6,0.0,0.0,0.0,0.0,1.6,0.8,0.8,0.8,0.8,1.6,0.0,0.8,2.4000000000000004,-0.8,0.8,-0.8,0.8,1.6,0.0,0.0,-0.8,-0.8,0.0,-0.8,1.6,-0.8,-0.8,1.6,-0.8,2.4000000000000004,0.0,0.0,0.0,-0.8,0.0,0.0,1.6,0.0,-0.8,0.8,0.0,1.6,0.0,-0.8,0.8,0.0,0.8,0.0,0.0,-0.8,0.8,1.6,0.0,1.6,0.8,0.0,0.8,0.8,0.0,0.0,0.8,0.8,0.0,-0.8,0.0,1.6,0.8,0.8,0.8,0.0,1.6,-0.8,0.8,-0.8,1.6,0.0,0.0,1.6,0.0,0.0,0.8,-0.8,1.6,0.0,-0.8,0.0,-0.8,0.8,0.8,1.6,0.0,-1.6,0.0,0.0,0.0,-1.6,0.0,0.8,0.0,0.0,-0.8,0.0,0.0,-0.8,0.0,-1.6,0.8,2.4000000000000004,0.0,0.0,-0.8,0.8,0.8,-0.8,0.0,0.0,0.0,0.0,0.0,0.8,0.0,0.8,0.8,0.0,0.8,-0.8,1.6,0.0,0.0,0.8,-0.8,0.8,0.0,-0.8,0.8,0.0,0.8,0.0,0.0,1.6,0.0,0.8,0.0,0.0,0.8,0.0,0.8,1.6,1.6,0.8,0.0,0.8,0.0,1.6,0.0,0.0,1.6,0.0,0.8,0.0,0.8,0.8,0.0,1.6,0.8,0.0,0.8,0.8,1.6,1.6,-0.8,0.8,0.0,2.4000000000000004,0.0,0.8,1.6,0.8,0.8,0.8,0.0,0.8,0.0,0.0,-0.8,1.6,0.0,1.6,0.8,0.8,0.0,0.0,-0.8,1.6,0.0,0.8,0.0,0.8,0.8,-0.8,0.0,1.6,0.8,0.0,0.0,-0.8,0.8,0.0,-0.8,0.8,0.8,0.0,0.0,0.0,0.8,0.0,0.0,0.8,0.8,0.0,0.0,0.0,0.0,-1.6,0.0,-0.8,0.8,0.0,0.0,1.6,0.0,0.0,-0.8,0.0,0.8,-0.8,1.6,0.0,0.8,0.0,-0.8,1.6,-0.8,0.8,0.8,-1.6,0.8,0.0,0.8,0.8,0.0,0.8,-0.8,0.8,0.8,0.8,0.8,-0.8,0.8,0.8,-1.6,0.8,2.4000000000000004,1.6,-2.4000000000000004,2.4000000000000004,1.6,-3.2,1.6,1.6,-0.8,0.0,1.6,2.4000000000000004,-0.8,0.0,2.4000000000000004,0.0,0.8,0.0,1.6,0.0,-0.8,-0.8,0.0,0.8,1.6,0.0,0.8,0.8,1.6,0.0,0.8,0.0,0.8,0.8,0.8,0.0,-0.8,0.8,0.0,-0.8,-0.8,0.8,0.0,1.6,0.8,0.0,0.0,0.8,0.0,1.6,-0.8,0.8,0.8,0.8,1.6,0.0,0.0,0.0,0.8,1.6,0.8,0.8,0.8,0.0,1.6,0.0,0.8,0.8,-0.8,0.0,0.0,2.4000000000000004,0.8,0.0,0.8,0.8,1.6,0.8,-0.8,0.0,0.0,0.0,0.8,0.0,1.6,0.0,0.8,0.8,0.0,0.0,-0.8,0.0,1.6,0.0,-0.8,0.8,0.0,0.0,0.0,0.8,0.0,0.0,0.0,0.8,0.0,0.8,-0.8,0.8,0.8,0.8,0.8,0.8,0.8,0.8,0.0,1.6,0.8,0.8,0.8,0.0,0.0,0.8,0.0,1.6,0.8,0.8,0.0,0.0,0.8,0.8,0.0,0.0,0.0,0.0,0.0,0.0,0.8,0.0,0.8,0.0,0.8,0.8,0.0,0.8,0.0,0.0,0.0,0.0,0.8,-0.8,0.0,1.6,0.0,0.0,-0.8,-0.8,0.0,-0.8,0.0,0.0,0.0,0.0,-0.8,0.8,0.0,-0.8,1.6,0.0,-1.6,0.8,0.8,0.8,0.0,0.0,0.8,0.8,0.8,0.0,0.0,0.8,0.0,0.0,0.0,0.8,0.8,0.0,0.8,1.6,0.0,0.0,0.0,1.6,-1.6,0.0,0.8,-0.8,0.8,0.8,0.0,0.8,-0.8,1.6,0.0,0.0,-0.8,-0.8,0.8,-0.8,2.4000000000000004,0.0,0.0,1.6,0.0,0.0,0.0,0.0,0.0,-1.6,0.8,-1.6,0.8,0.8,0.0,0.8,-0.8,-0.8,0.0,-0.8,0.8,-0.8,1.6,0.0,0.8,0.8,-0.8,0.0,-0.8,-0.8,0.0,-0.8,0.8,0.0,0.8,-0.8,0.0,0.0,-0.8,-0.8,0.8,0.8,0.8,0.0,0.0,0.0,0.0,0.0,0.8,0.8,0.0,0.8,0.8,0.0,0.0,0.0,-0.8,1.6,-0.8,-1.6,0.0,0.8,0.0,0.0,0.8,0.8,-0.8,0.8,0.0,0.0,0.0,0.0,0.0,0.8,0.8,0.0,-0.8,-0.8,0.0,0.0,0.8,0.0,0.8,-0.8,0.0,0.8,0.8,-0.8,0.8,0.0,0.8,0.0,0.8,1.6,0.0,1.6,0.0,0.0,0.0,0.8,0.0,-0.8,0.0,0.8,0.0,1.6,0.0,1.6,0.0,-1.6,0.8,0.0,0.8,1.6,0.0,0.8,-2.4000000000000004,1.6,-1.6,-0.8,2.4000000000000004,-0.8,-0.8,0.8,0.0,-0.8,-0.8,3.2,0.0,-0.8,2.4000000000000004,-1.6,2.4000000000000004,0.0,-0.8,1.6,0.0,0.0,-1.6,0.8,0.8,0.0,0.0,0.0,0.8,0.0,0.0,1.6,-0.8,-0.8,0.8,0.0,0.0,-1.6,0.8,-0.8,0.8,0.0,-1.6,0.0,0.0,0.8,-0.8,0.0,0.8,0.0,0.8,0.0,0.8,0.8,0.0,-1.6,0.0,0.0,0.8,-1.6,0.8,0.8,0.0,0.0,0.0,1.6,-0.8,0.0,0.8,0.0,0.8,-0.8,0.8,0.8,0.0,0.8,0.0,0.0,0.0,0.0,0.0,0.0,2.4000000000000004,0.0,0.0,0.8,1.6,0.8,0.8,1.6,0.0,0.0,0.0,-0.8,0.8,0.0,1.6,0.8,0.0,0.0,0.0,1.6,0.0,-1.6,1.6,0.8,1.6,-0.8,0.8,0.8,-0.8,0.8,0.0,0.8,0.0,0.8,2.4000000000000004,-1.6,0.8,0.0,0.0,0.8,-0.8,2.4000000000000004,0.8,-0.8,1.6,0.0,-0.8,0.8,0.8,1.6,-0.8,0.0,0.0,0.0,1.6,0.0,0.0,1.6,-0.8,-0.8,-0.8,1.6,0.8,0.0,0.8,0.8,0.8,0.0,-0.8,0.0,0.0,0.0,0.0,0.8,0.8,0.0,1.6,0.0,-0.8,0.0,-0.8,0.8,0.8,-0.8,-0.8,-0.8,0.0,0.0,0.8,0.8,-0.8,0.0,0.0,1.6,0.8,-0.8,0.0,0.8,0.8,1.6,0.0,0.8,1.6,0.8,-0.8,1.6,0.8,0.8,-0.8,0.0,0.0,-0.8,0.8,1.6,0.8,1.6,0.0,1.6,-0.8,0.8,0.8,0.8,0.0,0.8,0.0,0.0,1.6,0.0,-0.8,0.8,0.8,0.0,0.8,0.8,0.0,0.8,1.6,0.8,0.0,-0.8,0.8,1.6,-0.8,0.8,0.0,-2.4000000000000004,0.0,0.0,-0.8,0.0,0.8,0.8,-1.6,1.6,0.8,-0.8,2.4000000000000004,-1.6,0.0,1.6,1.6,0.8,0.0,0.8,1.6,-0.8,0.8,0.0,0.0,0.0,-0.8,0.0,0.0,0.8,0.8,0.0,0.0,0.0,0.8,0.0,0.8,0.8,-0.8,0.8,-0.8,0.0,0.8,-1.6,0.8,0.8,0.8,-0.8,1.6,0.0,-0.8,0.0,0.0,0.0,0.0,0.8,0.8,0.8,0.8,-0.8,0.8,-0.8,0.0,0.8,-0.8,0.0,-0.8,-0.8,0.8,0.0,-0.8,0.0,0.8,-0.8,0.0,0.8,0.0,0.8,0.0,0.0,0.0,0.0,0.0,0.8,1.6,0.0,-0.8,1.6,0.0,0.0,1.6,0.0,0.8,-1.6,-0.8,1.6,0.0,0.0,0.0,0.8,-0.8,0.0,1.6,-0.8,0.8,0.0,0.0,0.8,0.0,0.8,0.0,0.0,0.0,-1.6,0.0,1.6,0.8,0.0,0.0,1.6,0.8,1.6,0.0,0.0,1.6,0.0,0.8,0.8,0.0,1.6,0.8,0.0,1.6,0.8,0.8,-0.8,1.6,0.0,-0.8,0.0,0.0,0.8,0.0,1.6,1.6,0.0,0.8,0.0,0.8,1.6,-0.8,1.6,0.0,1.6,0.0,0.0,0.8,0.0,0.8,0.8,0.8,1.6,0.0,0.0,0.0,0.8,0.8,0.8,1.6,0.8,-0.8,0.0,0.0,0.8,0.0,0.8,0.0,1.6,0.0,0.8,0.8,0.0,2.4000000000000004,-0.8,-1.6,2.4000000000000004,2.4000000000000004,-0.8,0.8,2.4000000000000004,0.0,0.0,0.8,0.0,2.4000000000000004,0.8,-1.6,1.6,0.8,0.0,0.0,1.6,0.8,0.0,0.8,0.8,0.8,0.0,0.0,1.6,0.8,-0.8,0.0,0.0,0.8,0.8,0.8,0.8,0.0,1.6,0.8,0.0,0.8,-0.8,0.8,0.0,1.6,1.6,0.8,2.4000000000000004,0.0,2.4000000000000004,0.8,-0.8,1.6,0.0,0.8,0.0,-0.8,0.8,-1.6,2.4000000000000004,0.0,1.6,1.6,0.0,1.6,0.8,0.8,-0.8,0.0,1.6,2.4000000000000004,0.0,0.8,0.0,1.6,-0.8,0.8,0.8,0.0,1.6,-1.6,0.8,0.0,-0.8,2.4000000000000004,0.8,1.6,0.0,0.0,1.6,0.0,0.0,0.0,0.0,1.6,0.0,0.8,0.0,0.8,0.0,0.8,1.6,-0.8,0.8,0.8,0.8,0.0,0.0,0.8,0.0,0.8,0.8,0.0,0.0,0.8,0.0,0.0,0.8,0.0,0.0,0.0,0.8,1.6,-0.8,1.6,0.8,0.8,0.8,0.0,-0.8,0.8,1.6,0.0,-0.8,0.8,0.8,0.0,1.6,-0.8,0.0,0.8,0.0,1.6,-0.8,1.6,0.8,0.8,0.0,0.0,0.8,-0.8,0.0,0.8,-1.6,0.0,-0.8,0.8,0.0,-0.8,0.0,0.0,0.0,0.0,0.8,0.8,0.8,0.0,0.8,0.0,1.6,-0.8,0.8,0.8,0.0,0.0,0.0,0.0,0.0,-0.8,0.0,0.0,0.8,0.8,0.8,1.6,0.0,0.0,0.0,-1.6,0.0,-0.8,0.8,0.0,0.0,-0.8,-0.8,1.6,-0.8,-0.8,1.6,0.8,0.8,0.8,0.8,0.8,0.8,0.0,1.6,0.0,0.8,0.8,0.8,-0.8,0.8,0.0,-1.6,-0.8,0.8,-0.8,0.0,0.8,0.8,-0.8,0.8,1.6,0.0,0.0,-0.8,-0.8,-0.8,1.6,0.0,0.0,0.0,0.8,0.0,0.8,0.8,0.0,0.8,-1.6,0.8,0.8,0.8,1.6,0.0,0.0,-0.8,-0.8,0.0,0.8,0.8,-1.6,-1.6,0.0,-0.8,0.0,-0.8,-0.8,1.6,0.0,0.0,0.0,0.0,0.8,-1.6,0.0,0.8,0.8,0.8,0.0,0.8,0.8,-0.8,0.8,0.0,1.6,0.0,0.0,0.0,-0.8,0.8,-0.8,0.0,0.8,-1.6,0.8,0.0
event_160,1625267097.3041978,0.8,-0.8,0.0,0.0,0.0,0.8,0.0,1.6,0.8,0.8,0.8,-0.8,1.6,0.0,0.8,0.8,-0.8,0.8,0.8,-0.8,0.8,0.0,1.6,0.0,0.8,1.6,-0.8,1.6,0.0,0.8,0.0,0.8,0.8,-1.6,0.8,0.8,-1.6,0.0,0.0,0.0,-0.8,0.0,0.0,0.0,1.6,0.0,1.6,0.0,0.0,0.8,0.0,1.6,0.0,-0.8,1.6,0.8,0.0,0.0,-0.8,1.6,1.6,0.8,-0.8,0.0,2.4000000000000004,0.0,0.0,0.8,0.0,0.0,0.0,0.8,0.8,1.6,0.0,0.8,1.6,-1.6,0.0,0.0,0.8,0.0,0.0,0.0,0.0,0.0,0.8,0.0,0.8,0.0,-0.8,0.0,0.8,2.4000000000000004,0.8,0.0,-0.8,1.6,0.0,0.0,0.8,0.0,-3.2,-49.60000000000001,-123.2,-102.4,-48.800000000000004,-16.8,-11.2,-4.800000000000001,-4.0,-10.400000000000002,-7.200000000000001,-4.0,-4.800000000000001,0.0,-0.8,0.8,-2.4000000000000004,-0.8,0.0,0.0,0.8,-1.6,0.8,-0.8,0.8,2.4000000000000004,-1.6,-0.8,1.6,0.8,0.0,-1.6,1.6,0.0,-1.6,-0.8,-1.6,0.0,-1.6,-1.6,0.8,1.6,0.8,-1.6,-0.8,0.0,0.0,0.8,0.0,0.8,-0.8,-0.8,1.6,-0.8,0.8,0.0,0.0,1.6,-0.8,0.0,-0.8,0.0,0.8,-0.8,0.0,0.0,0.8,0.8,0.0,1.6,0.0,0.8,0.8,0.8,-0.8,-1.6,0.0,0.0,-0.8,0.0,0.8,0.8,0.0,0.0,1.6,1.6,0.8,-0.8,-0.8,0.0,2.4000000000000004,0.0,0.8,0.8,1.6,0.0,0.8,0.8,1.6,0.8,-0.8,0.8,0.8,0.0,0.8,0.0,0.8,0.8,0.8,0.0,0.8,-0.8,1.6,0.0,0.0,0.8,0.0,0.8,0.8,0.0,0.8,0.0,0.8,1.6,0.8,0.8,0.8,0.8,-0.8,0.0,1.6,0.8,0.8,0.0,0.8,0.0,-0.8,0.0,0.0,0.8,0.0,0.0,1.6,0.0,0.8,0.8,0.0,1.6,-1.6,0.0,0.0,1.6,0.8,-0.8,0.0,0.0,0.8,2.4000000000000004,-0.8,0.0,0.0,-0.8,0.8,-1.6,1.6,0.0,1.6,0.0,0.8,-0.8,-0.8,0.0,0.8,0.0,0.8,0.0,0.0,0.8,-0.8,0.8,0.0,0.0,0.8,0.0,0.0,0.8,-0.8,0.8,0.8,1.6,-0.8,0.8,0.8,0.8,0.0,0.8,0.8,0.0,-0.8,0.8,0.0,0.0,0.0,0.8,0.0,0.8,0.0,-0.8,0.0,0.0,0.0,0.8,0.0,0.8,-0.8,0.8,0.0,0.0,0.8,-0.8,0.0,-0.8,0.8,-0.8,0.0,0.0,-0.8,0.8,-1.6,0.0,1.6,0.8,0.0,-0.8,-0.8,-0.8,0.0,2.4000000000000004,-0.8,1.6,0.0,0.0,-0.8,0.0,0.8,-0.8,0.0,0.0,-1.6,0.8,0.0,1.6,1.6,0.0,3.2,-0.8,0.8,3.2,-1.6,-0.8,2.4000000000000004,1.6,-1.6,0.0,2.4000000000000004,-0.8,-1.6,0.0,1.6,0.0,0.0,0.8,0.0,-0.8,0.0,0.8,1.6,-0.8,0.0,1.6,0.0,0.8,0.0,1.6,0.8,-0.8,0.8,-0.8,0.8,0.0,-0.8,0.8,0.8,-0.8,0.0,-0.8,0.8,0.0,0.0,0.8,-0.8,-0.8,1.6,0.8,0.0,0.0,0.8,0.8,0.8,0.0,0.8,-0.8,0.8,-0.8,-0.8,0.0,0.8,-0.8,-0.8,0.8,-0.8,1.6,0.8,0.0,0.0,0.0,0.0,0.0,-1.6,0.8,0.8,0.8,0.0,0.0,0.0,-0.8,0.8,0.0,-1.6,1.6,-0.8,1.6,0.8,-0.8,1.6,-0.8,0.0,-0.8,-0.8,2.4000000000000004,0.8,0.8,-0.8,0.0,0.8,0.8,0.8,-0.8,0.0,0.8,-0.8,0.8,0.0,0.0,0.8,-0.8,2.4000000000000004,-0.8,1.6,0.8,0.8,0.0,-0.8,0.8,2.4000000000000004,0.0,1.6,-0.8,0.8,0.8,0.0,1.6,0.8,0.0,-0.8,-0.8,1.6,0.0,0.8,0.0,0.0,0.8,-0.8,1.6,0.0,0.0,1.6,-0.8,0.0,0.0,0.8,1.6,0.0,1.6,-1.6,0.0,0.0,0.8,0.0,0.8,0.8,0.8,0.0,0.0,0.0,1.6,0.0,0.8,1.6,-0.8,1.6,0.8,0.8,0.0,0.0,0.0,0.0,-0.8,0.0,0.8,0.0,-0.8,0.8,-0.8,0.8,0.0,-0.8,0.0,0.8,0.0,-0.8,0.8,0.0,0.0,0.8,-0.8,0.0,0.8,1.6,0.8,0.8,0.8,0.8,1.6,1.6,-1.6,0.8,1.6,0.0,-0.8,0.0,1.6,0.0,0.0,1.6,0.0,0.8,0.0,0.8,1.6,-0.8,0.8,0.0,0.8,0.8,0.8,1.6,0.8,1.6,1.6,0.0,1.6,-0.8,0.0,0.0,0.0,2.4000000000000004,-0.8,0.8,0.8,0.8,0.8,-0.8,1.6,0.8,0.0,0.8,-0.8,0.0,0.0,0.8,0.8,0.0,0.8,0.0,0.0,0.0,-0.8,1.6,0.0,0.8,1.6,-0.8,1.6,0.0,0.8,0.8,-0.8,0.8,0.8,0.8,0.0,-0.8,0.8,0.0,-0.8,0.8,-0.8,0.8,0.8,0.8,0.0,-0.8,-0.8,0.8,0.8,0.8,-0.8,0.8,0.0,0.8,0.0,0.0,0.0,-0.8,-2.4000000000000004,-0.8,1.6,1.6,-0.8,0.0,0.8,0.8,1.6,0.8,0.8,1.6,0.0,-0.8,0.8,0.0,1.6,0.8,0.0,0.8,0.8,0.8,-0.8,0.0,-0.8,0.0,0.8,0.8,0.8,-0.8,-0.8,1.6,-1.6,0.0,0.8,-0.8,0.8,-0.8,0.8,0.0,2.4000000000000004,2.4000000000000004,-1.6,1.6,2.4000000000000004,-1.6,0.8,1.6,0.8,0.0,0.0,0.0,0.0,0.0,0.0,0.8,0.8,-1.6,1.6,-0.8,1.6,-1.6,-0.8,0.8,0.0,0.8,0.8,0.8,2.4000000000000004,0.0,0.8,0.8,-0.8,1.6,0.0,-0.8,-1.6,0.0,1.6,0.0,0.0,0.0,0.0,0.0,0.0,0.8,-0.8,0.0,0.0,0.8,0.0,0.8,0.0,-0.8,0.8,0.8,0.0,0.8,0.0,-1.6,0.8,1.6,0.0,0.8,0.0,0.0,0.8,0.8,-0.8,0.0,0.0,0.8,0.0,0.8,0.0,0.8,0.8,-0.8,1.6,0.0,0.8,-0.8,0.8,0.0,-1.6,0.0,0.8,0.0,1.6,0.0,0.8,-0.8,0.0,0.0,0.8,0.8,0.8,0.8,0.0,0.0,0.0,0.8,0.0,0.8,0.8,0.8,0.0,0.0,0.0,-0.8,0.0,0.0,0.0,1.6,0.8,0.8,-0.8,0.0,0.8,1.6,0.8,-0.8,0.0,2.4000000000000004,-0.8,0.8,0.0,0.8,1.6,0.0,0.8,-0.8,2.4000000000000004,0.0,-0.8,0.8,0.0,0.8,0.0,0.8,0.8,0.0,0.0,0.0,0.0,-0.8,1.6,0.8,0.0,0.0,0.8,0.8,-0.8,0.8,0.8,0.0,0.8,-0.8,0.0,0.0,2.4000000000000004,1.6,0.0,0.0,0.8,0.8,0.0,0.0,0.0,0.8,0.0,0.0,0.8,0.8,0.8,0.8,1.6,1.6,0.8,-0.8,0.0,0.8,-0.8,0.0,0.0,0.0,0.8,0.0,0.8,0.8,0.8,0.0,0.0,0.8,0.0,-0.8,0.0,0.0,1.6,0.0,0.8,1.6,-0.8,0.0,0.0,0.8,0.8,0.8,0.0,0.0,0.0,0.0,0.8,0.8,0.0,0.0,0.0,0.0,0.8,-1.6,1.6,0.8,0.8,0.0,0.0,0.8,0.8,0.8,0.8,-0.8,0.8,0.8,1.6,0.8,0.8,1.6,-1.6,-0.8,0.0,0.8,1.6,-0.8,1.6,0.0,0.0,0.0,0.0,2.4000000000000004,-0.8,-0.8,0.8,0.0,1.6,0.8,0.8,1.6,-1.6,0.0,0.0,2.4000000000000004,0.8,0.0,2.4000000000000004,0.0,2.4000000000000004,0.8,-0.8,0.0,0.0,0.0,-1.6,0.0,1.6,-0.8,0.8,0.0,1.6,0.8,0.0,0.8,0.0,0.8,0.8,-0.8,1.6,0.0,0.0,1.6,1.6,0.0,0.8,1.6,0.0,0.8,0.0,0.8,0.8,1.6,0.0,0.8,1.6,0.8,0.8,1.6,-0.8,1.6,0.0,0.0,0.8,0.0,0.8,0.0,0.0,0.0,-0.8,0.8,-0.8,0.8,0.0,-0.8,1.6,-0.8,0.0,0.0,0.0,1.6,0.0,0.8,0.8,-0.8,1.6,0.8,0.8,-0.8,-0.8,0.8,0.0,0.8,0.0,0.8,0.0,0.8,0.0,-2.4000000000000004,0.0,0.8,0.0,0.8,0.8,0.0,-0.8,0.8,0.0,-0.8,0.0,-1.6,-0.8,1.6,0.0,-0.8,1.6,0.0,0.8,-0.8,1.6,-1.6,0.0,2.4000000000000004,-0.8,-0.8,0.0,-0.8,1.6,0.0,0.8,0.8,0.0,0.0,-0.8,0.8,-0.8,0.0,0.8,-1.6,0.8,0.0,0.0,0.8,1.6,0.8,0.0,0.8,0.8,-0.8,1.6,-0.8,1.6,0.0,-0.8,1.6,0.0,0.0,0.8,-1.6,3.2,0.8,-2.4000000000000004,1.6,2.4000000000000004,-2.4000000000000004,1.6,2.4000000000000004,0.0,0.0,1.6,0.0,1.6,0.0,0.0,0.8,2.4000000000000004,-1.6,0.8,0.8,0.8,0.0,-0.8,1.6,0.0,0.8,0.8,0.8,0.0,0.0,0.8,0.8,0.8,0.0,0.8,0.8,0.0,-0.8,-0.8,0.0,0.0,0.0,-0.8,1.6,0.0,0.0,0.8,0.8,0.0,0.0,1.6,-0.8,1.6,2.4000000000000004,0.0,0.8,0.0,0.8,1.6,0.8,0.8,0.0,0.8,0.8,-0.8,0.8,-0.8,1.6,0.8,-0.8,0.8,-0.8,0.8,0.8,0.0,0.8,-1.6,2.4000000000000004,0.0,0.8,0.0,0.0,1.6,0.8,0.0,1.6,0.0,0.8,-0.8,0.8,0.0,1.6,0.8,0.0,0.8,1.6,0.0,0.8,0.8,1.6,0.0,0.0,0.0,-0.8,0.8,0.8,1.6,0.8,0.8,0.0,0.8,0.8,-0.8,0.8,0.8,1.6,0.8,0.0,0.8,-1.6,0.8,0.8,0.0,0.0,0.8,0.8,0.0,0.8,0.8,-0.8,0.0,-1.6,0.8,0.8,0.0,1.6,0.0,0.8,0.8,0.0,1.6,-0.8,0.8,0.0,-0.8,1.6,-0.8,0.8,0.8,-0.8,0.0,-0.8,1.6,0.0,-0.8,0.0,0.0,0.8,0.0,0.0,0.8,1.6,0.8,-0.8,0.8,0.8,0.0,1.6,0.0,1.6,0.8,0.0,2.4000000000000004,0.8,0.0,0.0,-1.6,0.8,0.0,0.8,0.0,0.0,1.6,0.0,2.4000000000000004,0.0,0.8,0.8,0.0,1.6,1.6,0.0,0.0,0.0,1.6,-0.8,0.8,0.8,0.0,0.0,-0.8,0.0,0.0,-0.8,1.6,0.8,0.8,0.0,0.0,-0.8,0.8,-0.8,1.6,0.0,0.0,0.0,0.0,0.0,0.0,0.8,0.0,0.8,-0.8,1.6,0.0,0.0,0.8,0.0,0.0,0.0,-0.8,0.8,0.8,0.0,1.6,-0.8,0.0,0.0,0.0,0.0,0.0,0.0,0.0,-0.8,0.0,-0.8,0.0,0.8,0.0,-0.8,0.0,0.0,0.8,0.8,0.0,1.6,0.0,1.6,0.8,-0.8,1.6,0.0,-0.8,-0.8,0.0,0.8,-0.8,0.8,0.0,0.0,1.6,0.8,1.6,0.0,0.0,0.8,0.0,0.8,-0.8,0.8,1.6,0.0,1.6,0.0,0.8,0.8,0.0,1.6,-0.8,2.4000000000000004,0.8,0.0,1.6,0.8,0.8,0.0,0.8,1.6,-1.6,0.8,-0.8,0.8,0.8,0.8,0.0,0.0,1.6,1.6,0.0,2.4000000000000004,-1.6,1.6,0.0,0.8,0.0,0.0,0.8,0.0,0.0,0.8,0.8,0.0,1.6,0.8,0.0,0.0,0.8,-1.6,0.0,0.0,0.0,0.8,-1.6,0.0,-0.8,-0.8,0.0,0.0,0.0,1.6,0.0,0.8,0.0,1.6,0.0,0.8,1.6,0.0,-1.6,0.8,1.6,0.8,0.0,0.0,1.6,1.6,0.8,0.8,0.0,0.0,0.0,-0.8,0.8,0.8,0.8,0.8,0.8,0.8,0.0,0.0,0.0,0.0,0.0,-0.8,0.8,0.0,0.0,0.0,0.0,1.6,0.0,0.0,0.0,-0.8,0.0,-0.8,0.8,0.8,0.8,0.8,-0.8,0.0,0.8,0.0,0.8,-0.8,0.8,-0.8,0.0,0.8,-0.8,0.0,0.8,0.0,0.8,-0.8,0.8,0.8,0.8,0.8,-0.8,0.8,0.0,-0.8,0.8,0.0,0.8,0.0,1.6,0.8,-1.6,2.4000000000000004,0.0,-0.8,0.0,-1.6,0.0,0.0,0.0,0.8,0.0,0.0,0.0,0.8,-0.8,0.0,1.6,0.0,0.8,0.8,0.0,-0.8,0.8,0.0,0.0,0.8,-0.8,-1.6,0.8,1.6,0.0,-0.8,0.0,0.0,0.8,0.8,-0.8,-0.8,0.0,0.0,-1.6,0.8,0.8,0.0,0.8,0.0,0.8,1.6,0.8,0.8,0.0,-0.8,0.8,0.8,0.0,0.0,1.6,0.0,0.0,0.0,0.0,0.0,0.8,-0.8,0.0,0.8,0.8,0.8,-0.8,1.6,0.0,0.8,0.0,0.0,0.8,0.8,0.8,-0.8,0.0,0.8,-1.6,1.6,0.0,0.0,0.0,-0.8,-0.8,-0.8,-0.8,0.8,-0.8,1.6,0.0,0.8,0.8,0.0,0.8,0.8,0.8,0.0,0.8,0.8,0.0,0.8,0.8,0.0,0.8,0.0,0.8,0.8,0.0,0.8,-0.8,0.0,0.0,1.6,0.8,0.0,0.8,-0.8,0.0,0.8,-0.8,-0.8,0.8,-0.8,-1.6,-0.8,0.8,0.8,0.0,0.8,0.8,0.0,1.6,0.0,0.0,1.6,0.8,0.0,0.8,0.8,0.8,-0.8,0.8,0.0,0.8,0.8,0.0,1.6,-0.8,-0.8,0.8,0.8,0.0,0.0,0.0,1.6,0.8,1.6,0.8,1.6,0.0,-0.8,1.6,0.0,2.4000000000000004,0.8,-0.8,0.8,0.8,1.6,0.8,0.0,1.6,-0.8,0.0,-0.8,0.8,0.8,0.8,1.6,0.0,-0.8,0.0,-0.8,2.4000000000000004,-0.8,0.0,0.8,0.8,1.6,-1.6,1.6,1.6,0.8,2.4000000000000004,0.0,2.4000000000000004,2.4000000000000004,0.8,0.8,0.8,2.4000000000000004,0.0,0.0,1.6,0.8,0.8,-0.8,0.0,0.8,-0.8,0.8,0.0,-0.8,0.8,0.0,0.8,0.0,1.6,0.8,-0.8,1.6,0.0,0.8,0.8,0.8,1.6,0.0,0.8,0.8,-0.8,1.6,-0.8,0.0,0.0,0.0,0.0,-0.8,1.6,0.0,-0.8,1.6,0.8,0.0,-0.8,0.8,0.8,-0.8,0.8,-0.8,0.8,0.0,-0.8,0.0,1.6,0.8,0.0,0.8,1.6,0.0,0.0,0.8,0.0,1.6,0.0,0.8,0.8,0.8,0.0,1.6,0.8,0.8,0.8,-1.6,-0.8,0.0,0.0,0.8,0.8,0.0,-0.8,0.8,1.6,0.0,-0.8,0.8,0.8,0.8,-0.8,0.8,0.0,1.6,0.0,-0.8,1.6,0.0,1.6,0.0,-0.8,0.8,-0.8,1.6,0.0,0.0,1.6,0.8,0.8,0.8,0.0,0.8,0.0,0.8,-0.8,0.0,0.0,0.8,1.6,0.0,1.6,0.0,1.6,0.8,-1.6,1.6,1.6,0.0,2.4000000000000004,-0.8,1.6,-0.8,0.8,0.0,-1.6,0.8,0.0,0.0,0.0,0.0,1.6,0.8,0.8,0.8,0.0,0.0,0.0,1.6,0.8,0.0,0.8,-0.8,2.4000000000000004,0.8,0.0,1.6,0.8,0.8,1.6,0.8,0.8,0.0,0.8,1.6,0.8,0.0,0.8,0.8,1.6,-0.8,0.8,1.6,0.0,0.0,0.0,0.0,-0.8,0.0,0.8,0.8,0.8,-0.8,0.0,0.0,0.0,0.0,0.8,0.0,2.4000000000000004,-0.8,0.8,1.6,0.8,-1.6,2.4000000000000004,0.8,-2.4000000000000004,2.4000000000000004,2.4000000000000004,-1.6,0.0,0.8,0.0,-0.8,0.0,1.6,0.8,-0.8,0.0,0.0,0.8,0.0,-0.8,0.0,0.8,0.0,0.0,0.0,1.6,0.8,-0.8,0.8,-0.8,-0.8,0.0,2.4000000000000004,0.8,-0.8,0.8,0.8,0.0,0.8,0.0,0.0,0.0,0.0,0.0,0.0,0.0,0.8,1.6,0.8,1.6,0.8,0.8,1.6,0.8,0.0,0.0,0.0,0.0,-0.8,0.0,0.8,1.6,0.8,0.0,1.6,0.0,0.0,0.0,0.0,0.8,1.6,0.8,1.6,0.8,1.6,0.0,0.8,0.8,1.6,0.0,0.0,0.0,-0.8,1.6,0.8,0.0,0.0,0.0,0.0,-0.8,0.8,-0.8,0.8,0.8,-0.8,0.8,0.0,0.8,0.8,0.8,1.6,0.0,0.0,1.6,0.0,0.0,0.0,0.8,-0.8,0.0,0.0,0.8,1.6,0.0,0.8,0.0,-1.6,0.8,0.0,0.0,0.0,-0.8,0.8,-1.6,0.0,0.0,-0.8,1.6,-0.8,-0.8,-0.8,0.8,0.8,-0.8,0.0,0.8,1.6,1.6,-1.6,0.8,0.8,0.0,1.6,0.0,0.8,0.0,0.8,0.8,0.0,0.8,0.0,0.0,0.0,0.0,0.8,-1.6,0.8,0.0,0.0,0.8,0.8,0.8,-0.8,0.8,0.0,-0.8,-0.8,-0.8,-0.8,2.4000000000000004,0.0,1.6,0.8,0.8,0.8,0.8,0.8,0.0,-1.6,-0.8,-0.8,1.6,0.0,1.6,0.8,0.8,-0.8,-0.8,0.0,0.0,-0.8,0.8,-0.8,0.8,-0.8,0.0,0.0,0.0,0.8,-0.8,0.0,-0.8,0.8,0.8,0.8,0.8,0.8,-0.8,0.0,0.8,0.8,0.8,0.0,0.8,-0.8,-0.8,-0.8,0.8,0.0,0.0,0.0,0.0,1.6,-0.8,1.6,0.8,0.8,0.8,-1.6,0.0,0.8,0.0,1.6,0.0,0.8,0.0,0.8,0.8,-1.6,0.8,-0.8,0.0,0.8,0.8,1.6,0.8,-0.8,1.6,0.0,0.8,0.0,0.0,-0.8,-0.8,0.8,0.8,-0.8,0.0,0.8,1.6,0.0,0.8,0.8,-0.8,1.6,-1.6,1.6,0.8,0.8,1.6,-0.8,0.8,0.0,0.8,0.8,-0.8,1.6,-0.8,-0.8,0.8,-0.8,1.6,0.8,0.8,0.0,-0.8,0.8,0.0,0.8,-0.8,-0.8,2.4000000000000004,0.0,-0.8,0.0,0.0,0.0,-0.8,0.8,0.0,0.0,1.6,0.0,1.6,-1.6,-0.8,0.8,-0.8,0.8,1.6,1.6,0.8,0.0,0.0,-0.8,0.8,0.8,0.0,0.8,0.8,0.8,-0.8,1.6,0.0,-0.8,0.0,-0.8,-0.8,0.0,0.8,0.0,0.8,0.8,0.0,0.8,0.8,-0.8,0.0,0.0,0.0,-0.8,-0.8,1.6,0.8,0.8,-0.8,0.8,0.8,0.0,0.8,0.0,-0.8,-0.8,0.0,0.0,0.0,0.0,0.0,0.0,0.8,0.0,0.8,0.0,1.6,0.8,-0.8,0.8,0.8,-0.8,1.6,0.0,0.8,-0.8,0.0,0.0,0.0,0.0,-0.8,0.8,0.0,0.8,1.6,1.6,0.8,-0.8,-0.8,0.0,0.8,-0.8,0.0,-0.8,0.8,-0.8,0.0,-0.8,0.0,0.8,0.8,0.8,-0.8,0.8,0.0,-0.8,0.8,0.8,1.6,0.0,-0.8,0.8,0.8,-0.8,0.8,-0.8,0.0,0.0,0.0,0.0,-1.6,0.8,-0.8,-0.8,1.6,0.8,-0.8,0.0,0.0,-0.8,-0.8,1.6,-0.8,0.0,0.8,0.0,-0.8,0.8,0.0,-1.6,0.8,0.8,-0.8,0.0,0.8,0.0,0.8,0.8,0.8,0.8,-0.8,0.8,1.6,-0.8,0.0,-0.8,0.8,0.0,-0.8,1.6,0.8,0.8,-0.8,0.8,0.8,0.0,-1.6,0.8,0.0,0.0,0.0,1.6,-0.8,1.6,-0.8,0.8,1.6,0.8,-0.8,0.0,0.0,0.8,0.8,0.8,0.8,0.0,0.8,0.0,0.0,0.0,-0.8,1.6,-0.8,1.6,-0.8,-0.8,0.8,-0.8,0.0,0.8,-0.8,0.8,0.8,1.6,0.0,0.8,1.6,0.8,0.8,-0.8,0.0,1.6,-0.8,1.6,0.8,-0.8,0.0,0.0,1.6,0.8,0.8,0.0,-0.8,0.8,0.0,0.0,0.0,-0.8,0.8,0.8,2.4000000000000004,0.8,0.0,2.4000000000000004,0.8,0.8,1.6,0.0,0.8,0.8,0.0,0.0,1.6,0.8,0.8,0.0,0.0,1.6,0.8,0.8,1.6,0.8,0.0,0.0,-0.8,0.0,0.8,0.0,0.8,0.8,0.0,0.8,1.6,0.0,1.6,0.0,0.8,0.0,1.6,0.8,0.0,2.4000000000000004,1.6,0.0,2.4000000000000004,0.0,0.0,-0.8,-0.8,0.0,-1.6,0.0,0.8,0.8,1.6,0.0,1.6,0.0,1.6,0.0,0.0,0.8,0.8,0.8,0.0,0.0,1.6,0.0,1.6
event_161,1625267099.4643216,0.0,0.8,0.0,0.0,0.0,0.0,0.0,0.0,0.0,-0.8,-0.8,0.0,-0.8,-0.8,0.0,0.0,-1.6,0.0,0.0,-2.4000000000000004,0.8,0.8,0.8,0.8,-1.6,2.4000000000000004,-0.8,0.8,-0.8,0.0,1.6,0.0,0.8,0.8,0.0,0.8,0.0,0.8,1.6,0.8,0.8,-0.8,0.8,-1.6,-1.6,0.0,0.0,0.8,-0.8,0.0,1.6,0.0,0.8,0.0,0.0,0.8,-0.8,0.0,-1.6,1.6,0.8,-0.8,2.4000000000000004,0.0,0.0,1.6,0.0,0.8,0.0,0.0,-1.6,0.0,0.8,0.0,2.4000000000000004,0.8,-0.8,0.0,-0.8,0.8,-0.8,0.0,0.0,0.8,0.0,0.0,0.8,1.6,-0.8,0.8,-1.6,0.0,0.8,0.0,0.0,-0.8,0.8,0.0,-1.6,0.8,0.8,0.0,-1.6,-40.800000000000004,-134.4,-125.60000000000002,-59.2,-16.0,-10.400000000000002,-4.800000000000001,-2.4000000000000004,-8.8,-8.8,-4.800000000000001,-4.0,-4.0,1.6,-0.8,-3.2,-0.8,0.0,0.8,-1.6,0.8,0.0,-2.4000000000000004,1.6,0.8,-1.6,-1.6,1.6,0.8,0.0,-0.8,0.8,3.2,-1.6,0.8,0.0,0.8,0.8,-0.8,-0.8,0.8,-0.8,-0.8,-0.8,0.8,0.8,0.0,0.0,0.8,2.4000000000000004,0.0,0.0,0.0,0.0,1.6,0.8,-0.8,0.8,0.8,1.6,-0.8,0.0,0.8,0.0,1.6,-1.6,1.6,0.0,-0.8,1.6,-0.8,0.8,-0.8,-0.8,0.0,0.8,0.8,-0.8,0.0,2.4000000000000004,-1.6,0.8,-0.8,1.6,0.0,-0.8,1.6,-1.6,0.8,1.6,0.0,0.8,-0.8,0.8,0.0,-1.6,0.8,0.0,0.8,0.0,-0.8,0.0,0.0,0.8,0.0,-0.8,1.6,0.8,0.8,1.6,0.0,0.0,-1.6,0.8,-0.8,0.0,1.6,-0.8,1.6,0.0,1.6,0.0,1.6,0.8,0.0,0.8,-0.8,-0.8,0.8,0.8,0.0,0.8,0.0,0.0,0.0,0.0,-0.8,0.8,-0.8,0.0,0.8,0.8,0.0,0.0,0.0,0.8,0.0,1.6,1.6,1.6,0.8,0.0,1.6,0.8,1.6,0.0,2.4000000000000004,0.8,0.0,-0.8,-0.8,0.8,0.0,-0.8,0.8,0.0,-0.8,0.0,0.8,1.6,0.0,0.0,0.0,0.0,0.8,-0.8,0.8,-0.8,0.8,0.0,0.0,1.6,-0.8,0.8,0.0,0.0,0.8,0.0,0.8,0.0,0.0,0.8,0.8,0.0,0.0,0.0,0.8,0.8,1.6,-0.8,-1.6,0.0,-0.8,0.8,0.8,0.0,0.8,-1.6,1.6,1.6,-0.8,0.8,-0.8,0.0,-0.8,0.8,0.8,0.0,0.8,0.8,0.0,1.6,0.8,0.0,1.6,-0.8,0.0,0.0,0.8,0.0,0.0,0.8,0.0,0.8,-0.8,0.8,0.8,-1.6,-0.8,0.0,0.8,0.0,-0.8,0.8,0.8,0.8,0.0,0.8,0.0,0.0,0.0,0.0,0.8,1.6,0.0,2.4000000000000004,0.8,1.6,-0.8,0.8,0.8,0.8,0.0,0.0,-0.8,0.8,1.6,0.0,0.0,0.0,-0.8,0.8,0.0,0.0,0.0,0.0,-0.8,0.8,0.0,0.0,0.0,1.6,-1.6,0.0,0.0,-0.8,1.6,0.8,0.0,-0.8,0.0,1.6,-0.8,0.8,0.8,0.8,0.0,0.0,0.8,-2.4000000000000004,0.8,1.6,0.0,1.6,0.0,1.6,0.8,0.0,0.8,-0.8,1.6,-0.8,-1.6,1.6,0.8,2.4000000000000004,0.0,0.8,2.4000000000000004,0.8,1.6,0.0,0.8,0.0,-0.8,1.6,0.0,1.6,0.0,0.0,1.6,0.0,0.8,0.8,0.0,0.8,-0.8,0.0,-0.8,0.8,0.0,-0.8,0.0,0.0,0.8,0.8,0.8,1.6,0.8,-0.8,1.6,0.8,1.6,1.6,0.0,2.4000000000000004,1.6,-0.8,0.8,0.8,0.8,0.0,-0.8,0.8,0.0,-0.8,0.8,0.0,0.8,0.0,0.0,0.8,0.8,-0.8,0.0,0.0,0.8,0.0,0.8,0.8,0.8,0.0,-0.8,0.8,0.0,0.8,0.8,-0.8,0.0,0.8,0.8,0.0,0.0,0.8,0.0,0.8,0.8,-0.8,0.0,0.8,0.8,1.6,0.0,0.8,0.0,0.8,0.0,0.8,1.6,1.6,0.8,-0.8,0.8,0.8,0.0,0.0,0.0,1.6,2.4000000000000004,-0.8,-0.8,-0.8,0.8,1.6,-0.8,0.8,-0.8,0.8,0.0,0.0,2.4000000000000004,0.0,0.0,0.8,0.8,0.8,-0.8,1.6,0.8,0.8,0.8,-0.8,1.6,0.0,0.8,2.4000000000000004,0.8,0.8,-0.8,0.8,0.8,0.0,0.0,0.0,0.8,1.6,0.0,0.8,-0.8,0.0,0.0,0.8,0.0,0.0,0.8,0.8,0.0,0.8,0.0,0.8,0.0,0.8,0.8,-0.8,0.0,0.8,0.0,0.8,0.0,1.6,0.0,0.0,0.8,-0.8,0.8,0.0,0.8,0.0,0.8,0.0,0.0,0.0,0.8,0.8,0.8,0.8,0.0,0.0,0.0,-0.8,0.8,0.8,-0.8,0.0,0.0,0.8,0.0,0.0,-0.8,-0.8,-0.8,0.8,0.0,0.8,-0.8,0.8,0.8,-1.6,2.4000000000000004,0.0,-3.2,0.8,2.4000000000000004,-1.6,-2.4000000000000004,3.2,0.0,-0.8,0.0,0.8,0.8,-1.6,0.0,0.8,-1.6,0.0,-0.8,1.6,-0.8,0.0,0.8,0.8,1.6,0.8,0.8,0.8,0.0,-0.8,0.0,0.0,1.6,-0.8,0.8,0.0,1.6,0.0,0.8,0.8,0.0,0.8,-0.8,-1.6,0.0,-1.6,2.4000000000000004,0.0,0.0,0.0,0.0,0.0,0.0,0.0,0.8,0.0,0.0,0.0,0.0,0.8,0.8,0.0,0.0,0.8,0.0,0.0,1.6,0.0,0.0,0.0,-0.8,-0.8,-0.8,0.8,0.8,0.0,0.0,0.8,-0.8,0.0,0.0,0.0,0.0,0.0,0.8,0.0,0.8,0.8,0.0,-0.8,-0.8,-1.6,0.0,0.8,0.0,-0.8,0.8,0.8,-0.8,0.8,0.8,-1.6,0.8,0.0,0.0,0.8,-0.8,0.0,0.0,0.0,0.8,0.8,0.0,0.0,0.8,0.0,0.0,0.8,-0.8,0.0,-0.8,-0.8,0.8,-0.8,0.8,0.8,0.8,0.8,-0.8,0.8,-0.8,0.8,0.0,0.0,0.8,0.8,-0.8,0.0,-0.8,0.8,-0.8,-0.8,0.0,0.0,0.0,0.8,1.6,0.0,-1.6,0.8,-0.8,0.8,-0.8,-0.8,0.8,0.0,-0.8,-0.8,0.0,0.0,-0.8,0.8,-0.8,-0.8,0.8,0.8,0.0,-0.8,0.8,0.0,-1.6,-0.8,0.0,0.8,-0.8,-0.8,1.6,-0.8,0.8,0.8,0.0,0.8,0.0,1.6,0.0,0.0,1.6,-0.8,0.0,-0.8,-0.8,0.0,0.0,0.0,-1.6,0.8,1.6,0.0,0.8,-0.8,0.0,0.8,0.0,0.0,0.0,0.0,0.0,1.6,0.8,0.8,0.0,0.0,0.0,0.0,0.0,-0.8,0.0,0.8,-0.8,0.8,-1.6,2.4000000000000004,-0.8,0.0,1.6,0.0,0.8,-1.6,0.0,0.0,1.6,1.6,-0.8,0.8,1.6,0.0,0.8,-0.8,0.8,0.0,-1.6,0.8,0.0,0.8,1.6,0.0,2.4000000000000004,-0.8,1.6,0.0,0.0,0.0,0.0,0.8,0.8,-0.8,0.0,0.0,0.8,0.8,0.0,1.6,0.0,1.6,0.0,0.8,0.0,0.0,0.8,-0.8,-0.8,1.6,0.0,0.8,0.0,-0.8,0.0,-0.8,0.0,-0.8,0.0,1.6,-0.8,-0.8,0.0,0.0,-0.8,0.8,0.8,-1.6,0.8,0.8,-0.8,0.0,0.8,0.8,0.0,0.0,-0.8,-0.8,0.8,0.8,-0.8,0.0,0.0,0.8,0.0,0.0,0.8,0.8,0.0,0.8,0.0,-0.8,0.0,-0.8,0.0,0.8,-0.8,0.0,0.0,0.8,0.0,1.6,0.8,0.0,0.8,-0.8,0.8,2.4000000000000004,-0.8,-0.8,2.4000000000000004,1.6,-0.8,0.8,0.0,-0.8,0.8,-0.8,0.0,0.0,-0.8,1.6,2.4000000000000004,0.0,-0.8,0.8,0.8,0.8,-0.8,0.8,-0.8,0.8,0.0,-0.8,0.8,0.0,0.8,-0.8,0.8,0.8,0.8,2.4000000000000004,-0.8,0.8,1.6,-0.8,0.8,0.0,0.8,0.8,-0.8,1.6,-1.6,0.0,-0.8,-1.6,1.6,0.0,0.8,-0.8,0.0,2.4000000000000004,-0.8,0.0,0.0,-0.8,0.0,-1.6,1.6,-0.8,-0.8,0.8,-0.8,2.4000000000000004,0.8,0.0,0.0,0.0,0.0,-0.8,-0.8,0.8,0.0,1.6,-0.8,1.6,-0.8,-0.8,0.8,0.8,0.0,0.0,0.8,-0.8,0.0,0.8,0.0,1.6,1.6,-0.8,0.8,-0.8,-0.8,-0.8,0.0,0.0,1.6,0.0,0.0,0.0,1.6,-2.4000000000000004,0.8,0.0,0.0,-0.8,-0.8,-0.8,0.8,0.0,0.0,0.0,0.8,-0.8,0.0,-0.8,-0.8,0.0,0.0,0.0,-0.8,-1.6,0.0,0.0,1.6,0.8,0.8,0.0,0.0,0.8,-0.8,0.8,0.8,0.8,0.0,-0.8,0.8,0.0,1.6,-0.8,0.0,-0.8,-1.6,1.6,0.8,-0.8,0.8,-0.8,0.0,-0.8,0.8,0.8,-0.8,1.6,-0.8,-0.8,-0.8,0.8,1.6,0.8,-0.8,1.6,0.0,0.0,-0.8,0.0,0.8,0.0,0.8,-1.6,0.8,1.6,-0.8,0.0,0.0,0.0,0.0,0.0,1.6,-1.6,0.0,0.0,0.0,0.8,-0.8,0.8,1.6,-0.8,0.8,0.0,0.8,0.0,-1.6,1.6,0.0,0.8,0.0,0.0,1.6,0.8,0.8,0.0,-1.6,0.8,-1.6,0.0,0.0,0.0,0.8,0.8,0.0,0.0,-0.8,0.0,-0.8,0.8,-0.8,0.8,0.0,0.8,0.0,-0.8,0.0,0.0,0.8,0.0,0.0,-0.8,0.8,1.6,0.0,0.0,0.8,-0.8,0.8,0.8,0.8,1.6,0.0,0.0,0.0,0.0,0.0,0.0,-0.8,0.0,1.6,0.0,-0.8,0.8,-0.8,0.8,1.6,-0.8,-0.8,0.0,0.0,0.8,0.8,0.0,1.6,0.8,0.8,0.8,-0.8,1.6,0.0,-0.8,0.8,0.0,0.8,-0.8,0.0,1.6,0.0,0.8,0.0,0.8,0.0,-0.8,1.6,0.0,0.0,0.8,-0.8,1.6,-1.6,1.6,1.6,0.0,1.6,0.0,0.0,1.6,0.8,0.8,1.6,0.8,0.8,-0.8,0.8,-0.8,0.0,0.8,-0.8,0.0,0.0,0.8,1.6,0.0,0.0,-0.8,0.0,-0.8,0.0,0.0,0.8,0.0,0.8,0.0,0.8,0.0,1.6,0.0,0.8,0.8,-1.6,0.8,0.8,-0.8,0.0,-0.8,0.0,0.0,-0.8,0.8,0.8,0.0,0.8,-0.8,0.0,0.8,0.0,0.8,0.0,0.0,0.0,0.0,0.8,-0.8,0.0,0.8,0.0,0.0,-0.8,1.6,0.0,0.8,0.8,1.6,1.6,0.8,0.0,0.0,-0.8,0.8,-0.8,-0.8,1.6,0.0,0.8,0.8,1.6,1.6,0.8,2.4000000000000004,0.0,0.0,0.8,-0.8,0.8,0.0,1.6,0.8,0.0,0.8,0.0,0.8,-0.8,0.8,-0.8,0.0,1.6,0.8,0.0,1.6,0.0,1.6,-1.6,-1.6,2.4000000000000004,0.8,-2.4000000000000004,-0.8,2.4000000000000004,-0.8,-3.2,2.4000000000000004,-0.8,0.8,-0.8,-1.6,0.8,0.0,-0.8,0.8,0.0,0.8,-1.6,0.0,0.8,0.0,1.6,0.0,1.6,0.0,0.0,1.6,-0.8,1.6,0.0,0.0,0.0,0.0,0.8,0.8,0.8,1.6,0.0,0.0,0.0,0.8,0.0,0.8,0.8,0.0,0.8,1.6,0.0,0.8,0.8,0.0,-0.8,0.0,0.8,-0.8,0.0,0.8,0.8,0.0,0.8,-0.8,-0.8,1.6,-0.8,0.8,0.0,0.0,0.8,-0.8,0.8,1.6,-1.6,0.8,-0.8,1.6,-1.6,0.0,0.0,0.0,0.8,-0.8,0.8,0.8,-0.8,0.0,0.0,1.6,0.0,0.0,0.0,0.0,3.2,-0.8,-0.8,2.4000000000000004,0.8,0.8,0.8,0.8,0.8,-0.8,0.0,0.0,1.6,0.8,0.0,1.6,0.0,0.0,0.0,-0.8,1.6,-1.6,0.8,0.0,0.8,0.8,-0.8,1.6,-0.8,0.8,1.6,0.0,0.8,0.8,0.8,0.0,-0.8,1.6,0.8,0.8,0.0,0.8,0.8,0.0,0.8,0.0,-1.6,0.8,-1.6,0.8,1.6,0.0,0.8,-0.8,0.8,1.6,0.0,1.6,-0.8,-0.8,0.8,0.8,0.8,0.0,1.6,0.8,1.6,0.8,-1.6,0.0,0.0,0.0,0.0,0.0,0.8,0.8,0.8,0.0,0.8,0.8,0.8,0.0,1.6,-0.8,-0.8,0.0,0.8,0.0,0.0,0.0,1.6,0.0,0.8,0.8,0.0,0.8,0.0,0.8,0.0,0.8,0.8,0.8,0.0,0.8,0.0,0.0,0.8,0.8,0.8,-1.6,-0.8,0.0,0.0,1.6,0.8,0.0,-0.8,0.8,0.8,1.6,0.0,0.0,-0.8,0.8,-0.8,0.0,0.0,0.8,0.0,0.0,0.0,-0.8,1.6,0.0,0.0,0.8,0.0,1.6,-0.8,0.8,1.6,-0.8,0.8,0.0,0.8,-0.8,0.8,1.6,-0.8,0.0,0.8,0.8,0.8,0.0,0.0,-0.8,0.8,0.0,-1.6,0.0,0.8,0.0,0.0,-0.8,1.6,0.0,0.8,0.8,-0.8,0.8,-0.8,0.0,1.6,0.0,1.6,0.8,0.0,1.6,0.8,0.8,0.0,0.8,0.8,0.8,1.6,-0.8,1.6,-0.8,0.0,0.0,0.8,0.8,0.0,0.8,0.8,-0.8,0.0,0.0,1.6,2.4000000000000004,-0.8,1.6,2.4000000000000004,-1.6,0.0,0.8,0.8,0.8,-0.8,-0.8,0.0,0.8,1.6,0.8,1.6,-0.8,-0.8,0.0,0.8,-0.8,0.0,0.0,1.6,0.8,0.0,0.0,1.6,0.8,-0.8,0.0,-0.8,0.8,2.4000000000000004,-0.8,0.8,0.0,0.8,0.0,-0.8,1.6,0.8,0.0,0.0,0.0,0.0,0.0,0.0,0.8,0.0,0.0,0.0,0.8,0.0,0.8,0.8,1.6,0.0,-0.8,0.0,1.6,0.0,1.6,1.6,0.8,2.4000000000000004,0.8,0.0,0.0,0.0,0.8,-0.8,0.8,0.8,0.8,0.8,0.8,1.6,0.0,0.0,0.8,0.8,-0.8,-0.8,0.0,0.0,-0.8,-0.8,0.0,1.6,0.0,-0.8,0.8,0.0,0.8,-0.8,0.0,0.8,1.6,-0.8,0.8,0.8,1.6,0.0,0.8,0.0,0.0,0.0,-0.8,-0.8,0.0,-0.8,1.6,0.0,0.0,-0.8,0.0,0.8,0.8,-0.8,1.6,0.0,0.0,0.0,0.0,0.0,0.0,0.0,0.0,-2.4000000000000004,0.8,0.8,-0.8,0.8,0.8,0.0,-0.8,0.0,-0.8,0.0,0.8,-1.6,0.8,-0.8,-1.6,0.0,-0.8,0.0,-0.8,-1.6,0.8,0.0,0.8,0.0,0.8,0.0,-1.6,-1.6,0.0,1.6,0.8,0.0,1.6,0.8,0.0,0.8,-0.8,0.8,-0.8,0.8,0.0,-0.8,0.8,0.0,0.8,0.8,0.0,0.0,0.0,-0.8,0.0,-0.8,0.8,0.0,-1.6,0.0,0.0,0.8,0.0,0.8,0.8,0.0,0.8,-0.8,-0.8,-0.8,0.0,1.6,0.0,1.6,0.0,0.8,0.8,0.0,0.8,0.8,0.0,0.0,0.0,0.0,-0.8,1.6,0.8,-0.8,0.0,0.0,0.8,1.6,-0.8,0.8,0.0,2.4000000000000004,0.0,0.8,1.6,0.0,-0.8,0.0,0.8,0.8,1.6,0.8,0.8,-0.8,0.0,0.0,0.8,0.0,0.0,1.6,0.0,-0.8,0.8,-0.8,0.0,0.8,0.0,0.0,0.8,0.0,0.0,0.0,0.8,-0.8,-0.8,0.0,-1.6,1.6,2.4000000000000004,0.8,0.8,-0.8,2.4000000000000004,0.8,0.8,0.8,-0.8,1.6,0.0,0.0,1.6,-0.8,1.6,0.0,0.0,1.6,0.0,0.8,0.0,1.6,0.0,-0.8,0.8,0.0,0.8,-0.8,0.0,1.6,0.0,0.8,0.8,0.0,1.6,-1.6,0.8,0.0,0.0,0.8,0.0,0.8,0.0,-0.8,0.8,0.0,0.8,-0.8,0.0,0.0,-0.8,0.8,0.0,1.6,0.8,-0.8,1.6,-0.8,0.8,-0.8,-0.8,0.8,-0.8,0.8,-0.8,-0.8,0.8,0.0,0.8,-0.8,0.0,0.8,-0.8,0.0,0.8,0.8,0.8,-1.6,-0.8,0.0,0.8,0.8,-0.8,0.8,0.0,0.0,0.8,-0.8,0.0,0.0,0.8,-0.8,1.6,0.0,0.0,0.8,-0.8,-0.8,0.0,0.8,0.0,-0.8,0.0,0.0,0.0,0.8,-0.8,0.8,0.0,0.8,0.0,0.8,0.8,0.8,0.8,0.0,0.0,0.8,-0.8,0.8,0.8,0.0,0.0,0.0,0.8,0.0,0.0,0.0,0.8,1.6,-0.8,2.4000000000000004,0.8,0.8,0.0,-1.6,1.6,1.6,0.8,0.8,0.0,2.4000000000000004,0.0,2.4000000000000004,0.8,0.0,0.8,-1.6,0.0,0.8,-2.4000000000000004,2.4000000000000004,0.8,0.8,0.0,0.8,0.8,0.0,-0.8,0.8,-0.8,0.8,0.0,0.0,0.0,0.8,0.8,0.0,0.8,-0.8,0.8,0.0,-0.8,0.8,-0.8,0.8,0.0,-0.8,0.8,0.0,0.0,0.0,0.0,0.8,0.0,-0.8,0.8,-0.8,0.8,0.0,-1.6,0.8,0.0,0.8,1.6,-0.8,0.0,-0.8,0.8,0.0,0.0,0.8,0.0,0.8,0.0,0.0,0.8,0.8,0.8,-0.8,0.8,1.6,0.0,0.0,-0.8,0.0,-0.8,0.8,1.6,0.0,0.0,0.0,0.8,0.8,0.8,0.0,0.8,1.6,0.0,0.0,0.8,0.8,0.0,0.0,0.8,0.0,1.6,0.0,0.0,0.0,0.0,-0.8,0.8,1.6,0.8,-0.8,0.0,0.0,0.0,0.0,2.4000000000000004,0.0,-0.8,0.8,1.6,0.0,0.8,0.0,1.6,-0.8,1.6,0.0,-1.6,1.6,-1.6,0.8,1.6,-3.2,-0.8,4.0,0.0,-1.6,1.6,0.8,-0.8,0.8,-0.8,0.0,1.6,-1.6,1.6,0.0,-1.6,0.0,0.0,1.6,0.0,0.8,0.8,0.8,1.6,-0.8,0.8,1.6,-1.6,-0.8,-0.8,0.8,1.6,0.0,0.8,0.8,0.8,1.6,0.0,0.0,0.0,0.0,-0.8,0.0,0.8,0.8,0.8,0.0,1.6,0.0,-0.8,0.0,0.8,0.0,0.0,-1.6,0.0,0.8,0.0,1.6,1.6,0.0,0.0,0.8,1.6,0.8,-0.8,0.8,1.6,1.6,1.6,0.0,1.6,0.0,0.0,0.8,-0.8,2.4000000000000004,0.0,0.0,0.8,0.0,2.4000000000000004,0.0,0.8,1.6,-0.8,0.0,-0.8,0.0,0.0,-0.8,0.0,-0.8,0.0,-0.8,-0.8,1.6,0.0,1.6,0.0,-0.8,1.6,0.0,0.8,-0.8,0.8,0.8,-0.8,0.8,0.0,1.6,1.6,-0.8,0.8,-0.8,0.0,0.0,-0.8,0.8,0.0,1.6,0.8,0.0,0.8,0.0,0.8,-0.8,-1.6,0.8,0.0,0.8,-0.8,0.0,0.8,-0.8,1.6,-1.6,-0.8,1.6,-0.8,0.0,0.8,0.0,0.8,0.0,0.8,0.0,1.6,0.0,-0.8,0.0,-0.8,0.8,0.8,0.0,0.8,0.8,0.8,1.6,-0.8,0.8,1.6,0.0,0.0,0.0,1.6,0.0,0.8,0.0,0.8,1.6,0.0,-0.8,0.8,0.0,1.6,-0.8,0.8,0.0,0.0,0.0,0.8,0.0,0.8,0.0,0.8,-1.6,0.0,0.0,0.0,0.8,1.6,0.0,0.0,0.0,0.0,0.8,0.8,-1.6,0.0,0.8,0.0,-1.6,0.0,0.0,0.0,0.8,-0.8,1.6,0.0,-0.8,0.8,-1.6,0.0,0.0,1.6,1.6,0.0,0.8,0.0,-0.8,0.0,-0.8,0.8,-0.8,0.0,-0.8,-0.8,1.6,-0.8,0.0,0.0,0.0,1.6,0.0,0.8,0.8,0.8,2.4000000000000004,-1.6,0.8,0.0,0.0,0.0,-0.8,1.6,0.0,0.8,-0.8,0.0,0.0,-0.8,0.8,0.8,0.0,1.6,-1.6,2.4000000000000004,0.0,0.0,1.6,-0.8,0.8,-1.6,0.0,0.8,0.0,1.6,0.0,0.8,1.6,-0.8,1.6,0.8,1.6,-0.8,-0.8,1.6,0.0,0.0,0.0,0.0,0.8,-1.6,0.8,0.0,0.0,0.0,0.0,0.0,0.0,0.8,-0.8,-0.8,0.8,1.6,0.0,-0.8,-0.8,0.8,0.0,-1.6,-0.8,0.0,0.0,-0.8,0.0,0.8,0.0,0.0,-0.8,0.0,0.0,0.8,-0.8,0.0,0.0,0.0,0.0,0.0,0.8,0.0,0.0,0.0,-0.8,-0.8,-0.8,2.4000000000000004,0.8,-1.6,1.6
event_162,1625267103.7705677,0.8,0.0,0.8,0.8,0.0,0.0,-0.8,-0.8,0.8,0.0,0.8,0.0,0.8,-1.6,-0.8,0.0,0.8,-0.8,0.0,0.0,0.0,-0.8,0.0,0.0,0.0,0.0,0.0,0.0,0.8,1.6,0.0,0.0,0.8,0.0,0.0,0.0,0.0,1.6,0.0,0.8,0.0,0.0,0.0,-0.8,0.8,0.0,-0.8,0.8,0.0,0.8,0.8,0.0,0.8,0.8,-0.8,-0.8,0.0,0.8,0.0,0.8,-0.8,0.8,0.8,0.0,1.6,-1.6,-0.8,0.0,-1.6,0.8,0.0,0.8,0.8,-1.6,0.8,0.0,0.0,0.8,-0.8,0.0,-0.8,0.0,0.0,0.0,1.6,0.0,1.6,0.0,0.0,1.6,-0.8,0.8,-0.8,0.0,0.8,0.8,0.8,0.8,0.0,0.8,-1.6,0.0,-9.600000000000001,-80.0,-121.6,-76.80000000000001,-28.800000000000004,-13.600000000000001,-7.200000000000001,-1.6,-3.2,-8.0,-8.0,-4.800000000000001,-5.6,0.0,0.8,-1.6,0.8,0.8,-1.6,0.8,-0.8,1.6,-1.6,0.0,0.8,-1.6,-1.6,0.0,0.8,0.0,-1.6,0.0,0.0,0.0,-0.8,0.0,0.0,0.8,-0.8,-2.4000000000000004,0.0,0.0,0.0,-0.8,-0.8,0.8,-1.6,0.0,0.8,0.0,1.6,-1.6,0.0,-0.8,0.8,1.6,-0.8,0.8,0.8,0.0,0.8,-0.8,-0.8,0.0,-0.8,0.0,-0.8,0.8,0.8,0.8,0.0,0.0,0.8,-0.8,0.0,0.8,-0.8,0.0,-0.8,0.0,-0.8,-0.8,0.8,0.8,0.8,0.0,0.8,-0.8,-0.8,0.0,0.0,0.8,1.6,-0.8,1.6,0.0,1.6,0.0,0.0,0.8,-0.8,0.0,0.0,-0.8,-0.8,-0.8,0.8,0.0,-1.6,-0.8,0.0,-0.8,0.8,-1.6,0.0,0.8,0.8,-0.8,-1.6,0.0,0.0,0.0,0.8,-0.8,-0.8,0.0,0.8,-0.8,-0.8,0.8,-0.8,0.0,0.0,1.6,0.8,-1.6,0.8,-1.6,-1.6,0.0,0.8,0.0,-0.8,0.0,0.0,0.0,0.0,0.0,0.0,1.6,-1.6,-1.6,0.0,0.8,1.6,-0.8,0.0,0.8,1.6,0.0,-0.8,0.8,0.8,0.0,0.0,0.0,0.8,0.0,0.0,0.0,0.8,-0.8,0.8,-0.8,0.0,-0.8,0.0,0.8,0.0,0.0,-0.8,0.8,0.8,-0.8,0.0,0.0,0.0,-0.8,0.0,0.0,-1.6,2.4000000000000004,-2.4000000000000004,0.8,3.2,-1.6,-1.6,3.2,0.0,-2.4000000000000004,-0.8,2.4000000000000004,-0.8,-0.8,3.2,0.0,0.0,0.0,0.0,0.8,-2.4000000000000004,-0.8,0.0,-0.8,-0.8,0.8,-0.8,0.0,0.0,0.0,0.8,0.8,-0.8,0.0,0.8,0.8,0.0,0.0,1.6,0.0,0.0,0.0,-0.8,0.0,-0.8,0.0,0.0,-0.8,0.8,1.6,0.0,-0.8,-1.6,1.6,0.0,0.8,0.8,-0.8,1.6,-0.8,-0.8,-0.8,0.0,0.0,0.0,0.8,0.8,0.8,1.6,0.0,-0.8,0.8,0.8,-0.8,0.0,-0.8,0.8,0.8,-0.8,0.8,0.0,-0.8,0.8,0.0,0.0,-0.8,0.8,0.0,0.0,1.6,0.8,1.6,-0.8,0.8,2.4000000000000004,-0.8,1.6,-0.8,0.0,1.6,1.6,0.8,0.0,1.6,0.8,0.0,1.6,0.0,0.0,0.0,-0.8,1.6,-0.8,0.0,2.4000000000000004,-0.8,0.0,-2.4000000000000004,0.0,0.0,0.0,0.0,-0.8,0.8,0.8,-0.8,0.8,0.0,1.6,-0.8,-0.8,1.6,-0.8,1.6,0.8,0.0,0.0,-0.8,0.8,-0.8,0.0,1.6,0.0,0.0,0.0,0.0,-0.8,0.0,0.8,0.0,-0.8,0.8,0.8,0.8,0.8,0.0,-0.8,0.0,-0.8,-0.8,0.0,0.8,0.0,0.8,0.8,0.8,0.8,0.8,0.0,0.0,0.8,-0.8,-0.8,0.0,0.0,0.0,0.8,0.0,0.0,0.8,0.0,0.0,0.8,-0.8,0.0,0.0,0.0,-0.8,0.0,-0.8,0.0,0.8,-0.8,0.8,1.6,0.0,0.0,1.6,0.0,2.4000000000000004,0.0,0.0,0.0,0.8,0.0,-0.8,0.0,0.0,0.0,0.8,0.0,0.8,0.0,0.8,2.4000000000000004,-0.8,0.0,-0.8,0.0,0.0,-1.6,0.8,0.0,0.8,0.0,0.0,2.4000000000000004,-0.8,0.8,0.8,0.8,0.8,0.0,0.8,0.0,0.8,0.8,0.0,0.8,0.0,1.6,1.6,-2.4000000000000004,2.4000000000000004,0.0,-1.6,0.8,-0.8,1.6,-0.8,0.0,1.6,-0.8,1.6,0.0,-0.8,0.8,-1.6,0.0,-0.8,1.6,0.8,0.0,0.8,0.0,0.0,0.8,0.8,0.0,0.0,0.8,-0.8,0.8,2.4000000000000004,0.8,0.0,0.8,0.0,0.0,-0.8,0.8,-0.8,0.0,0.0,-0.8,0.8,0.0,-0.8,0.8,1.6,0.8,-0.8,0.8,-0.8,0.0,-0.8,0.0,1.6,0.0,0.0,1.6,1.6,1.6,-0.8,0.8,0.8,1.6,-1.6,-0.8,0.0,-0.8,0.0,0.8,0.0,0.0,0.0,0.8,0.0,0.0,-0.8,0.8,0.0,0.0,0.0,0.0,0.0,0.8,-0.8,0.8,-0.8,-0.8,0.8,1.6,0.0,-1.6,2.4000000000000004,2.4000000000000004,-2.4000000000000004,0.8,0.8,0.8,0.0,0.0,0.0,-0.8,0.8,0.0,1.6,1.6,-0.8,0.8,0.0,0.0,0.8,0.0,1.6,0.0,-1.6,0.8,1.6,0.8,-1.6,-0.8,0.8,0.0,0.8,-0.8,0.8,1.6,0.0,0.0,0.0,0.8,1.6,0.8,1.6,0.8,0.0,1.6,0.0,0.0,-0.8,0.8,-0.8,0.0,0.0,0.0,0.8,0.8,0.0,1.6,0.8,0.0,0.0,-0.8,0.8,0.8,1.6,0.8,0.0,0.8,0.8,0.0,0.8,0.0,0.0,-0.8,0.0,0.0,0.0,0.0,1.6,0.8,0.8,0.8,0.8,0.0,0.0,-0.8,0.8,0.8,0.8,0.0,1.6,1.6,0.0,0.0,0.0,0.0,0.8,1.6,0.8,0.8,0.0,0.0,0.0,-1.6,-0.8,0.8,-0.8,0.0,0.0,-1.6,0.0,0.0,0.0,0.0,-0.8,1.6,0.0,1.6,0.8,0.0,1.6,0.0,0.8,-1.6,0.0,1.6,0.0,0.8,0.0,1.6,0.8,0.0,0.0,0.0,2.4000000000000004,0.8,-0.8,0.0,0.0,1.6,0.0,0.8,1.6,-0.8,1.6,0.0,1.6,0.8,0.0,1.6,0.0,0.0,0.8,0.0,1.6,-0.8,0.8,1.6,0.0,1.6,-0.8,1.6,0.8,0.8,0.8,0.8,1.6,0.0,0.8,0.8,0.0,0.0,0.0,0.8,0.0,0.8,0.0,0.0,0.8,0.8,0.8,0.0,0.8,0.8,0.0,0.0,0.8,0.0,0.0,-0.8,0.0,0.0,0.8,0.8,0.0,-0.8,0.8,0.8,-0.8,0.8,0.8,-0.8,0.8,0.0,0.8,0.8,-0.8,0.8,0.0,-0.8,0.8,-0.8,0.8,-0.8,0.0,1.6,0.8,1.6,0.0,0.0,0.8,-1.6,-0.8,-0.8,0.8,0.0,-0.8,1.6,0.0,0.8,0.8,-0.8,0.0,0.0,0.0,-0.8,-0.8,2.4000000000000004,0.8,1.6,0.8,0.8,0.8,-0.8,0.8,0.0,-0.8,-0.8,1.6,1.6,-2.4000000000000004,0.8,1.6,-0.8,0.8,0.0,0.8,0.0,0.0,0.0,-1.6,2.4000000000000004,1.6,0.0,1.6,0.8,0.0,0.8,0.8,0.8,0.0,1.6,-0.8,-0.8,0.8,-0.8,2.4000000000000004,-0.8,0.8,0.0,0.0,0.0,0.8,0.8,0.8,-0.8,1.6,-0.8,-0.8,0.8,1.6,-0.8,0.8,0.8,0.0,1.6,1.6,0.8,0.8,0.0,0.8,0.0,-0.8,1.6,0.8,0.0,0.0,0.0,-0.8,-0.8,0.0,0.0,0.0,0.0,0.0,0.0,0.8,0.8,-0.8,0.0,0.0,-1.6,0.0,0.0,0.8,0.8,0.0,0.8,0.0,0.0,0.0,0.0,0.8,-1.6,-0.8,0.0,-0.8,0.0,-1.6,0.0,0.8,-0.8,0.0,-0.8,1.6,0.0,-0.8,0.0,-0.8,0.8,-0.8,0.0,0.8,0.0,0.8,-0.8,0.0,0.0,-0.8,2.4000000000000004,-0.8,1.6,0.8,-0.8,0.8,0.0,0.8,0.0,0.0,0.8,-0.8,0.8,-0.8,0.0,1.6,0.8,1.6,0.8,0.0,1.6,0.0,1.6,0.0,0.0,0.8,0.8,0.8,-0.8,0.8,0.8,0.8,0.8,-0.8,0.0,0.0,0.0,1.6,0.0,2.4000000000000004,1.6,0.0,-1.6,0.8,2.4000000000000004,-2.4000000000000004,-1.6,2.4000000000000004,0.0,-0.8,1.6,1.6,0.0,0.0,0.8,-0.8,0.8,0.0,-0.8,1.6,0.0,-0.8,0.8,1.6,0.0,0.0,0.0,2.4000000000000004,0.8,0.0,0.0,-0.8,1.6,-0.8,-0.8,0.8,0.0,0.0,0.8,0.8,1.6,0.0,1.6,0.8,0.8,0.8,-0.8,0.0,-0.8,0.0,1.6,-0.8,0.8,-0.8,-0.8,0.8,0.8,0.8,-0.8,0.0,1.6,1.6,1.6,-0.8,0.0,1.6,-0.8,0.8,0.0,1.6,0.0,-0.8,1.6,0.0,-0.8,0.8,0.8,0.8,-0.8,0.8,-0.8,0.0,0.0,0.0,0.8,0.8,-0.8,0.8,0.8,0.8,1.6,-1.6,1.6,-0.8,1.6,0.8,0.0,-0.8,0.0,0.0,0.0,0.0,0.0,0.0,0.8,0.0,0.0,0.0,-0.8,0.8,0.0,0.8,0.0,-0.8,0.8,0.0,0.8,0.0,0.8,0.0,-0.8,-0.8,0.8,0.8,0.0,0.0,1.6,1.6,0.8,0.0,0.0,0.8,0.0,0.0,0.0,0.8,0.0,0.8,0.8,1.6,0.8,-0.8,0.8,0.8,-0.8,0.0,-0.8,0.0,-0.8,0.0,0.8,0.8,1.6,0.8,1.6,0.8,-0.8,0.0,-0.8,0.0,1.6,0.0,1.6,1.6,0.8,-0.8,0.8,1.6,0.0,0.8,-0.8,0.0,0.8,0.0,1.6,0.0,0.8,0.8,-0.8,0.0,0.8,0.0,0.8,-1.6,1.6,0.0,0.8,1.6,0.0,1.6,0.0,0.8,0.0,0.8,2.4000000000000004,0.0,0.8,0.8,-0.8,0.8,-0.8,0.8,1.6,0.0,0.8,-0.8,0.0,-0.8,-0.8,1.6,0.8,1.6,1.6,0.0,1.6,0.0,0.8,0.8,0.0,0.0,0.0,1.6,0.0,0.8,-0.8,0.8,1.6,0.0,0.0,-1.6,0.8,0.8,-0.8,0.8,0.0,0.0,0.8,0.0,1.6,-0.8,0.0,0.0,0.0,0.0,0.8,0.8,0.0,1.6,0.0,0.0,0.8,0.8,0.8,0.8,0.8,0.8,-0.8,1.6,1.6,1.6,0.0,0.0,1.6,0.8,0.0,1.6,-0.8,0.8,-0.8,0.0,0.0,0.8,0.8,0.0,0.8,0.0,-0.8,0.8,-0.8,0.8,-0.8,1.6,0.8,0.0,-0.8,0.0,0.8,0.0,1.6,0.8,-0.8,0.8,0.0,0.0,2.4000000000000004,0.0,1.6,1.6,0.0,0.0,0.8,1.6,-0.8,0.0,-0.8,-1.6,1.6,0.8,-0.8,1.6,-0.8,0.8,-0.8,0.8,0.8,-1.6,0.8,-0.8,-0.8,0.8,0.0,1.6,0.0,0.8,1.6,0.8,1.6,0.0,0.0,1.6,0.0,0.8,-0.8,0.0,0.8,0.8,0.8,0.8,0.8,-0.8,1.6,1.6,-0.8,0.8,0.8,0.0,0.8,0.0,0.8,1.6,0.8,0.8,0.8,0.8,0.8,0.8,1.6,0.8,0.8,0.8,0.8,2.4000000000000004,1.6,0.0,0.8,0.8,0.0,0.0,0.0,0.8,0.8,0.0,2.4000000000000004,0.8,1.6,0.8,0.8,0.8,0.8,0.8,0.8,0.0,1.6,0.0,-0.8,0.0,1.6,1.6,0.0,0.8,-0.8,0.8,0.8,0.0,1.6,0.8,0.8,0.8,0.0,1.6,0.8,0.8,0.8,1.6,0.0,0.0,1.6,0.0,0.0,0.8,0.0,1.6,0.8,0.0,0.8,0.0,0.8,-1.6,0.8,1.6,-0.8,2.4000000000000004,0.8,0.0,0.8,1.6,0.0,-0.8,2.4000000000000004,0.8,-0.8,0.8,0.0,0.8,0.8,0.0,2.4000000000000004,0.0,0.0,1.6,0.8,0.0,0.0,0.0,0.8,0.8,0.0,0.0,1.6,-0.8,0.0,1.6,1.6,0.8,0.0,0.8,0.8,0.8,-0.8,0.8,1.6,0.8,-0.8,1.6,0.0,0.8,-0.8,-1.6,0.0,0.8,0.0,2.4000000000000004,0.0,0.0,-0.8,0.0,0.0,0.0,0.0,0.8,0.8,1.6,0.0,-0.8,0.0,0.8,1.6,0.0,0.8,-0.8,1.6,0.8,-0.8,0.8,-0.8,0.0,0.0,-0.8,0.8,0.8,-0.8,0.0,0.0,0.0,-0.8,0.0,0.8,-0.8,0.8,0.8,0.8,0.8,0.0,0.0,0.8,0.0,0.0,-0.8,1.6,0.8,0.0,0.8,0.8,0.8,0.0,-0.8,0.0,0.0,0.8,-0.8,-0.8,1.6,0.0,0.0,0.0,0.8,0.0,0.0,0.8,0.0,0.0,0.0,0.8,1.6,0.0,0.8,0.8,0.0,0.8,0.8,0.8,0.8,0.0,0.0,0.0,0.8,0.8,0.0,0.8,0.8,1.6,0.8,0.8,0.0,-0.8,0.0,-0.8,0.8,0.0,-0.8,0.8,0.0,0.8,0.0,0.0,0.0,0.0,0.0,0.8,0.0,0.8,0.0,-0.8,0.0,0.8,0.8,0.8,0.0,0.0,1.6,0.0,0.8,0.8,1.6,1.6,-1.6,0.8,0.0,0.8,0.0,0.8,0.8,-0.8,0.8,0.8,0.0,0.8,0.0,0.8,0.8,2.4000000000000004,0.0,-0.8,0.8,-1.6,-1.6,0.8,0.0,1.6,0.0,0.0,0.0,0.0,2.4000000000000004,0.8,1.6,1.6,0.0,0.8,-0.8,1.6,0.8,-0.8,1.6,0.0,0.0,0.0,-0.8,1.6,-1.6,0.0,0.0,0.8,0.8,-1.6,0.8,0.0,0.8,1.6,0.8,1.6,0.8,0.0,0.8,0.0,2.4000000000000004,-0.8,0.8,1.6,0.0,0.0,0.8,0.8,0.8,-0.8,0.0,0.0,1.6,0.8,0.8,1.6,0.8,0.0,0.0,-0.8,1.6,0.0,1.6,0.0,1.6,0.0,0.0,1.6,0.0,0.8,0.8,0.8,0.0,0.8,1.6,0.0,0.0,0.8,0.8,0.0,0.8,0.0,1.6,-0.8,-0.8,-0.8,0.8,0.0,-0.8,0.0,0.0,0.0,0.0,0.8,0.8,0.8,0.0,0.8,-0.8,-1.6,1.6,1.6,-0.8,0.8,0.8,0.8,0.8,0.0,0.8,-0.8,-0.8,0.0,-0.8,0.8,0.8,0.8,0.0,0.8,1.6,-0.8,0.8,0.0,0.0,0.8,-0.8,1.6,0.0,0.0,2.4000000000000004,-0.8,1.6,0.0,-0.8,0.8,0.0,1.6,-0.8,0.0,0.8,0.8,0.0,-1.6,0.8,0.0,-0.8,1.6,-0.8,0.8,0.0,0.0,0.8,0.0,0.0,0.8,0.8,0.8,0.0,0.0,0.0,0.8,0.0,-0.8,0.8,0.8,-0.8,0.0,0.0,1.6,0.0,0.8,0.8,-0.8,3.2,0.0,0.8,0.8,0.0,0.8,1.6,0.8,0.8,0.8,0.8,0.0,0.8,0.0,0.8,0.8,-0.8,-0.8,0.8,0.8,0.0,0.8,1.6,0.0,0.8,-0.8,-0.8,0.0,2.4000000000000004,-0.8,-0.8,3.2,-0.8,-0.8,4.0,0.8,-1.6,0.8,0.8,-1.6,0.0,0.8,0.8,0.8,0.8,0.0,2.4000000000000004,0.0,0.8,0.0,0.8,0.8,0.0,0.0,1.6,0.0,-0.8,0.8,1.6,0.0,1.6,0.8,0.8,0.0,0.0,1.6,1.6,0.8,0.8,1.6,1.6,0.0,0.8,1.6,0.0,0.8,-0.8,-0.8,1.6,-0.8,0.8,0.8,0.8,0.8,0.0,0.8,0.0,0.0,1.6,-0.8,1.6,0.8,0.0,1.6,0.8,0.8,0.8,0.0,0.0,1.6,1.6,0.0,0.8,0.8,0.0,0.0,0.8,0.8,0.8,0.8,0.8,0.0,-1.6,0.0,0.0,1.6,0.0,0.0,0.8,0.0,1.6,0.0,1.6,1.6,-0.8,0.0,0.8,1.6,0.8,0.8,1.6,0.8,0.0,0.8,0.0,0.0,0.8,-0.8,0.0,1.6,1.6,0.8,0.0,0.8,0.8,0.8,0.8,0.0,1.6,0.8,0.8,0.8,0.8,0.8,0.0,0.8,0.8,0.0,0.0,0.8,0.8,0.8,0.0,1.6,0.8,2.4000000000000004,0.8,0.8,1.6,0.8,0.8,0.8,-0.8,1.6,0.8,0.0,-0.8,0.0,0.8,1.6,0.0,0.8,-0.8,0.8,0.0,1.6,0.0,0.8,0.0,0.0,0.8,-0.8,1.6,0.8,0.0,0.8,0.0,1.6,1.6,0.8,0.8,-0.8,0.8,0.0,0.0,0.0,0.0,1.6,-0.8,0.0,0.8,-0.8,0.8,0.0,0.8,0.0,0.8,0.8,0.0,1.6,0.0,0.8,0.0,0.0,0.0,0.0,0.8,0.0,-0.8,0.8,0.0,-0.8,0.8,-0.8,0.8,1.6,0.0,-0.8,0.0,0.0,0.8,1.6,0.8,1.6,0.0,0.0,0.8,0.0,-0.8,0.0,1.6,0.0,0.0,1.6,-0.8,0.8,0.0,0.0,0.8,0.0,1.6,0.8,1.6,1.6,1.6,0.0,0.0,1.6,1.6,-0.8,2.4000000000000004,0.8,0.8,0.0,-0.8,0.0,0.8,0.0,1.6,0.0,0.8,-1.6,0.0,0.8,0.8,0.8,0.8,0.0,0.8,-0.8,0.8,-0.8,0.8,0.8,0.0,1.6,-0.8,1.6,0.8,0.0,0.8,0.8,0.8,0.0,0.0,0.8,0.8,0.0,-0.8,0.0,-0.8,-0.8,0.8,0.0,0.8,0.8,0.0,1.6,0.0,0.8,0.0,0.8,0.0,-1.6,1.6,1.6,-0.8,0.8,-0.8,1.6,0.8,0.0,0.8,0.8,1.6,0.0,0.8,0.8,-0.8,1.6,0.8,0.8,1.6,0.0,0.8,0.0,0.0,0.8,-0.8,1.6,0.0,0.0,0.0,0.0,0.8,0.0,0.0,0.8,0.0,0.8,0.0,0.8,0.0,1.6,0.0,0.0,1.6,1.6,0.0,0.0,-0.8,1.6,0.0,0.0,0.0,0.0,0.8,1.6,0.8,0.0,0.0,0.0,0.8,0.8,-1.6,0.8,0.0,0.8,0.0,-0.8,1.6,-0.8,0.0,0.0,-0.8,0.8,0.8,0.8,-0.8,0.8,1.6,-0.8,0.0,-1.6,0.0,1.6,-0.8,0.0,-0.8,0.8,0.8,-0.8,0.8,-0.8,0.8,0.8,0.0,2.4000000000000004,-0.8,0.0,1.6,-0.8,0.0,0.0,0.8,0.0,0.8,0.8,0.8,0.8,0.8,0.0,0.0,0.8,0.8,0.0,1.6,0.8,0.0,1.6,0.0,1.6,0.8,-0.8,0.8,0.0,0.0,-0.8,0.0,0.0,0.8,1.6,-0.8,0.8,1.6,-0.8,0.8,0.0,1.6,0.0,-0.8,0.8,2.4000000000000004,0.8,-0.8,1.6,2.4000000000000004,-0.8,0.0,0.8,1.6,-0.8,-1.6,0.0,0.8,-0.8,0.8,0.8,0.8,0.8,-0.8,0.0,0.8,0.0,0.8,0.0,1.6,1.6,0.0,0.0,0.8,1.6,0.0,-0.8,0.0,1.6,0.0,-0.8,-0.8,0.8,0.0,-0.8,0.0,0.8,1.6,-0.8,0.0,0.8,-0.8,1.6,-0.8,-0.8,0.0,0.0,0.8,-1.6,0.0,0.0,0.0,1.6,0.0,0.0,0.8,1.6,0.0,0.0,0.0,0.8,-0.8,1.6,0.8,-0.8,0.8,0.0,0.0,0.0,0.8,0.8,0.0,0.8,0.0,1.6,0.0,0.8,1.6,0.0,-0.8,0.8,0.0,0.8,0.0,0.8,1.6,0.8,0.8,0.8,0.0,0.8,-0.8,0.8,0.8,1.6,0.0,0.0,1.6,0.8,-0.8,0.8,0.8,0.8,-1.6,0.0,0.0,0.0,0.8,1.6,0.8,0.8,0.8,0.0,0.8,1.6,-1.6,0.8,-0.8,0.0,0.0,-0.8,0.0,-0.8,0.0,0.0,0.8,0.0,1.6,0.8,0.0,0.8,0.0,0.8,-1.6,-2.4000000000000004,0.8,0.0,0.8,0.0,-1.6,0.0,0.0,0.8,-0.8,0.0,0.0,-0.8,0.8,1.6,0.0,0.0,0.8,0.8,-1.6,-0.8,1.6,0.8,0.8,-0.8,0.8,0.8,0.0,0.8,-0.8,0.8,-0.8,-1.6,1.6,0.0,1.6,-1.6,1.6,1.6,-0.8,0.0,-0.8,0.0,0.0,-0.8,-0.8,-0.8,0.8,-0.8,-0.8,1.6,0.0,0.8,0.0,-0.8,0.8,-2.4000000000000004,0.8,0.0,1.6,1.6,0.0,1.6,0.0,0.0,0.8,0.0,0.8,0.0,0.0,0.0,0.0,0.8,0.0,0.0,0.8,-0.8,1.6,-0.8,0.8,-0.8,0.0,0.8,-0.8,0.0,0.0,0.0,0.8
event_163,1625267105.923691,1.6,-0.8,1.6,0.8,-0.8,1.6,-0.8,1.6,0.8,0.0,0.8,-0.8,0.0,0.0,0.0,0.0,0.0,-0.8,0.0,-0.8,-0.8,0.0,0.8,0.0,0.8,0.8,0.0,1.6,0.0,0.0,0.8,0.0,-0.8,0.0,0.0,0.0,0.8,0.8,0.0,0.0,0.0,0.0,-0.8,0.0,0.0,0.8,1.6,0.0,0.8,0.0,0.0,0.8,-1.6,0.8,0.0,1.6,0.8,0.0,0.8,0.0,2.4000000000000004,1.6,0.0,0.8,0.0,0.0,0.0,-0.8,0.8,-0.8,0.8,0.0,0.8,0.0,-0.8,2.4000000000000004,0.0,0.0,0.0,0.0,0.8,0.0,-0.8,0.8,0.8,0.8,0.8,0.8,0.8,-0.8,-0.8,0.0,0.0,1.6,0.0,0.8,0.8,1.6,-0.8,-0.8,0.8,0.0,-2.4000000000000004,-33.6,-74.4,-52.00000000000001,-20.800000000000004,-7.200000000000001,-4.800000000000001,0.8,-0.8,-5.6,-4.0,-3.2,-4.0,0.8,0.0,0.8,-2.4000000000000004,0.0,0.0,-0.8,0.0,0.0,0.0,-1.6,0.8,0.0,0.0,-0.8,0.0,0.0,0.0,-0.8,2.4000000000000004,2.4000000000000004,-0.8,0.8,-0.8,-0.8,0.8,-0.8,0.0,1.6,-0.8,-0.8,0.0,0.8,0.0,-0.8,0.8,0.8,-0.8,0.0,0.8,0.8,0.8,0.0,-0.8,0.8,1.6,0.8,0.0,0.8,0.8,0.0,0.0,0.8,0.8,0.0,0.8,-0.8,1.6,-0.8,0.8,1.6,-1.6,0.0,0.8,0.0,1.6,-0.8,0.8,1.6,0.0,0.8,0.0,0.8,0.0,-0.8,0.8,-0.8,1.6,0.0,1.6,1.6,0.0,0.0,0.0,0.8,1.6,0.0,0.8,0.8,0.8,0.8,0.8,0.8,0.0,0.0,0.8,-0.8,2.4000000000000004,-0.8,1.6,-0.8,0.8,0.0,-0.8,0.8,0.0,0.0,0.8,-0.8,0.0,0.8,0.8,0.8,0.0,0.8,0.0,0.0,-0.8,0.0,0.0,0.0,0.0,0.0,-0.8,0.0,0.8,-0.8,0.0,1.6,0.8,0.0,1.6,1.6,-1.6,0.8,0.0,-1.6,-0.8,1.6,0.8,0.8,0.8,0.8,0.8,1.6,0.8,0.0,0.8,0.0,-0.8,1.6,0.0,0.8,0.0,0.8,2.4000000000000004,0.0,0.8,0.0,-0.8,0.0,-0.8,0.0,0.8,-0.8,0.0,-0.8,2.4000000000000004,0.0,0.8,0.8,0.0,1.6,0.0,0.0,0.8,0.8,0.8,-0.8,1.6,0.8,-0.8,1.6,0.0,1.6,0.0,0.0,0.0,-1.6,0.0,0.8,0.0,0.8,-1.6,0.8,-0.8,0.0,0.8,-0.8,0.8,0.8,0.8,0.0,-1.6,1.6,-0.8,0.8,0.8,-1.6,2.4000000000000004,0.0,0.8,0.8,-0.8,0.0,-0.8,-0.8,0.8,1.6,0.8,-0.8,0.8,-1.6,0.0,0.8,0.0,0.0,0.0,0.0,0.0,0.8,0.0,-0.8,0.8,0.0,0.0,0.8,0.8,0.8,0.0,0.0,1.6,1.6,1.6,0.0,0.8,0.8,0.0,-0.8,-0.8,0.8,0.0,0.0,0.8,0.0,0.0,0.0,0.8,0.8,0.0,0.0,-0.8,0.0,0.8,0.8,0.8,0.0,0.0,0.8,0.0,0.0,1.6,0.0,0.0,0.8,1.6,0.0,0.0,0.8,0.8,-0.8,0.0,0.8,0.8,0.0,0.8,0.0,0.0,0.0,1.6,0.0,0.0,0.0,-0.8,0.8,-0.8,-0.8,1.6,-0.8,2.4000000000000004,0.0,-0.8,0.8,-0.8,0.8,-0.8,0.0,0.8,0.0,0.8,-0.8,1.6,0.8,0.8,0.0,-0.8,0.8,0.8,0.0,2.4000000000000004,-0.8,0.8,-0.8,0.8,0.8,-0.8,0.8,-0.8,0.0,1.6,0.0,0.8,0.8,-1.6,-1.6,-0.8,1.6,-0.8,0.0,0.8,0.8,1.6,1.6,0.8,0.0,0.8,0.8,-0.8,0.0,0.0,0.0,0.0,0.0,0.8,0.0,0.8,0.0,0.8,0.8,-0.8,0.0,0.8,0.0,0.0,0.0,0.0,-0.8,0.0,0.8,0.0,0.0,0.8,0.0,0.8,0.8,-0.8,0.0,0.0,0.8,0.0,0.8,0.8,1.6,0.0,0.0,0.0,0.8,0.8,0.0,0.0,0.8,0.0,0.8,-0.8,1.6,-0.8,1.6,0.8,0.0,0.0,0.0,0.8,0.0,-0.8,0.8,0.8,0.0,0.8,0.8,0.8,-0.8,1.6,1.6,0.0,0.0,0.0,0.8,-0.8,0.0,0.8,0.0,0.8,-1.6,0.8,0.0,-0.8,0.8,0.0,0.8,0.8,-0.8,0.8,-0.8,-0.8,0.0,1.6,0.0,-1.6,0.8,0.8,0.0,1.6,-1.6,0.8,-0.8,-0.8,0.0,-0.8,1.6,0.8,0.0,0.0,0.0,1.6,-0.8,0.0,3.2,-1.6,-2.4000000000000004,1.6,0.8,-2.4000000000000004,0.0,2.4000000000000004,0.0,-1.6,0.8,0.8,0.0,-0.8,0.8,1.6,-0.8,0.0,0.0,0.8,0.0,0.0,0.0,0.8,0.8,0.0,0.0,0.0,0.0,0.0,0.0,1.6,1.6,0.0,-0.8,0.8,0.0,0.8,0.0,-0.8,0.8,0.8,0.8,0.0,0.0,0.8,0.8,0.8,0.8,-0.8,2.4000000000000004,0.0,0.8,0.8,0.8,0.8,0.0,0.8,1.6,0.8,0.8,0.8,0.8,-0.8,0.8,1.6,-0.8,0.8,0.8,0.0,0.0,0.8,1.6,-0.8,1.6,0.0,-0.8,0.0,0.8,1.6,0.8,-0.8,3.2,0.8,0.8,0.8,-0.8,1.6,0.0,-0.8,1.6,0.8,1.6,0.8,0.8,1.6,1.6,0.0,-0.8,1.6,-0.8,0.0,1.6,-0.8,1.6,-0.8,0.0,1.6,0.0,0.8,0.8,0.8,0.8,-0.8,0.8,-0.8,1.6,0.8,0.0,1.6,0.0,-0.8,0.8,0.0,1.6,0.0,-0.8,-0.8,0.8,0.8,0.8,1.6,0.8,0.0,0.0,0.8,0.8,0.0,1.6,0.8,1.6,0.8,0.0,0.0,1.6,0.8,0.0,0.0,-0.8,0.0,1.6,0.8,0.8,0.0,-0.8,0.0,-0.8,1.6,1.6,-0.8,1.6,-0.8,-0.8,0.0,0.0,1.6,-0.8,0.0,0.8,0.8,1.6,0.8,1.6,0.8,0.8,0.0,-0.8,2.4000000000000004,-0.8,0.8,1.6,0.0,2.4000000000000004,-0.8,0.0,0.0,0.0,0.8,-0.8,0.8,0.8,0.0,0.8,-0.8,1.6,0.0,0.0,0.8,0.8,0.0,-1.6,0.0,0.8,0.8,0.8,0.0,1.6,0.8,0.0,2.4000000000000004,0.0,0.8,0.8,0.8,1.6,1.6,0.0,1.6,1.6,1.6,0.8,0.8,0.0,1.6,0.0,-0.8,0.8,0.0,0.0,1.6,0.0,0.8,-1.6,0.8,0.8,0.0,0.0,0.8,0.8,0.8,-0.8,0.8,0.0,-0.8,0.0,0.0,0.0,-0.8,0.8,0.8,0.0,0.0,0.0,0.8,0.0,-0.8,0.8,0.8,-0.8,0.8,-0.8,-1.6,0.0,0.0,-0.8,0.0,0.8,0.0,0.0,1.6,0.0,0.0,0.0,0.0,-1.6,0.0,0.8,0.0,0.0,0.0,0.0,0.0,0.8,0.0,1.6,1.6,0.0,0.0,-0.8,0.8,0.8,0.0,0.8,0.8,1.6,-0.8,0.8,0.0,-0.8,0.0,0.0,0.0,0.8,-0.8,0.8,0.8,0.8,1.6,0.0,0.8,0.0,-0.8,1.6,0.0,1.6,-0.8,0.8,0.8,0.8,-0.8,0.8,1.6,0.0,0.0,0.0,-0.8,0.8,-1.6,1.6,0.8,-1.6,0.8,0.8,-1.6,0.8,0.8,0.8,-1.6,2.4000000000000004,0.0,0.0,1.6,-0.8,0.0,0.0,0.8,0.8,1.6,0.8,0.8,0.0,0.8,0.8,0.0,-0.8,0.8,0.8,-0.8,0.0,0.0,-0.8,0.0,-0.8,0.8,0.0,0.8,1.6,0.8,1.6,0.8,0.0,0.0,-0.8,-0.8,0.8,0.8,0.0,-0.8,-0.8,0.8,0.0,0.8,0.0,-1.6,0.8,-0.8,0.8,0.0,-0.8,0.8,-0.8,0.8,0.0,0.0,0.8,-0.8,0.0,-0.8,-0.8,0.8,-0.8,0.0,-0.8,0.0,1.6,0.0,0.8,0.0,0.0,0.8,-0.8,1.6,0.0,0.8,0.0,0.0,1.6,0.0,-1.6,0.0,-0.8,0.0,-0.8,0.0,0.8,-0.8,0.0,0.0,1.6,0.0,-1.6,0.8,-0.8,0.0,-1.6,-0.8,-0.8,0.0,0.0,-1.6,0.8,-0.8,-0.8,0.8,-0.8,-1.6,0.0,0.8,0.8,0.0,1.6,0.8,0.0,-0.8,-0.8,1.6,0.0,0.0,0.8,0.0,0.0,0.0,-1.6,-0.8,0.0,0.0,0.0,0.8,-0.8,0.0,0.0,-0.8,-1.6,0.0,0.8,0.0,0.8,0.8,1.6,0.0,0.8,-0.8,-0.8,0.0,0.0,0.0,0.8,0.8,0.8,0.8,0.8,0.8,-0.8,0.0,0.0,0.0,-0.8,-0.8,0.0,0.8,0.0,0.0,0.0,1.6,0.8,-0.8,0.8,0.0,0.8,-0.8,-0.8,0.8,0.8,0.0,0.0,0.0,1.6,-0.8,0.8,-0.8,0.0,-0.8,-1.6,-0.8,-0.8,-1.6,2.4000000000000004,-0.8,1.6,0.0,-0.8,0.8,0.0,0.0,0.8,0.0,0.8,-0.8,0.8,-1.6,0.8,0.0,-0.8,0.8,-1.6,1.6,0.0,-0.8,0.8,-0.8,0.0,-0.8,-0.8,0.0,-0.8,0.8,-0.8,0.0,0.0,-0.8,0.8,0.0,0.0,0.8,0.0,0.8,0.0,-0.8,0.8,0.0,0.8,-0.8,-1.6,0.0,-0.8,1.6,-1.6,0.8,0.0,0.0,1.6,-0.8,1.6,0.0,-0.8,0.8,0.8,0.8,0.0,0.0,0.8,0.0,1.6,0.0,0.8,0.0,0.0,0.8,-0.8,-1.6,-0.8,-0.8,0.0,0.0,0.8,0.0,-0.8,0.8,0.0,0.0,0.0,1.6,0.0,0.8,0.0,0.8,-0.8,-0.8,1.6,0.8,-1.6,0.0,-0.8,0.8,-0.8,0.8,-0.8,0.0,0.8,-1.6,-0.8,0.0,-1.6,0.8,0.0,0.0,0.0,-1.6,0.8,0.0,0.0,0.0,0.0,0.8,0.8,0.8,0.0,-0.8,0.8,-0.8,0.0,0.0,0.0,0.8,-0.8,0.0,-1.6,0.0,-0.8,0.0,0.8,0.0,0.8,0.0,0.0,1.6,0.0,0.0,0.8,-1.6,-0.8,0.0,0.8,0.0,-0.8,0.8,0.0,0.0,1.6,-0.8,-0.8,-0.8,0.0,0.0,0.0,1.6,0.0,0.8,-0.8,0.0,0.0,-0.8,0.0,0.0,-0.8,0.0,-0.8,0.0,0.0,0.0,0.0,-0.8,0.8,0.0,0.0,0.8,0.0,-0.8,0.0,0.8,0.8,0.0,0.0,0.8,0.0,0.0,0.8,0.0,0.8,0.0,-0.8,-0.8,0.0,0.0,0.0,0.0,0.0,-0.8,0.0,0.8,0.0,-1.6,2.4000000000000004,0.0,-2.4000000000000004,0.8,0.8,-1.6,0.8,0.8,0.8,-0.8,0.0,0.8,0.8,-0.8,-1.6,0.8,0.0,0.0,-0.8,0.0,0.8,0.0,-0.8,0.0,-0.8,-0.8,0.0,-0.8,0.8,0.0,0.0,0.0,0.0,0.8,-0.8,0.8,-0.8,0.0,0.8,0.8,0.0,-0.8,0.8,0.8,0.0,0.8,-0.8,0.0,1.6,-0.8,0.8,-0.8,0.8,0.8,0.0,0.8,0.0,1.6,0.8,0.0,0.8,-2.4000000000000004,0.0,0.8,0.0,0.0,0.8,-0.8,0.0,0.0,0.8,0.8,0.0,0.0,-1.6,0.8,0.0,1.6,0.0,-0.8,1.6,0.0,-0.8,0.0,-0.8,0.8,-1.6,-0.8,0.8,0.8,0.0,1.6,0.8,0.0,0.8,0.8,-1.6,0.0,-0.8,-0.8,0.8,0.0,-0.8,0.0,0.8,0.0,-0.8,0.0,0.8,0.0,1.6,0.8,0.0,0.0,-0.8,0.8,0.0,0.0,2.4000000000000004,0.0,0.0,0.8,-0.8,-0.8,0.0,1.6,0.8,0.0,0.0,0.0,0.8,0.0,0.8,0.0,0.8,0.8,-1.6,1.6,0.8,-0.8,1.6,0.0,0.8,0.8,0.0,0.8,-0.8,1.6,0.0,0.0,1.6,-0.8,0.8,0.0,-0.8,0.8,-1.6,0.0,0.0,0.8,-0.8,0.0,0.8,0.0,0.8,0.8,-0.8,2.4000000000000004,0.0,0.0,0.8,0.0,0.8,0.0,0.0,0.0,0.8,1.6,0.8,0.0,0.0,0.8,2.4000000000000004,-0.8,1.6,0.0,-0.8,0.0,-0.8,0.8,0.8,0.8,0.8,-1.6,0.8,-0.8,-0.8,0.0,-0.8,0.0,0.8,0.8,0.0,-0.8,1.6,0.0,0.8,0.0,-0.8,2.4000000000000004,0.0,0.8,0.8,0.0,0.0,0.0,0.8,0.8,0.0,0.0,-0.8,0.8,-0.8,-0.8,0.8,-0.8,-0.8,0.0,0.0,-1.6,0.8,0.8,0.0,0.8,0.0,0.0,-0.8,0.8,0.8,0.0,0.8,-0.8,1.6,0.0,-0.8,0.8,-1.6,0.8,-0.8,0.0,1.6,-1.6,0.0,0.0,0.0,0.0,-1.6,0.8,0.8,-0.8,0.0,-0.8,1.6,0.0,0.0,0.8,0.0,1.6,0.0,0.0,0.0,-0.8,0.8,0.0,0.8,1.6,-1.6,1.6,0.0,1.6,0.0,0.8,2.4000000000000004,0.0,0.8,-0.8,-1.6,0.8,-0.8,3.2,0.8,0.0,-0.8,-0.8,0.8,-0.8,-0.8,1.6,-0.8,0.8,-1.6,0.0,0.8,0.0,0.0,0.8,0.0,0.0,0.8,1.6,-0.8,-0.8,0.0,0.8,0.0,-0.8,0.8,0.8,-0.8,0.0,0.0,0.0,0.0,0.0,-0.8,-0.8,0.8,0.0,0.0,0.8,0.8,0.8,1.6,0.8,-1.6,-0.8,0.8,0.8,0.0,0.0,0.0,0.8,0.8,0.0,0.0,0.0,0.0,-0.8,-0.8,-0.8,0.0,0.0,-0.8,0.8,0.0,0.0,-0.8,0.8,-0.8,-0.8,0.0,-1.6,-0.8,-0.8,0.0,0.8,0.0,0.8,0.8,0.8,0.0,0.0,0.8,0.0,0.8,-0.8,0.0,1.6,0.8,0.0,0.0,0.0,0.8,0.0,0.0,0.0,-0.8,0.0,0.0,0.8,0.0,-0.8,0.8,-1.6,0.8,-0.8,1.6,-0.8,0.0,-0.8,-0.8,0.8,0.8,-0.8,0.8,-1.6,0.0,1.6,0.8,0.0,-0.8,0.8,0.0,-0.8,0.0,1.6,0.0,0.0,0.8,-0.8,-1.6,0.8,-0.8,-0.8,0.8,0.0,0.0,0.0,0.8,0.0,-0.8,0.8,-1.6,-1.6,0.0,0.0,0.0,-1.6,-0.8,0.0,-0.8,1.6,-0.8,-1.6,0.0,0.0,0.0,-0.8,-0.8,0.8,0.8,0.0,-0.8,0.0,0.0,-0.8,0.8,-0.8,-0.8,-0.8,-0.8,0.8,0.0,-0.8,0.8,-0.8,0.0,0.8,0.0,0.0,-1.6,0.0,0.0,0.0,0.8,0.0,0.0,0.8,-1.6,0.8,0.0,1.6,0.0,-0.8,0.0,-0.8,0.8,0.8,-0.8,0.8,-1.6,0.0,-0.8,0.0,0.8,0.0,1.6,0.0,0.0,0.8,0.0,0.8,0.0,1.6,0.8,-0.8,2.4000000000000004,0.8,0.0,0.0,0.0,0.8,-0.8,0.0,0.8,0.0,0.8,0.0,0.0,-0.8,-1.6,1.6,-0.8,0.0,0.0,0.0,0.0,-0.8,0.0,-0.8,0.8,-0.8,-1.6,0.8,1.6,0.0,0.8,0.0,1.6,0.0,0.8,0.0,0.0,0.0,0.0,-0.8,0.8,0.0,0.8,0.8,0.0,0.8,0.0,0.8,-0.8,0.0,0.0,-0.8,0.0,0.0,0.0,-0.8,0.0,1.6,0.0,-0.8,0.8,0.0,0.0,0.0,0.0,0.8,0.8,0.0,0.0,0.8,1.6,0.0,0.8,-0.8,0.0,0.0,-0.8,-0.8,0.0,0.8,0.8,0.8,1.6,0.0,0.0,0.8,0.8,0.0,0.8,-0.8,2.4000000000000004,-0.8,-0.8,0.8,0.0,1.6,-0.8,0.8,0.0,-0.8,1.6,-0.8,0.8,0.0,-0.8,0.0,-0.8,0.8,1.6,-0.8,0.8,-1.6,0.0,-0.8,0.8,1.6,-1.6,0.8,0.0,0.8,0.8,0.0,1.6,0.8,0.0,0.0,-1.6,1.6,-0.8,0.0,0.0,0.0,1.6,0.8,0.0,0.8,1.6,1.6,-0.8,0.8,0.8,0.0,0.8,-0.8,2.4000000000000004,-0.8,-0.8,0.8,-0.8,1.6,0.0,0.0,0.0,-1.6,0.8,0.0,0.8,0.0,0.0,1.6,0.0,1.6,-0.8,0.8,0.8,0.8,0.0,0.0,0.8,0.8,0.0,0.8,-0.8,0.0,0.0,0.0,0.8,0.0,0.0,1.6,0.8,0.0,-0.8,0.8,0.0,0.8,-0.8,0.0,0.8,0.0,0.0,0.8,-0.8,0.8,0.0,1.6,-0.8,0.0,1.6,0.8,0.8,0.0,-0.8,0.8,-0.8,0.0,0.8,1.6,-0.8,0.8,0.0,-1.6,0.8,0.0,0.8,0.8,0.0,0.8,-1.6,0.8,0.0,-0.8,0.8,-0.8,-0.8,0.8,0.0,1.6,-0.8,0.0,0.8,-0.8,0.8,-1.6,0.0,0.8,0.0,0.0,-1.6,1.6,0.8,0.8,0.8,-0.8,0.8,0.0,0.8,0.8,-1.6,0.0,-0.8,0.0,0.8,-0.8,0.0,1.6,0.0,0.0,0.0,1.6,0.0,0.0,0.8,0.0,2.4000000000000004,-0.8,0.8,0.0,0.0,0.0,-0.8,0.0,0.0,-1.6,0.0,0.0,0.8,0.8,1.6,2.4000000000000004,0.0,0.0,0.0,0.0,1.6,-0.8,1.6,0.0,1.6,0.8,-0.8,0.8,-0.8,0.0,0.8,0.8,0.8,0.8,0.8,0.8,0.0,0.0,0.8,0.0,-0.8,0.8,0.0,-0.8,3.2,0.0,-4.0,2.4000000000000004,0.8,-2.4000000000000004,-0.8,1.6,0.8,-0.8,0.8,1.6,0.0,0.0,-0.8,0.0,0.0,0.0,0.0,0.8,-0.8,0.8,0.0,1.6,0.8,-0.8,1.6,0.0,0.8,0.8,0.0,1.6,0.0,0.0,0.8,-0.8,0.0,0.8,0.0,-0.8,-0.8,0.8,-0.8,0.8,-1.6,-0.8,1.6,0.0,0.8,0.8,-0.8,0.0,-2.4000000000000004,0.0,0.8,0.0,1.6,1.6,0.8,0.8,-0.8,0.8,0.0,0.8,-0.8,-0.8,0.0,0.0,1.6,0.0,0.8,0.0,0.0,1.6,-0.8,0.0,0.0,0.8,0.8,0.0,0.0,-0.8,0.0,0.8,-0.8,1.6,0.0,0.0,0.8,0.8,0.0,1.6,0.8,0.0,-1.6,0.0,0.8,0.0,0.0,0.8,0.8,-0.8,-0.8,0.8,1.6,0.0,0.0,-0.8,0.8,0.8,0.0,0.0,-0.8,0.0,-1.6,0.0,1.6,0.8,0.0,0.8,0.8,0.0,0.8,0.0,0.0,0.8,0.0,-1.6,1.6,0.0,0.8,0.0,0.0,1.6,0.0,0.8,1.6,0.0,0.8,-1.6,-0.8,1.6,0.0,0.8,-0.8,0.0,0.8,0.0,1.6,0.8,0.0,-0.8,-0.8,0.8,0.0,0.8,0.0,0.8,1.6,-0.8,1.6,0.0,-0.8,0.0,-1.6,0.8,0.0,0.0,1.6,0.8,1.6,-0.8,0.8,0.0,0.8,0.0,0.0,0.0,1.6,0.0,0.0,0.0,0.8,0.8,0.8,1.6,0.0,1.6,1.6,0.0,0.8,0.0,0.0,0.8,0.0,1.6,0.0,0.8,0.8,-0.8,0.8,0.0,0.8,1.6,0.0,0.8,0.8,0.8,0.0,0.0,0.8,1.6,0.8,-1.6,0.8,0.8,0.8,-0.8,0.0,2.4000000000000004,0.8,1.6,-0.8,0.0,1.6,0.8,0.8,0.8,0.0,0.8,0.0,0.8,0.8,0.0,0.0,0.0,2.4000000000000004,0.0,0.8,0.0,0.0,0.0,-0.8,0.8,0.8,0.8,1.6,0.8,2.4000000000000004,0.8,0.8,1.6,0.8,1.6,-0.8,0.8,1.6,0.8,0.0,0.0,1.6,0.8,-0.8,1.6,0.0,0.8,0.0,0.8,1.6,0.8,1.6,0.8,0.0,0.8,-0.8,1.6,0.8,1.6,0.0,-1.6,0.8,0.0,0.8,-0.8,0.0,0.8,0.0,1.6,0.0,-0.8,2.4000000000000004,-1.6,0.8,1.6,0.0,1.6,-0.8,1.6,0.0,0.0,0.8,-0.8,1.6,-0.8,0.0,1.6,0.0,0.8,0.8,0.0,0.8,0.0,0.0,-0.8,0.8,0.8,-0.8,0.8,0.0,0.0,0.8,-0.8,0.0,0.0,0.0,-0.8,-0.8,0.0,0.0,0.0,0.8,0.8,0.0,0.0,0.8,0.0,-0.8,-0.8,0.0,0.0,0.0,0.0,0.0,0.8,0.0,0.8,0.8,-0.8,0.8,-0.8,0.8,0.8,1.6,-0.8,0.0,1.6,0.8,0.0,1.6,0.0,1.6,0.8,0.0,0.0,0.0,0.0,0.8,0.0,0.8,-1.6,0.8,0.0,0.0,0.0,0.0,0.8,0.0,0.0,0.0,0.0,1.6,-1.6,0.8
event_164,1625267108.1648192,0.0,0.0,1.6,0.0,2.4000000000000004,0.8,0.8,1.6,0.8,0.8,0.8,0.0,0.0,0.0,0.8,-0.8,-0.8,0.0,0.8,1.6,0.0,-0.8,0.0,0.0,0.8,0.0,0.8,0.0,1.6,0.8,0.8,0.8,0.8,0.0,-0.8,0.0,-0.8,1.6,0.8,0.8,0.8,0.8,0.0,-0.8,0.8,1.6,0.8,0.0,1.6,0.8,0.8,0.0,1.6,0.0,-0.8,1.6,0.8,0.8,0.8,0.0,0.8,0.0,0.0,-0.8,0.0,2.4000000000000004,0.0,0.8,0.8,0.8,1.6,0.8,1.6,-0.8,0.8,0.0,0.0,2.4000000000000004,0.0,1.6,0.8,0.0,0.8,0.0,1.6,0.8,1.6,0.0,0.8,0.8,0.0,0.0,0.8,-0.8,2.4000000000000004,0.0,0.8,1.6,0.0,2.4000000000000004,-1.6,0.0,-14.400000000000002,-50.4,-52.00000000000001,-29.6,-12.0,-5.6,-4.0,0.0,-4.800000000000001,-3.2,-2.4000000000000004,-4.0,-2.4000000000000004,0.0,0.0,0.0,0.0,1.6,-1.6,0.8,0.0,0.8,-0.8,0.0,2.4000000000000004,-0.8,-0.8,0.0,0.8,0.8,-0.8,0.8,0.8,-0.8,1.6,0.8,0.0,0.0,-0.8,0.8,0.8,0.0,0.8,0.8,0.8,0.8,0.8,-0.8,0.0,0.0,-0.8,0.8,0.8,0.0,0.8,1.6,0.0,0.0,0.0,0.8,-0.8,0.0,1.6,0.8,0.0,0.8,1.6,0.0,0.0,-0.8,0.8,0.8,0.0,0.0,0.0,0.8,0.0,0.8,0.0,0.8,0.8,-1.6,0.8,-0.8,0.0,0.0,-0.8,0.0,-0.8,0.8,0.0,0.8,1.6,0.0,1.6,0.8,-0.8,0.0,-0.8,0.0,0.0,0.0,0.8,0.8,0.8,-0.8,0.0,0.8,0.0,0.8,0.0,0.0,0.8,-0.8,1.6,0.8,-0.8,0.0,0.0,0.8,0.8,0.0,0.8,-0.8,1.6,-0.8,0.0,0.0,0.8,0.8,0.0,0.0,0.0,1.6,0.8,0.0,0.0,0.8,0.8,0.0,0.0,0.8,1.6,-0.8,0.0,0.0,-1.6,0.8,0.0,0.0,0.0,0.0,0.8,-0.8,0.8,0.8,-0.8,0.0,0.0,-0.8,1.6,1.6,1.6,-0.8,0.8,0.8,0.8,0.0,0.8,0.8,-0.8,0.0,0.0,0.0,0.0,0.8,0.0,0.8,0.0,0.8,0.0,0.0,2.4000000000000004,0.0,0.0,0.8,0.0,0.8,-0.8,0.0,0.0,1.6,0.8,0.0,1.6,0.0,-0.8,0.8,0.0,1.6,0.0,0.8,0.8,0.0,0.8,0.0,-0.8,0.8,0.0,0.8,-1.6,-0.8,0.8,0.8,1.6,-0.8,-0.8,0.0,0.0,0.8,-1.6,0.0,0.0,0.0,0.0,-0.8,1.6,0.0,0.8,0.8,-0.8,0.0,0.8,0.8,1.6,0.0,1.6,0.8,0.0,0.0,0.0,1.6,0.0,0.8,0.8,0.0,0.8,0.8,0.8,0.0,0.0,0.8,-0.8,1.6,0.0,0.0,1.6,-0.8,-1.6,0.0,1.6,0.0,0.8,0.8,0.8,0.8,0.8,0.8,0.0,0.8,0.8,-0.8,0.8,0.8,0.8,0.8,0.8,1.6,1.6,0.8,0.0,0.0,0.8,0.0,0.8,0.8,0.0,1.6,-1.6,0.8,0.8,0.8,2.4000000000000004,0.8,1.6,-0.8,0.8,1.6,0.8,1.6,0.0,0.8,1.6,-0.8,1.6,-0.8,1.6,0.0,-0.8,0.0,-0.8,0.0,1.6,0.8,1.6,-0.8,2.4000000000000004,0.0,0.0,0.8,-0.8,2.4000000000000004,0.0,0.8,0.8,-0.8,2.4000000000000004,0.8,0.8,0.8,-0.8,1.6,-0.8,0.0,0.0,0.8,1.6,-0.8,0.8,0.8,0.8,0.8,0.0,0.8,0.0,0.0,0.8,0.0,0.0,0.0,-0.8,0.8,0.0,1.6,0.0,0.8,0.8,-0.8,0.8,1.6,0.8,1.6,0.8,1.6,0.0,0.0,0.8,-0.8,0.8,-0.8,0.0,0.0,-0.8,0.0,0.8,0.0,0.0,0.8,1.6,0.8,1.6,0.0,1.6,0.8,0.8,0.0,0.0,0.0,2.4000000000000004,0.8,0.0,0.8,0.8,1.6,0.0,0.8,0.8,1.6,0.8,0.0,0.8,1.6,0.8,0.0,0.0,0.8,-1.6,0.0,-0.8,0.0,0.0,1.6,0.8,0.0,0.8,0.8,0.0,1.6,0.0,0.8,-0.8,1.6,-0.8,-0.8,0.8,0.0,0.0,0.0,0.8,0.0,0.8,0.8,-0.8,0.0,-0.8,-1.6,0.8,-0.8,0.8,0.8,-0.8,2.4000000000000004,0.0,0.0,-1.6,0.8,1.6,0.0,0.8,0.8,0.0,2.4000000000000004,-0.8,0.8,1.6,-0.8,0.0,-0.8,2.4000000000000004,0.0,0.0,0.8,0.0,1.6,0.0,0.0,0.0,0.0,0.0,-0.8,0.8,0.8,0.0,0.8,0.0,0.8,0.0,-0.8,0.8,0.8,0.0,-0.8,0.8,0.0,0.0,0.0,0.8,1.6,1.6,0.0,0.8,0.8,0.8,0.0,-0.8,1.6,1.6,0.0,0.8,1.6,2.4000000000000004,0.8,0.8,0.0,1.6,0.0,0.8,0.8,0.0,0.0,0.8,0.0,0.8,-0.8,0.8,-0.8,1.6,0.8,0.8,0.0,0.8,0.8,0.0,0.8,0.8,0.8,0.0,-1.6,0.0,0.8,0.0,0.8,0.0,0.8,0.8,0.0,0.8,0.0,0.8,0.0,0.0,0.0,-0.8,0.8,0.0,0.0,0.8,0.0,0.0,-0.8,0.8,0.8,0.0,2.4000000000000004,-1.6,-0.8,0.0,1.6,1.6,0.0,0.8,0.0,-0.8,1.6,0.0,-0.8,1.6,0.8,-0.8,0.0,0.0,0.0,0.8,0.0,0.0,1.6,0.0,-0.8,0.8,-1.6,-0.8,0.8,0.8,0.0,0.8,0.0,0.8,0.8,0.8,0.0,1.6,0.8,-0.8,1.6,0.0,1.6,0.0,0.0,0.8,0.8,0.0,1.6,0.0,1.6,0.0,0.8,0.8,0.8,1.6,2.4000000000000004,0.0,3.2,1.6,-1.6,-1.6,4.0,-1.6,-0.8,2.4000000000000004,1.6,-0.8,0.0,2.4000000000000004,0.8,-0.8,0.8,1.6,0.8,0.8,0.8,1.6,0.0,0.0,0.0,0.0,2.4000000000000004,1.6,1.6,0.8,0.0,0.0,0.0,0.8,0.8,0.0,0.8,0.8,0.8,0.8,0.0,0.0,-0.8,0.8,-0.8,-1.6,0.0,0.0,0.8,1.6,0.0,2.4000000000000004,0.8,1.6,0.8,-0.8,1.6,0.0,-0.8,0.8,0.0,1.6,-0.8,0.8,0.8,-0.8,1.6,0.8,1.6,0.0,0.0,1.6,0.8,0.8,0.8,0.0,2.4000000000000004,0.0,2.4000000000000004,0.0,0.0,0.8,-0.8,0.8,0.8,1.6,0.8,-0.8,0.8,1.6,0.8,0.8,0.0,2.4000000000000004,-1.6,0.0,0.8,-0.8,2.4000000000000004,0.8,0.0,1.6,-0.8,0.8,-0.8,1.6,0.0,0.0,0.0,0.8,1.6,-0.8,0.0,1.6,1.6,1.6,0.8,-0.8,1.6,0.8,0.0,0.8,0.8,0.0,0.8,0.8,1.6,0.8,0.0,0.8,-0.8,-0.8,0.0,-0.8,0.0,-0.8,0.8,0.8,0.0,1.6,0.0,0.8,0.0,0.0,0.0,0.0,2.4000000000000004,0.8,0.0,1.6,0.8,0.8,0.8,0.8,0.0,0.0,3.2,-0.8,0.0,0.0,-0.8,0.8,-0.8,1.6,0.8,0.0,0.8,0.0,0.8,0.0,0.0,0.8,0.0,0.8,0.8,1.6,1.6,0.0,1.6,0.0,0.0,0.0,0.0,0.8,1.6,0.0,1.6,0.0,0.8,0.0,0.8,0.0,0.8,0.8,-0.8,0.0,0.0,0.0,3.2,-0.8,0.8,0.0,-0.8,0.8,-0.8,0.0,0.8,0.0,1.6,-0.8,0.8,0.0,0.8,0.8,-0.8,0.8,0.0,0.8,0.8,0.0,2.4000000000000004,0.8,0.8,-0.8,-0.8,1.6,1.6,0.8,1.6,0.0,0.8,0.0,-0.8,0.0,0.0,0.0,0.0,0.8,1.6,0.8,0.8,1.6,0.8,-0.8,0.0,0.8,0.8,0.8,0.8,0.8,0.0,1.6,0.0,-0.8,0.8,-0.8,0.0,0.8,0.0,0.0,0.0,0.0,0.0,0.8,0.0,0.8,1.6,0.0,0.0,-0.8,0.0,0.8,0.0,0.0,1.6,0.8,0.8,0.8,0.8,0.0,0.0,0.8,0.0,2.4000000000000004,0.0,0.8,1.6,-0.8,0.0,0.8,0.8,0.0,0.8,0.8,-0.8,0.0,0.8,0.0,0.8,-0.8,0.0,0.0,-0.8,0.0,-0.8,1.6,-0.8,0.0,0.8,-1.6,1.6,0.8,0.0,0.8,0.0,0.8,0.8,0.8,0.8,0.8,0.8,0.8,0.0,0.0,0.0,2.4000000000000004,0.0,0.8,0.0,-2.4000000000000004,0.8,0.8,-0.8,-1.6,1.6,0.8,-0.8,1.6,1.6,-0.8,1.6,-0.8,-0.8,0.8,0.8,0.0,1.6,0.8,1.6,0.0,0.8,0.8,-0.8,0.8,0.0,0.8,0.8,0.0,0.8,0.8,0.8,0.0,0.8,0.8,0.0,1.6,0.0,0.0,0.0,0.0,0.8,0.0,0.0,1.6,0.0,0.8,0.8,0.8,0.8,-0.8,2.4000000000000004,0.8,1.6,0.8,-0.8,1.6,0.8,0.0,0.8,0.0,0.8,-0.8,0.8,0.0,0.0,0.8,0.8,0.0,0.0,-0.8,0.8,0.0,0.8,0.0,0.8,1.6,0.0,-0.8,-0.8,0.0,1.6,-0.8,1.6,0.0,0.0,1.6,0.8,0.0,0.0,0.8,0.0,-0.8,0.8,0.8,0.8,0.0,0.8,0.8,0.0,-0.8,0.8,0.8,-0.8,0.8,0.8,0.8,0.0,0.0,0.0,0.8,0.0,-0.8,0.0,1.6,0.0,0.0,0.0,0.8,0.0,0.8,0.0,0.0,0.8,0.8,0.8,0.0,0.8,0.8,0.8,0.8,0.8,1.6,0.8,-0.8,0.8,0.0,0.0,0.0,0.0,0.0,0.8,0.0,0.8,0.8,0.0,2.4000000000000004,0.0,0.8,0.8,0.8,0.8,0.8,0.0,0.8,1.6,1.6,-0.8,0.8,0.8,1.6,0.8,-0.8,0.0,0.8,0.0,0.0,0.0,0.8,0.0,0.0,0.8,-0.8,0.0,0.0,0.0,2.4000000000000004,-0.8,0.8,0.8,0.0,1.6,0.0,1.6,-0.8,0.8,0.8,-0.8,0.8,0.0,0.8,0.8,-0.8,1.6,0.0,0.8,0.0,-1.6,0.0,-0.8,0.8,0.0,0.0,0.8,0.0,1.6,0.0,0.8,1.6,-0.8,0.8,-0.8,0.0,1.6,0.0,0.8,0.0,0.8,0.8,0.8,0.8,-0.8,1.6,0.8,-0.8,0.8,0.8,1.6,0.8,0.8,1.6,-0.8,0.0,0.8,0.8,0.0,-0.8,0.8,0.0,0.0,0.8,0.0,1.6,0.0,1.6,1.6,0.8,1.6,-0.8,1.6,1.6,2.4000000000000004,0.0,0.8,0.8,0.8,0.8,0.0,0.8,1.6,-0.8,0.8,0.8,-0.8,0.0,0.8,1.6,0.0,-0.8,0.0,0.0,0.8,-0.8,-0.8,0.0,0.8,0.0,0.0,0.8,0.8,0.8,0.0,0.0,0.8,0.8,0.8,0.8,-1.6,0.8,0.0,-0.8,0.0,1.6,0.8,0.0,2.4000000000000004,0.0,-0.8,1.6,0.8,0.0,-0.8,-0.8,1.6,-1.6,0.8,0.0,0.8,1.6,-1.6,0.0,0.0,1.6,0.8,-0.8,1.6,0.8,0.0,0.8,-0.8,0.8,0.8,0.8,0.8,-0.8,1.6,0.0,0.8,0.8,0.0,0.8,-0.8,0.0,0.8,-0.8,0.8,0.0,1.6,0.0,0.0,0.8,0.8,0.8,0.0,0.0,1.6,0.0,0.0,0.8,0.0,2.4000000000000004,0.0,1.6,0.8,1.6,-0.8,-0.8,1.6,0.0,-0.8,-0.8,-0.8,0.8,0.8,1.6,1.6,0.0,0.0,-0.8,0.0,1.6,-0.8,0.8,0.0,0.0,-0.8,0.8,0.8,0.0,0.0,0.8,0.8,0.0,0.8,0.0,0.8,0.0,-0.8,0.8,0.0,1.6,1.6,0.0,0.8,0.8,0.0,-0.8,-0.8,1.6,0.0,0.0,0.8,0.8,0.0,-0.8,1.6,1.6,-1.6,-0.8,1.6,-0.8,0.0,1.6,1.6,0.0,1.6,0.0,2.4000000000000004,0.8,-1.6,1.6,0.8,0.0,0.8,0.0,2.4000000000000004,-0.8,0.0,0.0,0.0,0.0,-1.6,0.8,-0.8,-0.8,0.8,0.0,0.8,-2.4000000000000004,-0.8,1.6,0.8,0.0,0.8,0.8,0.0,-1.6,0.8,0.8,1.6,0.8,0.8,1.6,0.8,-1.6,1.6,0.8,0.8,0.8,0.0,0.0,0.0,0.8,1.6,0.0,1.6,0.0,0.0,0.0,-0.8,0.0,1.6,0.8,0.8,-0.8,0.8,-0.8,0.0,-0.8,0.8,0.0,-0.8,0.8,0.8,0.0,1.6,1.6,0.8,0.0,-1.6,1.6,2.4000000000000004,0.8,0.0,0.8,-1.6,0.0,1.6,0.8,0.0,1.6,0.8,0.8,-0.8,0.0,0.0,0.0,0.8,-0.8,0.8,1.6,0.0,0.0,0.0,0.8,0.8,0.8,0.0,0.0,0.0,0.8,0.0,0.8,0.8,0.8,0.8,0.0,1.6,0.8,0.8,0.8,0.8,0.8,-0.8,-0.8,1.6,0.0,0.8,-0.8,1.6,0.8,-0.8,0.8,-0.8,0.8,-0.8,0.8,1.6,0.0,1.6,0.8,1.6,1.6,-0.8,1.6,0.0,-0.8,0.8,-0.8,0.0,0.0,0.0,0.8,0.0,0.8,0.0,0.8,0.8,0.8,0.0,1.6,0.8,0.8,0.0,0.0,0.0,1.6,0.8,0.8,0.8,0.0,0.8,0.8,0.0,0.0,0.8,0.0,-0.8,0.8,0.8,0.8,0.0,0.8,-0.8,-1.6,0.8,0.8,0.8,-0.8,0.0,1.6,-0.8,0.8,0.0,-0.8,1.6,-0.8,-0.8,0.0,0.8,0.8,-1.6,0.8,1.6,0.8,1.6,-1.6,0.8,0.0,0.8,0.8,0.0,0.0,0.0,0.8,0.8,0.8,0.8,0.0,0.8,0.8,0.0,0.8,0.0,0.8,0.0,0.0,1.6,0.0,0.8,0.8,0.8,0.8,-0.8,0.8,0.8,0.8,1.6,0.8,2.4000000000000004,0.0,1.6,0.8,-0.8,1.6,-0.8,-0.8,1.6,-1.6,1.6,-1.6,0.0,0.0,1.6,0.0,0.0,0.8,-0.8,0.0,0.8,0.0,1.6,-0.8,0.0,0.8,0.0,1.6,0.0,1.6,-0.8,0.0,1.6,0.0,0.8,1.6,0.0,0.8,0.0,0.8,1.6,-0.8,0.0,0.0,0.0,0.0,0.0,0.8,-1.6,0.8,0.8,0.0,0.8,0.8,0.0,-0.8,0.0,0.0,0.8,0.8,0.8,0.8,0.8,0.0,0.0,-0.8,-0.8,0.0,0.8,0.8,0.0,0.0,1.6,0.8,0.8,0.0,0.0,0.0,0.8,0.8,0.8,-0.8,0.0,0.0,0.8,0.0,0.0,0.0,1.6,0.0,1.6,0.0,0.8,1.6,-1.6,1.6,0.0,1.6,0.0,-0.8,1.6,0.8,0.8,0.8,-0.8,1.6,0.0,0.8,0.8,0.0,0.8,0.0,0.0,0.8,-0.8,1.6,-0.8,0.8,0.0,0.0,1.6,-0.8,0.8,0.0,-0.8,1.6,-0.8,1.6,0.0,0.0,2.4000000000000004,0.0,0.8,0.0,1.6,0.8,-0.8,0.0,0.8,0.8,0.0,-0.8,0.8,-1.6,0.0,0.0,-0.8,0.8,0.0,1.6,0.0,0.8,1.6,-1.6,1.6,-0.8,-1.6,0.0,0.8,0.8,0.0,0.8,0.0,-0.8,1.6,0.0,-0.8,0.8,0.0,0.0,-0.8,0.8,-0.8,-0.8,1.6,0.8,-0.8,0.0,0.8,0.8,0.8,0.8,-0.8,0.8,0.0,-0.8,0.0,0.8,0.0,0.8,0.8,-0.8,-0.8,0.8,0.8,0.8,1.6,1.6,0.8,0.8,1.6,-0.8,0.0,-1.6,0.0,0.8,-0.8,0.8,0.0,0.0,0.8,0.0,0.8,0.0,0.0,0.0,0.0,0.8,0.0,1.6,0.8,0.0,0.0,0.0,0.8,0.0,0.0,0.0,-1.6,1.6,0.8,0.8,0.0,0.0,0.8,-0.8,-0.8,0.0,-0.8,-1.6,-0.8,0.8,0.0,0.0,0.8,0.0,0.0,0.0,0.8,0.8,0.0,0.8,0.0,0.8,-0.8,0.0,0.8,0.8,0.0,0.0,0.0,0.8,0.8,0.8,0.0,-0.8,0.8,0.8,0.0,0.0,1.6,0.0,0.8,0.0,0.0,0.0,0.0,0.0,0.0,0.0,-0.8,-0.8,1.6,0.0,0.0,-0.8,0.8,-0.8,-0.8,0.8,0.0,0.0,-0.8,0.8,0.8,1.6,0.8,0.0,0.8,1.6,0.8,0.8,0.8,0.0,0.8,0.0,0.0,0.8,-0.8,1.6,0.8,0.0,0.0,0.0,0.0,0.8,0.0,1.6,0.8,1.6,-0.8,0.8,2.4000000000000004,0.0,0.0,0.0,0.8,1.6,0.8,0.8,-0.8,0.0,0.8,0.0,0.0,-0.8,0.8,0.0,-0.8,0.8,0.0,0.0,0.0,-1.6,0.8,0.0,0.8,-0.8,-0.8,0.8,-0.8,0.8,0.8,-0.8,0.0,-1.6,1.6,-0.8,-0.8,0.8,0.8,3.2,0.8,0.0,0.0,0.8,1.6,-0.8,0.0,0.0,0.0,0.8,0.8,1.6,0.8,0.0,0.0,0.0,0.8,-0.8,0.0,0.8,0.0,0.0,0.8,0.8,0.8,0.8,1.6,0.8,0.8,0.0,-0.8,0.8,0.8,0.8,0.0,1.6,1.6,0.0,0.8,0.8,1.6,0.0,-0.8,0.8,0.8,0.8,0.8,0.8,0.8,0.0,0.8,-0.8,0.8,0.0,0.0,0.8,0.0,0.8,0.0,0.0,0.8,0.0,0.8,0.8,0.0,1.6,0.8,0.0,0.0,0.8,0.0,-0.8,1.6,0.8,0.8,0.0,0.0,0.8,-1.6,0.8,0.0,0.0,1.6,0.0,0.8,0.8,0.8,0.0,-1.6,1.6,0.0,-0.8,0.0,-0.8,0.8,0.0,0.0,0.8,0.8,1.6,-0.8,-0.8,0.8,-0.8,0.8,-0.8,0.8,0.8,0.8,1.6,0.8,0.8,-0.8,0.0,0.8,-1.6,0.8,0.8,0.0,1.6,-0.8,0.8,0.8,0.8,0.8,0.0,0.8,0.0,0.0,0.0,0.0,2.4000000000000004,-0.8,0.8,1.6,0.0,-1.6,0.0,0.8,0.0,0.0,0.0,0.0,0.8,0.8,0.0,0.8,0.8,0.0,0.0,0.0,0.8,-0.8,0.8,0.0,0.8,-0.8,0.0,1.6,0.0,0.0,0.8,0.0,-0.8,0.0,0.0,0.8,0.8,0.8,0.0,0.8,0.0,1.6,0.8,0.0,0.8,0.0,0.0,0.8,0.8,0.8,0.0,1.6,0.0,0.0,0.8,0.8,-0.8,0.0,1.6,-1.6,0.0,2.4000000000000004,0.8,1.6,0.0,1.6,0.0,0.8,0.8,-1.6,0.8,0.8,-1.6,0.0,0.0,1.6,-0.8,0.8,2.4000000000000004,-2.4000000000000004,-0.8,4.0,0.8,-0.8,0.0,1.6,-0.8,0.8,0.8,0.0,2.4000000000000004,-0.8,0.0,1.6,0.0,0.0,-0.8,1.6,0.0,-0.8,0.8,0.8,2.4000000000000004,0.8,-1.6,1.6,0.0,1.6,-0.8,0.8,1.6,0.0,0.8,1.6,0.0,0.8,0.0,0.8,0.0,1.6,0.0,0.8,0.0,1.6,-0.8,-0.8,-0.8,0.0,0.0,0.0,0.0,0.0,1.6,0.8,0.8,0.8,0.0,0.0,0.0,0.0,1.6,1.6,0.0,0.0,-0.8,-0.8,0.8,1.6,0.0,0.0,0.8,0.8,0.0,1.6,0.0,0.0,1.6,-0.8,0.0,-0.8,1.6,0.0,0.0,0.8,0.0,0.0,1.6,0.0,-0.8,1.6,0.8,-0.8,1.6,1.6,0.8,0.0,-0.8,3.2,0.0,0.0,2.4000000000000004,0.8,-0.8,0.0,-0.8,1.6,0.0,0.8,0.0,0.8,0.0,0.0,0.8,1.6,0.0,0.0,0.8,0.8,1.6,0.0,1.6,0.8,0.8,-0.8,1.6,0.0,-0.8,0.8,0.0,0.0,0.0,0.8,2.4000000000000004,-0.8,0.8,0.0,-0.8,-0.8,0.0,0.0,0.8,0.0,0.8,0.8,-0.8,0.0,0.8,1.6,0.0,0.8,0.0,1.6,0.8,0.8,0.8,0.0,0.0,0.0,0.0,0.8,0.8,0.0,0.0,0.0,0.0,0.0,0.8,0.0,0.0,0.8,0.0,0.0,1.6,0.0,0.8,0.8,0.8,0.0,0.8,1.6,0.8,0.8,1.6,1.6,0.0,1.6,-0.8,0.8,0.0,-0.8,0.8,-0.8,0.0,0.8,-0.8,1.6,0.8,0.0,0.8,0.0,0.8,0.0,0.8,0.8,0.8,1.6,-0.8,0.8,0.0,0.8,0.8,0.0,1.6,0.8,0.0,0.0,0.0,3.2,0.0,0.0,1.6,0.0,0.0,-0.8,0.0,0.8,-0.8,0.0,-1.6,-0.8,0.8,1.6,1.6,0.0,-0.8,0.0,-0.8,0.8
event_165,1625267110.3229427,-0.8,0.0,-0.8,0.8,0.0,0.8,1.6,0.8,0.8,0.0,1.6,1.6,0.8,0.0,-0.8,0.8,0.8,0.0,0.8,0.8,1.6,-0.8,0.8,-0.8,0.8,0.8,-0.8,-0.8,0.8,0.0,0.8,0.0,0.8,-0.8,0.0,0.0,0.0,0.0,0.8,0.0,0.8,0.0,0.0,0.0,0.0,1.6,0.8,0.0,-0.8,1.6,0.8,-1.6,0.0,0.8,-0.8,0.0,0.8,0.8,0.0,-0.8,0.0,-0.8,-0.8,0.8,0.0,0.0,0.8,0.8,1.6,-0.8,0.0,0.0,0.0,0.8,-2.4000000000000004,0.0,0.8,1.6,1.6,0.0,0.0,0.0,0.8,1.6,-0.8,0.0,0.8,0.8,0.0,0.0,0.8,0.8,0.8,0.8,0.8,0.8,0.0,0.0,1.6,-0.8,0.8,0.8,-7.200000000000001,-69.60000000000001,-140.0,-99.20000000000002,-38.400000000000006,-16.8,-8.8,-1.6,-3.2,-9.600000000000001,-8.0,-3.2,-6.4,-0.8,0.8,-1.6,0.0,0.0,-0.8,-1.6,-1.6,1.6,-2.4000000000000004,-0.8,0.8,0.8,-2.4000000000000004,0.0,1.6,0.0,-1.6,-0.8,-0.8,0.8,-2.4000000000000004,0.8,0.8,0.0,0.0,-2.4000000000000004,0.8,0.8,-1.6,0.8,0.0,0.8,0.8,0.0,0.0,0.8,0.0,-0.8,0.0,0.0,0.8,1.6,-0.8,0.8,0.0,0.0,0.8,0.0,0.0,0.0,0.0,-0.8,0.0,0.0,0.0,-0.8,-0.8,-0.8,-0.8,0.0,0.0,-0.8,0.0,0.0,0.8,0.8,1.6,0.0,-0.8,0.8,1.6,0.0,-0.8,-0.8,0.0,0.0,0.0,0.8,-0.8,0.0,0.0,0.8,-0.8,-1.6,0.8,0.0,-0.8,0.8,-0.8,2.4000000000000004,-0.8,0.0,0.0,0.0,0.8,-1.6,0.8,1.6,0.8,1.6,-1.6,1.6,1.6,0.8,1.6,-0.8,2.4000000000000004,-0.8,-0.8,1.6,0.0,1.6,1.6,0.8,0.8,-2.4000000000000004,1.6,-0.8,0.8,0.8,0.0,0.0,0.0,0.0,0.0,-0.8,1.6,0.0,0.8,0.8,-1.6,1.6,0.0,0.0,0.0,0.0,0.8,-0.8,0.0,1.6,-0.8,0.8,0.8,0.0,0.0,0.0,0.8,-1.6,0.0,0.0,0.8,0.0,0.0,0.8,0.8,0.8,-0.8,-0.8,0.0,0.8,0.0,0.0,0.8,1.6,0.8,1.6,0.0,0.8,-0.8,0.8,-1.6,-0.8,0.8,0.0,0.0,0.0,0.0,0.0,-0.8,0.0,0.8,-0.8,0.0,0.0,0.0,0.0,-0.8,0.0,0.8,0.0,0.0,0.8,0.8,-0.8,0.0,0.0,0.0,1.6,-0.8,0.0,0.0,1.6,0.0,0.0,0.8,-1.6,0.8,-0.8,-1.6,0.8,-0.8,0.8,-0.8,0.8,0.0,-0.8,-0.8,0.0,-0.8,1.6,-1.6,1.6,-2.4000000000000004,-0.8,0.8,-0.8,0.8,-0.8,0.0,-0.8,-0.8,0.8,-0.8,0.0,0.0,0.0,0.0,-0.8,0.0,0.0,-1.6,2.4000000000000004,-0.8,0.8,0.0,0.0,0.8,-0.8,1.6,0.0,0.0,0.8,0.0,0.0,0.8,-0.8,0.8,-1.6,0.8,0.0,-0.8,-0.8,0.0,0.8,0.0,-0.8,-0.8,-0.8,-0.8,-1.6,-0.8,0.0,0.0,0.8,0.0,-0.8,0.0,-0.8,0.0,0.0,-0.8,-0.8,-0.8,0.0,0.0,0.8,0.0,1.6,-0.8,0.8,0.8,-0.8,0.0,-0.8,0.0,0.0,0.8,0.0,0.0,0.8,0.8,0.0,0.8,0.0,0.0,-0.8,0.0,-0.8,-0.8,0.0,0.8,0.8,0.0,-0.8,-0.8,-0.8,0.8,-0.8,0.0,0.8,0.0,-0.8,-0.8,0.0,0.0,0.0,0.8,-0.8,0.0,1.6,0.8,0.0,0.0,0.8,0.8,-1.6,0.0,0.0,1.6,-0.8,0.8,0.0,-2.4000000000000004,0.8,-0.8,0.0,1.6,0.0,0.8,-0.8,0.0,0.8,-1.6,0.8,-0.8,-0.8,-0.8,0.0,0.0,-0.8,-0.8,1.6,-0.8,1.6,0.0,-1.6,0.0,-0.8,0.8,-0.8,0.8,1.6,0.0,0.8,-0.8,-0.8,2.4000000000000004,0.0,-2.4000000000000004,0.8,1.6,-3.2,-2.4000000000000004,2.4000000000000004,-1.6,-0.8,0.8,1.6,0.8,-0.8,0.0,0.8,-0.8,0.0,0.8,3.2,0.0,-1.6,0.8,1.6,0.0,-0.8,0.0,1.6,-0.8,-1.6,-0.8,0.0,0.8,0.8,0.0,0.0,-0.8,0.8,-0.8,0.8,-0.8,-0.8,0.8,0.0,-0.8,-1.6,0.0,0.0,0.8,0.8,0.0,-0.8,0.8,0.0,0.0,0.8,-0.8,1.6,0.0,-0.8,0.0,0.0,0.0,0.8,0.0,0.0,-0.8,1.6,0.0,0.0,1.6,0.0,0.8,-0.8,0.0,-0.8,0.8,0.0,-1.6,0.8,0.8,0.8,0.8,-0.8,1.6,-0.8,0.8,0.0,0.0,0.8,0.0,-0.8,0.8,-0.8,0.0,0.0,1.6,0.0,0.0,0.8,-0.8,0.0,-0.8,-1.6,0.0,-0.8,0.0,0.0,0.0,0.8,-0.8,0.8,0.0,-0.8,0.0,-1.6,0.8,-0.8,0.0,0.0,0.0,1.6,0.8,0.0,0.8,0.0,0.8,0.0,-0.8,-0.8,1.6,0.8,1.6,0.0,0.8,0.0,0.0,0.8,0.0,0.0,0.8,0.0,1.6,0.0,0.0,0.0,0.8,-0.8,-0.8,0.0,-0.8,0.8,1.6,-0.8,-0.8,0.8,-0.8,0.0,-0.8,0.8,0.0,0.0,0.8,0.0,0.0,-0.8,0.0,0.8,-1.6,1.6,0.0,0.0,0.8,0.0,0.8,1.6,0.0,0.0,-0.8,1.6,-0.8,0.0,0.0,0.8,1.6,0.0,0.0,-0.8,0.8,0.8,0.0,0.8,1.6,0.0,1.6,0.0,0.8,-0.8,-0.8,0.8,-0.8,0.0,-0.8,-0.8,0.0,-0.8,0.8,0.8,0.8,0.0,0.8,1.6,0.0,0.8,-0.8,0.0,2.4000000000000004,1.6,0.8,0.0,0.0,1.6,0.0,0.8,0.0,0.0,0.0,0.0,0.8,-1.6,-0.8,1.6,0.0,0.8,-1.6,0.0,0.8,0.0,0.8,0.8,0.0,1.6,-0.8,0.0,-0.8,1.6,0.8,0.8,0.8,-0.8,1.6,0.8,0.8,0.0,0.0,0.8,0.0,-0.8,0.0,0.8,0.8,0.8,-0.8,-1.6,0.8,0.0,0.8,1.6,0.0,0.8,-1.6,0.8,0.8,0.0,0.8,-0.8,-1.6,0.0,0.8,0.8,0.0,-0.8,1.6,0.0,0.8,-1.6,0.0,0.0,0.0,0.8,0.0,0.8,0.0,0.0,0.0,-0.8,0.8,0.8,0.0,1.6,-1.6,0.0,0.0,0.0,0.0,0.0,0.8,0.0,0.0,0.8,0.0,1.6,0.0,-0.8,1.6,0.0,2.4000000000000004,0.8,1.6,0.8,0.0,0.0,0.0,0.8,0.0,0.0,0.8,-1.6,1.6,0.8,0.0,1.6,1.6,0.0,-0.8,0.8,2.4000000000000004,-1.6,1.6,-0.8,0.8,0.0,-0.8,1.6,0.8,0.8,0.8,-0.8,0.8,0.8,0.8,0.8,0.0,0.8,0.0,0.0,0.0,0.8,1.6,0.0,0.8,0.0,-0.8,0.0,0.8,0.0,0.0,0.0,1.6,0.0,1.6,0.0,-0.8,0.0,0.0,0.0,0.8,1.6,-0.8,0.0,0.0,1.6,0.8,1.6,1.6,0.0,1.6,0.0,0.0,0.0,0.8,1.6,-0.8,1.6,0.0,0.0,0.0,0.0,0.0,0.8,-0.8,0.0,0.8,0.0,0.0,0.0,1.6,0.8,0.0,0.8,-0.8,0.0,-0.8,0.8,0.8,0.0,0.8,0.0,1.6,1.6,-0.8,0.8,0.0,0.8,-0.8,-0.8,0.8,-0.8,1.6,0.8,0.8,1.6,0.0,0.8,-0.8,0.0,0.0,0.0,0.8,0.0,-0.8,0.8,-0.8,0.8,0.0,-0.8,0.8,-1.6,1.6,1.6,0.0,1.6,0.8,2.4000000000000004,0.0,-0.8,0.0,0.8,0.8,0.0,0.0,0.0,0.8,1.6,0.8,0.8,0.0,0.0,0.8,0.8,0.0,0.0,0.8,0.8,-0.8,0.8,2.4000000000000004,0.8,0.0,0.0,0.8,0.8,0.8,0.0,1.6,0.8,0.8,-0.8,0.8,0.0,0.8,0.8,0.8,1.6,0.8,0.8,1.6,0.0,0.0,0.0,-0.8,0.0,0.8,0.8,0.8,0.8,0.0,0.0,1.6,0.0,0.0,-0.8,-0.8,0.8,0.8,0.8,0.8,0.8,1.6,-0.8,2.4000000000000004,1.6,-1.6,0.8,-0.8,0.0,0.0,0.0,2.4000000000000004,0.8,0.8,0.8,0.0,0.8,0.0,0.8,0.8,0.8,0.8,0.0,0.8,0.8,0.8,0.8,0.8,0.8,0.0,2.4000000000000004,1.6,0.0,0.0,0.0,0.0,0.0,-0.8,0.8,0.0,0.8,1.6,0.0,0.8,0.0,0.0,0.8,0.0,0.8,0.8,0.0,0.8,0.8,-0.8,1.6,0.0,-0.8,-0.8,0.8,0.8,0.0,0.8,2.4000000000000004,1.6,0.8,0.0,0.0,1.6,0.8,0.0,0.8,0.8,1.6,0.8,1.6,0.8,0.8,0.0,0.8,1.6,0.0,0.8,0.8,0.0,0.8,0.0,0.8,0.8,0.8,0.8,0.8,0.8,0.0,1.6,2.4000000000000004,0.8,2.4000000000000004,0.0,1.6,2.4000000000000004,-0.8,1.6,1.6,0.0,0.8,0.0,1.6,-0.8,0.8,0.0,0.0,1.6,0.8,1.6,1.6,-0.8,0.8,0.0,0.8,0.8,0.8,1.6,-1.6,0.8,0.8,0.8,0.8,0.0,0.8,0.8,0.8,0.8,0.8,1.6,-0.8,0.0,0.0,-0.8,1.6,-1.6,1.6,0.0,-1.6,0.8,-0.8,0.8,0.0,0.0,1.6,0.0,0.0,0.0,-0.8,1.6,-0.8,-0.8,-0.8,0.8,0.8,-1.6,0.0,0.0,0.0,0.8,-0.8,-0.8,0.8,-0.8,0.0,0.0,0.8,0.8,0.8,0.0,0.0,0.0,0.0,0.8,-0.8,-0.8,0.0,0.0,0.8,0.0,0.0,0.0,0.8,0.8,0.0,0.0,0.0,0.0,-1.6,-0.8,0.0,1.6,0.0,0.0,0.8,0.0,-0.8,0.8,0.0,0.0,0.0,0.0,1.6,0.0,0.0,1.6,0.0,0.8,-0.8,0.0,-1.6,1.6,1.6,-2.4000000000000004,1.6,2.4000000000000004,-0.8,0.0,0.8,0.8,-1.6,0.8,0.8,0.0,2.4000000000000004,-0.8,0.8,0.8,-1.6,0.8,0.0,0.0,1.6,-0.8,0.8,0.0,0.0,-0.8,0.0,1.6,-1.6,0.0,0.8,0.8,-0.8,0.0,1.6,0.8,-0.8,1.6,-0.8,0.8,0.0,0.0,1.6,-0.8,0.8,0.8,0.0,1.6,-0.8,0.8,-0.8,-0.8,0.8,0.8,0.8,0.0,0.0,1.6,0.8,0.0,-0.8,1.6,0.0,0.0,0.0,0.8,0.0,-1.6,-0.8,1.6,0.0,1.6,0.8,0.0,0.0,0.0,1.6,0.8,0.8,0.8,0.0,1.6,0.8,-0.8,1.6,0.0,0.0,0.0,0.0,-0.8,0.8,1.6,0.8,1.6,0.8,0.0,0.8,0.8,0.8,0.8,0.0,0.0,1.6,0.8,-0.8,0.8,0.8,0.0,0.0,0.8,0.8,0.8,0.8,0.8,0.8,0.8,0.0,0.0,0.0,1.6,-0.8,0.0,0.0,0.0,0.0,1.6,0.0,1.6,0.0,0.0,0.8,-0.8,0.8,0.0,0.8,0.8,-0.8,0.8,-0.8,0.8,-0.8,0.0,0.0,0.8,1.6,0.0,0.0,0.8,-0.8,0.8,-0.8,0.8,0.8,0.0,0.8,-0.8,1.6,-0.8,0.0,1.6,0.0,0.0,-0.8,-0.8,2.4000000000000004,-0.8,0.0,0.0,0.0,0.0,-0.8,0.0,0.0,0.0,-0.8,0.8,0.0,1.6,0.0,0.0,0.0,1.6,0.0,0.8,0.0,0.0,-0.8,-0.8,0.0,0.0,0.0,0.8,0.0,0.8,0.0,0.0,0.0,0.8,-1.6,0.0,0.0,0.8,0.0,-1.6,0.8,0.8,0.8,0.8,0.0,0.8,1.6,0.0,0.8,-0.8,0.0,0.0,-0.8,-0.8,0.0,0.0,-0.8,0.0,0.0,0.0,0.0,-0.8,-0.8,0.8,0.8,1.6,-1.6,0.8,0.0,-0.8,1.6,-0.8,0.0,0.0,0.8,0.8,-0.8,0.8,1.6,0.0,1.6,0.0,0.8,0.0,0.8,0.0,-0.8,0.8,-1.6,0.0,1.6,-0.8,0.8,-0.8,1.6,0.8,-0.8,0.0,-0.8,0.0,0.8,-0.8,0.0,0.0,0.8,0.8,0.8,0.8,0.0,0.0,-0.8,0.0,1.6,-0.8,0.0,0.8,0.8,0.8,0.0,0.0,-0.8,0.0,-0.8,0.0,0.0,0.8,0.8,0.0,1.6,0.8,0.0,-0.8,0.8,-0.8,0.0,0.0,0.8,0.0,0.8,0.0,0.0,0.0,0.0,0.8,0.0,1.6,1.6,0.8,0.8,0.0,0.0,-0.8,0.0,0.8,0.8,0.0,0.8,-0.8,0.8,0.0,0.0,0.0,0.0,0.0,0.0,0.8,0.8,0.0,-0.8,0.0,1.6,0.0,-0.8,1.6,0.0,1.6,-0.8,0.8,0.0,0.0,0.8,-0.8,0.8,-1.6,0.0,0.8,-0.8,1.6,0.0,0.8,2.4000000000000004,-0.8,0.8,0.0,0.8,0.0,0.0,1.6,-0.8,0.8,-0.8,-1.6,2.4000000000000004,-0.8,0.8,0.8,0.0,0.8,-0.8,0.8,0.0,0.8,1.6,-0.8,1.6,0.8,0.0,0.8,-1.6,0.8,-0.8,-0.8,0.8,0.0,0.8,0.8,0.8,1.6,-0.8,1.6,-0.8,0.8,-0.8,1.6,0.8,0.0,0.8,-0.8,0.0,1.6,0.8,0.0,0.0,0.8,0.0,0.8,1.6,0.8,-0.8,0.0,0.0,-0.8,0.8,2.4000000000000004,0.0,0.8,0.8,-0.8,0.8,0.8,0.0,0.0,2.4000000000000004,0.0,-1.6,0.8,0.8,0.0,1.6,0.0,-0.8,0.0,0.8,0.0,0.8,0.8,0.8,0.8,0.8,0.8,0.0,0.0,0.0,-1.6,0.0,0.0,0.8,0.8,0.0,0.8,0.8,-1.6,2.4000000000000004,1.6,0.0,0.0,0.8,0.8,0.8,0.8,0.0,1.6,0.0,0.0,0.0,0.8,0.0,0.8,0.8,0.8,0.0,0.0,1.6,0.8,1.6,0.0,0.0,0.8,-0.8,0.0,-1.6,0.8,0.8,0.0,2.4000000000000004,0.0,0.0,0.8,0.0,0.8,0.0,0.0,0.8,0.8,2.4000000000000004,-0.8,-0.8,0.8,0.0,0.8,0.0,0.0,-0.8,0.8,1.6,0.0,0.8,0.0,0.0,0.8,0.0,0.8,1.6,-0.8,0.8,0.0,0.0,-0.8,0.0,0.8,0.0,0.8,0.8,0.0,1.6,0.0,0.0,1.6,0.0,-0.8,0.0,0.8,0.8,0.0,1.6,0.8,0.8,0.8,0.0,0.8,1.6,0.8,0.0,0.8,0.8,0.8,0.0,0.8,1.6,0.8,0.8,0.8,0.8,-0.8,-0.8,0.0,0.8,0.8,-0.8,0.0,1.6,-0.8,0.8,1.6,0.8,0.0,0.0,1.6,-0.8,1.6,-0.8,1.6,0.8,0.0,0.0,0.8,0.8,1.6,0.8,0.8,-0.8,1.6,0.8,0.8,0.8,-0.8,0.0,-0.8,0.0,1.6,-0.8,0.8,0.0,1.6,0.8,0.0,0.0,0.8,0.0,0.8,-0.8,-0.8,1.6,0.8,0.0,0.0,0.8,-0.8,0.0,0.0,1.6,1.6,-1.6,1.6,0.0,0.0,0.8,0.0,0.0,0.0,0.0,0.8,-0.8,0.8,0.8,0.0,0.8,0.0,-0.8,0.0,-0.8,0.0,0.8,0.8,0.8,0.0,0.8,-0.8,-0.8,1.6,0.8,0.0,0.0,0.8,0.0,0.0,0.8,1.6,-0.8,0.8,1.6,1.6,0.0,0.0,0.8,0.0,0.0,0.8,0.8,0.8,0.0,0.8,0.8,0.0,2.4000000000000004,0.0,0.0,0.0,0.8,0.8,0.0,1.6,0.8,-0.8,0.8,-0.8,0.0,-0.8,0.8,0.8,-1.6,0.0,0.8,0.8,0.8,-1.6,0.8,-1.6,0.8,0.8,0.0,1.6,0.8,0.8,-0.8,0.0,1.6,-1.6,0.8,0.8,-0.8,1.6,0.8,0.8,0.8,0.0,0.8,-0.8,0.8,0.8,0.8,0.0,0.8,0.0,-0.8,-0.8,0.8,0.0,0.0,1.6,0.8,0.8,1.6,0.8,0.0,1.6,-1.6,-0.8,2.4000000000000004,0.8,0.8,0.0,0.0,0.8,-0.8,1.6,0.0,0.0,1.6,-1.6,0.0,0.8,-0.8,0.8,0.0,0.0,0.0,0.8,0.0,-0.8,0.8,-0.8,0.8,0.0,0.0,0.8,-0.8,0.0,0.8,-0.8,0.8,0.8,0.8,0.0,0.8,0.8,0.8,0.8,-0.8,0.8,0.8,0.8,-0.8,0.8,0.8,0.0,0.8,0.0,0.0,0.0,-0.8,0.8,0.0,0.0,0.0,-0.8,0.8,0.8,-0.8,1.6,0.8,1.6,-0.8,0.8,0.8,0.0,0.8,-0.8,1.6,0.0,0.8,2.4000000000000004,-1.6,0.8,0.8,0.0,0.8,-0.8,0.8,2.4000000000000004,0.8,-1.6,-0.8,3.2,0.0,-1.6,2.4000000000000004,-0.8,0.8,0.0,0.0,1.6,0.8,0.0,0.8,0.8,-0.8,0.0,2.4000000000000004,0.0,0.8,0.0,0.0,0.8,0.0,-0.8,0.0,0.0,0.0,-1.6,0.0,0.0,1.6,0.8,0.0,1.6,-0.8,0.8,0.0,-0.8,0.0,-1.6,0.8,0.8,-0.8,1.6,-0.8,1.6,0.8,0.0,1.6,0.8,0.0,0.0,0.0,0.0,0.8,0.8,0.0,0.0,0.8,-0.8,0.8,0.0,0.0,0.0,0.0,0.0,0.0,0.8,1.6,0.8,-0.8,-0.8,0.0,0.0,1.6,-0.8,1.6,-0.8,0.8,1.6,-0.8,0.8,1.6,0.0,0.0,-0.8,0.8,0.8,0.0,0.8,0.0,0.8,0.8,0.8,0.0,-0.8,0.0,-1.6,-0.8,0.8,-1.6,0.8,0.0,0.0,0.0,0.0,2.4000000000000004,-0.8,0.8,1.6,-1.6,0.8,-0.8,0.0,0.8,1.6,0.8,-0.8,0.8,0.8,0.0,1.6,-1.6,-0.8,0.8,0.0,0.8,0.0,0.8,0.8,0.0,1.6,1.6,1.6,-0.8,0.0,0.8,-0.8,0.8,-0.8,0.0,0.8,-1.6,0.0,0.8,0.8,0.8,0.0,0.0,-0.8,-1.6,0.0,0.0,1.6,0.0,0.8,0.8,1.6,0.0,0.0,0.8,-0.8,0.0,-0.8,0.0,1.6,0.8,0.8,0.8,0.8,-0.8,0.0,-0.8,0.0,0.0,0.8,0.8,0.8,1.6,0.8,0.0,1.6,0.0,0.0,0.0,-0.8,1.6,0.8,0.8,0.8,0.0,0.0,-1.6,0.0,0.8,0.8,0.0,0.0,0.8,-0.8,0.8,0.8,0.8,0.0,0.0,0.8,0.8,0.0,1.6,0.8,0.0,0.0,-1.6,0.0,0.8,0.0,0.8,0.0,0.8,-0.8,0.8,-0.8,-1.6,0.8,-0.8,0.0,0.8,0.8,0.8,0.0,0.8,1.6,0.0,0.8,0.0,1.6,-0.8,0.0,0.0,0.8,1.6,-0.8,0.8,0.8,-0.8,0.8,0.8,0.8,0.0,-1.6,0.0,0.0,1.6,0.8,0.8,0.8,0.0,0.8,0.8,0.0,0.8,0.8,0.0,0.0,0.0,0.8,1.6,0.8,0.0,0.0,0.8,0.0,1.6,0.8,0.0,0.0,0.0,0.0,-0.8,0.0,0.0,-0.8,0.0,0.0,0.0,1.6,0.8,0.0,0.8,-1.6,0.8,0.8,-2.4000000000000004,0.8,1.6,-0.8,0.8,-0.8,-0.8,0.0,0.0,-0.8,-0.8,1.6,-0.8,0.0,1.6,-0.8,0.8,0.0,0.8,-0.8,0.0,1.6,0.8,0.8,0.8,0.8,0.8,-0.8,0.0,0.8,0.0,0.0,-1.6,0.0,0.0,0.8,0.8,-0.8,0.8,0.0,-1.6,1.6,-0.8,0.0,-1.6,0.0,0.0,0.0,0.8,-0.8,0.8,1.6,0.0,1.6,0.8,0.8,0.0,-0.8,1.6,0.8,0.0,0.8,0.8,1.6,-1.6,0.8,0.8,0.0,0.8,-0.8,0.0,-0.8,-1.6,2.4000000000000004,-0.8,0.8,-0.8,-0.8,0.0,0.0,0.0,0.8,0.0,2.4000000000000004,0.0,1.6,0.8,0.0,0.0,-0.8,1.6,0.0,1.6,0.8,0.8,0.0,0.0,0.0,0.0,0.8,0.8,0.8,0.0,0.0,0.0,-1.6,0.0,1.6,0.8,-0.8,0.8,0.0,-0.8,1.6,1.6,-1.6,0.0,0.8,-1.6,0.8,0.8,0.8,0.0,0.0,0.8,0.0,1.6,-0.8,0.8,1.6,-0.8,0.8,-0.8,0.0,0.8,0.8,0.8,0.0,0.0,0.0,0.0,1.6,-0.8,0.8,0.8,0.8,1.6,-0.8,0.8,0.0,1.6,0.0,0.0,0.8,0.0,0.8,0.0,0.0,2.4000000000000004,-0.8,0.0,0.8,0.8,0.8,-0.8,0.8,0.8
event_166,1625267112.4740658,1.6,-1.6,0.0,0.8,0.8,2.4000000000000004,0.0,0.0,1.6,0.0,1.6,-0.8,0.0,1.6,0.8,0.0,-0.8,0.0,0.0,0.8,0.8,0.8,0.0,0.8,-0.8,0.0,-0.8,0.0,0.0,0.0,0.8,-0.8,-0.8,0.8,0.0,0.8,1.6,1.6,0.8,0.8,0.8,0.8,1.6,0.0,0.0,1.6,1.6,0.0,1.6,-0.8,-0.8,0.0,-0.8,0.0,0.8,0.0,1.6,0.0,0.8,-0.8,0.0,0.8,-0.8,0.8,0.8,0.0,0.8,0.0,0.0,0.0,1.6,0.0,0.0,0.0,-1.6,0.8,1.6,0.0,0.0,1.6,0.0,-1.6,0.0,0.0,0.0,2.4000000000000004,-0.8,-0.8,0.0,-0.8,0.8,0.8,0.0,0.0,0.0,0.8,0.0,0.8,-0.8,0.0,0.8,-1.6,-1.6,-35.2,-96.0,-81.60000000000001,-36.8,-12.8,-11.2,-3.2,-3.2,-8.0,-5.6,-4.0,-4.800000000000001,-1.6,0.0,0.8,0.0,0.0,0.8,0.0,-0.8,0.8,0.8,-2.4000000000000004,-0.8,3.2,-0.8,-1.6,1.6,0.0,2.4000000000000004,-0.8,0.8,1.6,-0.8,0.8,-0.8,1.6,0.0,0.8,0.8,0.0,0.8,0.0,0.0,0.8,0.0,-0.8,0.0,0.8,0.8,-0.8,0.0,0.0,0.8,0.8,-1.6,0.0,0.0,0.8,-0.8,0.0,0.0,0.8,-0.8,-0.8,0.0,0.8,0.0,0.8,0.8,0.0,0.8,0.8,0.0,-0.8,0.8,0.8,0.0,-0.8,1.6,0.8,0.0,1.6,0.0,-0.8,0.8,0.0,0.0,0.0,0.8,1.6,-1.6,1.6,0.0,0.0,0.0,-1.6,-0.8,0.0,1.6,0.8,0.0,0.8,-0.8,0.8,0.0,0.0,0.8,0.0,0.8,0.0,0.8,1.6,0.0,1.6,-0.8,0.8,0.8,-1.6,0.8,0.0,-1.6,0.0,-1.6,0.8,-1.6,-0.8,0.0,1.6,1.6,-0.8,1.6,0.0,0.0,0.8,-0.8,1.6,0.8,-0.8,1.6,0.0,2.4000000000000004,-1.6,0.0,0.8,1.6,0.0,-0.8,0.8,0.0,0.0,0.0,0.8,0.8,-0.8,0.0,0.0,0.8,0.0,0.8,0.0,0.8,-0.8,0.8,0.0,0.8,0.8,0.0,1.6,1.6,-0.8,0.8,0.8,0.8,-0.8,0.8,0.0,-0.8,0.8,0.8,0.0,0.8,-0.8,-0.8,0.0,0.8,0.0,0.0,-0.8,0.0,-0.8,-0.8,0.8,-1.6,0.8,-0.8,-0.8,0.0,1.6,-0.8,0.0,0.0,0.8,-0.8,0.8,-0.8,-0.8,0.8,-0.8,-0.8,0.0,0.8,1.6,0.0,0.8,-0.8,0.0,0.0,-1.6,0.8,-0.8,-0.8,-0.8,-0.8,0.0,-0.8,0.0,0.8,0.8,0.8,0.0,0.8,-0.8,-2.4000000000000004,0.0,0.0,0.8,-0.8,0.8,2.4000000000000004,0.8,0.0,0.8,0.8,0.8,0.0,0.8,0.0,0.0,0.0,0.8,0.8,0.8,-0.8,0.8,0.0,0.0,0.0,0.8,0.0,0.8,0.8,0.0,0.8,1.6,0.0,1.6,-0.8,-0.8,1.6,0.0,0.0,0.0,0.8,0.8,-0.8,0.0,0.0,0.8,-0.8,0.0,1.6,-0.8,0.8,0.0,-0.8,0.0,0.8,-1.6,0.0,0.0,0.0,0.8,0.8,-0.8,-0.8,1.6,1.6,0.8,0.0,0.0,0.8,0.0,0.8,1.6,0.0,0.0,1.6,0.0,0.8,0.0,1.6,0.8,0.8,0.0,0.0,1.6,1.6,0.0,0.8,-0.8,-0.8,0.0,0.0,0.8,0.0,0.8,-0.8,-0.8,0.8,0.0,0.8,-1.6,0.0,1.6,0.8,0.8,-0.8,1.6,1.6,0.0,2.4000000000000004,0.0,0.0,0.0,0.0,0.0,-0.8,1.6,0.8,0.8,0.8,-0.8,0.8,-0.8,0.8,0.0,0.0,0.8,0.8,-0.8,0.8,0.0,0.0,-0.8,0.8,0.8,0.0,1.6,0.8,0.8,-0.8,-0.8,0.0,-0.8,-0.8,0.0,0.8,1.6,0.0,-0.8,-0.8,0.0,0.0,0.8,0.0,0.0,0.8,-0.8,0.8,0.0,0.8,1.6,0.0,-0.8,-0.8,1.6,0.0,0.0,-0.8,0.8,0.8,0.8,-0.8,-0.8,0.0,0.0,-0.8,0.0,0.8,0.0,0.0,0.8,0.8,0.0,-0.8,1.6,1.6,0.8,0.0,-0.8,0.8,0.0,-0.8,0.8,0.8,0.8,-0.8,1.6,0.8,0.0,0.0,0.8,0.8,0.8,0.0,1.6,-0.8,1.6,0.8,0.0,0.0,-1.6,0.0,0.8,-0.8,0.8,-0.8,0.8,-0.8,0.0,0.8,-0.8,1.6,0.0,0.0,0.0,-0.8,0.8,0.0,-0.8,0.8,0.0,0.8,0.0,0.8,-0.8,0.0,0.8,0.0,0.8,0.0,0.0,1.6,-0.8,0.8,0.0,-0.8,0.8,0.0,0.0,0.0,-1.6,0.0,0.0,0.8,-0.8,0.0,0.8,0.0,0.0,-0.8,-0.8,-0.8,-0.8,0.8,-0.8,-0.8,0.8,0.0,0.8,0.0,0.0,0.0,0.8,0.0,-0.8,0.0,0.8,0.8,0.8,0.8,0.8,-0.8,0.8,0.8,0.0,0.0,0.0,1.6,0.0,0.8,0.8,0.0,2.4000000000000004,-0.8,0.8,0.8,0.0,0.8,-2.4000000000000004,0.8,-0.8,2.4000000000000004,0.0,0.0,0.8,-0.8,0.8,0.8,-0.8,0.8,-1.6,0.0,0.0,0.0,0.8,0.8,0.8,0.8,-1.6,0.8,-1.6,0.8,0.0,0.8,1.6,-0.8,0.8,0.0,0.0,1.6,-0.8,0.8,0.8,-0.8,1.6,0.0,0.8,0.0,0.0,0.0,0.0,0.8,-0.8,0.8,0.0,-1.6,0.8,-0.8,0.0,-0.8,-0.8,0.0,0.0,0.8,-0.8,0.0,0.8,-1.6,0.8,-1.6,-1.6,-0.8,0.0,0.8,-0.8,0.0,0.8,0.0,0.8,-0.8,0.0,0.0,-1.6,0.8,0.0,-0.8,0.0,0.0,-0.8,-0.8,0.8,-0.8,-1.6,0.0,0.0,-0.8,-0.8,0.0,-0.8,-0.8,-0.8,0.0,0.0,1.6,0.8,0.0,0.0,0.8,0.0,0.0,0.8,0.8,0.8,0.0,1.6,0.0,-0.8,-0.8,0.0,-0.8,-0.8,0.0,0.8,0.8,0.8,0.8,0.0,-0.8,0.0,-0.8,0.0,0.0,0.0,0.0,1.6,0.0,0.8,0.0,0.8,0.0,0.0,0.8,-1.6,0.8,0.0,0.8,0.8,-0.8,0.8,-0.8,0.0,1.6,-0.8,0.0,-0.8,0.0,0.0,-0.8,0.8,0.8,0.0,0.0,0.0,0.8,0.0,0.0,0.0,0.8,-0.8,-0.8,0.8,1.6,0.0,0.0,0.0,0.8,0.0,0.0,0.0,-1.6,1.6,0.8,-0.8,0.0,0.8,0.8,1.6,0.0,1.6,0.8,0.0,0.8,0.8,-0.8,-1.6,0.0,1.6,0.0,-0.8,-0.8,0.8,0.0,0.0,0.0,0.0,-0.8,-1.6,0.8,0.8,0.8,0.0,0.0,-0.8,1.6,0.0,0.8,1.6,0.0,0.0,-0.8,0.0,1.6,-0.8,0.8,0.8,0.8,0.0,0.0,-0.8,0.8,-0.8,0.0,0.0,2.4000000000000004,0.0,-0.8,0.8,0.8,0.8,-0.8,0.0,1.6,0.0,0.0,0.0,0.0,0.8,-0.8,0.8,-0.8,0.8,0.8,-0.8,0.8,0.0,0.0,0.0,-0.8,0.8,0.0,2.4000000000000004,-0.8,-0.8,0.8,0.0,0.8,0.8,0.0,0.8,-0.8,1.6,0.0,-1.6,1.6,0.0,0.0,0.8,0.8,0.0,0.8,0.8,-0.8,0.0,0.8,0.8,0.0,0.0,1.6,0.0,-0.8,0.0,0.8,0.0,-0.8,0.0,0.0,-0.8,0.0,0.8,1.6,0.8,0.0,1.6,0.8,0.0,0.0,0.0,0.8,0.8,0.8,1.6,1.6,0.8,0.0,0.0,0.0,0.8,0.0,-0.8,0.0,0.0,0.0,1.6,0.8,0.8,0.8,1.6,0.0,0.8,0.0,0.0,0.8,0.0,-0.8,0.0,-0.8,0.8,0.8,0.8,1.6,0.0,2.4000000000000004,0.8,0.0,0.8,0.8,0.8,0.0,1.6,0.0,0.8,0.8,0.0,0.8,-0.8,0.0,0.0,0.0,0.8,0.8,0.0,0.0,0.0,0.8,-0.8,1.6,0.0,-0.8,0.8,0.0,0.8,-0.8,0.0,0.8,-0.8,1.6,0.0,-0.8,0.8,0.8,1.6,-0.8,0.0,0.8,-0.8,0.8,0.8,-0.8,-0.8,-0.8,0.8,-1.6,0.8,0.8,-0.8,2.4000000000000004,-1.6,0.8,0.8,0.0,0.8,0.8,1.6,0.8,-0.8,0.8,0.0,1.6,0.0,1.6,1.6,-0.8,0.8,1.6,-0.8,1.6,-0.8,-0.8,0.8,-0.8,-0.8,1.6,0.0,0.0,0.0,0.8,-0.8,0.0,0.0,0.8,0.0,0.0,-1.6,0.8,0.8,0.0,1.6,0.8,0.0,-0.8,0.8,2.4000000000000004,0.8,0.8,-0.8,0.0,0.0,-0.8,1.6,0.0,0.0,0.8,0.8,0.0,0.8,1.6,0.0,0.0,0.8,0.0,0.0,0.8,0.0,0.0,0.0,0.8,-0.8,0.0,1.6,0.8,1.6,0.0,0.8,0.8,1.6,1.6,-1.6,0.0,0.0,-1.6,0.8,0.0,1.6,0.8,0.8,0.0,0.0,0.8,1.6,1.6,0.0,0.0,0.8,0.0,0.8,0.0,0.0,1.6,0.0,-0.8,0.8,-0.8,0.8,0.8,1.6,0.0,0.8,0.8,0.0,0.8,1.6,-0.8,0.0,-0.8,0.8,0.8,-0.8,1.6,0.0,0.8,1.6,0.0,0.8,0.0,0.8,0.0,0.8,0.8,0.8,-0.8,1.6,-0.8,0.0,0.0,0.0,1.6,-0.8,0.8,0.8,0.0,0.8,0.0,0.0,0.8,0.0,0.0,0.0,0.8,0.8,0.0,0.0,0.0,-0.8,0.0,0.0,0.0,0.0,0.8,0.0,-0.8,0.8,-0.8,0.8,0.8,-0.8,-0.8,0.0,1.6,0.8,0.0,1.6,-0.8,1.6,0.8,-1.6,0.0,0.8,1.6,0.0,0.0,0.8,0.0,0.0,0.8,1.6,0.8,0.0,1.6,0.8,-0.8,0.0,-1.6,1.6,0.0,0.0,0.8,0.8,0.8,0.0,0.0,1.6,-0.8,0.0,0.0,0.8,0.8,-0.8,0.8,0.8,1.6,-0.8,1.6,0.8,0.0,0.0,-0.8,-0.8,0.0,0.0,2.4000000000000004,0.0,0.0,-0.8,-0.8,0.0,0.8,0.0,0.8,0.0,1.6,0.0,0.0,0.8,0.0,0.8,0.8,0.0,-0.8,0.8,0.8,-0.8,0.8,0.8,0.0,-0.8,-0.8,1.6,0.0,0.0,0.0,0.8,-0.8,0.0,0.8,0.0,0.8,0.0,0.8,0.0,0.8,1.6,0.0,0.8,0.0,-1.6,0.8,0.8,0.0,0.8,0.0,2.4000000000000004,-0.8,0.0,0.8,-1.6,0.8,-0.8,0.0,-0.8,0.0,0.8,-0.8,1.6,0.8,0.0,0.8,-0.8,0.8,-0.8,0.0,0.8,0.0,1.6,0.0,0.8,0.0,-0.8,1.6,0.0,0.8,0.8,-0.8,1.6,0.0,2.4000000000000004,0.8,0.8,0.8,0.0,0.0,0.0,0.8,1.6,-1.6,0.8,-0.8,0.0,0.8,0.0,0.0,0.0,0.0,0.8,-0.8,1.6,0.0,0.8,0.0,0.0,0.8,-0.8,0.8,0.8,0.0,2.4000000000000004,-0.8,-0.8,1.6,-0.8,-0.8,0.0,0.8,0.8,-0.8,0.0,-0.8,0.8,0.0,0.8,0.0,-1.6,-0.8,0.0,0.8,0.8,0.0,0.0,0.0,1.6,0.0,0.0,1.6,-0.8,-0.8,0.8,0.8,0.0,0.0,0.8,0.0,1.6,0.8,0.8,0.0,0.0,1.6,-0.8,0.0,0.0,0.0,0.0,0.0,0.8,1.6,0.0,0.0,0.0,-0.8,0.0,0.0,0.8,-0.8,0.8,-0.8,0.8,0.0,-1.6,0.8,0.0,0.8,-0.8,-0.8,2.4000000000000004,0.8,0.8,0.0,0.0,2.4000000000000004,-0.8,1.6,0.8,0.0,0.8,0.0,0.0,0.0,-0.8,1.6,0.0,0.0,0.8,-0.8,-0.8,0.8,-0.8,0.8,0.8,1.6,-1.6,0.8,0.0,1.6,0.8,0.0,1.6,-0.8,0.8,0.8,-0.8,1.6,-0.8,0.8,-0.8,0.0,0.8,0.0,0.0,-0.8,0.0,-0.8,0.0,0.0,-1.6,0.0,0.8,-0.8,0.0,2.4000000000000004,0.8,0.8,0.0,0.0,0.0,-0.8,0.8,0.0,-0.8,0.0,0.8,0.8,1.6,0.8,0.0,0.0,-0.8,0.0,0.8,0.8,0.8,0.0,0.8,0.0,-0.8,0.0,0.0,-0.8,-0.8,-0.8,-0.8,0.0,-0.8,0.0,0.0,0.0,0.0,0.0,0.8,0.8,0.0,-0.8,0.0,0.8,0.0,0.0,0.8,0.0,0.8,1.6,0.8,0.0,0.0,0.0,-0.8,0.0,0.8,0.8,1.6,0.8,-0.8,-0.8,-0.8,0.8,1.6,-0.8,1.6,-0.8,1.6,0.8,-1.6,0.0,0.0,0.0,0.8,0.8,0.8,0.8,0.0,0.0,0.8,0.8,0.0,-0.8,0.0,0.8,0.8,-0.8,0.8,0.8,-1.6,0.0,-0.8,0.0,0.8,0.8,0.0,-0.8,0.8,0.8,0.0,0.8,-0.8,-0.8,0.0,2.4000000000000004,0.8,0.0,0.8,1.6,0.8,1.6,0.0,0.0,0.8,0.0,-0.8,0.8,0.8,0.8,1.6,0.8,1.6,1.6,0.0,0.8,0.8,0.0,0.0,0.0,0.0,1.6,0.0,0.0,1.6,0.8,2.4000000000000004,0.0,0.8,0.8,-0.8,0.0,-0.8,1.6,1.6,0.0,2.4000000000000004,0.8,0.0,0.8,0.0,1.6,0.0,-0.8,-0.8,0.0,1.6,0.8,0.8,0.8,-0.8,0.8,0.0,0.8,0.0,0.8,2.4000000000000004,0.0,0.8,0.0,0.8,2.4000000000000004,0.0,1.6,-0.8,0.0,2.4000000000000004,0.8,1.6,0.8,0.0,0.0,-0.8,0.0,0.8,1.6,-0.8,0.0,1.6,-0.8,0.8,-0.8,1.6,0.8,-0.8,2.4000000000000004,0.8,1.6,0.8,-0.8,1.6,-0.8,-1.6,1.6,0.8,0.8,0.8,0.8,0.8,1.6,1.6,-0.8,0.0,1.6,0.0,0.0,0.0,1.6,0.8,0.0,0.8,1.6,1.6,0.0,0.0,0.8,0.8,-0.8,-0.8,0.8,0.8,0.0,0.8,0.0,0.8,0.8,1.6,0.8,0.0,0.8,-0.8,0.8,1.6,0.0,2.4000000000000004,0.8,0.8,0.8,0.8,-0.8,0.8,1.6,-0.8,-0.8,1.6,-0.8,1.6,0.8,2.4000000000000004,-0.8,0.8,0.0,0.0,0.0,0.0,0.8,1.6,0.0,0.8,0.0,0.8,1.6,0.0,0.8,-0.8,1.6,2.4000000000000004,0.0,0.0,0.0,0.0,0.0,-1.6,1.6,0.0,-1.6,2.4000000000000004,0.0,-2.4000000000000004,-1.6,4.0,0.0,-3.2,2.4000000000000004,0.8,-1.6,0.0,0.8,0.8,-1.6,-1.6,-0.8,0.0,0.0,-0.8,1.6,0.0,0.8,0.0,0.0,0.8,-0.8,0.8,0.0,-0.8,0.0,-0.8,0.8,1.6,-0.8,2.4000000000000004,0.0,0.0,0.8,0.8,0.8,-0.8,-0.8,0.0,0.8,0.8,-0.8,2.4000000000000004,0.8,0.8,0.8,0.0,0.8,-0.8,0.8,0.0,0.8,0.8,0.0,1.6,1.6,-0.8,0.8,0.8,1.6,0.8,0.0,0.0,0.0,0.0,1.6,0.8,0.0,-0.8,0.8,0.8,0.8,0.0,0.8,0.0,0.8,0.0,0.0,0.8,0.0,0.8,0.8,0.0,0.8,0.8,-0.8,0.8,-0.8,0.0,0.0,-0.8,0.0,0.8,0.8,-2.4000000000000004,0.0,0.8,-2.4000000000000004,0.8,0.0,0.8,0.0,0.0,1.6,0.0,1.6,0.8,0.0,0.8,0.0,0.0,0.0,1.6,0.8,-1.6,0.8,0.0,1.6,0.8,-0.8,0.8,0.0,0.8,0.8,0.8,0.8,0.0,0.0,0.8,0.8,0.8,0.0,0.0,0.8,-0.8,0.0,0.8,0.8,0.8,0.8,0.8,0.0,0.8,0.8,0.8,0.0,0.0,0.0,0.8,0.0,0.0,-0.8,0.0,0.0,1.6,0.0,0.8,0.0,2.4000000000000004,0.8,0.8,0.8,0.0,0.0,0.8,0.8,0.0,-0.8,0.0,0.0,0.8,-1.6,0.0,0.8,0.8,0.8,-1.6,0.0,0.0,-0.8,0.0,0.0,-0.8,1.6,0.0,0.0,0.8,0.8,0.0,-0.8,-0.8,-0.8,0.0,0.8,-0.8,0.0,-0.8,0.0,0.8,0.0,0.8,0.0,0.8,0.0,0.8,0.0,-1.6,0.8,0.0,-1.6,0.8,0.0,0.8,0.0,-0.8,0.8,-0.8,0.8,0.0,0.0,1.6,0.0,-1.6,0.8,0.0,0.0,-0.8,0.0,0.0,0.0,0.0,0.0,1.6,-0.8,0.0,0.0,-0.8,1.6,-0.8,0.8,2.4000000000000004,0.0,0.8,0.8,0.0,2.4000000000000004,0.0,0.8,0.0,1.6,0.0,-0.8,0.8,0.8,0.0,1.6,0.0,0.0,-0.8,-0.8,-0.8,-0.8,-0.8,1.6,1.6,0.0,0.0,0.0,0.0,0.0,-0.8,0.8,0.0,0.0,-0.8,-0.8,0.0,0.8,0.0,-0.8,1.6,-1.6,0.8,0.0,-0.8,-0.8,0.8,0.8,0.0,0.0,0.8,0.0,0.0,1.6,-0.8,0.0,-0.8,-0.8,0.8,-1.6,0.8,0.0,0.8,0.0,-0.8,0.8,0.0,-0.8,0.0,-0.8,1.6,-1.6,0.0,0.8,0.0,1.6,0.0,0.8,0.0,0.8,0.8,-0.8,1.6,-1.6,0.0,2.4000000000000004,-0.8,-0.8,0.8,0.8,0.8,0.8,1.6,-1.6,0.8,0.8,-1.6,0.0,0.0,0.8,0.8,-0.8,0.8,0.0,1.6,-0.8,1.6,0.8,1.6,0.8,-0.8,0.8,1.6,-1.6,1.6,0.0,0.8,-0.8,-1.6,-0.8,-0.8,0.0,0.0,0.0,0.8,-0.8,0.0,0.0,0.8,0.0,0.0,-0.8,0.0,-0.8,0.0,0.0,-0.8,-1.6,0.0,0.0,0.0,1.6,0.0,0.0,0.0,0.0,0.0,-0.8,-0.8,0.0,0.0,0.0,1.6,0.0,-0.8,0.0,0.0,0.8,0.0,0.0,0.8,-0.8,1.6,0.0,0.8,0.0,-1.6,-0.8,-0.8,0.0,0.0,-0.8,-0.8,1.6,0.8,0.8,0.0,0.0,0.0,0.0,0.0,0.8,0.8,0.8,0.0,1.6,0.0,0.0,0.0,0.0,1.6,-0.8,0.0,-0.8,0.0,0.8,-0.8,1.6,0.8,0.0,0.8,0.0,2.4000000000000004,0.0,-1.6,-0.8,0.8,1.6,0.0,0.0,0.0,0.0,0.0,0.0,0.0,0.8,0.0,0.0,-1.6,0.0,0.0,0.8,0.8,0.0,0.0,0.0,-0.8,0.8,0.0,0.8,0.0,0.0,0.0,-0.8,0.0,0.0,0.0,0.0,0.0,0.0,0.0,0.8,0.0,0.0,0.8,-1.6,0.0,-1.6,0.0,0.0,-0.8,-0.8,-1.6,0.0,0.8,-0.8,0.8,0.0,0.0,0.0,-0.8,1.6,0.0,0.0,0.8,0.0,-1.6,0.8,1.6,0.0,-0.8,0.8,0.8,0.0,1.6,0.8,-0.8,1.6,0.8,-0.8,0.8,0.0,0.8,0.0,0.8,1.6,1.6,0.0,0.0,1.6,-0.8,0.0,0.8,-0.8,0.0,0.8,-0.8,1.6,-0.8,0.8,0.8,0.8,0.8,-2.4000000000000004,1.6,0.0,0.8,0.0,0.0,1.6,0.0,0.0,0.8,0.0,1.6,-0.8,0.8,0.0,0.0,2.4000000000000004,0.8,1.6,0.8,-0.8,0.8,-1.6,0.8,-0.8,0.8,-0.8,0.0,0.8,0.0,-0.8,0.0,0.0,0.8,0.8,0.0,0.0,0.0,0.0,0.0,0.0,0.8,0.0,0.8,0.0,0.8,0.0,0.0,0.0,-0.8,0.0,1.6,0.0,0.8,0.0,0.0,-0.8,0.8,-0.8,0.0,0.8,-0.8,-1.6,0.0,0.8,0.8,0.0,0.0,0.8,0.8,0.0,0.0,0.8,0.0,0.8,-0.8,0.8,0.0,0.8,0.8,-0.8,0.8,0.0,0.8,0.8,0.0,-0.8,0.0,0.0,0.0,0.0,0.0,-0.8,1.6,0.8,0.0,0.8,0.0,0.8,0.8,-0.8,0.8,0.8,0.0,0.8,0.0,1.6,0.0,1.6,0.8,1.6,0.8,-0.8,1.6,0.0,0.0,0.8,0.8,2.4000000000000004,0.0,0.8,0.8,0.0,0.0,-0.8,0.8,1.6,0.0,0.0,0.0,0.8,1.6,0.0,0.8,0.0,1.6,0.8,-0.8,0.8,0.0,0.8,-0.8,0.0,1.6,0.0,0.8,-0.8,0.0,0.8,0.0,1.6,-0.8,-0.8,0.8,0.0,0.0,0.8,0.8,0.0,0.8,-0.8,-1.6,0.0,1.6,0.8,0.8,0.8,1.6,0.0,0.8,0.0,0.0,0.8,0.8,0.0,0.0,0.8,0.8,-0.8,1.6,0.8,0.8,0.0,0.8
event_167,1625267114.6261888,0.8,0.8,0.0,0.8,0.0,0.0,0.8,-1.6,0.8,0.8,0.0,-0.8,-1.6,-0.8,-0.8,0.8,-0.8,0.0,0.8,-0.8,0.0,0.8,0.0,0.8,0.0,-0.8,-0.8,0.0,2.4000000000000004,0.0,0.0,0.8,0.8,0.8,0.0,0.8,-0.8,0.0,0.8,-0.8,2.4000000000000004,-0.8,0.8,1.6,-1.6,2.4000000000000004,0.0,0.8,0.8,-0.8,0.0,-0.8,0.8,0.8,0.0,1.6,0.0,0.8,0.0,0.0,2.4000000000000004,0.0,0.0,-0.8,0.8,0.8,0.0,0.8,0.0,0.0,1.6,-1.6,0.8,-0.8,0.0,0.0,-0.8,0.0,0.0,0.8,1.6,0.0,0.8,-0.8,0.0,-1.6,-1.6,-1.6,0.0,0.0,0.0,0.0,-0.8,-0.8,1.6,-1.6,0.0,0.8,-0.8,0.8,0.8,0.0,0.8,-17.6,-95.2,-128.8,-70.4,-23.200000000000003,-11.2,-6.4,0.0,-5.6,-10.400000000000002,-5.6,-5.6,-3.2,0.8,0.0,-1.6,-0.8,0.8,0.0,-2.4000000000000004,0.8,-0.8,-3.2,-1.6,1.6,0.8,-2.4000000000000004,0.0,1.6,-0.8,0.0,-1.6,0.8,0.8,-1.6,-0.8,0.0,0.0,-1.6,-1.6,0.8,1.6,0.0,0.0,0.8,1.6,-0.8,0.0,0.0,1.6,0.0,-1.6,0.0,0.8,0.8,0.8,0.8,0.8,-0.8,-0.8,0.0,-0.8,1.6,0.0,-0.8,0.0,0.0,1.6,1.6,0.0,0.8,0.8,0.8,-0.8,0.0,0.0,0.8,0.0,-0.8,0.0,0.0,0.0,0.0,-0.8,1.6,-1.6,0.8,0.0,0.0,0.8,-0.8,0.0,0.0,-0.8,-0.8,0.0,0.8,-0.8,0.0,-0.8,-0.8,0.8,-0.8,0.8,0.0,-1.6,0.0,-0.8,-0.8,0.0,-0.8,0.0,-0.8,0.0,0.0,0.0,1.6,0.0,0.8,0.8,-1.6,0.0,0.0,1.6,0.8,0.8,0.0,0.8,0.8,0.8,0.0,-0.8,0.8,0.8,-0.8,0.0,-0.8,-0.8,-0.8,0.0,0.8,-0.8,-0.8,0.0,0.0,0.0,-0.8,0.0,-0.8,0.0,-1.6,0.0,1.6,0.8,1.6,0.0,0.0,0.8,-0.8,0.0,-0.8,1.6,-0.8,0.0,0.8,0.8,0.0,0.8,0.0,0.8,-0.8,-0.8,0.0,0.0,1.6,-0.8,0.0,0.0,-1.6,0.8,-0.8,1.6,-1.6,0.8,0.8,0.0,0.0,0.0,-0.8,0.8,0.0,-0.8,-0.8,-0.8,0.8,0.8,0.0,0.0,0.8,0.8,-0.8,0.8,0.0,0.0,0.0,0.0,0.0,0.0,0.0,0.0,-0.8,0.0,0.8,0.0,0.0,1.6,0.8,-0.8,0.0,-1.6,-1.6,0.0,0.8,0.0,0.0,-0.8,0.0,0.0,0.8,-0.8,-0.8,-0.8,-0.8,0.0,-0.8,0.0,0.8,0.8,0.8,0.0,0.0,-0.8,0.0,-0.8,0.0,0.0,-0.8,0.0,0.0,0.8,-0.8,0.0,0.0,0.8,1.6,0.0,0.8,-0.8,0.0,0.8,0.0,1.6,0.0,1.6,1.6,-0.8,1.6,0.8,0.0,0.0,-0.8,1.6,-0.8,0.0,1.6,0.0,-0.8,-0.8,0.0,0.8,0.8,0.8,0.8,0.0,0.8,-0.8,0.0,0.0,0.8,0.0,0.0,0.8,-1.6,1.6,0.8,0.0,1.6,-0.8,0.8,0.0,-0.8,1.6,0.0,0.0,0.0,-0.8,0.0,-1.6,0.8,-0.8,0.8,0.8,0.0,0.0,0.0,0.8,0.0,0.8,0.0,-0.8,0.0,1.6,0.0,0.8,0.8,1.6,0.0,0.8,0.8,0.0,1.6,0.0,0.0,0.8,0.0,0.8,0.8,0.8,0.8,0.0,0.0,0.0,0.8,0.0,0.0,-0.8,-0.8,0.0,-0.8,0.8,1.6,-0.8,0.0,0.8,0.8,0.0,0.8,0.8,0.0,1.6,0.0,1.6,0.8,0.0,0.8,0.8,0.8,1.6,0.0,0.8,0.0,0.8,0.8,0.8,0.8,-0.8,-0.8,0.0,0.0,1.6,0.0,0.8,0.8,0.8,0.0,-0.8,0.8,0.8,1.6,-0.8,0.8,3.2,-0.8,0.8,1.6,0.0,0.8,0.0,0.8,0.0,0.8,0.8,0.0,2.4000000000000004,0.0,0.0,0.8,0.0,0.8,-0.8,0.8,0.8,-0.8,0.8,0.0,0.0,1.6,0.0,0.8,0.8,2.4000000000000004,1.6,-0.8,0.8,0.8,2.4000000000000004,0.8,0.0,1.6,0.0,1.6,-0.8,0.0,0.8,-0.8,1.6,0.0,1.6,1.6,0.0,0.8,0.8,0.0,0.0,-0.8,1.6,0.0,0.0,0.8,1.6,0.0,0.0,0.8,0.8,-0.8,0.8,0.8,0.8,0.8,0.0,0.8,1.6,1.6,0.8,0.8,0.8,0.0,-0.8,-0.8,-0.8,0.0,0.0,1.6,0.8,0.8,-0.8,0.8,0.0,0.8,1.6,0.0,0.0,1.6,0.8,0.0,0.0,1.6,0.8,0.0,0.0,0.0,0.8,0.8,-0.8,0.0,0.8,0.8,-1.6,0.0,0.0,0.0,0.8,0.0,0.8,-0.8,-0.8,0.8,0.0,0.0,0.0,0.0,0.8,0.0,1.6,0.0,1.6,0.8,-0.8,0.8,0.0,0.8,0.0,0.0,3.2,0.0,2.4000000000000004,0.0,0.0,2.4000000000000004,-0.8,0.8,0.8,-0.8,2.4000000000000004,0.0,0.0,1.6,0.0,0.8,0.8,1.6,0.0,0.0,0.8,0.0,0.0,0.0,1.6,1.6,0.8,1.6,0.8,0.0,1.6,-1.6,0.8,0.0,1.6,1.6,0.0,1.6,0.8,0.8,0.0,0.8,0.8,0.0,0.8,-0.8,0.0,0.8,0.0,0.8,0.0,0.0,0.8,0.0,1.6,0.0,0.8,0.8,1.6,0.0,0.0,0.0,0.8,-0.8,-0.8,1.6,-0.8,1.6,0.8,0.0,1.6,0.0,0.8,0.8,-0.8,1.6,0.0,0.0,0.8,0.0,0.0,0.0,0.8,0.0,0.0,0.8,0.8,0.8,0.8,0.0,0.0,0.8,0.0,-0.8,-0.8,1.6,0.0,0.8,0.0,0.8,1.6,0.8,0.8,0.0,0.8,0.8,0.0,0.8,0.8,0.8,0.8,0.8,0.8,0.0,0.0,-0.8,0.8,-0.8,-0.8,0.8,0.8,0.8,0.8,-0.8,1.6,0.8,0.0,0.8,1.6,1.6,-0.8,0.8,0.8,1.6,0.8,1.6,1.6,1.6,-0.8,0.8,0.0,0.8,-0.8,-1.6,0.0,0.0,0.8,1.6,1.6,1.6,0.0,0.0,0.0,0.8,0.8,0.8,-0.8,2.4000000000000004,-0.8,-0.8,1.6,0.0,1.6,0.8,1.6,0.0,1.6,0.0,0.0,0.0,0.8,0.8,0.0,0.8,0.8,1.6,-0.8,1.6,-0.8,-0.8,1.6,-0.8,0.0,0.8,0.8,0.0,-0.8,1.6,1.6,-0.8,0.8,0.0,0.0,0.0,3.2,0.8,-0.8,0.8,0.0,0.0,0.8,-0.8,0.8,0.8,0.0,0.0,0.0,1.6,0.0,0.8,0.0,1.6,1.6,-1.6,0.8,0.8,-0.8,0.8,-0.8,1.6,0.0,-0.8,0.8,0.8,1.6,-0.8,0.8,0.8,-0.8,0.8,0.0,1.6,1.6,-0.8,1.6,0.0,2.4000000000000004,0.0,0.8,1.6,0.0,0.8,0.0,0.8,1.6,-0.8,2.4000000000000004,0.8,0.8,0.8,0.0,1.6,-0.8,0.0,1.6,0.0,1.6,-0.8,0.8,0.8,0.8,0.8,-0.8,0.8,-0.8,0.8,1.6,0.0,1.6,0.8,0.8,0.0,-0.8,0.8,0.0,0.8,0.0,0.8,-0.8,0.0,0.8,0.8,0.8,0.0,0.8,0.0,-0.8,0.8,0.0,0.0,-0.8,-0.8,1.6,1.6,0.8,-0.8,0.0,0.8,-0.8,1.6,0.8,0.0,1.6,0.0,0.0,1.6,0.0,1.6,0.8,0.8,0.8,0.0,0.8,0.0,0.8,-0.8,-0.8,-0.8,0.0,2.4000000000000004,0.0,0.8,1.6,-0.8,1.6,0.8,0.0,0.8,-0.8,0.8,0.0,0.8,0.8,-0.8,1.6,0.8,-0.8,1.6,0.8,0.0,0.0,0.0,0.0,0.0,0.8,0.8,0.8,0.8,0.0,1.6,-0.8,0.8,-0.8,0.8,0.8,0.0,1.6,0.8,0.0,1.6,0.8,0.8,0.0,0.0,0.8,0.8,1.6,-0.8,0.8,0.0,-0.8,0.8,0.0,0.0,0.0,0.0,0.0,-1.6,1.6,1.6,0.8,0.8,0.0,0.8,0.0,0.8,1.6,-0.8,0.8,0.0,-0.8,-0.8,0.8,0.8,0.0,0.0,1.6,1.6,0.8,-0.8,0.0,0.8,0.8,0.0,0.8,0.0,0.8,0.8,0.0,0.8,0.8,0.8,0.8,0.8,-0.8,0.0,0.0,0.8,-1.6,0.8,0.8,0.0,0.0,0.0,1.6,0.0,0.8,0.0,0.8,0.0,0.8,0.0,0.8,0.8,1.6,0.0,0.8,0.8,0.8,0.8,0.0,0.8,0.0,0.0,0.8,-0.8,1.6,-0.8,-1.6,0.8,-1.6,1.6,0.8,0.8,0.8,-1.6,0.0,0.8,0.8,1.6,0.0,1.6,-0.8,0.8,0.8,-0.8,1.6,0.0,0.0,0.0,0.0,0.8,0.8,0.0,0.8,0.8,0.8,-0.8,0.0,0.0,-0.8,0.8,-0.8,0.8,0.0,0.8,0.0,0.0,-0.8,-1.6,0.8,1.6,0.0,0.0,0.8,0.8,0.8,0.8,0.0,-0.8,0.8,-0.8,0.0,0.8,0.8,0.0,0.8,0.0,0.0,0.0,0.0,0.8,0.0,-0.8,0.0,-0.8,0.8,0.0,0.8,-0.8,0.8,0.8,0.0,0.0,0.8,-0.8,-1.6,0.0,0.0,1.6,-0.8,0.8,0.0,0.0,0.0,0.0,0.8,0.0,0.0,0.8,-0.8,0.8,-0.8,0.8,0.8,0.0,0.0,0.0,0.0,0.0,-0.8,0.0,0.0,1.6,0.0,0.0,0.0,0.0,0.8,-0.8,0.0,1.6,0.8,0.0,0.8,0.0,-0.8,-0.8,1.6,-0.8,0.0,0.8,-0.8,0.8,-0.8,-0.8,0.0,0.0,0.0,0.0,0.8,0.8,0.0,1.6,0.0,0.0,0.0,-1.6,-0.8,-0.8,1.6,0.8,-0.8,-0.8,0.0,0.8,0.0,0.0,0.8,0.0,-0.8,0.0,0.0,-1.6,0.0,0.8,-0.8,1.6,0.8,-0.8,0.8,0.0,-2.4000000000000004,0.0,0.0,0.0,0.0,-0.8,-0.8,0.8,-1.6,0.0,0.8,0.0,0.0,-0.8,1.6,0.8,0.8,0.8,0.0,0.8,0.0,0.0,0.0,-1.6,0.0,-0.8,-0.8,-0.8,-0.8,0.8,0.0,0.8,-0.8,0.8,1.6,-1.6,0.8,0.8,-0.8,0.8,0.0,1.6,0.0,0.0,0.8,-0.8,2.4000000000000004,0.8,-1.6,1.6,0.0,1.6,0.8,0.8,0.0,-2.4000000000000004,0.0,0.0,0.8,-0.8,0.0,1.6,-0.8,1.6,0.8,0.0,0.8,-0.8,1.6,0.0,0.8,0.0,-1.6,1.6,-0.8,-1.6,0.8,-0.8,0.0,0.0,0.0,0.8,0.0,1.6,-0.8,0.0,0.0,-0.8,0.8,0.0,0.8,0.8,0.8,1.6,0.0,0.8,0.8,0.8,0.8,-0.8,0.8,-0.8,0.8,0.8,-0.8,0.0,0.8,0.8,0.8,0.0,0.0,0.0,-0.8,0.8,0.8,1.6,0.0,-0.8,0.0,1.6,0.8,0.8,-0.8,0.8,-0.8,-0.8,0.0,0.8,0.0,0.8,0.0,0.8,0.0,0.0,0.0,0.0,-1.6,-0.8,0.0,1.6,-1.6,-0.8,0.0,0.0,0.8,0.0,0.0,0.8,0.8,0.0,-0.8,0.8,0.8,1.6,1.6,-1.6,0.8,0.0,-0.8,0.0,-0.8,0.0,-1.6,0.0,0.0,-0.8,0.8,-1.6,0.0,0.0,0.0,0.8,-0.8,-0.8,-0.8,0.0,1.6,-0.8,0.0,0.0,1.6,1.6,0.0,0.0,-0.8,0.8,0.8,-1.6,0.8,-0.8,0.8,-0.8,-0.8,1.6,0.0,0.0,0.8,0.8,0.0,-1.6,0.0,0.8,0.0,0.8,0.0,1.6,0.8,0.0,1.6,0.8,0.8,-0.8,-0.8,0.8,0.8,0.0,0.8,0.8,1.6,-1.6,1.6,0.0,1.6,0.8,-0.8,0.8,-0.8,0.8,2.4000000000000004,0.0,0.8,0.0,0.8,0.0,0.8,0.8,0.8,0.0,0.0,-0.8,0.0,0.8,0.0,0.0,1.6,0.0,0.0,1.6,0.8,0.8,0.8,0.8,0.0,-0.8,1.6,1.6,0.8,0.8,0.8,0.0,0.0,0.0,0.0,1.6,0.0,0.8,0.8,-0.8,0.8,-0.8,0.0,1.6,-2.4000000000000004,-0.8,-0.8,0.8,0.0,-0.8,1.6,-0.8,0.0,1.6,0.0,-0.8,0.0,0.0,0.0,0.0,0.0,-0.8,0.8,0.0,0.8,0.8,-0.8,0.8,0.0,-0.8,0.8,0.0,0.8,0.8,-0.8,0.0,0.8,1.6,0.8,0.0,0.8,0.8,-1.6,0.8,0.0,0.8,0.8,0.8,0.8,1.6,-0.8,0.0,0.8,0.8,-0.8,0.0,0.8,0.8,0.0,1.6,0.0,0.8,0.0,0.0,0.0,0.0,-0.8,0.8,0.0,0.0,0.0,0.8,0.8,0.8,0.8,0.0,0.8,0.0,1.6,0.8,0.8,0.8,-0.8,1.6,0.0,0.8,0.8,1.6,0.0,0.8,0.8,-0.8,0.8,0.8,0.8,0.8,0.8,0.8,0.0,0.8,0.8,0.0,0.8,0.0,-0.8,0.0,0.8,0.8,0.0,0.8,1.6,0.8,1.6,0.0,-0.8,1.6,0.0,0.0,-0.8,0.0,1.6,-0.8,2.4000000000000004,0.8,1.6,0.8,0.0,2.4000000000000004,-0.8,0.0,0.8,-0.8,0.8,-0.8,0.8,0.8,-0.8,1.6,0.0,1.6,0.0,-1.6,3.2,-0.8,1.6,0.0,0.0,1.6,0.8,0.8,0.8,1.6,1.6,0.0,0.8,0.8,0.0,0.8,1.6,0.8,0.0,0.0,0.8,-0.8,1.6,-1.6,0.8,0.0,0.8,0.8,-1.6,0.0,0.8,0.8,0.0,-1.6,0.0,1.6,0.8,0.8,0.8,1.6,0.0,0.0,0.0,1.6,0.8,0.0,0.8,0.0,0.0,0.8,0.8,0.8,0.0,1.6,0.0,0.8,1.6,0.0,0.8,0.8,0.0,0.0,-0.8,2.4000000000000004,0.0,0.8,0.8,0.0,1.6,0.0,0.8,0.0,0.8,0.8,0.0,1.6,-0.8,0.8,1.6,-0.8,1.6,0.0,0.8,1.6,0.0,0.8,0.0,0.0,0.8,0.0,1.6,-0.8,2.4000000000000004,0.0,0.8,1.6,0.0,0.8,0.0,0.8,1.6,1.6,1.6,0.0,1.6,1.6,-0.8,2.4000000000000004,1.6,1.6,0.8,-0.8,0.8,0.0,0.0,2.4000000000000004,0.0,2.4000000000000004,0.0,0.8,0.8,0.0,0.8,0.0,0.8,0.8,0.0,0.8,0.0,2.4000000000000004,0.8,0.8,1.6,-0.8,1.6,1.6,-0.8,0.8,0.0,0.8,0.0,-1.6,2.4000000000000004,0.8,0.0,0.8,-0.8,-0.8,0.8,0.8,0.0,-0.8,1.6,0.8,0.8,0.8,0.8,0.8,1.6,0.0,0.0,0.8,1.6,0.8,0.8,0.0,2.4000000000000004,0.8,0.8,-0.8,-0.8,0.0,0.8,0.0,0.0,0.8,0.8,0.8,0.8,0.0,0.0,0.0,0.8,0.8,-1.6,0.8,0.0,0.0,0.8,0.0,1.6,0.0,0.8,1.6,0.8,0.8,0.8,0.8,0.0,0.0,3.2,0.0,0.8,0.0,0.8,0.8,0.8,0.8,0.0,0.0,1.6,-0.8,0.8,-0.8,0.8,0.8,0.0,0.8,-1.6,0.0,1.6,-0.8,0.8,0.0,1.6,0.0,-1.6,1.6,0.8,0.8,-0.8,0.0,0.8,0.8,1.6,0.0,0.8,1.6,0.0,-0.8,0.0,0.0,1.6,0.0,1.6,0.0,-1.6,0.0,0.8,0.8,0.0,0.0,0.0,0.0,1.6,0.8,0.8,0.0,-0.8,-1.6,0.8,0.8,0.0,0.0,0.8,0.8,0.8,0.8,0.0,0.0,0.8,0.0,0.0,0.8,0.0,0.0,0.8,0.8,1.6,0.0,-0.8,0.0,0.0,-0.8,0.8,0.8,0.0,0.0,0.0,0.0,0.8,0.0,0.8,0.8,0.8,0.8,0.0,0.8,2.4000000000000004,2.4000000000000004,0.8,0.8,1.6,0.8,0.8,1.6,0.0,1.6,-0.8,0.8,-1.6,0.8,1.6,0.0,0.8,1.6,0.0,0.0,0.0,1.6,0.0,0.8,0.8,0.8,0.0,-0.8,0.8,1.6,0.0,0.0,0.8,0.0,1.6,1.6,0.8,0.8,0.8,1.6,0.0,0.0,0.0,0.0,-0.8,0.0,-0.8,0.0,0.8,0.0,0.0,1.6,0.8,0.0,0.0,0.8,1.6,0.0,0.8,0.8,0.0,0.0,0.8,0.0,0.8,0.0,2.4000000000000004,0.8,0.8,0.0,-0.8,0.8,0.0,0.0,0.0,0.8,1.6,1.6,1.6,0.8,0.8,0.8,0.8,0.8,-0.8,-0.8,0.8,0.0,0.0,0.8,-0.8,1.6,0.0,-0.8,0.8,1.6,0.8,0.0,0.8,0.0,0.0,0.0,0.0,0.8,0.8,-0.8,0.8,0.8,0.8,0.0,0.8,0.0,0.8,0.0,0.8,0.0,0.8,-1.6,0.0,0.8,0.0,0.0,0.0,0.0,1.6,-0.8,0.8,0.8,-0.8,1.6,-0.8,0.8,0.0,1.6,0.8,0.0,0.8,-0.8,0.8,0.8,0.0,1.6,0.0,0.8,0.8,0.0,0.0,0.0,0.8,-0.8,-0.8,1.6,1.6,0.0,0.0,1.6,0.0,0.8,0.0,-0.8,0.0,1.6,1.6,0.0,0.0,1.6,1.6,0.8,0.0,-1.6,0.8,-0.8,-1.6,1.6,0.0,1.6,0.0,0.8,2.4000000000000004,0.8,-0.8,0.0,0.8,0.0,0.0,0.8,-0.8,0.0,-0.8,0.8,2.4000000000000004,0.0,0.8,0.0,0.0,0.8,0.0,1.6,0.0,2.4000000000000004,0.8,0.8,1.6,0.8,0.0,0.8,0.8,0.8,0.0,-0.8,-0.8,0.8,0.8,0.8,0.0,0.0,-0.8,0.0,0.0,0.8,0.0,0.8,0.0,0.8,0.8,-0.8,0.8,0.0,0.8,0.0,-0.8,0.0,0.8,1.6,0.8,0.8,0.8,-0.8,0.0,0.0,0.8,1.6,-0.8,1.6,0.0,-0.8,0.8,0.0,0.8,-0.8,0.8,0.8,0.0,1.6,0.0,0.0,1.6,-0.8,-0.8,0.0,1.6,1.6,-0.8,0.8,0.8,1.6,1.6,-0.8,0.0,-0.8,0.0,0.0,0.0,1.6,0.0,0.8,0.0,0.8,1.6,0.8,0.8,1.6,-0.8,0.0,-1.6,1.6,0.0,-1.6,0.8,0.8,0.8,0.0,0.8,0.8,0.8,-0.8,0.8,0.8,0.8,0.0,1.6,-0.8,0.8,0.8,0.8,0.8,0.8,0.0,0.0,-0.8,0.0,0.8,0.8,0.8,1.6,0.0,0.0,0.0,0.0,0.0,0.0,0.0,0.8,0.0,0.0,0.8,1.6,0.0,0.0,0.0,0.8,2.4000000000000004,1.6,-0.8,-0.8,1.6,1.6,-3.2,0.8,3.2,-0.8,-1.6,2.4000000000000004,0.8,-2.4000000000000004,0.0,2.4000000000000004,0.0,-0.8,0.8,2.4000000000000004,0.0,-0.8,0.8,0.0,0.0,-0.8,-2.4000000000000004,0.8,0.0,0.0,0.0,0.8,1.6,0.0,1.6,0.0,0.8,0.8,0.8,0.0,-0.8,-0.8,1.6,0.8,0.8,1.6,0.8,0.0,-0.8,0.8,0.0,0.0,0.8,-0.8,0.0,0.0,0.0,0.8,0.8,0.8,0.0,0.8,0.8,0.0,0.0,-0.8,2.4000000000000004,1.6,0.8,1.6,0.8,-0.8,1.6,0.8,0.8,-0.8,0.0,0.0,0.0,0.0,2.4000000000000004,1.6,0.0,-0.8,0.8,0.0,1.6,0.0,0.8,0.8,1.6,0.0,0.8,0.8,0.8,0.0,0.0,1.6,0.8,0.8,0.8,-0.8,0.0,0.8,0.0,-0.8,0.0,0.8,0.0,0.0,0.0,0.0,-0.8,-0.8,0.8,0.0,-0.8,0.0,0.0,0.0,0.8,0.8,0.0,-0.8,0.0,-1.6,1.6,1.6,0.0,0.0,-0.8,0.8,1.6,0.0,0.0,-1.6,0.0,0.8,-1.6,0.0,0.0,0.8,0.8,0.0,0.8,-0.8,-0.8,0.0,0.8,0.8,-1.6,0.8,0.0,0.0,0.0,0.0,1.6,0.0,0.0,0.0,-0.8,0.8,-1.6,0.8,0.0,0.0,0.0,0.8,0.0,0.0,-1.6,0.8,-0.8,0.8,0.0,0.0,0.0,-0.8,0.8,0.8,0.0,1.6,0.0,0.0,0.0,0.8,-0.8,-0.8,0.8,0.8,0.0,-0.8,0.8,0.0,0.8,0.0,0.0,0.0,0.8,0.8,0.0,0.0,0.8,0.8,0.0,-0.8,0.0,0.8,0.0,0.8,0.8,-0.8,0.8,-0.8,0.0,1.6,0.8,0.8,0.0,1.6,0.0,0.0,1.6
event_168,1625267116.7773118,0.8,0.8,0.0,0.0,0.0,1.6,-0.8,0.0,1.6,0.0,2.4000000000000004,0.0,1.6,0.8,0.8,0.8,-1.6,0.8,0.8,-1.6,0.8,0.8,1.6,0.8,0.0,1.6,0.8,0.8,0.8,1.6,0.0,0.0,2.4000000000000004,0.0,0.8,0.8,0.0,1.6,0.0,0.8,1.6,-0.8,0.8,-2.4000000000000004,1.6,0.0,0.0,0.8,-0.8,1.6,1.6,-0.8,1.6,-0.8,1.6,0.0,-0.8,0.8,0.0,0.8,0.8,0.0,1.6,0.0,0.8,-0.8,1.6,0.8,0.0,0.0,0.8,-0.8,0.0,-0.8,0.8,0.0,0.0,0.8,0.0,2.4000000000000004,0.8,0.8,0.8,0.0,1.6,0.8,0.8,1.6,1.6,0.0,0.0,0.8,0.0,0.0,0.8,0.0,0.8,1.6,0.8,0.0,1.6,0.8,-8.0,-35.2,-42.4,-24.0,-8.8,-2.4000000000000004,-1.6,-0.8,-1.6,-2.4000000000000004,-1.6,0.0,-2.4000000000000004,-0.8,0.0,0.0,-1.6,0.0,1.6,0.8,0.0,1.6,0.8,1.6,0.0,0.8,0.8,-0.8,0.8,-0.8,0.8,1.6,0.0,0.8,0.8,0.0,0.8,0.0,1.6,0.8,0.8,0.8,0.0,0.8,0.0,1.6,1.6,0.8,0.0,1.6,1.6,0.8,0.8,0.0,-0.8,0.8,0.0,1.6,0.0,0.0,0.0,-0.8,0.8,0.8,0.8,0.8,0.0,1.6,0.0,-1.6,1.6,1.6,0.8,0.8,0.8,-0.8,0.0,0.8,0.0,0.0,0.8,0.0,0.0,-0.8,1.6,0.8,0.0,0.8,-0.8,0.0,0.0,0.0,0.8,0.0,0.0,1.6,0.0,0.8,0.8,0.0,0.8,-0.8,-0.8,0.0,0.8,0.0,0.8,0.8,1.6,1.6,1.6,0.0,0.0,0.8,0.8,0.0,-0.8,0.8,0.0,0.0,0.8,0.8,0.8,-0.8,0.0,0.8,0.0,0.0,0.8,0.8,0.8,0.0,0.8,0.8,0.8,1.6,0.0,0.8,0.8,0.0,0.8,0.0,2.4000000000000004,0.0,0.8,1.6,0.8,1.6,0.0,0.8,0.8,0.0,1.6,-0.8,0.0,-0.8,1.6,0.8,0.8,0.0,-0.8,0.0,1.6,-0.8,1.6,0.0,0.8,0.0,-0.8,0.8,0.8,0.8,1.6,0.0,0.0,-0.8,0.8,0.0,0.0,1.6,0.8,-0.8,0.0,-0.8,2.4000000000000004,0.8,-1.6,0.8,1.6,-2.4000000000000004,0.0,1.6,0.8,0.0,0.8,0.8,1.6,0.8,-0.8,0.8,-0.8,-1.6,-0.8,0.8,0.8,0.0,0.8,0.8,1.6,0.8,0.8,0.0,1.6,0.0,0.0,0.8,0.8,1.6,0.8,0.8,0.8,-0.8,0.0,0.0,0.0,-0.8,0.0,0.8,-0.8,0.0,-1.6,-0.8,0.8,-0.8,0.8,0.8,0.8,0.0,-0.8,0.8,1.6,0.0,0.8,0.8,0.8,1.6,-0.8,0.8,0.0,1.6,0.0,-0.8,0.0,0.0,0.0,1.6,0.0,1.6,-0.8,0.0,0.0,0.8,0.0,0.8,1.6,0.8,0.0,0.0,0.0,1.6,1.6,0.0,1.6,0.0,0.8,0.0,0.8,-0.8,0.0,1.6,0.0,-0.8,1.6,0.0,0.0,-0.8,0.0,0.8,-0.8,0.8,0.0,0.0,0.8,0.0,0.8,0.8,0.8,0.0,0.0,0.8,-1.6,0.0,0.8,0.0,0.0,0.0,1.6,0.8,0.0,-0.8,-0.8,0.8,-0.8,0.8,-0.8,0.8,0.8,0.0,0.8,1.6,0.0,0.0,-0.8,0.8,0.0,-0.8,-0.8,0.0,0.0,0.8,0.8,0.8,-0.8,0.8,0.0,0.8,0.8,0.0,0.8,0.0,0.8,0.8,0.8,0.8,0.8,0.8,-0.8,0.8,0.0,0.8,0.8,0.0,1.6,0.0,0.8,0.8,-0.8,0.0,-0.8,0.0,1.6,0.0,1.6,0.0,1.6,-0.8,-0.8,1.6,0.0,1.6,0.0,-0.8,0.0,1.6,0.8,0.8,0.0,0.8,0.0,0.8,0.0,0.8,0.8,-0.8,1.6,0.0,-0.8,1.6,0.8,0.0,-0.8,0.8,0.8,-0.8,1.6,-0.8,0.0,0.8,-1.6,0.8,-0.8,1.6,1.6,-0.8,0.8,0.8,1.6,1.6,0.0,0.8,0.0,0.8,-0.8,1.6,2.4000000000000004,0.0,0.8,0.8,0.8,0.8,-0.8,1.6,0.8,0.0,0.8,0.0,0.8,0.8,0.0,0.0,1.6,0.0,0.0,1.6,0.0,0.0,-0.8,0.0,1.6,1.6,0.0,1.6,1.6,1.6,-0.8,0.8,0.8,0.0,0.0,-0.8,0.0,0.8,-0.8,0.8,0.8,0.0,0.0,0.0,0.8,1.6,0.0,1.6,0.8,1.6,0.0,-0.8,0.0,1.6,0.0,0.0,0.0,0.0,1.6,0.8,2.4000000000000004,0.8,-0.8,1.6,-0.8,0.0,0.8,1.6,-0.8,0.0,0.8,-0.8,0.8,0.0,0.8,0.8,0.0,0.8,0.8,0.8,0.8,-0.8,2.4000000000000004,0.8,-0.8,0.8,0.0,0.8,0.0,0.8,0.0,0.0,1.6,-0.8,-0.8,0.0,-0.8,1.6,0.0,0.8,0.0,0.0,0.0,0.0,0.8,1.6,-0.8,0.8,-0.8,-0.8,0.0,0.0,0.8,-0.8,0.8,1.6,0.0,0.8,0.8,0.8,0.0,0.0,0.8,0.8,1.6,0.0,0.8,0.8,1.6,0.8,0.8,0.0,0.8,0.0,-0.8,0.0,0.0,0.8,0.8,0.0,1.6,-1.6,0.8,0.0,0.8,1.6,0.8,0.8,0.0,0.0,-0.8,0.0,0.0,0.0,0.8,0.0,-0.8,1.6,0.0,0.0,-0.8,0.8,0.8,0.0,0.0,0.8,0.8,0.0,0.8,-0.8,-0.8,0.0,0.8,0.0,0.8,0.0,-0.8,1.6,0.8,-0.8,0.8,0.0,0.8,-0.8,0.8,2.4000000000000004,-0.8,0.8,0.0,0.0,0.8,0.8,0.0,-0.8,1.6,0.0,-1.6,0.8,0.0,1.6,1.6,0.0,1.6,0.0,0.0,0.8,0.0,0.0,-0.8,0.8,-0.8,0.0,1.6,-0.8,1.6,1.6,0.8,0.8,0.8,0.8,-0.8,0.8,0.8,0.8,0.8,0.0,1.6,0.8,-0.8,0.8,0.8,1.6,0.0,0.0,-0.8,0.8,0.8,1.6,0.8,0.8,0.8,0.8,0.8,0.8,0.0,0.8,0.8,0.8,-0.8,0.8,0.8,0.0,1.6,-0.8,0.0,0.0,1.6,0.8,0.0,1.6,0.8,0.0,0.8,0.8,0.8,0.8,-0.8,-0.8,0.0,0.0,0.8,0.8,2.4000000000000004,0.0,0.0,1.6,0.0,1.6,0.8,-0.8,0.0,-0.8,0.8,0.0,1.6,1.6,-0.8,1.6,0.8,0.8,0.8,-0.8,0.8,0.0,0.8,0.0,0.8,0.8,0.0,1.6,0.0,0.8,0.8,-1.6,0.8,-0.8,0.0,0.0,-0.8,0.8,0.8,0.0,0.0,-0.8,1.6,0.0,0.8,0.8,0.0,0.0,0.8,0.8,1.6,0.0,1.6,0.0,1.6,0.0,0.0,0.8,0.8,0.8,0.0,0.8,0.8,-0.8,1.6,0.8,0.0,0.0,0.0,0.8,0.0,0.0,0.0,0.0,0.8,0.0,0.0,1.6,0.0,0.8,0.8,0.8,0.8,0.0,0.8,0.0,0.8,0.0,0.8,0.0,-0.8,0.8,0.0,0.8,0.8,-0.8,0.0,0.0,-0.8,0.0,-0.8,0.8,0.8,0.8,0.8,0.0,0.0,0.8,0.0,-1.6,0.8,1.6,-0.8,0.0,-0.8,0.8,-0.8,0.8,0.0,0.0,1.6,-0.8,0.0,0.8,0.8,1.6,0.0,0.8,0.0,0.8,0.8,0.0,2.4000000000000004,-0.8,0.0,0.0,0.0,1.6,0.0,0.0,1.6,-0.8,0.8,0.8,0.8,0.8,-0.8,0.8,0.0,1.6,0.8,-0.8,2.4000000000000004,0.0,0.0,1.6,0.0,0.8,-1.6,0.0,0.0,-0.8,0.8,1.6,1.6,0.0,0.0,0.8,-0.8,1.6,-0.8,0.0,0.8,0.0,1.6,0.0,-0.8,2.4000000000000004,0.8,0.8,0.0,0.8,0.8,-0.8,0.0,-0.8,0.0,0.8,-2.4000000000000004,1.6,0.0,1.6,0.8,-0.8,0.8,1.6,0.0,-1.6,0.0,0.0,-0.8,0.8,0.0,0.8,0.0,-0.8,1.6,0.8,0.0,-0.8,0.8,0.8,-0.8,0.8,0.8,0.0,0.8,0.0,-0.8,2.4000000000000004,1.6,0.0,0.8,0.8,0.0,1.6,0.0,0.0,0.0,0.0,0.8,0.8,0.0,-0.8,0.0,0.0,-0.8,-0.8,-0.8,0.8,0.0,-0.8,0.0,0.0,0.8,0.0,0.0,0.0,1.6,0.0,0.0,0.0,0.8,-1.6,0.8,0.0,0.0,-0.8,-2.4000000000000004,0.0,0.0,0.0,0.8,-0.8,0.8,0.8,0.0,0.0,0.0,0.0,0.0,0.0,0.8,-0.8,0.8,0.0,0.0,-0.8,-0.8,0.0,0.0,2.4000000000000004,0.8,-0.8,0.0,-0.8,-0.8,-0.8,-0.8,0.8,0.8,0.0,0.8,0.0,0.0,0.0,0.0,0.0,0.8,0.8,0.8,0.0,0.8,-0.8,0.8,0.8,0.0,-1.6,0.8,1.6,-0.8,-0.8,2.4000000000000004,1.6,-3.2,1.6,3.2,-1.6,0.0,2.4000000000000004,0.0,0.0,1.6,0.8,1.6,0.8,0.0,1.6,-0.8,0.0,0.0,0.0,0.0,-0.8,0.0,0.0,0.0,0.8,0.0,0.8,0.0,0.0,1.6,0.0,0.0,-0.8,1.6,1.6,0.0,0.8,0.8,-0.8,0.0,0.0,0.0,1.6,0.0,0.0,-0.8,0.0,-0.8,2.4000000000000004,0.8,0.0,0.0,0.0,0.0,0.8,-0.8,0.8,0.0,0.8,0.0,-0.8,-0.8,0.0,1.6,0.8,-0.8,0.0,0.8,0.8,-0.8,0.0,0.0,-0.8,1.6,-0.8,0.0,0.8,-0.8,0.8,-0.8,-1.6,0.8,0.0,0.0,-0.8,0.8,0.0,-0.8,1.6,0.8,1.6,0.8,-0.8,-0.8,0.8,2.4000000000000004,0.0,-0.8,0.8,0.0,0.8,0.0,-0.8,0.0,0.0,0.8,-1.6,0.8,0.0,0.8,0.0,0.0,1.6,1.6,1.6,0.0,0.0,-0.8,-0.8,0.8,0.0,0.8,0.8,-0.8,0.8,-0.8,0.8,0.0,-0.8,0.8,-2.4000000000000004,0.8,0.0,0.8,0.8,0.8,0.8,0.8,0.0,1.6,-0.8,1.6,-0.8,0.8,0.8,0.0,0.8,0.8,1.6,0.8,-1.6,0.8,-1.6,0.8,-0.8,0.8,0.8,0.8,0.8,0.0,0.0,0.8,-0.8,0.8,-0.8,0.0,0.8,0.8,0.0,-0.8,0.0,0.8,-0.8,1.6,0.8,0.8,0.8,0.0,0.0,0.0,0.8,0.8,0.0,0.8,0.0,0.0,0.0,0.0,0.8,-1.6,1.6,-0.8,-0.8,0.8,0.0,0.8,-0.8,0.8,0.8,-0.8,1.6,-0.8,0.8,0.8,0.0,0.8,0.8,0.8,0.8,-0.8,0.0,0.8,0.0,0.8,-0.8,0.8,-0.8,0.0,0.8,0.0,0.8,0.0,0.8,1.6,1.6,0.0,0.8,1.6,0.8,0.0,0.8,0.0,1.6,0.8,0.8,0.0,1.6,0.8,1.6,0.0,0.8,0.0,0.0,-0.8,0.8,0.0,1.6,0.8,0.8,-0.8,0.8,0.0,0.0,-0.8,0.8,0.0,0.8,0.0,0.0,0.8,0.8,1.6,-0.8,1.6,-1.6,1.6,0.0,-0.8,0.8,0.0,0.8,0.0,0.0,2.4000000000000004,-0.8,0.8,0.8,0.0,0.0,-1.6,0.8,0.0,-1.6,2.4000000000000004,0.0,0.0,0.8,0.0,0.8,0.8,0.0,-0.8,0.0,2.4000000000000004,0.8,0.8,0.8,0.0,2.4000000000000004,0.8,0.0,0.0,0.0,1.6,-0.8,0.0,0.0,0.8,0.8,0.0,1.6,0.0,0.8,0.8,0.0,0.0,0.0,0.0,0.0,0.0,-0.8,0.0,0.8,0.8,0.8,1.6,0.0,0.8,0.0,0.8,0.0,1.6,0.8,0.8,0.8,0.8,0.8,1.6,0.0,0.8,0.8,0.0,0.0,0.0,0.0,1.6,0.8,0.8,0.0,0.0,0.0,0.8,-1.6,1.6,0.0,0.8,-0.8,0.0,0.0,1.6,0.8,0.8,0.8,0.8,0.8,0.8,0.0,-0.8,0.8,0.8,0.0,0.0,0.8,0.0,-1.6,0.0,0.0,0.8,1.6,-0.8,0.0,0.0,0.8,1.6,-0.8,1.6,0.8,-0.8,0.8,-2.4000000000000004,0.8,0.0,0.8,0.0,0.0,0.8,0.0,0.8,0.8,0.0,0.0,0.0,0.0,0.0,0.0,0.8,0.0,0.8,0.8,-0.8,0.0,0.8,0.0,1.6,0.0,-0.8,0.8,0.8,0.0,2.4000000000000004,0.0,0.0,0.8,1.6,0.8,0.0,-0.8,0.8,0.8,0.8,0.8,0.0,0.8,0.8,0.8,0.8,0.8,1.6,-0.8,0.0,0.8,0.0,0.0,0.8,0.0,0.8,0.0,0.0,0.0,-0.8,0.0,-0.8,1.6,0.8,0.8,-0.8,0.0,0.0,0.8,-0.8,1.6,0.0,0.0,1.6,0.0,0.8,0.0,0.8,0.0,0.0,0.0,1.6,0.8,0.0,0.0,0.8,0.0,0.0,0.0,-0.8,0.8,-0.8,0.8,0.0,0.0,0.8,0.0,0.8,-0.8,-1.6,0.8,0.8,0.8,0.0,-0.8,1.6,-2.4000000000000004,0.8,0.0,-2.4000000000000004,0.8,-0.8,0.8,0.0,0.0,0.8,0.0,0.8,0.0,0.8,1.6,-0.8,1.6,-0.8,0.0,-0.8,-1.6,0.8,-0.8,0.8,1.6,0.0,0.0,0.0,1.6,0.0,-0.8,1.6,0.0,2.4000000000000004,0.8,0.0,0.8,0.0,0.0,0.0,0.0,1.6,0.0,0.0,-0.8,0.0,0.8,0.8,0.8,0.0,0.0,0.0,0.0,1.6,-0.8,0.8,0.0,0.0,0.0,0.0,0.0,0.8,0.0,0.8,0.0,0.0,0.8,0.8,-0.8,-0.8,0.0,0.0,0.0,-0.8,0.0,0.8,0.8,0.8,0.0,0.0,-0.8,0.0,0.8,-0.8,1.6,0.0,0.0,0.0,0.0,0.0,0.0,-0.8,-0.8,-0.8,1.6,-0.8,0.0,1.6,1.6,1.6,0.0,-0.8,0.0,0.0,0.0,-1.6,0.8,0.8,0.8,0.8,0.0,1.6,0.8,0.8,0.8,-0.8,0.8,-0.8,0.0,0.8,-0.8,0.0,0.0,1.6,0.8,0.0,1.6,-0.8,0.0,0.0,-0.8,0.8,0.8,-0.8,0.8,0.8,2.4000000000000004,-0.8,0.8,0.0,0.0,0.8,-0.8,0.0,0.8,0.0,1.6,0.8,1.6,0.0,0.0,0.8,-0.8,0.8,0.0,0.8,0.8,-0.8,0.0,0.0,0.8,0.0,-0.8,0.8,-0.8,0.8,1.6,0.0,0.8,0.0,0.0,0.0,0.0,1.6,0.0,0.0,0.8,-0.8,0.0,-0.8,0.8,0.0,-0.8,0.0,0.0,0.8,0.0,0.8,-0.8,0.0,-0.8,-0.8,0.0,0.0,0.8,0.8,0.0,1.6,0.0,1.6,0.8,-0.8,0.8,0.8,1.6,0.8,1.6,0.8,0.0,0.8,0.8,0.8,0.0,0.8,0.8,-0.8,-0.8,0.0,1.6,0.8,0.0,0.8,0.0,0.8,0.8,0.8,1.6,0.0,0.0,1.6,0.0,2.4000000000000004,0.0,0.8,1.6,0.0,1.6,0.0,0.8,-0.8,0.8,1.6,-1.6,0.8,0.8,0.0,1.6,-0.8,-0.8,0.0,1.6,0.0,0.0,1.6,0.0,0.8,0.0,0.0,0.8,-0.8,0.8,0.8,-0.8,-0.8,1.6,0.8,0.0,0.8,0.0,0.0,0.0,-0.8,1.6,0.8,-0.8,1.6,0.0,-0.8,0.8,0.8,0.0,0.0,0.0,0.8,0.0,1.6,0.0,-0.8,0.8,0.0,-0.8,0.8,0.8,0.8,0.0,-1.6,1.6,0.0,0.8,0.8,0.0,0.8,0.0,0.0,0.0,0.8,0.8,-0.8,0.0,0.8,0.0,0.0,0.0,1.6,-0.8,0.0,0.8,-0.8,1.6,-0.8,0.0,0.8,-0.8,1.6,0.8,0.8,-0.8,-0.8,0.8,-0.8,1.6,0.0,-0.8,1.6,0.8,-0.8,0.8,0.8,0.8,0.0,0.0,0.8,-0.8,0.8,1.6,0.8,0.8,-0.8,0.0,-0.8,0.8,-0.8,0.8,0.8,0.8,0.0,-0.8,0.8,0.0,0.0,0.8,0.0,0.0,1.6,0.0,0.8,-0.8,0.0,0.8,-0.8,0.8,0.8,0.8,0.0,0.8,0.0,-0.8,0.0,0.8,-0.8,-0.8,-0.8,0.8,-0.8,0.8,0.8,-1.6,0.0,-0.8,-1.6,0.0,1.6,-0.8,0.0,0.8,0.8,0.0,1.6,0.0,-1.6,0.8,0.8,-0.8,0.0,2.4000000000000004,0.8,0.0,0.0,0.0,-0.8,0.0,0.0,0.0,0.0,-0.8,-0.8,0.0,-0.8,-0.8,-0.8,0.8,0.8,0.0,1.6,-0.8,0.0,-1.6,-0.8,0.8,-0.8,-0.8,0.8,0.0,1.6,0.0,1.6,0.8,0.0,0.0,-3.2,-0.8,0.8,0.0,0.8,-1.6,1.6,0.0,0.0,1.6,-1.6,0.0,0.8,0.0,0.8,-1.6,1.6,0.0,0.8,0.8,0.0,0.8,-1.6,0.8,0.8,-0.8,2.4000000000000004,0.0,0.8,0.8,-0.8,0.8,0.8,-0.8,0.0,-0.8,0.0,-0.8,0.8,0.0,0.0,0.8,-0.8,0.8,0.0,0.0,0.8,-0.8,0.0,-0.8,1.6,1.6,-0.8,0.8,-0.8,0.8,0.0,0.8,-0.8,0.0,0.0,-0.8,-0.8,0.8,0.0,0.0,0.0,0.0,0.8,0.8,0.8,0.8,0.8,0.0,0.8,-1.6,0.0,0.8,0.0,0.0,0.0,0.8,0.8,1.6,0.8,-0.8,-0.8,0.8,0.0,1.6,0.8,0.0,0.8,1.6,0.0,1.6,0.0,0.0,0.0,0.0,0.0,-0.8,0.8,0.8,0.0,0.0,0.0,-0.8,0.0,0.0,-0.8,2.4000000000000004,0.0,0.8,0.8,-0.8,0.8,0.8,0.0,0.8,0.0,1.6,-0.8,1.6,0.8,-1.6,1.6,-0.8,-1.6,0.8,-1.6,0.8,0.8,0.0,-0.8,0.0,1.6,-0.8,1.6,0.8,0.0,1.6,-0.8,0.8,1.6,-0.8,2.4000000000000004,-0.8,0.8,0.0,0.0,2.4000000000000004,0.0,0.0,0.8,0.8,1.6,-1.6,1.6,0.8,1.6,0.8,0.0,0.8,0.8,0.8,0.8,0.8,1.6,0.8,1.6,0.8,0.0,0.8,0.8,0.8,0.8,0.0,0.8,1.6,0.8,0.8,1.6,0.8,0.0,0.0,0.8,0.8,0.8,0.0,0.8,0.8,0.8,0.8,0.8,0.8,0.0,0.0,0.0,-0.8,0.8,-0.8,0.0,-0.8,0.8,0.0,0.0,0.0,0.0,-0.8,-0.8,1.6,0.0,-0.8,0.0,0.0,0.8,0.0,0.8,0.8,-0.8,1.6,0.8,0.0,0.0,-0.8,0.8,-0.8,0.8,0.8,0.8,0.0,-0.8,0.8,0.0,-0.8,0.0,-0.8,0.8,0.0,-0.8,0.0,0.0,0.8,-0.8,0.8,0.0,-1.6,0.8,0.8,0.8,0.0,0.8,1.6,-0.8,0.0,0.0,-0.8,0.8,-1.6,-0.8,0.0,0.0,0.8,0.0,0.8,0.8,-0.8,1.6,0.8,0.8,-0.8,0.0,0.0,0.0,0.0,0.0,-0.8,0.8,0.0,1.6,0.0,0.0,0.8,-2.4000000000000004,0.0,0.0,0.0,0.8,0.0,0.8,0.8,-0.8,1.6,0.0,1.6,0.8,0.8,0.0,-0.8,-1.6,0.8,0.0,1.6,-0.8,0.8,0.0,0.0,0.0,0.8,0.8,0.8,0.0,0.8,0.0,0.0,0.0,0.8,0.8,-0.8,1.6,1.6,-0.8,0.0,-0.8,0.0,0.0,0.0,1.6,0.8,0.0,0.0,0.0,0.0,-0.8,0.0,-0.8,0.0,0.0,0.0,0.0,1.6,0.0,0.0,-0.8,-0.8,-1.6,-0.8,1.6,0.0,1.6,0.8,1.6,0.8,0.0,0.0,-0.8,0.0,0.0,0.0,0.8,0.0,-0.8,0.0,-0.8,1.6,-0.8,-0.8,0.0,1.6,0.8,-0.8,0.0,0.0,-0.8,0.0,-0.8,0.8,0.0,-0.8,0.8,-0.8,0.0,0.0,0.8,0.0,0.8,1.6,0.8,0.8,0.8,-0.8,0.8,-0.8,-0.8,0.0,-0.8,0.8,0.8,0.8,0.8,0.8,0.0,0.0,1.6,0.0,0.0,0.0,0.8,0.8,0.8,0.0,0.0,0.0,-0.8,-0.8,0.8,-0.8,-0.8,0.8,-0.8,0.8,0.0,2.4000000000000004,0.8,-1.6,0.0,0.0,0.8,-1.6,-0.8,0.0,-0.8,1.6,0.0,0.8,0.0,-0.8,2.4000000000000004,-0.8,1.6,0.0,-0.8,2.4000000000000004,-1.6,0.0,0.8,0.8,0.8,-1.6,0.0,0.8,0.0,0.8,-1.6,0.0,0.8,0.0,0.8,-1.6,1.6,0.0,0.0,0.8
event_169,1625267118.9274347,0.0,0.8,0.0,0.8,0.0,0.0,0.8,0.0,-0.8,0.0,0.0,0.8,1.6,0.8,0.0,1.6,-0.8,2.4000000000000004,0.0,0.0,1.6,-1.6,0.8,0.0,1.6,0.0,0.0,1.6,-0.8,0.0,1.6,-0.8,1.6,0.0,0.8,0.8,0.0,0.8,0.8,0.0,1.6,-0.8,0.0,-1.6,1.6,0.0,0.8,1.6,-0.8,0.0,0.0,-1.6,1.6,-0.8,0.8,0.0,0.0,1.6,1.6,0.8,0.0,0.0,0.8,-0.8,0.0,0.8,0.0,0.0,-0.8,0.8,-1.6,0.8,0.8,-0.8,0.8,0.0,0.0,0.0,0.8,0.0,-1.6,0.8,-1.6,-1.6,0.0,1.6,0.8,0.8,-0.8,1.6,-0.8,0.0,0.0,-0.8,0.8,-0.8,0.0,0.8,0.0,0.0,-0.8,0.8,-8.0,-34.4,-46.400000000000006,-28.0,-11.2,-9.600000000000001,-5.6,-0.8,-1.6,-3.2,-2.4000000000000004,-1.6,-1.6,-0.8,-0.8,0.0,0.0,0.0,-0.8,0.0,0.8,0.8,0.8,0.0,1.6,1.6,-1.6,0.0,0.8,-0.8,0.0,-0.8,0.8,0.8,0.0,0.8,1.6,0.8,0.0,0.0,0.0,0.8,0.0,0.0,0.8,0.8,-0.8,0.0,0.0,0.0,0.8,-0.8,1.6,-0.8,0.0,1.6,0.0,0.8,0.0,0.8,0.8,-1.6,0.8,0.0,-0.8,0.0,-0.8,0.0,0.0,0.0,1.6,-0.8,0.8,0.8,0.0,0.8,0.0,0.8,0.8,0.0,-0.8,-0.8,1.6,0.8,0.0,-1.6,3.2,2.4000000000000004,-2.4000000000000004,1.6,1.6,-0.8,0.8,0.8,1.6,-0.8,0.0,1.6,0.0,1.6,-1.6,0.0,1.6,0.0,0.0,-0.8,0.0,0.8,-0.8,0.0,0.0,0.8,-0.8,0.0,1.6,0.0,-0.8,-0.8,0.8,0.0,2.4000000000000004,0.8,-0.8,0.0,0.8,0.0,1.6,0.0,0.0,0.0,-0.8,-1.6,0.0,0.0,0.8,0.8,0.0,-0.8,0.0,-0.8,0.0,-0.8,0.0,0.0,0.0,-0.8,0.8,0.8,0.0,0.8,0.0,0.0,1.6,0.8,0.8,0.8,0.0,0.8,0.8,-0.8,0.0,0.0,0.0,-0.8,0.8,0.0,0.0,0.0,0.0,0.8,-0.8,0.0,0.8,-1.6,0.0,0.8,-0.8,0.0,0.0,-1.6,-0.8,0.8,0.8,-0.8,-0.8,1.6,1.6,0.8,-1.6,0.0,0.8,0.0,-2.4000000000000004,-1.6,1.6,0.0,-1.6,0.8,-0.8,0.0,-0.8,0.0,0.0,-1.6,0.0,-0.8,0.0,0.0,-0.8,1.6,0.0,0.8,1.6,0.8,0.8,0.0,-0.8,0.0,0.0,0.8,-0.8,0.8,0.0,-0.8,0.0,0.8,0.8,0.0,0.8,0.8,0.0,0.0,0.0,0.8,1.6,0.0,0.0,0.0,-1.6,0.8,-1.6,0.0,-0.8,0.8,0.8,0.0,0.0,-0.8,0.8,0.8,0.8,0.0,0.8,0.8,0.0,0.0,0.0,0.0,-0.8,0.0,0.0,0.0,-0.8,0.0,0.0,-0.8,-0.8,0.0,0.8,0.0,0.8,0.8,0.8,0.8,0.0,0.0,1.6,-0.8,-0.8,0.8,1.6,0.0,0.0,-0.8,0.8,0.0,0.8,0.8,-0.8,1.6,0.0,0.0,0.8,0.0,1.6,-0.8,0.0,1.6,-0.8,0.8,-0.8,0.8,-0.8,-0.8,0.8,0.0,0.8,-0.8,0.0,1.6,0.0,1.6,0.8,0.8,0.8,-2.4000000000000004,1.6,0.0,1.6,0.0,0.0,1.6,0.8,-0.8,1.6,0.8,0.8,0.8,0.0,0.8,0.8,0.8,0.8,0.0,0.8,-0.8,0.0,0.0,0.0,0.0,1.6,0.8,0.0,-1.6,0.0,0.8,-0.8,0.0,0.8,0.0,-0.8,0.0,0.8,0.8,0.8,-0.8,0.0,0.0,0.0,2.4000000000000004,0.0,0.0,0.8,-0.8,0.0,0.0,0.0,0.8,0.0,1.6,0.0,0.0,0.8,0.0,0.8,0.0,1.6,-0.8,-1.6,0.8,-0.8,0.0,0.8,0.8,1.6,1.6,1.6,-0.8,0.8,0.8,-0.8,0.8,0.8,0.0,0.8,0.8,0.8,-0.8,0.0,1.6,0.8,0.8,-0.8,0.0,0.8,-0.8,1.6,0.8,2.4000000000000004,0.8,-0.8,0.8,0.0,0.0,-0.8,1.6,0.0,0.8,0.0,0.0,0.8,0.8,-1.6,0.8,0.0,0.8,0.8,-0.8,1.6,0.0,0.0,1.6,-0.8,0.0,0.0,0.0,0.0,0.0,0.0,0.8,-0.8,1.6,0.0,1.6,-0.8,-0.8,1.6,0.0,0.8,-0.8,1.6,1.6,0.0,0.8,1.6,0.8,-0.8,-0.8,2.4000000000000004,0.8,-0.8,0.0,0.8,0.0,-1.6,0.8,0.8,1.6,0.8,0.0,0.0,1.6,0.8,0.0,0.8,-0.8,-0.8,0.0,0.8,1.6,0.8,0.8,1.6,0.8,1.6,0.0,0.0,1.6,0.0,0.8,0.8,1.6,0.8,-0.8,2.4000000000000004,0.8,0.8,0.8,0.8,1.6,-1.6,0.8,0.0,1.6,1.6,0.0,1.6,0.8,-0.8,0.8,0.0,1.6,-0.8,0.8,0.8,0.8,2.4000000000000004,-1.6,1.6,2.4000000000000004,0.8,0.0,0.0,1.6,0.0,0.0,1.6,-0.8,2.4000000000000004,0.8,1.6,2.4000000000000004,-0.8,0.0,0.0,0.8,2.4000000000000004,-0.8,1.6,0.0,0.8,0.8,-0.8,1.6,0.0,1.6,1.6,0.0,0.0,0.8,0.8,0.0,0.0,0.8,0.0,0.8,-0.8,0.8,1.6,-1.6,0.8,-1.6,-0.8,0.8,0.0,0.8,0.0,0.0,1.6,0.0,0.8,0.0,0.0,0.8,-0.8,0.0,0.0,0.0,0.8,0.0,0.0,1.6,0.0,0.8,-0.8,0.8,0.0,0.8,-0.8,-0.8,0.8,0.0,0.0,0.8,0.8,0.0,0.0,0.8,0.0,0.0,0.0,0.8,0.0,0.0,0.0,0.0,0.0,0.0,0.0,0.8,1.6,0.8,0.0,0.0,-0.8,0.8,0.8,0.0,0.8,0.8,-0.8,0.8,0.0,0.0,-0.8,0.0,0.0,0.0,0.8,0.8,-0.8,1.6,-1.6,0.0,-0.8,0.0,0.0,0.0,0.8,0.0,0.0,0.0,-0.8,1.6,-0.8,0.8,-0.8,-0.8,2.4000000000000004,0.0,0.0,1.6,0.0,0.0,-1.6,0.0,0.0,0.0,0.8,0.0,0.8,-0.8,-1.6,1.6,0.0,0.8,0.0,0.0,0.8,-0.8,0.0,0.0,0.0,0.0,-2.4000000000000004,0.8,0.8,0.0,0.8,0.0,0.8,0.0,1.6,0.8,-0.8,1.6,-0.8,-0.8,0.0,0.0,1.6,0.0,0.8,0.8,-0.8,0.0,-0.8,1.6,-0.8,-0.8,0.0,0.0,0.8,0.0,-0.8,0.8,0.0,-0.8,0.8,1.6,1.6,0.8,0.0,2.4000000000000004,0.8,-0.8,-0.8,0.8,1.6,-0.8,0.8,0.0,0.0,0.0,-1.6,-0.8,0.8,-0.8,0.8,0.0,0.8,-1.6,-0.8,0.0,0.8,0.0,0.8,0.0,0.8,-0.8,0.8,0.0,-0.8,1.6,0.0,0.8,-0.8,0.0,1.6,-0.8,0.8,-1.6,0.8,0.0,-0.8,1.6,-0.8,-0.8,0.0,-0.8,0.0,-0.8,-0.8,0.0,0.0,0.0,0.0,0.0,0.8,1.6,0.8,0.0,0.0,-0.8,0.0,1.6,0.0,0.0,0.8,0.8,0.8,0.8,-0.8,0.0,0.8,-1.6,0.0,0.8,0.8,0.8,0.8,-0.8,0.0,0.0,0.0,0.0,0.0,-0.8,-1.6,0.0,0.0,0.8,1.6,0.0,1.6,0.8,0.8,0.8,0.0,0.8,0.0,0.8,0.0,2.4000000000000004,0.0,0.8,0.0,0.8,0.0,0.8,1.6,0.8,-0.8,0.8,-0.8,-0.8,0.8,0.8,0.0,-0.8,-0.8,0.8,0.0,1.6,-0.8,0.8,0.0,0.8,0.0,-1.6,0.8,0.8,0.0,0.0,0.8,0.0,0.0,0.8,1.6,-0.8,0.8,0.0,0.8,0.8,0.8,1.6,-0.8,0.8,0.8,-0.8,1.6,0.0,0.8,1.6,0.8,1.6,-0.8,1.6,0.8,0.0,0.8,-0.8,0.8,0.0,1.6,1.6,0.0,1.6,0.8,1.6,1.6,-0.8,0.8,0.8,0.8,0.0,0.8,1.6,-0.8,0.8,0.8,0.0,1.6,-1.6,0.0,0.0,-0.8,0.8,-0.8,0.8,0.8,0.0,0.0,0.0,1.6,0.0,0.0,0.8,-0.8,0.0,1.6,0.8,0.8,0.8,0.8,0.8,0.8,0.0,0.8,0.0,0.0,0.0,0.0,0.0,0.0,0.8,1.6,0.0,0.8,-0.8,0.0,0.8,0.0,-0.8,1.6,0.8,0.8,-0.8,0.0,0.0,1.6,0.8,0.0,0.8,0.0,1.6,1.6,0.8,1.6,0.8,0.8,0.0,0.8,0.8,1.6,0.0,0.0,0.8,0.0,0.8,1.6,0.8,0.8,0.0,0.8,1.6,0.8,1.6,0.8,1.6,0.8,-1.6,0.8,0.8,0.8,1.6,0.8,2.4000000000000004,1.6,0.8,0.0,-0.8,1.6,-0.8,0.0,0.0,-1.6,1.6,0.0,0.8,1.6,-0.8,0.8,0.0,1.6,0.0,-0.8,0.8,0.8,0.8,0.0,0.8,1.6,0.0,1.6,0.8,1.6,1.6,-0.8,1.6,0.8,2.4000000000000004,0.0,0.0,1.6,0.0,1.6,1.6,0.0,1.6,0.0,0.0,0.0,-1.6,0.8,0.0,0.8,1.6,-0.8,0.8,-0.8,0.8,0.0,1.6,1.6,0.0,0.8,0.0,0.8,1.6,0.0,2.4000000000000004,0.0,0.0,1.6,0.0,0.8,-1.6,0.0,0.0,0.8,0.0,0.0,2.4000000000000004,0.8,0.8,0.0,-1.6,0.8,1.6,0.8,0.0,0.8,0.8,1.6,0.8,0.8,0.8,1.6,1.6,-0.8,0.8,0.8,-0.8,0.8,0.0,0.8,1.6,0.8,0.0,1.6,0.8,0.8,0.8,0.0,0.8,0.0,0.8,1.6,1.6,0.8,-0.8,1.6,0.0,0.0,0.0,0.8,0.0,-0.8,0.0,0.0,1.6,1.6,0.0,1.6,0.8,0.8,-0.8,0.8,2.4000000000000004,1.6,0.0,1.6,0.0,0.8,-0.8,0.8,0.8,0.0,0.8,0.0,0.0,0.8,0.0,2.4000000000000004,0.0,0.8,1.6,0.8,0.8,0.0,0.8,1.6,-0.8,2.4000000000000004,-1.6,1.6,0.8,0.0,1.6,0.0,0.8,0.8,1.6,0.0,2.4000000000000004,0.8,-1.6,0.8,0.8,0.0,2.4000000000000004,0.0,0.0,0.8,0.0,-1.6,0.8,0.8,0.0,0.0,0.8,0.0,0.0,0.8,0.8,1.6,0.0,0.0,-0.8,0.8,2.4000000000000004,0.8,0.8,0.8,1.6,0.8,0.8,-0.8,0.0,0.0,1.6,0.8,0.8,0.8,1.6,0.8,0.0,0.0,0.8,0.0,0.8,0.0,-0.8,0.0,-0.8,0.8,0.8,0.0,0.0,0.8,0.8,0.8,0.0,0.8,0.0,-0.8,0.0,0.0,1.6,0.0,1.6,0.8,0.0,0.0,-0.8,0.0,0.8,0.8,0.8,0.0,0.0,0.8,1.6,1.6,0.0,0.8,0.8,0.0,0.8,-0.8,0.0,0.8,0.0,-0.8,-0.8,0.8,0.0,0.0,1.6,0.0,0.8,0.0,0.8,0.8,0.8,1.6,0.8,0.0,-0.8,0.0,1.6,0.0,0.0,-0.8,0.0,0.0,0.0,-0.8,0.8,0.0,0.8,-0.8,0.0,0.0,-0.8,0.0,0.0,0.0,-0.8,0.8,0.8,0.0,-0.8,0.8,0.8,0.0,0.0,-0.8,0.8,0.0,0.0,0.8,0.0,0.8,0.8,0.8,0.8,0.0,0.8,0.0,0.0,0.0,-0.8,1.6,0.0,0.8,0.0,0.0,1.6,0.0,0.8,0.8,0.8,1.6,-1.6,1.6,0.0,1.6,0.0,-2.4000000000000004,1.6,1.6,0.0,1.6,0.0,1.6,0.0,0.8,0.0,-0.8,-0.8,0.8,0.8,1.6,-0.8,0.8,-0.8,1.6,0.0,0.0,0.8,-0.8,0.8,0.0,-1.6,1.6,-0.8,0.8,0.0,-1.6,1.6,0.0,0.8,-0.8,0.0,0.0,-1.6,0.0,0.0,0.0,0.0,0.0,0.8,-0.8,0.0,0.0,0.0,0.0,0.0,0.0,0.0,0.0,0.0,-0.8,0.8,0.0,-0.8,0.0,0.8,0.8,0.0,0.8,0.8,0.8,0.0,0.8,0.8,0.8,0.0,0.0,0.0,0.8,0.0,-0.8,0.0,-1.6,0.0,0.8,0.8,0.8,-0.8,0.8,0.8,0.0,0.0,0.0,0.8,0.8,0.8,0.0,0.8,-0.8,0.0,0.0,0.0,0.0,1.6,-0.8,0.0,0.0,0.8,-0.8,0.8,0.8,0.0,0.0,-0.8,0.0,0.0,0.0,1.6,-0.8,0.8,0.8,0.0,0.8,0.0,0.8,0.0,-1.6,2.4000000000000004,0.0,-0.8,0.0,0.0,0.8,-0.8,0.0,0.0,0.8,1.6,0.0,1.6,-0.8,0.0,0.0,-1.6,0.8,0.0,-0.8,0.8,-0.8,0.8,-1.6,0.0,1.6,-0.8,0.8,-0.8,0.8,0.8,-0.8,1.6,0.0,0.0,0.0,0.0,0.8,0.8,0.0,0.0,0.0,0.8,-0.8,0.8,-0.8,0.8,0.0,-1.6,0.8,0.0,0.8,0.0,-0.8,0.8,0.0,0.0,0.0,0.0,0.0,-0.8,0.8,0.0,0.0,0.0,-1.6,1.6,0.0,0.0,0.0,-0.8,0.8,-0.8,-0.8,0.8,0.8,0.8,-0.8,0.8,1.6,0.0,0.8,0.8,0.8,-0.8,0.0,-0.8,0.0,0.0,0.8,0.8,0.0,0.0,0.8,-0.8,1.6,-0.8,0.0,0.0,0.0,0.0,0.0,0.8,0.8,0.0,0.8,0.0,0.8,0.8,0.0,0.0,-0.8,0.8,0.0,0.8,-0.8,-0.8,1.6,-0.8,0.0,0.0,-2.4000000000000004,0.8,-0.8,0.0,0.8,-1.6,0.8,-0.8,0.8,0.0,0.0,1.6,-0.8,-1.6,-0.8,2.4000000000000004,2.4000000000000004,-1.6,0.8,0.8,0.0,1.6,-0.8,0.0,0.0,0.0,0.0,-0.8,0.8,-0.8,0.0,0.0,0.0,1.6,0.8,0.8,0.0,-0.8,2.4000000000000004,0.0,-0.8,0.8,0.8,0.8,0.0,0.0,0.8,0.0,1.6,0.0,-1.6,0.0,0.0,1.6,-0.8,0.0,1.6,0.0,0.0,0.8,-0.8,0.8,-1.6,0.0,0.0,0.8,0.0,0.8,0.8,0.0,-0.8,0.0,-1.6,0.0,-1.6,0.8,0.0,0.8,-0.8,-0.8,0.0,0.0,-0.8,0.8,0.0,0.0,0.0,0.8,0.0,-0.8,0.0,0.8,-0.8,0.8,0.8,0.8,-0.8,-0.8,0.8,0.0,0.0,0.8,0.0,0.8,0.0,0.8,0.0,0.0,-0.8,0.0,1.6,-0.8,-1.6,0.8,0.8,-0.8,0.0,-0.8,1.6,0.0,1.6,1.6,-0.8,0.8,0.0,-0.8,0.8,0.0,0.8,-0.8,0.0,0.0,0.0,0.8,-1.6,1.6,-0.8,0.0,1.6,-0.8,0.8,-0.8,-0.8,1.6,0.0,0.8,0.0,0.8,1.6,-0.8,0.8,-0.8,2.4000000000000004,0.0,-0.8,0.8,0.8,0.8,1.6,0.0,0.8,-0.8,-0.8,0.8,0.0,0.0,0.8,0.8,0.0,0.0,0.0,-0.8,0.0,-0.8,0.8,-0.8,0.8,0.8,-0.8,0.0,-0.8,0.8,0.8,-0.8,-0.8,1.6,0.0,-1.6,0.0,0.0,0.0,0.0,0.0,1.6,0.8,-0.8,0.8,-0.8,0.0,0.0,0.8,0.8,0.0,2.4000000000000004,0.0,0.8,0.8,0.0,0.0,0.8,0.0,0.0,-0.8,2.4000000000000004,0.8,0.0,-0.8,0.8,0.8,0.0,0.8,0.8,0.0,1.6,-0.8,0.8,0.0,-0.8,0.0,-0.8,1.6,0.0,0.0,0.0,0.0,-0.8,0.0,1.6,0.8,-0.8,0.0,-0.8,1.6,0.0,0.8,0.8,-1.6,0.8,0.0,0.0,0.8,0.8,-0.8,0.0,0.8,1.6,0.0,1.6,0.0,0.8,0.8,-0.8,0.8,0.0,0.0,0.0,0.0,0.8,-0.8,0.0,0.0,0.8,-0.8,0.0,0.0,1.6,-0.8,0.0,0.0,0.0,0.8,-0.8,0.8,0.0,1.6,0.8,0.0,0.0,-0.8,0.8,0.0,0.0,1.6,1.6,-1.6,0.0,0.8,-0.8,0.0,0.8,0.0,0.0,0.0,0.0,0.0,0.8,0.8,-1.6,1.6,-0.8,-0.8,-0.8,-0.8,1.6,0.0,0.0,0.8,-0.8,0.0,-0.8,-0.8,0.8,0.0,-0.8,-1.6,2.4000000000000004,0.8,-2.4000000000000004,1.6,2.4000000000000004,-0.8,-3.2,1.6,1.6,-3.2,-0.8,0.0,0.8,-0.8,-0.8,2.4000000000000004,-0.8,-0.8,0.8,0.8,1.6,-0.8,-0.8,0.8,0.0,1.6,0.0,1.6,0.8,0.8,0.8,0.0,0.8,-0.8,-0.8,0.8,-0.8,-0.8,0.8,0.0,0.8,-0.8,0.0,0.0,0.0,0.8,0.0,2.4000000000000004,0.0,0.0,0.0,-0.8,0.8,0.0,0.0,0.8,0.0,0.8,0.0,0.8,0.8,0.8,0.8,0.0,0.0,-0.8,0.8,1.6,-1.6,0.8,-0.8,0.0,0.0,0.0,0.8,0.0,0.0,0.8,-0.8,0.0,0.8,-0.8,0.8,-0.8,-0.8,-0.8,1.6,0.0,-0.8,0.0,0.8,0.0,0.8,0.8,-0.8,0.0,0.0,0.0,-0.8,0.8,1.6,0.8,0.0,0.8,-0.8,0.8,-0.8,0.8,0.0,-0.8,1.6,-0.8,1.6,0.0,0.0,1.6,0.0,0.0,0.8,0.0,0.0,-0.8,0.8,0.0,0.8,-0.8,-0.8,0.8,0.0,0.0,0.8,-0.8,0.0,-0.8,0.0,0.0,-0.8,0.0,0.8,0.0,0.0,-1.6,0.8,0.0,0.0,0.0,-0.8,0.0,-0.8,-1.6,0.0,0.0,0.8,0.0,0.0,0.8,-0.8,1.6,0.0,0.0,0.8,0.0,1.6,0.0,0.0,0.0,0.8,1.6,0.0,0.0,0.0,-0.8,0.8,-0.8,0.0,0.0,0.0,0.8,0.0,0.8,-0.8,1.6,-0.8,-2.4000000000000004,0.8,0.8,0.0,0.0,-1.6,1.6,-0.8,0.8,0.0,0.0,1.6,0.8,0.0,0.0,0.0,0.0,0.0,0.0,0.8,0.0,-0.8,-0.8,0.0,-0.8,-1.6,0.0,-0.8,0.0,0.8,0.0,0.0,0.0,0.0,0.8,0.0,0.8,0.0,0.8,0.8,0.8,0.8,0.8,0.0,0.8,0.0,0.8,0.0,0.8,0.0,-1.6,-0.8,0.8,0.8,1.6,0.8,0.8,-0.8,-0.8,0.0,0.0,0.0,0.0,-0.8,1.6,-0.8,-0.8,0.0,0.0,1.6,0.0,1.6,-0.8,0.0,0.8,-0.8,0.8,0.0,-0.8,0.0,-0.8,0.0,0.8,0.0,0.8,-0.8,0.0,0.0,1.6,0.8,-0.8,0.8,0.0,0.8,0.0,0.8,0.8,0.8,0.0,0.0,-0.8,0.8,-0.8,0.0,0.8,0.8,0.0,1.6,0.0,-1.6,1.6,0.0,0.0,0.8,0.0,0.8,1.6,0.0,1.6,-0.8,0.0,0.8,0.0,0.0,-0.8,-0.8,0.0,-0.8,0.8,0.8,0.8,0.0,0.8,0.8,1.6,1.6,-0.8,2.4000000000000004,0.0,2.4000000000000004,0.8,0.8,0.8,1.6,0.0,0.0,1.6,-0.8,-0.8,2.4000000000000004,-0.8,0.0,1.6,0.8,0.0,0.0,-0.8,-0.8,0.8,0.0,-1.6,1.6,0.8,1.6,0.0,-1.6,0.8,0.0,0.0,0.8,0.0,0.0,0.8,0.8,0.0,-0.8,0.8,0.0,0.0,-0.8,0.0,0.8,-1.6,1.6,-0.8,-1.6,0.8,-0.8,0.8,0.0,0.0,1.6,-0.8,1.6,0.0,0.0,0.8,-0.8,0.0,0.0,0.8,0.8,-0.8,0.8,1.6,1.6,0.8,-0.8,0.0,0.0,0.0,0.0,0.0,1.6,0.0,0.8,0.0,-0.8,0.0,0.0,0.0,0.0,-0.8,0.0,0.0,0.8,-1.6,0.8,0.0,0.8,0.8,0.0,0.8,0.0,0.0,0.8,0.0,1.6,1.6,0.0,0.8,0.8,0.8,-0.8,0.0,1.6,0.0,-1.6,0.0,0.8,-0.8,0.0,0.8,1.6,0.0,0.8,1.6,0.8,0.0,-0.8,0.8,0.8,0.8,-0.8,0.8,0.8,0.8,0.0,0.8,0.8,-0.8,1.6,0.0,0.8,0.8,-0.8,1.6,-0.8,0.0,2.4000000000000004,0.0,0.0,-0.8,0.8,-0.8,0.8,1.6,-0.8,0.8,0.0,0.8,0.0,0.8,1.6,-0.8,0.0,0.8,-0.8,0.8,1.6,0.0,0.0,-0.8,1.6,-0.8,1.6,0.0,-1.6,2.4000000000000004,-1.6,0.0,0.0,0.0,0.8,-0.8,0.8,0.8,0.0,0.8,-0.8,0.8,-0.8,-0.8,0.0,0.0,0.8,0.0,0.0,1.6,0.8,0.8,0.8,0.8,0.8,-1.6,0.8,0.8,0.0
