,0
event_0,-274.32424526919243
event_1,-117.32424526919249
event_2,-228.3242452691925
event_3,-185.6575786025258
event_4,-103.65757860252582
event_5,-275.32424526919243
event_6,-97.65757860252582
event_7,-124.65757860252582
event_8,-130.99091193585917
event_9,-121.32424526919247
event_10,-177.99091193585915
event_11,-324.3242452691924
event_12,-185.99091193585912
event_13,-78.32424526919247
event_14,-108.65757860252582
event_15,-101.99091193585913
event_16,-264.9909119358591
event_17,-94.32424526919247
event_18,-281.3242452691924
event_19,-157.99091193585915
event_20,-153.3242452691925
event_21,-115.32424526919249
event_22,-360.65757860252575
event_23,-66.6575786025258
event_24,-78.32424526919245
event_25,-289.32424526919255
event_26,-222.32424526919243
event_27,-144.65757860252583
event_28,-125.99091193585913
event_29,-250.65757860252583
event_30,-118.6575786025258
event_31,-179.99091193585915
event_32,-217.65757860252583
event_33,-116.99091193585915
event_34,-206.99091193585915
event_35,-291.9909119358591
event_36,-202.32424526919246
event_37,-165.99091193585915
event_38,-82.65757860252579
event_39,-157.99091193585917
event_40,-88.99091193585915
event_41,-159.99091193585915
event_42,-123.99091193585913
event_43,-231.99091193585915
event_44,-258.32424526919243
event_45,-229.99091193585915
event_46,-144.65757860252583
event_47,-295.9909119358591
event_48,-214.3242452691925
event_49,-153.65757860252577
event_50,-125.99091193585915
event_51,-262.9909119358591
event_52,-53.32424526919247
event_53,-115.99091193585915
event_54,-282.65757860252575
event_55,-225.65757860252583
event_56,-191.99091193585912
event_57,-87.32424526919247
event_58,-105.32424526919249
event_59,-265.32424526919243
event_60,-87.32424526919246
event_61,-159.3242452691925
event_62,-219.99091193585912
event_63,-88.6575786025258
event_64,-238.65757860252577
event_65,-173.3242452691925
event_66,-251.32424526919246
event_67,-194.32424526919243
event_68,-273.65757860252575
event_69,-257.9909119358591
event_70,-221.99091193585917
event_71,-198.65757860252577
event_72,-93.99091193585912
event_73,-68.99091193585913
event_74,-175.6575786025258
event_75,-96.99091193585913
event_76,-287.3242452691924
event_77,-184.3242452691925
event_78,-110.65757860252582
event_79,-303.3242452691925
event_80,-125.99091193585915
event_81,-198.65757860252577
event_82,-224.99091193585915
event_83,-79.65757860252582
event_84,-111.32424526919249
event_85,-306.9909119358592
event_86,-139.99091193585915
event_87,-181.99091193585915
event_88,-154.99091193585915
event_89,-336.32424526919243
event_90,-224.32424526919243
event_91,-174.99091193585917
event_92,-217.99091193585917
event_93,-258.3242452691924
event_94,-277.6575786025258
event_95,-274.6575786025258
event_96,-227.99091193585915
event_97,-151.99091193585915
event_98,-90.65757860252579
event_99,-197.32424526919246
event_100,-221.32424526919246
event_101,-141.65757860252583
event_102,-122.65757860252582
event_103,-260.32424526919243
event_104,-112.99091193585915
event_105,-246.3242452691925
event_106,-110.32424526919249
event_107,-157.99091193585915
event_108,-324.32424526919243
event_109,-150.32424526919246
event_110,-185.3242452691925
event_111,-224.6575786025258
event_112,-332.32424526919243
event_113,-93.65757860252579
event_114,-217.32424526919243
event_115,-253.65757860252577
event_116,-135.6575786025258
event_117,-238.65757860252577
event_118,-303.9909119358591
event_119,-89.99091193585913
event_120,-192.3242452691925
event_121,-83.65757860252579
event_122,-134.32424526919246
event_123,-95.99091193585913
event_124,-113.99091193585913
event_125,-207.32424526919252
event_126,-367.9909119358592
event_127,-211.6575786025258
event_128,-171.65757860252577
event_129,-241.32424526919246
event_130,-81.99091193585915
event_131,-294.65757860252586
event_132,-222.3242452691925
event_133,-109.99091193585913
event_134,-184.32424526919246
event_135,-173.99091193585912
event_136,-257.65757860252575
event_137,-99.65757860252582
event_138,-108.99091193585913
event_139,-122.32424526919249
event_140,-225.32424526919243
event_141,-160.99091193585912
event_142,-81.6575786025258
event_143,-229.65757860252583
event_144,-190.32424526919243
event_145,-147.99091193585917
event_146,-198.3242452691925
event_147,-102.99091193585913
event_148,-197.32424526919246
event_149,-204.6575786025258
event_150,-98.32424526919247
event_151,-154.3242452691925
event_152,-213.32424526919243
event_153,-262.9909119358591
event_154,-101.32424526919249
event_155,-221.32424526919246
event_156,-248.65757860252583
event_157,-241.6575786025258
event_158,-281.3242452691925
event_159,-137.99091193585915
event_160,-237.6575786025258
event_161,-92.99091193585913
event_162,-226.65757860252583
event_163,-95.99091193585916
event_164,-208.99091193585915
event_165,-151.99091193585917
event_166,-119.65757860252582
event_167,-179.99091193585917
event_168,-108.6575786025258
event_169,-247.32424526919246
event_170,-92.99091193585916
event_171,-123.32424526919247
event_172,-212.32424526919246
event_173,-158.32424526919243
event_174,-174.32424526919243
event_175,-86.32424526919245
event_176,-142.99091193585915
event_177,-153.99091193585915
event_178,-201.99091193585915
event_179,-211.99091193585915
event_180,-247.3242452691925
event_181,-198.6575786025258
event_182,-66.99091193585913
event_183,-146.99091193585915
event_184,-132.99091193585915
event_185,-185.6575786025258
event_186,-168.99091193585915
event_187,-230.99091193585912
event_188,-206.99091193585917
event_189,-191.6575786025258
event_190,-110.6575786025258
event_191,-122.32424526919247
event_192,-181.6575786025258
event_193,-139.3242452691925
event_194,-106.6575786025258
event_195,-153.99091193585915
event_196,-89.99091193585913
event_197,-123.99091193585915
event_198,-209.65757860252583
event_199,-120.32424526919246
event_200,-186.3242452691925
event_201,-88.99091193585913
event_202,-314.65757860252586
event_203,-77.32424526919246
event_204,-150.3242452691925
event_205,-318.9909119358591
event_206,-317.9909119358591
event_207,-199.99091193585915
event_208,-291.3242452691925
event_209,-112.65757860252579
event_210,-169.6575786025258
event_211,-81.32424526919246
event_212,-100.3242452691925
event_213,-143.65757860252583
event_214,-150.3242452691925
event_215,-195.3242452691925
event_216,-164.99091193585917
event_217,-182.99091193585917
event_218,-150.99091193585912
event_219,-259.9909119358591
event_220,-279.6575786025258
event_221,-269.9909119358591
event_222,-161.99091193585915
event_223,-83.32424526919246
event_224,-167.99091193585912
event_225,-70.99091193585915
event_226,-87.32424526919246
event_227,-161.32424526919246
event_228,-185.32424526919243
event_229,-180.6575786025258
event_230,-197.6575786025258
event_231,-160.32424526919246
event_232,-138.32424526919246
event_233,-162.9909119358592
event_234,-117.6575786025258
event_235,-109.32424526919247
event_236,-94.6575786025258
event_237,-93.65757860252582
event_238,-58.99091193585913
event_239,-73.32424526919245
event_240,-128.32424526919246
event_241,-153.99091193585917
event_242,-200.6575786025258
event_243,-194.99091193585915
event_244,-119.99091193585913
event_245,-106.99091193585915
event_246,-241.6575786025258
event_247,-71.65757860252579
event_248,-287.6575786025258
event_249,-149.3242452691925
event_250,-73.32424526919246
event_251,-136.6575786025258
event_252,-186.65757860252577
event_253,-101.99091193585915
event_254,-93.99091193585915
event_255,-66.6575786025258
event_256,-341.9909119358592
event_257,-177.32424526919246
event_258,-211.32424526919246
event_259,-246.99091193585915
event_260,-228.99091193585912
event_261,-100.99091193585915
event_262,-220.99091193585915
event_263,-231.32424526919246
event_264,-112.99091193585915
event_265,-246.32424526919246
event_266,-265.9909119358592
event_267,-178.65757860252586
event_268,-230.32424526919246
event_269,-240.32424526919246
event_270,-229.99091193585915
event_271,-146.3242452691925
event_272,-221.65757860252577
event_273,-89.32424526919246
event_274,-180.6575786025258
event_275,-83.99091193585915
event_276,-74.32424526919245
event_277,-152.32424526919252
event_278,-79.32424526919249
event_279,-323.3242452691925
event_280,-77.65757860252582
event_281,-84.99091193585913
event_282,-250.65757860252575
event_283,-91.32424526919247
event_284,-107.99091193585913
event_285,-244.99091193585912
event_286,-372.9909119358592
event_287,-89.99091193585913
event_288,-166.6575786025258
event_289,-232.6575786025258
event_290,-187.3242452691925
event_291,-341.6575786025258
event_292,-183.99091193585912
event_293,-202.3242452691925
event_294,-80.6575786025258
event_295,-210.99091193585912
event_296,-198.32424526919246
event_297,-79.65757860252579
event_298,-64.65757860252579
event_299,-213.32424526919246
event_300,-175.65757860252583
event_301,-203.65757860252577
event_302,-74.65757860252582
event_303,-178.99091193585917
event_304,-149.32424526919246
event_305,-67.32424526919246
event_306,-231.99091193585912
event_307,-215.6575786025258
event_308,-284.99091193585906
event_309,-114.32424526919246
event_310,-251.99091193585915
event_311,-79.65757860252579
event_312,-223.32424526919243
event_313,-197.32424526919246
event_314,-99.65757860252582
event_315,-194.99091193585915
event_316,-212.3242452691925
event_317,-160.99091193585915
event_318,-196.3242452691925
event_319,-282.6575786025258
event_320,-165.99091193585915
event_321,-101.6575786025258
event_322,-128.3242452691925
event_323,-184.99091193585915
event_324,-123.32424526919249
event_325,-222.99091193585912
event_326,-239.65757860252577
event_327,-210.32424526919246
event_328,-225.6575786025258
event_329,-94.65757860252577
event_330,-262.32424526919243
event_331,-278.32424526919255
event_332,-209.9909119358591
event_333,-201.6575786025258
event_334,-111.32424526919247
event_335,-165.32424526919246
event_336,-165.32424526919252
event_337,-309.32424526919243
event_338,-263.9909119358591
event_339,-273.99091193585906
event_340,-218.99091193585915
event_341,-166.65757860252577
event_342,-272.9909119358591
event_343,-126.32424526919246
event_344,-135.3242452691925
event_345,-190.99091193585912
event_346,-306.3242452691925
event_347,-269.9909119358591
event_348,-111.99091193585913
event_349,-84.99091193585915
event_350,-236.32424526919243
event_351,-228.99091193585912
event_352,-130.32424526919246
event_353,-175.99091193585912
event_354,-256.3242452691925
event_355,-145.9909119358592
event_356,-324.9909119358591
event_357,-79.65757860252579
event_358,-216.6575786025258
event_359,-254.65757860252572
event_360,-73.65757860252582
event_361,-288.65757860252575
event_362,-173.6575786025258
event_363,-381.65757860252575
event_364,-306.65757860252575
event_365,-84.6575786025258
event_366,-218.6575786025258
event_367,-230.6575786025258
event_368,-197.99091193585912
event_369,-240.99091193585906
event_370,-105.32424526919246
event_371,-263.3242452691924
event_372,-226.3242452691925
event_373,-132.99091193585915
event_374,-136.3242452691925
event_375,-251.65757860252577
event_376,-150.99091193585915
event_377,-302.32424526919243
event_378,-151.65757860252583
event_379,-193.3242452691925
event_380,-158.99091193585915
event_381,-67.65757860252582
event_382,-74.6575786025258
event_383,-91.65757860252582
event_384,-213.65757860252583
event_385,-84.32424526919247
event_386,-202.99091193585912
event_387,-144.3242452691925
event_388,-137.32424526919246
event_389,-135.6575786025258
event_390,-200.65757860252583
event_391,-228.99091193585915
event_392,-75.65757860252583
event_393,-69.99091193585913
event_394,-249.99091193585915
event_395,-83.99091193585913
event_396,-232.65757860252583
event_397,-161.3242452691925
event_398,-92.99091193585915
event_399,-274.6575786025258
event_400,-344.6575786025258
event_401,-175.99091193585912
event_402,-257.99091193585906
event_403,-128.32424526919246
event_404,-232.99091193585915
event_405,-265.32424526919243
event_406,-197.6575786025258
event_407,-77.6575786025258
event_408,-77.65757860252579
event_409,-258.3242452691925
event_410,-187.99091193585915
event_411,-269.99091193585906
event_412,-69.32424526919247
event_413,-231.99091193585917
event_414,-289.32424526919243
event_415,-113.99091193585915
event_416,-159.3242452691925
event_417,-134.3242452691925
event_418,-213.99091193585915
event_419,-100.99091193585915
event_420,-155.32424526919246
event_421,-80.99091193585915
event_422,-187.9909119358591
event_423,-112.99091193585913
event_424,-171.65757860252583
event_425,-233.6575786025258
event_426,-247.65757860252575
event_427,-118.99091193585913
event_428,-212.99091193585912
event_429,-236.32424526919246
event_430,-369.65757860252575
event_431,-81.99091193585915
event_432,-325.6575786025258
event_433,-61.6575786025258
event_434,-242.9909119358591
event_435,-263.6575786025258
event_436,-127.3242452691925
event_437,-131.99091193585915
event_438,-86.32424526919245
event_439,-215.6575786025258
event_440,-181.3242452691925
event_441,-299.32424526919243
event_442,-133.99091193585915
event_443,-253.99091193585903
event_444,-249.6575786025258
event_445,-83.65757860252582
event_446,-351.3242452691925
event_447,-259.6575786025258
event_448,-189.6575786025258
event_449,-186.32424526919246
event_450,-188.65757860252583
event_451,-92.32424526919249
event_452,-217.6575786025258
event_453,-250.99091193585915
event_454,-234.65757860252583
event_455,-190.99091193585915
event_456,-134.32424526919246
event_457,-299.65757860252575
event_458,-94.65757860252579
event_459,-154.99091193585917
event_460,-325.9909119358591
event_461,-252.9909119358591
event_462,-110.32424526919249
event_463,-188.99091193585915
event_464,-179.3242452691925
event_465,-177.99091193585912
event_466,-79.99091193585915
event_467,-174.99091193585917
event_468,-181.99091193585912
event_469,-305.9909119358591
event_470,-250.3242452691925
event_471,-203.32424526919246
event_472,-126.99091193585912
event_473,-233.65757860252583
event_474,-93.32424526919245
event_475,-106.99091193585915
event_476,-244.3242452691925
event_477,-209.3242452691925
event_478,-73.99091193585913
event_479,-102.6575786025258
event_480,-201.99091193585912
event_481,-277.9909119358592
event_482,-137.99091193585915
event_483,-240.6575786025258
event_484,-178.6575786025258
event_485,-226.6575786025258
event_486,-108.65757860252583
event_487,-315.32424526919243
event_488,-181.3242452691925
event_489,-253.6575786025258
event_490,-262.32424526919243
event_491,-217.65757860252583
event_492,-299.99091193585906
event_493,-82.99091193585915
event_494,-90.6575786025258
event_495,-131.3242452691925
event_496,-209.99091193585915
event_497,-210.3242452691925
event_498,-299.99091193585906
event_499,-186.99091193585912
event_500,-179.6575786025258
event_501,-240.65757860252577
event_502,-151.99091193585915
event_503,-216.3242452691925
event_504,-193.3242452691925
event_505,-67.99091193585913
event_506,-163.99091193585915
event_507,-184.32424526919246
event_508,-218.99091193585912
event_509,-69.6575786025258
event_510,-102.6575786025258
event_511,-185.32424526919246
event_512,-224.99091193585915
event_513,-192.6575786025258
event_514,-95.6575786025258
event_515,-118.99091193585913
event_516,-100.6575786025258
event_517,-320.9909119358591
event_518,-98.65757860252582
event_519,-236.99091193585912
event_520,-168.99091193585915
event_521,-161.99091193585912
event_522,-228.32424526919246
event_523,-81.65757860252582
event_524,-191.65757860252577
event_525,-176.6575786025258
event_526,-312.3242452691925
event_527,-88.65757860252582
event_528,-163.99091193585917
event_529,-186.3242452691925
event_530,-238.99091193585912
event_531,-245.3242452691925
event_532,-186.6575786025258
event_533,-274.3242452691925
event_534,-204.65757860252577
event_535,-184.99091193585915
event_536,-125.32424526919249
event_537,-159.3242452691925
event_538,-104.65757860252582
event_539,-174.99091193585915
event_540,-196.6575786025258
event_541,-188.32424526919246
event_542,-159.6575786025258
event_543,-88.32424526919247
event_544,-166.32424526919246
event_545,-214.65757860252577
event_546,-243.3242452691925
event_547,-168.3242452691925
event_548,-189.32424526919252
event_549,-206.65757860252577
event_550,-145.32424526919246
event_551,-145.99091193585917
event_552,-93.99091193585912
event_553,-307.65757860252575
event_554,-164.99091193585915
event_555,-175.6575786025258
event_556,-152.99091193585915
event_557,-96.32424526919247
event_558,-159.3242452691925
event_559,-93.32424526919249
event_560,-88.99091193585915
event_561,-315.9909119358591
event_562,-106.32424526919245
event_563,-222.9909119358591
event_564,-230.6575786025258
event_565,-218.3242452691925
event_566,-151.99091193585915
event_567,-304.9909119358592
event_568,-205.6575786025258
event_569,-113.65757860252579
event_570,-166.32424526919246
event_571,-365.65757860252575
event_572,-202.99091193585912
event_573,-77.32424526919246
event_574,-136.3242452691925
event_575,-156.65757860252583
event_576,-134.3242452691925
event_577,-209.65757860252583
event_578,-304.9909119358591
event_579,-219.3242452691924
event_580,-234.65757860252577
event_581,-200.3242452691925
event_582,-122.99091193585915
event_583,-222.32424526919243
event_584,-202.99091193585912
event_585,-88.6575786025258
event_586,-318.6575786025258
event_587,-117.99091193585916
event_588,-232.32424526919243
event_589,-195.32424526919243
event_590,-267.65757860252575
event_591,-116.32424526919247
event_592,-147.99091193585912
event_593,-250.99091193585915
event_594,-90.65757860252577
event_595,-195.99091193585912
event_596,-210.99091193585915
event_597,-108.99091193585913
event_598,-209.3242452691925
event_599,-103.65757860252582
event_600,-67.99091193585915
event_601,-276.3242452691924
event_602,-234.65757860252577
event_603,-137.65757860252577
event_604,-130.6575786025258
event_605,-243.6575786025258
event_606,-202.32424526919246
event_607,-191.65757860252583
event_608,-59.99091193585912
event_609,-72.99091193585915
event_610,-180.99091193585915
event_611,-160.32424526919246
event_612,-82.99091193585915
event_613,-172.6575786025258
event_614,-114.32424526919247
event_615,-259.99091193585906
event_616,-150.3242452691925
event_617,-252.3242452691925
event_618,-209.99091193585917
event_619,-78.32424526919247
event_620,-104.6575786025258
event_621,-206.99091193585915
event_622,-317.65757860252586
event_623,-78.32424526919247
event_624,-189.99091193585912
event_625,-83.32424526919246
event_626,-217.99091193585915
event_627,-64.99091193585913
event_628,-288.32424526919243
event_629,-298.9909119358592
event_630,-270.32424526919243
event_631,-259.9909119358592
event_632,-214.99091193585912
event_633,-84.32424526919246
event_634,-332.3242452691925
event_635,-223.65757860252583
event_636,-205.6575786025258
event_637,-256.65757860252575
event_638,-192.32424526919246
event_639,-124.32424526919247
event_640,-93.99091193585915
event_641,-86.6575786025258
event_642,-330.3242452691925
event_643,-213.3242452691925
event_644,-322.99091193585906
event_645,-251.32424526919246
event_646,-119.99091193585913
event_647,-79.6575786025258
event_648,-186.65757860252586
event_649,-195.6575786025258
event_650,-185.32424526919246
event_651,-357.32424526919243
event_652,-69.32424526919247
event_653,-178.65757860252583
event_654,-63.65757860252579
event_655,-172.99091193585915
event_656,-254.99091193585915
event_657,-164.99091193585912
event_658,-204.99091193585912
event_659,-190.99091193585915
event_660,-272.32424526919243
event_661,-295.9909119358591
event_662,-71.6575786025258
event_663,-109.32424526919246
event_664,-224.99091193585912
event_665,-211.32424526919246
event_666,-258.3242452691925
event_667,-221.32424526919246
event_668,-203.9909119358591
event_669,-196.6575786025258
event_670,-277.65757860252586
event_671,-200.32424526919243
event_672,-173.65757860252583
event_673,-167.32424526919252
event_674,-340.32424526919243
event_675,-154.65757860252583
event_676,-72.99091193585913
event_677,-296.32424526919243
event_678,-308.3242452691925
event_679,-125.99091193585915
event_680,-198.32424526919246
event_681,-367.6575786025258
event_682,-164.3242452691925
event_683,-214.6575786025258
event_684,-164.32424526919243
event_685,-141.6575786025258
event_686,-305.9909119358591
event_687,-208.99091193585912
event_688,-221.3242452691925
event_689,-265.3242452691925
event_690,-267.6575786025258
event_691,-217.32424526919246
event_692,-316.3242452691925
event_693,-179.6575786025258
event_694,-203.3242452691925
event_695,-160.6575786025258
event_696,-207.3242452691925
event_697,-264.65757860252575
event_698,-222.3242452691925
event_699,-130.32424526919246
event_700,-187.99091193585915
event_701,-97.99091193585915
event_702,-296.9909119358592
event_703,-301.32424526919243
event_704,-165.65757860252583
event_705,-81.32424526919246
event_706,-56.32424526919245
event_707,-287.65757860252586
event_708,-158.3242452691925
event_709,-235.32424526919243
event_710,-106.32424526919247
event_711,-260.3242452691925
event_712,-78.6575786025258
event_713,-314.6575786025258
event_714,-195.6575786025258
event_715,-149.99091193585912
event_716,-141.32424526919252
event_717,-90.99091193585913
event_718,-188.65757860252583
event_719,-239.99091193585912
event_720,-288.65757860252575
event_721,-137.99091193585915
event_722,-124.6575786025258
event_723,-147.3242452691925
event_724,-70.99091193585915
event_725,-126.32424526919247
event_726,-165.99091193585912
event_727,-97.99091193585915
event_728,-176.65757860252583
event_729,-150.32424526919252
event_730,-208.32424526919246
event_731,-103.32424526919247
event_732,-223.65757860252583
event_733,-204.6575786025258
event_734,-124.6575786025258
event_735,-275.9909119358591
event_736,-230.99091193585912
event_737,-141.32424526919246
event_738,-107.32424526919249
event_739,-88.6575786025258
event_740,-90.32424526919247
event_741,-228.65757860252577
event_742,-180.99091193585917
event_743,-155.6575786025258
event_744,-255.32424526919246
event_745,-197.32424526919246
event_746,-80.99091193585913
event_747,-124.32424526919247
event_748,-199.6575786025258
event_749,-138.32424526919246
event_750,-211.99091193585912
event_751,-221.32424526919246
event_752,-227.3242452691925
event_753,-143.32424526919246
event_754,-157.99091193585915
event_755,-93.32424526919249
event_756,-234.99091193585912
event_757,-60.9909119358591
event_758,-245.65757860252577
event_759,-117.32424526919247
event_760,-220.65757860252583
event_761,-92.6575786025258
event_762,-149.32424526919246
event_763,-75.32424526919246
event_764,-77.99091193585915
event_765,-97.32424526919246
event_766,-139.32424526919246
event_767,-224.99091193585915
event_768,-195.32424526919246
event_769,-270.9909119358591
event_770,-262.6575786025258
event_771,-68.32424526919246
event_772,-230.99091193585915
event_773,-139.99091193585917
event_774,-227.99091193585912
event_775,-107.65757860252579
event_776,-168.65757860252583
event_777,-138.32424526919246
event_778,-330.6575786025258
event_779,-333.32424526919255
event_780,-104.32424526919246
event_781,-97.32424526919247
event_782,-161.6575786025258
event_783,-67.32424526919247
event_784,-157.32424526919246
event_785,-242.99091193585912
event_786,-237.32424526919246
event_787,-271.9909119358591
event_788,-83.99091193585913
event_789,-303.6575786025258
event_790,-84.32424526919247
event_791,-78.65757860252582
event_792,-66.99091193585913
event_793,-148.32424526919246
event_794,-76.32424526919249
event_795,-282.65757860252575
event_796,-308.32424526919243
event_797,-237.32424526919246
event_798,-265.99091193585906
event_799,-80.32424526919246
event_800,-143.3242452691925
event_801,-176.6575786025258
event_802,-177.99091193585917
event_803,-235.99091193585912
event_804,-207.32424526919246
event_805,-260.65757860252575
event_806,-181.6575786025259
event_807,-190.32424526919246
event_808,-161.6575786025258
event_809,-238.6575786025258
event_810,-269.32424526919243
event_811,-255.32424526919243
event_812,-84.6575786025258
event_813,-73.65757860252579
event_814,-110.65757860252582
event_815,-73.6575786025258
event_816,-102.65757860252582
event_817,-235.6575786025258
event_818,-250.9909119358591
event_819,-323.65757860252575
event_820,-181.6575786025258
event_821,-119.32424526919246
event_822,-136.6575786025258
event_823,-238.32424526919243
event_824,-66.99091193585912
event_825,-159.99091193585912
event_826,-349.65757860252575
event_827,-201.32424526919246
event_828,-279.32424526919243
event_829,-142.6575786025258
event_830,-259.65757860252575
event_831,-114.32424526919246
event_832,-149.32424526919246
event_833,-279.65757860252586
event_834,-359.65757860252575
event_835,-123.65757860252582
event_836,-197.32424526919246
event_837,-200.65757860252575
event_838,-157.65757860252583
event_839,-101.99091193585913
event_840,-211.3242452691925
event_841,-235.32424526919246
event_842,-245.32424526919246
event_843,-95.32424526919247
event_844,-160.65757860252577
event_845,-233.99091193585912
event_846,-232.99091193585915
event_847,-58.657578602525795
event_848,-273.9909119358591
event_849,-242.65757860252577
event_850,-229.99091193585915
event_851,-58.657578602525795
event_852,-109.6575786025258
event_853,-328.65757860252575
event_854,-114.65757860252582
event_855,-74.99091193585915
event_856,-121.32424526919249
event_857,-310.9909119358591
event_858,-235.99091193585912
event_859,-95.32424526919246
event_860,-219.32424526919246
event_861,-181.32424526919243
event_862,-226.65757860252583
event_863,-120.32424526919246
event_864,-197.9909119358591
event_865,-203.32424526919246
event_866,-199.32424526919252
event_867,-122.32424526919249
event_868,-63.6575786025258
event_869,-108.99091193585912
event_870,-141.32424526919246
event_871,-275.9909119358591
event_872,-126.99091193585913
event_873,-100.99091193585913
event_874,-182.32424526919252
event_875,-324.65757860252575
event_876,-112.32424526919246
event_877,-139.32424526919246
event_878,-295.32424526919243
event_879,-215.99091193585917
event_880,-250.32424526919246
event_881,-161.6575786025258
event_882,-173.99091193585915
event_883,-230.32424526919246
event_884,-75.99091193585913
event_885,-206.65757860252577
event_886,-301.6575786025258
event_887,-126.65757860252583
event_888,-95.99091193585913
event_889,-292.9909119358592
event_890,-175.99091193585915
event_891,-118.99091193585916
event_892,-127.99091193585915
event_893,-257.3242452691924
event_894,-103.65757860252582
event_895,-190.32424526919246
event_896,-190.99091193585917
event_897,-132.99091193585912
event_898,-106.99091193585915
event_899,-77.32424526919246
event_900,-203.99091193585915
event_901,-190.32424526919246
event_902,-129.32424526919246
event_903,-70.99091193585913
event_904,-120.6575786025258
event_905,-158.6575786025258
event_906,-208.6575786025258
event_907,-255.65757860252577
event_908,-268.32424526919243
event_909,-275.9909119358591
event_910,-230.32424526919246
event_911,-327.32424526919243
event_912,-239.99091193585912
event_913,-246.65757860252583
event_914,-74.65757860252579
event_915,-109.65757860252582
event_916,-191.99091193585912
event_917,-297.99091193585906
event_918,-111.99091193585913
event_919,-208.9909119358591
event_920,-290.65757860252575
event_921,-184.3242452691925
event_922,-340.9909119358591
event_923,-103.32424526919246
event_924,-305.65757860252575
event_925,-200.99091193585912
event_926,-239.65757860252583
event_927,-124.65757860252583
event_928,-242.9909119358591
event_929,-240.32424526919252
event_930,-163.99091193585915
event_931,-168.99091193585915
event_932,-192.32424526919246
event_933,-101.6575786025258
event_934,-348.32424526919243
event_935,-265.32424526919243
event_936,-109.99091193585915
event_937,-142.99091193585915
event_938,-102.6575786025258
event_939,-182.6575786025258
event_940,-204.3242452691925
event_941,-120.65757860252577
event_942,-226.99091193585912
event_943,-79.32424526919247
event_944,-319.3242452691925
event_945,-179.3242452691925
event_946,-194.99091193585912
event_947,-188.6575786025258
event_948,-162.3242452691925
event_949,-194.65757860252577
event_950,-167.99091193585917
event_951,-114.32424526919249
event_952,-123.99091193585916
event_953,-169.3242452691925
event_954,-174.32424526919246
event_955,-176.32424526919243
event_956,-251.3242452691925
event_957,-169.32424526919246
event_958,-97.99091193585913
event_959,-80.99091193585913
event_960,-142.65757860252583
event_961,-151.99091193585915
event_962,-85.6575786025258
event_963,-75.32424526919246
event_964,-73.99091193585912
event_965,-146.32424526919246
event_966,-217.65757860252583
event_967,-131.99091193585912
event_968,-118.32424526919247
event_969,-71.6575786025258
event_970,-231.32424526919243
event_971,-194.32424526919246
event_972,-89.6575786025258
event_973,-249.65757860252577
event_974,-320.99091193585906
event_975,-223.32424526919246
event_976,-113.6575786025258
event_977,-249.99091193585912
event_978,-287.6575786025258
event_979,-195.32424526919246
event_980,-172.3242452691925
event_981,-136.99091193585912
event_982,-92.32424526919246
event_983,-104.32424526919249
event_984,-187.6575786025258
event_985,-131.3242452691925
event_986,-208.99091193585912
event_987,-352.32424526919243
event_988,-203.65757860252577
event_989,-192.32424526919246
event_990,-162.99091193585917
event_991,-309.6575786025258
event_992,-146.6575786025258
event_993,-257.65757860252575
event_994,-215.32424526919243
event_995,-120.99091193585916
event_996,-199.3242452691925
event_997,-149.99091193585917
event_998,-201.99091193585912
event_999,-343.99091193585906
event_1000,-163.32424526919246
event_1001,-221.65757860252575
event_1002,-210.6575786025258
event_1003,-166.3242452691925
event_1004,-254.99091193585906
event_1005,-210.99091193585912
event_1006,-81.6575786025258
event_1007,-124.6575786025258
event_1008,-67.65757860252582
event_1009,-261.9909119358592
event_1010,-181.65757860252577
event_1011,-273.65757860252575
event_1012,-196.6575786025258
event_1013,-209.99091193585917
event_1014,-221.99091193585917
event_1015,-213.99091193585912
event_1016,-292.3242452691925
event_1017,-104.32424526919247
event_1018,-101.6575786025258
event_1019,-319.32424526919243
event_1020,-245.99091193585912
event_1021,-68.99091193585913
event_1022,-160.65757860252583
event_1023,-199.6575786025258
event_1024,-148.32424526919252
event_1025,-146.3242452691925
event_1026,-202.65757860252577
event_1027,-90.65757860252585
event_1028,-275.9909119358591
event_1029,-159.99091193585915
event_1030,-118.32424526919246
event_1031,-128.3242452691925
event_1032,-230.99091193585915
event_1033,-262.9909119358591
event_1034,-339.32424526919255
event_1035,-109.65757860252583
event_1036,-192.6575786025258
event_1037,-163.6575786025258
event_1038,-195.3242452691925
event_1039,-233.65757860252577
event_1040,-62.990911935859124
event_1041,-249.65757860252577
event_1042,-263.65757860252575
event_1043,-168.99091193585915
event_1044,-98.99091193585915
event_1045,-141.3242452691925
event_1046,-250.3242452691925
event_1047,-85.65757860252579
event_1048,-177.65757860252583
event_1049,-122.65757860252585
event_1050,-208.3242452691925
event_1051,-236.32424526919243
event_1052,-195.32424526919246
event_1053,-89.32424526919246
event_1054,-283.990911935859
event_1055,-243.99091193585915
event_1056,-164.99091193585915
event_1057,-233.32424526919243
event_1058,-150.3242452691925
event_1059,-212.6575786025258
event_1060,-72.99091193585913
event_1061,-300.9909119358591
event_1062,-185.6575786025258
event_1063,-149.99091193585915
event_1064,-157.65757860252583
event_1065,-230.65757860252577
event_1066,-176.32424526919246
event_1067,-259.9909119358592
event_1068,-186.99091193585912
event_1069,-56.990911935859124
event_1070,-88.99091193585912
event_1071,-121.32424526919249
event_1072,-132.99091193585915
event_1073,-294.32424526919243
event_1074,-231.9909119358591
event_1075,-118.65757860252582
event_1076,-84.65757860252579
event_1077,-235.32424526919246
event_1078,-195.32424526919246
event_1079,-279.3242452691925
event_1080,-135.65757860252583
event_1081,-159.99091193585915
event_1082,-204.3242452691925
event_1083,-118.32424526919249
event_1084,-120.99091193585916
event_1085,-136.32424526919246
event_1086,-278.32424526919243
event_1087,-132.6575786025258
event_1088,-241.6575786025258
event_1089,-285.9909119358591
event_1090,-210.65757860252586
event_1091,-286.9909119358592
event_1092,-135.6575786025258
event_1093,-214.6575786025258
event_1094,-142.99091193585917
event_1095,-90.32424526919246
event_1096,-205.3242452691925
event_1097,-161.3242452691925
event_1098,-117.65757860252582
event_1099,-124.99091193585916
event_1100,-106.65757860252582
event_1101,-176.99091193585912
event_1102,-182.65757860252577
event_1103,-96.65757860252579
event_1104,-218.65757860252577
event_1105,-154.99091193585915
event_1106,-161.99091193585917
event_1107,-183.99091193585917
event_1108,-113.99091193585915
event_1109,-252.32424526919243
event_1110,-59.32424526919246
event_1111,-213.32424526919246
event_1112,-233.99091193585915
event_1113,-326.32424526919243
event_1114,-61.32424526919247
event_1115,-67.99091193585915
event_1116,-239.65757860252577
event_1117,-200.65757860252577
event_1118,-253.65757860252577
event_1119,-80.6575786025258
event_1120,-298.6575786025258
event_1121,-373.6575786025258
event_1122,-128.65757860252583
event_1123,-148.6575786025258
event_1124,-209.6575786025258
event_1125,-260.9909119358591
event_1126,-204.9909119358591
event_1127,-148.99091193585917
event_1128,-180.6575786025258
event_1129,-224.6575786025258
event_1130,-109.99091193585913
event_1131,-269.32424526919243
event_1132,-222.6575786025258
event_1133,-95.6575786025258
event_1134,-112.6575786025258
event_1135,-272.99091193585906
event_1136,-145.99091193585912
event_1137,-240.3242452691924
event_1138,-147.3242452691925
event_1139,-271.9909119358591
event_1140,-106.99091193585913
event_1141,-219.6575786025258
event_1142,-314.6575786025258
event_1143,-190.3242452691925
event_1144,-341.65757860252575
event_1145,-234.32424526919246
event_1146,-121.32424526919249
event_1147,-150.99091193585915
event_1148,-115.6575786025258
event_1149,-306.3242452691925
event_1150,-143.32424526919246
event_1151,-100.32424526919246
event_1152,-222.99091193585912
event_1153,-119.32424526919246
event_1154,-170.65757860252577
event_1155,-269.6575786025258
event_1156,-257.32424526919243
event_1157,-103.65757860252582
event_1158,-186.65757860252586
event_1159,-330.65757860252575
event_1160,-168.6575786025258
event_1161,-92.65757860252582
event_1162,-73.65757860252582
event_1163,-236.99091193585917
event_1164,-224.65757860252575
event_1165,-100.99091193585913
event_1166,-205.99091193585912
event_1167,-248.3242452691925
event_1168,-182.6575786025258
event_1169,-262.6575786025258
event_1170,-95.99091193585915
event_1171,-225.65757860252583
event_1172,-297.32424526919243
event_1173,-135.3242452691925
event_1174,-196.65757860252583
event_1175,-261.65757860252575
event_1176,-193.3242452691925
event_1177,-62.65757860252579
event_1178,-289.6575786025258
event_1179,-323.3242452691925
event_1180,-251.6575786025258
event_1181,-245.9909119358591
event_1182,-134.6575786025258
event_1183,-196.32424526919243
event_1184,-122.65757860252579
event_1185,-91.32424526919249
event_1186,-125.99091193585915
event_1187,-118.32424526919247
event_1188,-266.65757860252575
event_1189,-91.32424526919247
event_1190,-246.99091193585912
event_1191,-67.65757860252582
event_1192,-102.6575786025258
event_1193,-160.99091193585917
event_1194,-112.6575786025258
event_1195,-166.9909119358591
event_1196,-237.3242452691924
event_1197,-67.32424526919247
event_1198,-101.32424526919247
event_1199,-143.6575786025258
event_1200,-142.6575786025258
event_1201,-200.65757860252577
event_1202,-257.6575786025258
event_1203,-96.3242452691925
event_1204,-118.6575786025258
event_1205,-262.32424526919243
event_1206,-296.3242452691925
event_1207,-282.32424526919243
event_1208,-250.32424526919243
event_1209,-230.65757860252575
event_1210,-209.65757860252583
event_1211,-154.99091193585915
event_1212,-163.32424526919246
event_1213,-218.99091193585917
event_1214,-51.99091193585914
event_1215,-162.3242452691925
event_1216,-343.65757860252575
event_1217,-88.32424526919247
event_1218,-73.6575786025258
event_1219,-141.99091193585915
event_1220,-164.65757860252577
event_1221,-333.32424526919243
event_1222,-270.32424526919243
event_1223,-110.99091193585916
event_1224,-83.6575786025258
event_1225,-227.65757860252577
event_1226,-88.99091193585913
event_1227,-75.32424526919246
event_1228,-203.3242452691925
event_1229,-74.32424526919247
event_1230,-126.32424526919247
event_1231,-205.99091193585915
event_1232,-197.99091193585912
event_1233,-76.6575786025258
event_1234,-266.3242452691924
event_1235,-120.6575786025258
event_1236,-168.3242452691925
event_1237,-341.65757860252575
event_1238,-171.99091193585915
event_1239,-186.3242452691925
event_1240,-102.99091193585913
event_1241,-252.32424526919243
event_1242,-207.3242452691925
event_1243,-80.99091193585913
event_1244,-84.65757860252579
event_1245,-184.99091193585915
event_1246,-270.9909119358591
event_1247,-114.32424526919246
event_1248,-105.99091193585913
event_1249,-157.99091193585917
event_1250,-240.99091193585915
event_1251,-187.99091193585915
event_1252,-232.65757860252577
event_1253,-191.3242452691925
event_1254,-105.99091193585915
event_1255,-88.32424526919247
event_1256,-72.32424526919249
event_1257,-142.3242452691925
event_1258,-311.9909119358592
event_1259,-233.99091193585912
event_1260,-201.32424526919246
event_1261,-182.32424526919246
event_1262,-177.65757860252583
event_1263,-380.9909119358592
event_1264,-171.99091193585915
event_1265,-66.6575786025258
event_1266,-186.99091193585912
event_1267,-140.6575786025258
event_1268,-70.32424526919247
event_1269,-325.99091193585906
event_1270,-76.32424526919245
event_1271,-79.6575786025258
event_1272,-108.32424526919249
event_1273,-201.32424526919246
event_1274,-89.99091193585915
event_1275,-168.65757860252583
event_1276,-65.65757860252579
event_1277,-66.32424526919247
event_1278,-85.99091193585913
event_1279,-78.32424526919247
event_1280,-157.99091193585915
event_1281,-82.65757860252582
event_1282,-264.9909119358591
event_1283,-114.32424526919247
event_1284,-241.32424526919243
event_1285,-103.65757860252583
event_1286,-222.6575786025258
event_1287,-111.32424526919247
event_1288,-207.99091193585915
event_1289,-47.6575786025258
event_1290,-231.32424526919246
event_1291,-61.32424526919246
event_1292,-213.32424526919246
event_1293,-70.6575786025258
event_1294,-94.32424526919245
event_1295,-55.990911935859124
event_1296,-266.6575786025258
event_1297,-128.99091193585915
event_1298,-265.6575786025258
event_1299,-116.99091193585913
event_1300,-172.6575786025258
event_1301,-170.3242452691925
event_1302,-218.3242452691925
event_1303,-91.99091193585913
event_1304,-114.32424526919246
event_1305,-190.32424526919246
event_1306,-307.65757860252575
event_1307,-141.3242452691925
event_1308,-297.6575786025258
event_1309,-213.3242452691925
event_1310,-286.32424526919243
event_1311,-76.99091193585913
event_1312,-144.99091193585915
event_1313,-143.65757860252583
event_1314,-184.99091193585915
event_1315,-250.32424526919246
event_1316,-65.32424526919247
event_1317,-160.65757860252583
event_1318,-235.32424526919243
event_1319,-294.9909119358591
event_1320,-271.6575786025258
event_1321,-161.99091193585917
event_1322,-137.99091193585915
event_1323,-285.3242452691925
event_1324,-205.32424526919246
event_1325,-110.99091193585913
event_1326,-198.9909119358591
event_1327,-253.9909119358591
event_1328,-161.99091193585917
event_1329,-234.99091193585915
event_1330,-172.6575786025258
event_1331,-140.99091193585917
event_1332,-70.99091193585915
event_1333,-183.65757860252577
event_1334,-188.99091193585912
event_1335,-242.32424526919243
event_1336,-211.3242452691925
event_1337,-259.3242452691925
event_1338,-306.6575786025258
event_1339,-124.99091193585916
event_1340,-151.99091193585917
event_1341,-76.99091193585912
event_1342,-166.99091193585915
event_1343,-234.65757860252577
event_1344,-73.32424526919249
event_1345,-228.65757860252583
event_1346,-134.32424526919246
event_1347,-184.3242452691925
event_1348,-250.65757860252577
event_1349,-186.65757860252583
event_1350,-271.32424526919243
event_1351,-207.99091193585917
event_1352,-244.3242452691925
event_1353,-239.65757860252586
event_1354,-228.9909119358591
event_1355,-90.99091193585913
event_1356,-84.32424526919246
event_1357,-199.99091193585915
event_1358,-185.65757860252583
event_1359,-324.3242452691925
event_1360,-254.99091193585915
event_1361,-190.32424526919246
event_1362,-164.3242452691925
event_1363,-200.32424526919243
event_1364,-198.99091193585912
event_1365,-295.99091193585906
event_1366,-92.99091193585915
event_1367,-152.6575786025258
event_1368,-74.65757860252582
event_1369,-191.6575786025258
event_1370,-88.99091193585913
event_1371,-100.65757860252577
event_1372,-203.3242452691925
event_1373,-181.6575786025258
event_1374,-249.65757860252583
event_1375,-136.6575786025258
event_1376,-170.99091193585915
event_1377,-134.32424526919246
event_1378,-156.3242452691925
event_1379,-181.65757860252583
event_1380,-204.99091193585915
event_1381,-95.32424526919247
event_1382,-247.32424526919246
event_1383,-54.6575786025258
event_1384,-180.6575786025258
event_1385,-176.99091193585915
event_1386,-224.65757860252577
event_1387,-129.3242452691925
event_1388,-230.32424526919243
event_1389,-71.32424526919247
event_1390,-193.32424526919252
event_1391,-195.6575786025258
event_1392,-209.99091193585915
event_1393,-198.99091193585912
event_1394,-146.32424526919246
event_1395,-207.99091193585915
event_1396,-238.99091193585917
event_1397,-80.6575786025258
event_1398,-97.65757860252582
event_1399,-127.32424526919246
event_1400,-112.6575786025258
event_1401,-97.6575786025258
event_1402,-148.99091193585915
event_1403,-185.6575786025258
event_1404,-233.65757860252577
event_1405,-120.99091193585915
event_1406,-204.99091193585912
event_1407,-195.99091193585912
event_1408,-180.32424526919243
event_1409,-208.9909119358592
event_1410,-102.6575786025258
event_1411,-100.65757860252583
event_1412,-215.32424526919246
event_1413,-180.32424526919252
event_1414,-270.9909119358591
event_1415,-116.99091193585916
event_1416,-199.99091193585912
event_1417,-215.99091193585915
event_1418,-298.32424526919243
event_1419,-189.32424526919246
event_1420,-247.9909119358591
event_1421,-322.9909119358592
event_1422,-66.32424526919246
event_1423,-82.99091193585916
event_1424,-77.32424526919247
event_1425,-138.32424526919246
event_1426,-353.3242452691925
event_1427,-97.99091193585916
event_1428,-238.99091193585915
event_1429,-170.3242452691925
event_1430,-323.6575786025257
event_1431,-200.3242452691925
event_1432,-79.32424526919247
event_1433,-175.32424526919243
event_1434,-107.99091193585913
event_1435,-188.6575786025258
event_1436,-218.65757860252577
event_1437,-182.99091193585912
event_1438,-193.99091193585915
event_1439,-75.32424526919246
event_1440,-220.9909119358591
event_1441,-170.32424526919246
event_1442,-239.32424526919243
event_1443,-177.99091193585915
event_1444,-123.6575786025258
event_1445,-289.9909119358591
event_1446,-128.65757860252583
event_1447,-267.6575786025258
event_1448,-170.99091193585912
event_1449,-201.99091193585915
event_1450,-155.99091193585912
event_1451,-244.32424526919243
event_1452,-245.32424526919252
event_1453,-67.32424526919247
event_1454,-113.6575786025258
event_1455,-300.3242452691925
event_1456,-239.6575786025258
event_1457,-84.65757860252582
event_1458,-190.3242452691925
event_1459,-107.32424526919247
event_1460,-209.9909119358591
event_1461,-73.99091193585913
event_1462,-109.32424526919249
event_1463,-207.6575786025258
event_1464,-275.6575786025258
event_1465,-290.3242452691924
event_1466,-129.99091193585912
event_1467,-253.6575786025258
event_1468,-176.6575786025258
event_1469,-95.32424526919247
event_1470,-214.99091193585915
event_1471,-112.65757860252579
event_1472,-284.99091193585906
event_1473,-165.32424526919252
event_1474,-223.3242452691925
event_1475,-165.99091193585915
event_1476,-317.3242452691924
event_1477,-164.65757860252577
event_1478,-371.65757860252575
event_1479,-111.32424526919247
event_1480,-300.65757860252575
event_1481,-139.99091193585915
event_1482,-77.32424526919247
event_1483,-239.65757860252577
event_1484,-353.32424526919243
event_1485,-208.6575786025258
event_1486,-154.99091193585915
event_1487,-244.32424526919243
event_1488,-264.9909119358591
event_1489,-107.65757860252583
event_1490,-189.32424526919246
event_1491,-97.99091193585913
event_1492,-280.3242452691925
event_1493,-79.99091193585915
event_1494,-211.6575786025258
event_1495,-82.99091193585915
event_1496,-175.99091193585917
event_1497,-343.99091193585906
event_1498,-235.99091193585912
event_1499,-147.99091193585915
event_1500,-63.65757860252579
event_1501,-269.9909119358592
event_1502,-197.99091193585915
event_1503,-209.6575786025258
event_1504,-66.6575786025258
event_1505,-116.32424526919247
event_1506,-292.32424526919243
event_1507,-83.99091193585912
event_1508,-114.99091193585913
event_1509,-128.65757860252583
event_1510,-300.65757860252575
event_1511,-163.3242452691925
event_1512,-272.6575786025258
event_1513,-266.6575786025258
event_1514,-211.32424526919246
event_1515,-92.65757860252582
event_1516,-86.65757860252582
event_1517,-261.9909119358591
event_1518,-100.6575786025258
event_1519,-143.3242452691925
event_1520,-94.65757860252583
event_1521,-182.6575786025258
event_1522,-108.99091193585915
event_1523,-147.99091193585915
event_1524,-85.65757860252582
event_1525,-302.6575786025258
event_1526,-149.65757860252583
event_1527,-78.65757860252579
event_1528,-242.99091193585912
event_1529,-155.32424526919246
event_1530,-271.65757860252575
event_1531,-192.32424526919243
event_1532,-380.99091193585906
event_1533,-289.3242452691925
event_1534,-164.99091193585915
event_1535,-259.3242452691925
event_1536,-188.3242452691925
event_1537,-162.32424526919252
event_1538,-295.6575786025259
event_1539,-200.32424526919243
event_1540,-232.65757860252575
event_1541,-111.32424526919247
event_1542,-121.99091193585916
event_1543,-173.32424526919246
event_1544,-89.99091193585915
event_1545,-258.65757860252575
event_1546,-124.32424526919246
event_1547,-182.32424526919243
event_1548,-79.65757860252582
event_1549,-111.65757860252577
event_1550,-184.3242452691925
event_1551,-209.99091193585915
event_1552,-335.9909119358592
event_1553,-60.657578602525795
event_1554,-295.6575786025258
event_1555,-223.99091193585917
event_1556,-269.65757860252575
event_1557,-73.65757860252582
event_1558,-152.99091193585915
event_1559,-254.32424526919246
event_1560,-335.9909119358592
event_1561,-95.65757860252582
event_1562,-287.32424526919243
event_1563,-243.99091193585912
event_1564,-79.6575786025258
event_1565,-216.99091193585912
event_1566,-172.65757860252577
event_1567,-286.9909119358591
event_1568,-67.32424526919246
event_1569,-251.9909119358591
event_1570,-149.6575786025258
event_1571,-265.9909119358591
event_1572,-261.6575786025258
event_1573,-71.99091193585915
event_1574,-258.32424526919243
event_1575,-153.99091193585915
event_1576,-56.65757860252579
event_1577,-123.65757860252582
event_1578,-191.3242452691925
event_1579,-196.6575786025258
event_1580,-207.32424526919243
event_1581,-136.99091193585912
event_1582,-276.6575786025258
event_1583,-155.65757860252583
event_1584,-159.99091193585915
event_1585,-240.6575786025258
event_1586,-300.32424526919243
event_1587,-155.6575786025258
event_1588,-316.9909119358591
event_1589,-122.65757860252582
event_1590,-146.99091193585917
event_1591,-195.32424526919246
event_1592,-168.3242452691925
event_1593,-268.9909119358592
event_1594,-76.99091193585915
event_1595,-73.65757860252579
event_1596,-155.99091193585915
event_1597,-181.65757860252583
event_1598,-314.3242452691925
event_1599,-253.65757860252577
event_1600,-118.65757860252582
event_1601,-239.65757860252577
event_1602,-229.65757860252583
event_1603,-228.99091193585912
event_1604,-216.65757860252577
event_1605,-226.6575786025258
event_1606,-285.3242452691925
event_1607,-108.65757860252582
event_1608,-305.65757860252586
event_1609,-137.65757860252583
event_1610,-150.32424526919243
event_1611,-108.65757860252583
event_1612,-238.32424526919246
event_1613,-159.32424526919252
event_1614,-304.3242452691924
event_1615,-206.65757860252577
event_1616,-140.99091193585915
event_1617,-219.32424526919246
event_1618,-232.6575786025258
event_1619,-128.6575786025258
event_1620,-201.99091193585912
event_1621,-207.65757860252575
event_1622,-178.3242452691925
event_1623,-167.32424526919246
event_1624,-211.99091193585912
event_1625,-288.6575786025257
event_1626,-134.99091193585915
event_1627,-271.9909119358592
event_1628,-125.99091193585913
event_1629,-199.6575786025258
event_1630,-194.32424526919246
event_1631,-171.99091193585912
event_1632,-173.6575786025258
event_1633,-115.99091193585913
event_1634,-253.65757860252577
event_1635,-259.32424526919243
event_1636,-79.99091193585916
event_1637,-271.3242452691924
event_1638,-192.32424526919246
event_1639,-142.6575786025258
event_1640,-277.99091193585906
event_1641,-182.3242452691925
event_1642,-207.99091193585912
event_1643,-127.32424526919246
event_1644,-229.65757860252577
event_1645,-205.32424526919252
event_1646,-106.6575786025258
event_1647,-139.99091193585917
event_1648,-169.32424526919246
event_1649,-149.65757860252583
event_1650,-213.32424526919246
event_1651,-260.65757860252575
event_1652,-219.32424526919243
event_1653,-186.99091193585912
event_1654,-159.65757860252583
event_1655,-112.99091193585915
event_1656,-167.3242452691925
event_1657,-70.65757860252582
event_1658,-102.32424526919247
event_1659,-285.3242452691925
event_1660,-168.6575786025258
event_1661,-190.6575786025258
event_1662,-230.65757860252583
event_1663,-79.6575786025258
event_1664,-88.32424526919247
event_1665,-182.65757860252583
event_1666,-128.3242452691925
event_1667,-113.99091193585915
event_1668,-245.65757860252577
event_1669,-270.3242452691925
event_1670,-311.6575786025258
event_1671,-128.99091193585917
event_1672,-99.99091193585913
event_1673,-90.99091193585913
event_1674,-87.99091193585913
event_1675,-190.32424526919252
event_1676,-71.32424526919249
event_1677,-183.6575786025258
event_1678,-194.32424526919246
event_1679,-255.65757860252577
event_1680,-73.65757860252577
event_1681,-269.65757860252575
event_1682,-69.65757860252579
event_1683,-200.65757860252583
event_1684,-59.32424526919245
event_1685,-136.32424526919246
event_1686,-264.65757860252586
event_1687,-184.6575786025258
event_1688,-292.9909119358591
event_1689,-204.65757860252583
event_1690,-136.6575786025258
event_1691,-134.99091193585917
event_1692,-285.9909119358591
event_1693,-141.6575786025258
event_1694,-162.65757860252577
event_1695,-101.99091193585915
event_1696,-110.32424526919249
event_1697,-121.65757860252582
event_1698,-294.3242452691924
event_1699,-81.65757860252582
event_1700,-196.3242452691925
event_1701,-102.99091193585913
event_1702,-118.32424526919247
event_1703,-120.32424526919247
event_1704,-222.99091193585912
event_1705,-111.99091193585915
event_1706,-363.9909119358592
event_1707,-270.9909119358591
event_1708,-203.65757860252583
event_1709,-261.9909119358591
event_1710,-106.32424526919247
event_1711,-275.9909119358592
event_1712,-91.99091193585915
event_1713,-188.65757860252583
event_1714,-176.6575786025258
event_1715,-62.32424526919246
event_1716,-250.99091193585915
event_1717,-188.32424526919246
event_1718,-119.99091193585915
event_1719,-242.6575786025258
event_1720,-179.99091193585915
event_1721,-118.99091193585913
event_1722,-135.3242452691925
event_1723,-182.6575786025258
event_1724,-207.99091193585912
event_1725,-202.32424526919246
event_1726,-221.65757860252583
event_1727,-160.99091193585915
event_1728,-119.99091193585915
event_1729,-83.99091193585915
event_1730,-131.65757860252583
event_1731,-87.32424526919247
event_1732,-153.99091193585915
event_1733,-90.32424526919246
event_1734,-144.65757860252583
event_1735,-214.6575786025258
event_1736,-94.32424526919246
event_1737,-81.32424526919247
event_1738,-143.6575786025258
event_1739,-230.99091193585915
event_1740,-119.99091193585915
event_1741,-324.3242452691924
event_1742,-60.65757860252579
event_1743,-74.99091193585915
event_1744,-76.32424526919247
event_1745,-107.32424526919247
event_1746,-164.65757860252577
event_1747,-219.65757860252577
event_1748,-241.32424526919243
event_1749,-268.6575786025258
event_1750,-116.65757860252582
event_1751,-241.3242452691925
event_1752,-210.32424526919243
event_1753,-140.32424526919252
event_1754,-104.32424526919247
event_1755,-122.32424526919247
event_1756,-190.3242452691925
event_1757,-180.32424526919246
event_1758,-157.3242452691925
event_1759,-176.3242452691925
event_1760,-97.99091193585915
event_1761,-253.32424526919246
event_1762,-179.99091193585915
event_1763,-112.32424526919247
event_1764,-227.65757860252577
event_1765,-96.32424526919249
event_1766,-275.65757860252575
event_1767,-162.32424526919246
event_1768,-150.65757860252577
event_1769,-92.65757860252579
event_1770,-220.3242452691925
event_1771,-253.65757860252577
event_1772,-250.6575786025258
event_1773,-61.65757860252579
event_1774,-166.6575786025258
event_1775,-203.3242452691925
event_1776,-277.65757860252575
event_1777,-129.6575786025258
event_1778,-196.99091193585917
event_1779,-104.99091193585913
event_1780,-88.6575786025258
event_1781,-197.6575786025258
event_1782,-244.3242452691925
event_1783,-215.99091193585915
event_1784,-273.9909119358591
event_1785,-102.65757860252582
event_1786,-183.99091193585915
event_1787,-70.6575786025258
event_1788,-180.32424526919246
event_1789,-207.32424526919243
event_1790,-76.32424526919246
event_1791,-220.99091193585915
event_1792,-94.32424526919246
event_1793,-207.3242452691925
event_1794,-169.99091193585915
event_1795,-82.32424526919247
event_1796,-152.3242452691925
event_1797,-185.99091193585915
event_1798,-328.9909119358592
event_1799,-301.3242452691925
event_1800,-110.32424526919246
event_1801,-223.65757860252577
event_1802,-67.99091193585915
event_1803,-192.6575786025258
event_1804,-303.32424526919243
event_1805,-91.99091193585913
event_1806,-123.32424526919249
event_1807,-129.3242452691925
event_1808,-68.6575786025258
event_1809,-199.99091193585912
event_1810,-239.32424526919243
event_1811,-261.6575786025258
event_1812,-199.32424526919246
event_1813,-161.32424526919246
event_1814,-137.65757860252583
event_1815,-235.99091193585912
event_1816,-320.65757860252575
event_1817,-307.9909119358591
event_1818,-170.65757860252583
event_1819,-165.3242452691925
event_1820,-294.9909119358592
event_1821,-187.99091193585912
event_1822,-202.99091193585917
event_1823,-270.6575786025258
event_1824,-177.99091193585915
event_1825,-209.99091193585915
event_1826,-87.32424526919246
event_1827,-179.3242452691925
event_1828,-283.9909119358592
event_1829,-81.65757860252583
event_1830,-206.99091193585915
event_1831,-247.65757860252577
event_1832,-106.32424526919249
event_1833,-248.99091193585915
event_1834,-110.32424526919247
event_1835,-276.9909119358592
event_1836,-102.99091193585915
event_1837,-134.65757860252583
event_1838,-204.65757860252583
event_1839,-152.6575786025258
event_1840,-79.32424526919247
event_1841,-114.99091193585913
event_1842,-84.32424526919245
event_1843,-257.3242452691925
event_1844,-185.65757860252577
event_1845,-174.3242452691925
event_1846,-312.3242452691925
event_1847,-267.9909119358591
event_1848,-163.32424526919252
event_1849,-252.6575786025258
event_1850,-293.9909119358591
event_1851,-232.65757860252575
event_1852,-183.6575786025258
event_1853,-230.32424526919243
event_1854,-250.32424526919246
event_1855,-72.32424526919246
event_1856,-145.99091193585917
event_1857,-258.9909119358591
event_1858,-119.6575786025258
event_1859,-207.3242452691925
event_1860,-193.65757860252583
event_1861,-129.99091193585915
event_1862,-308.9909119358591
event_1863,-205.3242452691925
event_1864,-124.65757860252582
event_1865,-155.99091193585915
event_1866,-109.32424526919247
event_1867,-183.6575786025258
event_1868,-121.32424526919247
event_1869,-149.6575786025258
event_1870,-294.6575786025258
event_1871,-280.3242452691925
event_1872,-198.32424526919246
event_1873,-192.99091193585915
event_1874,-78.32424526919247
event_1875,-324.65757860252586
event_1876,-135.32424526919246
event_1877,-181.65757860252583
event_1878,-80.6575786025258
event_1879,-83.6575786025258
event_1880,-293.6575786025258
event_1881,-203.3242452691925
event_1882,-274.32424526919243
event_1883,-203.99091193585912
event_1884,-161.3242452691925
event_1885,-131.32424526919246
event_1886,-80.6575786025258
event_1887,-200.99091193585917
event_1888,-232.6575786025258
event_1889,-187.6575786025258
event_1890,-60.657578602525795
event_1891,-275.32424526919243
event_1892,-91.65757860252579
event_1893,-132.32424526919252
event_1894,-222.99091193585912
event_1895,-66.32424526919249
event_1896,-190.65757860252583
event_1897,-193.32424526919246
event_1898,-97.99091193585915
event_1899,-137.65757860252583
event_1900,-107.6575786025258
event_1901,-229.9909119358592
event_1902,-252.99091193585915
event_1903,-294.6575786025258
event_1904,-123.99091193585913
event_1905,-56.6575786025258
event_1906,-88.6575786025258
event_1907,-123.32424526919246
event_1908,-169.99091193585915
event_1909,-186.65757860252577
event_1910,-153.65757860252577
event_1911,-112.65757860252582
event_1912,-125.6575786025258
event_1913,-328.65757860252575
event_1914,-334.99091193585906
event_1915,-212.65757860252577
event_1916,-270.9909119358592
event_1917,-94.32424526919246
event_1918,-214.32424526919246
event_1919,-64.65757860252583
event_1920,-388.6575786025258
event_1921,-173.32424526919243
event_1922,-224.99091193585915
event_1923,-338.32424526919243
event_1924,-68.65757860252583
event_1925,-158.3242452691925
event_1926,-155.99091193585915
event_1927,-151.3242452691925
event_1928,-91.65757860252582
event_1929,-163.6575786025258
event_1930,-151.65757860252583
event_1931,-92.99091193585913
event_1932,-193.6575786025258
event_1933,-137.32424526919246
event_1934,-242.99091193585912
event_1935,-195.6575786025258
event_1936,-246.65757860252577
event_1937,-190.99091193585915
event_1938,-118.32424526919249
event_1939,-319.3242452691925
event_1940,-67.99091193585915
event_1941,-200.99091193585915
event_1942,-207.99091193585915
event_1943,-315.32424526919243
event_1944,-141.65757860252583
event_1945,-88.6575786025258
event_1946,-102.32424526919247
event_1947,-299.6575786025258
event_1948,-99.99091193585913
event_1949,-263.65757860252586
event_1950,-68.99091193585913
event_1951,-42.32424526919246
event_1952,-142.6575786025258
event_1953,-73.6575786025258
event_1954,-170.32424526919246
event_1955,-312.6575786025257
event_1956,-122.32424526919247
event_1957,-230.32424526919246
event_1958,-237.3242452691925
event_1959,-147.32424526919252
event_1960,-136.6575786025258
event_1961,-334.32424526919243
event_1962,-119.32424526919249
event_1963,-126.32424526919246
event_1964,-152.99091193585917
event_1965,-264.32424526919243
event_1966,-229.99091193585912
event_1967,-169.3242452691925
event_1968,-119.65757860252582
event_1969,-197.99091193585912
event_1970,-277.6575786025257
event_1971,-271.9909119358592
event_1972,-204.6575786025258
event_1973,-62.32424526919245
event_1974,-182.99091193585917
event_1975,-189.32424526919252
event_1976,-146.99091193585915
event_1977,-75.99091193585915
event_1978,-255.32424526919246
event_1979,-238.65757860252583
event_1980,-343.9909119358591
event_1981,-197.65757860252577
event_1982,-169.3242452691925
event_1983,-117.32424526919246
event_1984,-161.32424526919246
event_1985,-163.99091193585912
event_1986,-123.65757860252583
event_1987,-198.6575786025258
event_1988,-272.32424526919243
event_1989,-112.99091193585913
event_1990,-279.32424526919243
event_1991,-177.32424526919243
event_1992,-151.65757860252583
event_1993,-139.32424526919246
event_1994,-138.6575786025258
event_1995,-67.65757860252582
event_1996,-115.99091193585915
event_1997,-259.32424526919243
event_1998,-189.32424526919246
event_1999,-112.6575786025258
event_2000,-166.6575786025258
event_2001,-170.99091193585915
event_2002,-237.3242452691925
event_2003,-180.3242452691925
event_2004,-101.99091193585915
event_2005,-103.99091193585915
event_2006,-183.65757860252586
event_2007,-325.32424526919243
event_2008,-198.3242452691925
event_2009,-88.32424526919246
event_2010,-142.99091193585917
event_2011,-128.65757860252583
event_2012,-114.65757860252582
event_2013,-206.99091193585912
event_2014,-263.65757860252575
event_2015,-238.99091193585912
event_2016,-202.99091193585915
event_2017,-155.99091193585917
event_2018,-84.65757860252582
event_2019,-68.99091193585913
event_2020,-402.9909119358591
event_2021,-298.99091193585906
event_2022,-163.32424526919246
event_2023,-169.3242452691925
event_2024,-128.6575786025258
event_2025,-198.99091193585917
event_2026,-147.32424526919246
event_2027,-241.99091193585915
event_2028,-163.32424526919246
event_2029,-194.65757860252577
event_2030,-196.32424526919243
event_2031,-243.99091193585912
event_2032,-84.32424526919246
event_2033,-173.99091193585915
event_2034,-110.99091193585912
event_2035,-72.65757860252582
event_2036,-70.32424526919246
event_2037,-171.32424526919252
event_2038,-239.3242452691925
event_2039,-237.99091193585912
event_2040,-185.99091193585912
event_2041,-252.32424526919246
event_2042,-122.32424526919246
event_2043,-269.9909119358591
event_2044,-117.99091193585915
event_2045,-252.65757860252583
event_2046,-159.3242452691925
event_2047,-354.3242452691925
event_2048,-158.65757860252583
event_2049,-138.3242452691925
event_2050,-89.32424526919246
event_2051,-227.65757860252577
event_2052,-96.65757860252579
event_2053,-230.32424526919246
event_2054,-173.65757860252583
event_2055,-141.6575786025258
event_2056,-69.99091193585915
event_2057,-209.32424526919246
event_2058,-219.32424526919246
event_2059,-95.32424526919246
event_2060,-234.32424526919246
event_2061,-167.99091193585915
event_2062,-209.32424526919252
event_2063,-84.32424526919246
event_2064,-147.65757860252577
event_2065,-247.99091193585912
event_2066,-97.65757860252582
event_2067,-188.99091193585915
event_2068,-161.65757860252577
event_2069,-267.32424526919243
event_2070,-425.32424526919243
event_2071,-206.32424526919246
event_2072,-110.32424526919247
event_2073,-245.99091193585917
event_2074,-156.99091193585917
event_2075,-167.3242452691925
event_2076,-88.99091193585913
event_2077,-235.3242452691925
event_2078,-220.65757860252583
event_2079,-240.32424526919246
event_2080,-272.99091193585906
event_2081,-52.65757860252579
event_2082,-179.65757860252583
event_2083,-292.6575786025258
event_2084,-221.6575786025258
event_2085,-136.6575786025258
event_2086,-235.3242452691925
event_2087,-94.99091193585913
event_2088,-276.32424526919243
event_2089,-85.65757860252579
event_2090,-282.3242452691924
event_2091,-162.3242452691925
event_2092,-115.6575786025258
event_2093,-157.32424526919246
event_2094,-153.65757860252583
event_2095,-63.65757860252582
event_2096,-206.99091193585915
event_2097,-83.99091193585913
event_2098,-116.65757860252582
event_2099,-185.99091193585915
event_2100,-131.99091193585912
event_2101,-290.32424526919243
event_2102,-157.99091193585912
event_2103,-329.9909119358591
event_2104,-324.6575786025258
event_2105,-243.3242452691925
event_2106,-89.32424526919247
event_2107,-169.99091193585912
event_2108,-48.6575786025258
event_2109,-84.32424526919247
event_2110,-158.99091193585912
event_2111,-254.99091193585915
event_2112,-115.32424526919247
event_2113,-251.32424526919246
event_2114,-258.6575786025258
event_2115,-132.6575786025258
event_2116,-202.6575786025258
event_2117,-121.3242452691925
event_2118,-177.32424526919246
event_2119,-223.32424526919246
event_2120,-74.6575786025258
event_2121,-281.32424526919243
event_2122,-145.65757860252583
event_2123,-85.99091193585913
event_2124,-111.6575786025258
event_2125,-170.3242452691925
event_2126,-281.32424526919243
event_2127,-71.6575786025258
event_2128,-154.99091193585915
event_2129,-301.6575786025258
event_2130,-195.32424526919246
event_2131,-103.99091193585916
event_2132,-108.65757860252582
event_2133,-195.99091193585915
event_2134,-308.99091193585906
event_2135,-118.99091193585913
event_2136,-64.99091193585913
event_2137,-207.32424526919246
event_2138,-264.9909119358591
event_2139,-200.3242452691925
event_2140,-224.99091193585915
event_2141,-232.32424526919252
event_2142,-103.99091193585916
event_2143,-295.3242452691925
event_2144,-150.99091193585917
event_2145,-259.3242452691925
event_2146,-150.99091193585917
event_2147,-162.99091193585917
event_2148,-110.99091193585913
event_2149,-162.32424526919246
event_2150,-107.99091193585915
event_2151,-83.99091193585915
event_2152,-140.9909119358591
event_2153,-77.32424526919246
event_2154,-124.32424526919246
event_2155,-94.32424526919246
event_2156,-104.32424526919247
event_2157,-264.9909119358591
event_2158,-229.6575786025258
event_2159,-63.6575786025258
event_2160,-220.32424526919246
event_2161,-86.99091193585913
event_2162,-193.6575786025258
event_2163,-77.32424526919247
event_2164,-279.3242452691925
event_2165,-125.99091193585915
event_2166,-237.65757860252577
event_2167,-180.99091193585915
event_2168,-126.32424526919249
event_2169,-116.99091193585915
event_2170,-106.32424526919246
event_2171,-211.65757860252586
event_2172,-153.99091193585915
event_2173,-213.32424526919246
event_2174,-213.32424526919243
event_2175,-239.32424526919246
event_2176,-142.6575786025258
event_2177,-239.65757860252572
event_2178,-265.9909119358591
event_2179,-252.9909119358591
event_2180,-237.65757860252583
event_2181,-109.99091193585915
event_2182,-228.65757860252577
event_2183,-255.6575786025258
event_2184,-206.99091193585915
event_2185,-245.9909119358591
event_2186,-252.3242452691925
event_2187,-260.6575786025258
event_2188,-253.32424526919243
event_2189,-147.99091193585917
event_2190,-174.65757860252586
event_2191,-169.99091193585915
event_2192,-275.9909119358591
event_2193,-93.32424526919245
event_2194,-333.3242452691925
event_2195,-362.9909119358592
event_2196,-148.6575786025258
event_2197,-191.99091193585917
event_2198,-259.99091193585906
event_2199,-187.32424526919252
event_2200,-245.6575786025258
event_2201,-189.32424526919246
event_2202,-189.3242452691925
event_2203,-221.99091193585915
event_2204,-263.65757860252575
event_2205,-179.32424526919246
event_2206,-202.3242452691925
event_2207,-174.3242452691925
event_2208,-84.6575786025258
event_2209,-126.3242452691925
event_2210,-85.65757860252579
event_2211,-245.9909119358591
event_2212,-292.3242452691925
event_2213,-82.32424526919246
event_2214,-172.6575786025258
event_2215,-80.6575786025258
event_2216,-261.32424526919243
event_2217,-221.65757860252575
event_2218,-153.65757860252583
event_2219,-239.99091193585912
event_2220,-198.65757860252583
event_2221,-177.99091193585912
event_2222,-306.65757860252575
event_2223,-153.3242452691925
event_2224,-160.6575786025258
event_2225,-134.6575786025258
event_2226,-268.9909119358592
event_2227,-106.32424526919246
event_2228,-272.6575786025258
event_2229,-148.3242452691925
event_2230,-83.32424526919247
event_2231,-325.65757860252575
event_2232,-103.99091193585912
event_2233,-229.3242452691925
event_2234,-114.3242452691925
event_2235,-106.32424526919246
event_2236,-314.32424526919243
event_2237,-99.6575786025258
event_2238,-200.32424526919243
event_2239,-153.6575786025258
event_2240,-117.65757860252582
event_2241,-191.32424526919246
event_2242,-83.32424526919249
event_2243,-75.99091193585912
event_2244,-182.32424526919243
event_2245,-106.6575786025258
event_2246,-101.99091193585915
event_2247,-245.32424526919246
event_2248,-258.9909119358592
event_2249,-119.32424526919247
event_2250,-92.32424526919246
event_2251,-248.65757860252575
event_2252,-143.32424526919243
event_2253,-229.6575786025258
event_2254,-188.65757860252577
event_2255,-282.9909119358592
event_2256,-186.99091193585917
event_2257,-329.99091193585906
event_2258,-180.6575786025258
event_2259,-221.32424526919246
event_2260,-220.32424526919246
event_2261,-297.9909119358592
event_2262,-296.9909119358591
event_2263,-381.65757860252575
event_2264,-166.32424526919255
event_2265,-126.32424526919247
event_2266,-158.99091193585915
event_2267,-216.32424526919246
event_2268,-75.32424526919249
event_2269,-143.3242452691925
event_2270,-208.6575786025258
event_2271,-153.65757860252583
event_2272,-166.65757860252577
event_2273,-258.6575786025258
event_2274,-101.99091193585915
event_2275,-199.99091193585912
event_2276,-94.32424526919247
event_2277,-307.9909119358591
event_2278,-76.32424526919246
event_2279,-124.32424526919247
event_2280,-128.99091193585917
event_2281,-328.9909119358591
event_2282,-123.99091193585915
event_2283,-127.99091193585917
event_2284,-182.99091193585915
event_2285,-226.65757860252575
event_2286,-126.99091193585917
event_2287,-92.6575786025258
event_2288,-103.32424526919246
event_2289,-98.65757860252579
event_2290,-227.6575786025258
event_2291,-84.65757860252579
event_2292,-266.65757860252586
event_2293,-225.99091193585912
event_2294,-173.99091193585917
event_2295,-217.65757860252583
event_2296,-438.6575786025258
event_2297,-297.9909119358592
event_2298,-114.65757860252579
event_2299,-98.32424526919247
event_2300,-192.99091193585912
event_2301,-163.32424526919246
event_2302,-211.32424526919246
event_2303,-263.65757860252575
event_2304,-213.6575786025258
event_2305,-254.9909119358591
event_2306,-317.9909119358591
event_2307,-265.65757860252575
event_2308,-96.99091193585915
event_2309,-67.99091193585915
event_2310,-194.99091193585915
event_2311,-296.3242452691925
event_2312,-282.9909119358591
event_2313,-191.3242452691925
event_2314,-72.65757860252582
event_2315,-254.6575786025258
event_2316,-268.9909119358592
event_2317,-258.3242452691925
event_2318,-242.9909119358591
event_2319,-252.32424526919243
event_2320,-130.3242452691925
event_2321,-128.32424526919246
event_2322,-136.6575786025258
event_2323,-258.65757860252575
event_2324,-169.32424526919246
event_2325,-163.32424526919252
event_2326,-331.32424526919243
event_2327,-128.65757860252583
event_2328,-309.3242452691925
event_2329,-145.65757860252583
event_2330,-209.65757860252577
event_2331,-272.32424526919243
event_2332,-253.99091193585912
event_2333,-303.9909119358592
event_2334,-144.99091193585912
event_2335,-93.32424526919246
event_2336,-92.32424526919249
event_2337,-83.65757860252582
event_2338,-216.32424526919246
event_2339,-244.99091193585912
event_2340,-259.6575786025258
event_2341,-261.32424526919243
event_2342,-78.6575786025258
event_2343,-215.6575786025258
event_2344,-238.32424526919243
event_2345,-67.6575786025258
event_2346,-104.6575786025258
event_2347,-123.32424526919249
event_2348,-200.6575786025258
event_2349,-225.99091193585912
event_2350,-108.65757860252579
event_2351,-172.99091193585912
event_2352,-95.99091193585913
event_2353,-99.65757860252582
event_2354,-76.32424526919247
event_2355,-233.6575786025258
event_2356,-155.65757860252586
event_2357,-205.6575786025258
event_2358,-335.9909119358591
event_2359,-200.32424526919243
event_2360,-217.3242452691925
event_2361,-231.99091193585915
event_2362,-97.32424526919247
event_2363,-253.6575786025258
event_2364,-121.32424526919249
event_2365,-72.6575786025258
event_2366,-201.6575786025258
event_2367,-220.99091193585915
event_2368,-96.65757860252579
event_2369,-205.65757860252583
event_2370,-195.65757860252577
event_2371,-219.32424526919246
event_2372,-66.99091193585913
event_2373,-238.6575786025258
event_2374,-191.99091193585915
event_2375,-230.32424526919246
event_2376,-133.99091193585915
event_2377,-135.99091193585915
event_2378,-193.32424526919246
event_2379,-69.99091193585915
event_2380,-217.99091193585915
event_2381,-276.6575786025258
event_2382,-183.3242452691925
event_2383,-364.65757860252575
event_2384,-278.32424526919243
event_2385,-281.3242452691925
event_2386,-222.32424526919252
event_2387,-213.65757860252577
event_2388,-165.99091193585912
event_2389,-84.32424526919247
event_2390,-209.99091193585915
event_2391,-198.99091193585915
event_2392,-113.99091193585915
event_2393,-195.99091193585915
event_2394,-112.65757860252579
event_2395,-138.99091193585912
event_2396,-188.6575786025258
event_2397,-257.65757860252575
event_2398,-277.32424526919243
event_2399,-220.99091193585912
event_2400,-227.99091193585917
event_2401,-149.32424526919252
event_2402,-325.6575786025258
event_2403,-257.99091193585906
event_2404,-174.99091193585915
event_2405,-196.65757860252586
event_2406,-258.6575786025258
event_2407,-85.32424526919246
event_2408,-214.32424526919246
event_2409,-110.32424526919247
event_2410,-215.99091193585917
event_2411,-145.99091193585917
event_2412,-146.65757860252586
event_2413,-85.32424526919247
event_2414,-258.6575786025258
event_2415,-193.32424526919243
event_2416,-151.32424526919246
event_2417,-136.32424526919246
event_2418,-84.99091193585915
event_2419,-246.99091193585917
event_2420,-275.9909119358591
event_2421,-147.99091193585915
event_2422,-215.3242452691925
event_2423,-296.65757860252575
event_2424,-301.3242452691925
event_2425,-308.9909119358591
event_2426,-232.32424526919246
event_2427,-226.99091193585912
event_2428,-266.65757860252586
event_2429,-420.9909119358592
event_2430,-225.32424526919246
event_2431,-130.32424526919246
event_2432,-233.3242452691924
event_2433,-184.65757860252583
event_2434,-140.99091193585912
event_2435,-134.99091193585915
event_2436,-115.99091193585915
event_2437,-113.99091193585915
event_2438,-216.99091193585915
event_2439,-182.3242452691925
event_2440,-194.32424526919243
event_2441,-78.6575786025258
event_2442,-178.32424526919252
event_2443,-169.99091193585915
event_2444,-219.99091193585915
event_2445,-258.3242452691924
event_2446,-225.99091193585912
event_2447,-136.99091193585915
event_2448,-205.32424526919246
event_2449,-173.3242452691925
event_2450,-263.6575786025258
event_2451,-128.6575786025258
event_2452,-258.9909119358591
event_2453,-254.99091193585912
event_2454,-99.99091193585915
event_2455,-85.99091193585915
event_2456,-186.9909119358592
event_2457,-258.65757860252575
event_2458,-248.99091193585917
event_2459,-166.6575786025258
event_2460,-200.6575786025258
event_2461,-188.3242452691925
event_2462,-136.99091193585912
event_2463,-244.65757860252577
event_2464,-139.99091193585915
event_2465,-309.65757860252575
event_2466,-225.32424526919243
event_2467,-199.9909119358591
event_2468,-204.32424526919252
event_2469,-171.6575786025258
event_2470,-68.99091193585915
event_2471,-118.99091193585917
event_2472,-129.6575786025258
event_2473,-97.6575786025258
event_2474,-84.99091193585913
event_2475,-332.32424526919243
event_2476,-199.65757860252577
event_2477,-100.99091193585913
event_2478,-217.3242452691925
event_2479,-259.32424526919243
event_2480,-244.32424526919246
event_2481,-67.32424526919246
event_2482,-233.99091193585915
event_2483,-71.99091193585913
event_2484,-103.99091193585915
event_2485,-260.6575786025258
event_2486,-351.3242452691924
event_2487,-152.32424526919246
event_2488,-136.99091193585915
event_2489,-215.99091193585912
event_2490,-129.6575786025258
event_2491,-243.32424526919243
event_2492,-88.32424526919249
event_2493,-126.6575786025258
event_2494,-320.32424526919243
event_2495,-99.6575786025258
event_2496,-105.99091193585913
event_2497,-348.9909119358591
event_2498,-236.32424526919246
event_2499,-167.3242452691925
event_2500,-220.99091193585915
event_2501,-129.99091193585915
event_2502,-256.3242452691925
event_2503,-115.32424526919246
event_2504,-109.99091193585916
event_2505,-104.32424526919247
event_2506,-242.99091193585915
event_2507,-237.3242452691925
event_2508,-99.99091193585915
event_2509,-124.99091193585915
event_2510,-98.99091193585912
event_2511,-184.6575786025258
event_2512,-130.32424526919246
event_2513,-185.99091193585912
event_2514,-230.65757860252583
event_2515,-88.99091193585913
event_2516,-58.990911935859124
event_2517,-119.99091193585913
event_2518,-98.65757860252579
event_2519,-214.6575786025258
event_2520,-223.99091193585915
event_2521,-112.99091193585913
event_2522,-210.65757860252575
event_2523,-158.65757860252583
event_2524,-267.32424526919243
event_2525,-200.3242452691925
event_2526,-79.6575786025258
event_2527,-76.6575786025258
event_2528,-285.9909119358591
event_2529,-226.6575786025258
event_2530,-81.32424526919246
event_2531,-285.3242452691925
event_2532,-123.65757860252582
event_2533,-174.99091193585917
event_2534,-185.6575786025258
event_2535,-257.9909119358591
event_2536,-198.99091193585912
event_2537,-145.6575786025258
event_2538,-155.3242452691925
event_2539,-93.32424526919246
event_2540,-272.9909119358591
event_2541,-93.99091193585912
event_2542,-331.3242452691924
event_2543,-76.32424526919247
event_2544,-301.6575786025258
event_2545,-132.32424526919246
event_2546,-277.32424526919243
event_2547,-187.99091193585912
event_2548,-244.99091193585915
event_2549,-76.32424526919246
event_2550,-229.65757860252575
event_2551,-278.3242452691925
event_2552,-75.65757860252579
event_2553,-204.65757860252577
event_2554,-190.3242452691925
event_2555,-121.32424526919247
event_2556,-239.65757860252577
event_2557,-163.32424526919252
event_2558,-203.6575786025258
event_2559,-174.6575786025258
event_2560,-132.3242452691925
event_2561,-249.6575786025258
event_2562,-193.32424526919246
event_2563,-164.3242452691925
event_2564,-126.99091193585915
event_2565,-60.32424526919246
event_2566,-118.99091193585913
event_2567,-310.32424526919243
event_2568,-112.32424526919247
event_2569,-151.32424526919246
event_2570,-217.6575786025258
event_2571,-245.99091193585915
event_2572,-95.65757860252582
event_2573,-127.99091193585915
event_2574,-141.99091193585915
event_2575,-133.6575786025258
event_2576,-290.6575786025258
event_2577,-145.32424526919246
event_2578,-248.9909119358591
event_2579,-176.3242452691925
event_2580,-162.32424526919246
event_2581,-95.32424526919247
event_2582,-178.99091193585917
event_2583,-207.65757860252583
event_2584,-110.6575786025258
event_2585,-218.99091193585915
event_2586,-66.99091193585913
event_2587,-329.65757860252575
event_2588,-186.99091193585915
event_2589,-289.65757860252575
event_2590,-126.32424526919249
event_2591,-234.32424526919246
event_2592,-75.99091193585915
event_2593,-335.6575786025258
event_2594,-294.6575786025258
event_2595,-153.32424526919243
event_2596,-265.3242452691924
event_2597,-209.99091193585912
event_2598,-139.65757860252577
event_2599,-99.32424526919246
event_2600,-263.65757860252586
event_2601,-86.99091193585915
event_2602,-234.99091193585915
event_2603,-261.6575786025258
event_2604,-241.6575786025258
event_2605,-105.6575786025258
event_2606,-200.9909119358592
event_2607,-209.99091193585912
event_2608,-414.9909119358591
event_2609,-151.99091193585915
event_2610,-234.32424526919246
event_2611,-91.6575786025258
event_2612,-113.32424526919249
event_2613,-176.32424526919243
event_2614,-107.99091193585912
event_2615,-101.6575786025258
event_2616,-235.6575786025258
event_2617,-206.9909119358591
event_2618,-277.9909119358591
event_2619,-273.9909119358592
event_2620,-97.65757860252582
event_2621,-153.3242452691925
event_2622,-124.99091193585915
event_2623,-204.99091193585912
event_2624,-184.6575786025258
event_2625,-226.99091193585915
event_2626,-122.99091193585915
event_2627,-168.6575786025258
event_2628,-91.65757860252582
event_2629,-181.32424526919246
event_2630,-201.6575786025258
event_2631,-200.99091193585915
event_2632,-182.65757860252583
event_2633,-106.99091193585915
event_2634,-234.99091193585915
event_2635,-223.6575786025258
event_2636,-211.32424526919243
event_2637,-132.6575786025258
event_2638,-241.9909119358591
event_2639,-84.99091193585915
event_2640,-209.99091193585912
event_2641,-100.32424526919247
event_2642,-96.65757860252582
event_2643,-236.32424526919246
event_2644,-60.99091193585913
event_2645,-67.6575786025258
event_2646,-91.99091193585913
event_2647,-201.65757860252577
event_2648,-242.99091193585915
event_2649,-228.32424526919246
event_2650,-285.65757860252586
event_2651,-79.32424526919246
event_2652,-76.99091193585913
event_2653,-78.99091193585912
event_2654,-212.65757860252583
event_2655,-64.99091193585913
event_2656,-392.99091193585923
event_2657,-77.32424526919249
event_2658,-120.99091193585913
event_2659,-163.6575786025258
event_2660,-107.65757860252582
event_2661,-113.65757860252582
event_2662,-136.6575786025258
event_2663,-86.6575786025258
event_2664,-236.99091193585915
event_2665,-276.9909119358591
event_2666,-111.65757860252583
event_2667,-221.6575786025258
event_2668,-274.3242452691924
event_2669,-251.99091193585912
event_2670,-127.99091193585915
event_2671,-164.99091193585917
event_2672,-200.32424526919252
event_2673,-72.32424526919247
event_2674,-217.9909119358591
event_2675,-266.9909119358591
event_2676,-74.99091193585913
event_2677,-96.99091193585916
event_2678,-112.99091193585913
event_2679,-258.3242452691925
event_2680,-99.32424526919246
event_2681,-315.6575786025258
event_2682,-214.32424526919246
event_2683,-212.99091193585912
event_2684,-142.65757860252583
event_2685,-93.99091193585913
event_2686,-117.32424526919246
event_2687,-276.6575786025258
event_2688,-83.65757860252582
event_2689,-93.99091193585913
event_2690,-208.6575786025258
event_2691,-177.65757860252583
event_2692,-109.6575786025258
event_2693,-148.3242452691925
event_2694,-155.65757860252577
event_2695,-63.990911935859124
event_2696,-275.9909119358591
event_2697,-301.6575786025258
event_2698,-120.6575786025258
event_2699,-221.6575786025258
event_2700,-187.65757860252583
event_2701,-258.32424526919243
event_2702,-149.65757860252583
event_2703,-82.99091193585915
event_2704,-102.32424526919246
event_2705,-127.65757860252582
event_2706,-81.65757860252582
event_2707,-304.6575786025258
event_2708,-246.99091193585912
event_2709,-92.65757860252579
event_2710,-86.99091193585915
event_2711,-79.32424526919249
event_2712,-108.32424526919249
event_2713,-148.6575786025258
event_2714,-162.65757860252577
event_2715,-220.6575786025258
event_2716,-139.65757860252583
event_2717,-117.6575786025258
event_2718,-185.32424526919246
event_2719,-76.32424526919246
event_2720,-167.99091193585917
event_2721,-161.6575786025258
event_2722,-174.32424526919246
event_2723,-168.6575786025258
event_2724,-192.65757860252577
event_2725,-181.65757860252586
event_2726,-241.32424526919243
event_2727,-196.99091193585915
event_2728,-277.6575786025258
event_2729,-84.99091193585915
event_2730,-161.99091193585915
event_2731,-77.99091193585913
event_2732,-316.32424526919243
event_2733,-247.99091193585915
event_2734,-87.65757860252582
event_2735,-240.6575786025258
event_2736,-194.3242452691925
event_2737,-190.32424526919246
event_2738,-92.99091193585913
event_2739,-64.32424526919247
event_2740,-160.99091193585917
event_2741,-95.99091193585913
event_2742,-76.6575786025258
event_2743,-194.99091193585912
event_2744,-265.32424526919243
event_2745,-224.65757860252577
event_2746,-104.32424526919247
event_2747,-149.6575786025258
event_2748,-286.9909119358592
event_2749,-74.99091193585913
event_2750,-205.65757860252577
event_2751,-282.3242452691925
event_2752,-156.6575786025258
event_2753,-125.32424526919249
event_2754,-115.32424526919247
event_2755,-169.3242452691925
event_2756,-153.65757860252577
event_2757,-272.99091193585906
event_2758,-189.9909119358591
event_2759,-214.32424526919246
event_2760,-267.65757860252575
event_2761,-171.65757860252583
event_2762,-73.6575786025258
event_2763,-175.99091193585912
event_2764,-52.32424526919245
event_2765,-84.32424526919246
event_2766,-159.3242452691925
event_2767,-224.65757860252577
event_2768,-121.65757860252585
event_2769,-149.65757860252583
event_2770,-222.3242452691925
event_2771,-150.65757860252583
event_2772,-202.65757860252577
event_2773,-270.99091193585906
event_2774,-74.99091193585913
event_2775,-184.3242452691925
event_2776,-220.32424526919246
event_2777,-129.99091193585915
event_2778,-106.99091193585915
event_2779,-142.3242452691925
event_2780,-112.32424526919247
event_2781,-280.65757860252575
event_2782,-172.99091193585915
event_2783,-289.65757860252575
event_2784,-116.32424526919249
event_2785,-272.65757860252575
event_2786,-209.3242452691925
event_2787,-259.65757860252575
event_2788,-100.32424526919245
event_2789,-163.99091193585915
event_2790,-227.3242452691925
event_2791,-71.6575786025258
event_2792,-80.65757860252582
event_2793,-68.99091193585913
event_2794,-209.99091193585912
event_2795,-127.99091193585915
event_2796,-104.65757860252583
event_2797,-249.99091193585915
event_2798,-124.6575786025258
event_2799,-251.99091193585912
event_2800,-94.32424526919249
event_2801,-69.6575786025258
event_2802,-118.32424526919246
event_2803,-116.32424526919247
event_2804,-81.32424526919249
event_2805,-65.32424526919246
event_2806,-154.32424526919252
event_2807,-256.9909119358592
event_2808,-261.65757860252575
event_2809,-217.3242452691925
event_2810,-180.65757860252583
event_2811,-167.3242452691925
event_2812,-70.32424526919247
event_2813,-243.6575786025258
event_2814,-94.99091193585915
event_2815,-227.32424526919246
event_2816,-163.3242452691925
event_2817,-264.32424526919243
event_2818,-307.9909119358591
event_2819,-111.99091193585912
event_2820,-280.65757860252575
event_2821,-134.6575786025258
event_2822,-229.6575786025258
event_2823,-82.99091193585913
event_2824,-104.99091193585915
event_2825,-229.6575786025258
event_2826,-220.32424526919246
event_2827,-129.99091193585915
event_2828,-201.99091193585917
event_2829,-263.9909119358592
event_2830,-267.65757860252586
event_2831,-318.99091193585906
event_2832,-81.99091193585915
event_2833,-180.99091193585915
event_2834,-72.65757860252579
event_2835,-171.99091193585917
event_2836,-177.65757860252583
event_2837,-314.6575786025258
event_2838,-84.6575786025258
event_2839,-215.65757860252577
event_2840,-264.32424526919243
event_2841,-167.65757860252583
event_2842,-62.990911935859124
event_2843,-198.99091193585915
event_2844,-178.65757860252583
event_2845,-152.32424526919252
event_2846,-63.99091193585913
event_2847,-187.32424526919246
event_2848,-99.99091193585915
event_2849,-133.65757860252583
event_2850,-322.65757860252575
event_2851,-296.65757860252575
event_2852,-171.32424526919246
event_2853,-113.32424526919246
event_2854,-124.99091193585912
event_2855,-242.99091193585912
event_2856,-252.32424526919252
event_2857,-324.65757860252586
event_2858,-115.32424526919247
event_2859,-114.65757860252582
event_2860,-151.99091193585915
event_2861,-291.9909119358591
event_2862,-140.32424526919246
event_2863,-123.99091193585915
event_2864,-270.6575786025258
event_2865,-98.99091193585913
event_2866,-152.32424526919252
event_2867,-218.6575786025258
event_2868,-192.32424526919246
event_2869,-107.6575786025258
event_2870,-181.6575786025258
event_2871,-70.99091193585913
event_2872,-240.32424526919243
event_2873,-248.6575786025258
event_2874,-90.6575786025258
event_2875,-276.32424526919243
event_2876,-276.9909119358591
event_2877,-210.6575786025258
event_2878,-76.65757860252579
event_2879,-222.99091193585912
event_2880,-230.32424526919246
event_2881,-257.32424526919243
event_2882,-278.9909119358591
event_2883,-111.99091193585912
event_2884,-263.9909119358591
event_2885,-172.3242452691925
event_2886,-117.65757860252579
event_2887,-229.99091193585912
event_2888,-254.99091193585912
event_2889,-342.6575786025258
event_2890,-147.65757860252583
event_2891,-125.65757860252579
event_2892,-174.32424526919246
event_2893,-193.99091193585917
event_2894,-248.32424526919243
event_2895,-98.65757860252579
event_2896,-105.65757860252582
event_2897,-97.99091193585917
event_2898,-254.6575786025258
event_2899,-113.32424526919246
event_2900,-241.99091193585915
event_2901,-96.32424526919246
event_2902,-219.65757860252577
event_2903,-264.9909119358592
event_2904,-169.65757860252577
event_2905,-156.3242452691925
event_2906,-78.65757860252579
event_2907,-89.32424526919246
event_2908,-205.65757860252577
event_2909,-206.99091193585912
event_2910,-319.9909119358591
event_2911,-86.32424526919249
event_2912,-70.32424526919249
event_2913,-185.6575786025258
event_2914,-189.32424526919246
event_2915,-108.32424526919247
event_2916,-194.99091193585915
event_2917,-247.3242452691925
event_2918,-95.99091193585913
event_2919,-75.32424526919247
event_2920,-134.99091193585915
event_2921,-316.32424526919243
event_2922,-264.6575786025258
event_2923,-67.65757860252579
event_2924,-235.99091193585912
event_2925,-203.3242452691925
event_2926,-298.9909119358592
event_2927,-157.32424526919252
event_2928,-88.32424526919247
event_2929,-106.99091193585912
event_2930,-92.32424526919247
event_2931,-98.99091193585913
event_2932,-92.32424526919245
event_2933,-231.32424526919246
event_2934,-181.99091193585915
event_2935,-177.6575786025258
event_2936,-187.6575786025258
event_2937,-270.9909119358591
event_2938,-122.32424526919246
event_2939,-244.99091193585912
event_2940,-115.32424526919246
event_2941,-82.32424526919247
event_2942,-136.3242452691925
event_2943,-141.99091193585915
event_2944,-178.99091193585915
event_2945,-55.99091193585913
event_2946,-126.6575786025258
event_2947,-255.65757860252577
event_2948,-185.99091193585915
event_2949,-68.6575786025258
event_2950,-260.3242452691925
event_2951,-124.32424526919246
event_2952,-104.99091193585913
event_2953,-231.6575786025258
event_2954,-199.65757860252577
event_2955,-82.65757860252579
event_2956,-180.3242452691925
event_2957,-222.99091193585912
event_2958,-255.32424526919243
event_2959,-90.32424526919245
event_2960,-263.99091193585906
event_2961,-133.99091193585915
event_2962,-112.6575786025258
event_2963,-206.99091193585912
event_2964,-130.99091193585915
event_2965,-204.3242452691925
event_2966,-96.6575786025258
event_2967,-251.99091193585906
event_2968,-269.6575786025258
event_2969,-176.3242452691925
event_2970,-60.657578602525795
event_2971,-105.99091193585913
event_2972,-185.32424526919246
event_2973,-90.32424526919247
event_2974,-110.99091193585916
event_2975,-249.65757860252575
event_2976,-121.32424526919247
event_2977,-353.3242452691925
event_2978,-271.9909119358591
event_2979,-179.3242452691925
event_2980,-253.99091193585912
event_2981,-206.3242452691925
event_2982,-243.99091193585915
event_2983,-50.6575786025258
event_2984,-241.32424526919246
event_2985,-104.65757860252582
event_2986,-202.65757860252577
event_2987,-307.6575786025258
event_2988,-246.65757860252577
event_2989,-232.65757860252577
event_2990,-102.32424526919249
event_2991,-211.32424526919246
event_2992,-109.65757860252582
event_2993,-241.3242452691925
event_2994,-315.9909119358592
event_2995,-204.3242452691925
event_2996,-170.32424526919246
event_2997,-113.32424526919245
event_2998,-73.32424526919246
event_2999,-203.99091193585912
event_3000,-156.99091193585915
event_3001,-83.32424526919247
event_3002,-171.65757860252583
event_3003,-293.32424526919243
event_3004,-108.99091193585913
event_3005,-193.99091193585917
event_3006,-109.32424526919247
event_3007,-94.32424526919246
event_3008,-151.99091193585917
event_3009,-222.32424526919252
event_3010,-139.32424526919246
event_3011,-77.65757860252582
event_3012,-280.65757860252586
event_3013,-101.99091193585915
event_3014,-103.65757860252583
event_3015,-122.32424526919249
event_3016,-308.99091193585906
event_3017,-238.32424526919243
event_3018,-124.32424526919245
event_3019,-158.99091193585915
event_3020,-190.6575786025258
event_3021,-145.6575786025258
event_3022,-169.32424526919246
event_3023,-270.32424526919243
event_3024,-100.99091193585913
event_3025,-198.6575786025258
event_3026,-178.65757860252583
event_3027,-153.99091193585915
event_3028,-226.32424526919246
event_3029,-205.6575786025258
event_3030,-270.65757860252575
event_3031,-231.9909119358591
event_3032,-145.65757860252586
event_3033,-86.65757860252583
event_3034,-160.32424526919246
event_3035,-224.3242452691925
event_3036,-155.32424526919246
event_3037,-162.99091193585917
event_3038,-96.99091193585913
event_3039,-275.32424526919243
event_3040,-130.3242452691925
event_3041,-75.32424526919246
event_3042,-73.6575786025258
event_3043,-194.65757860252586
event_3044,-245.65757860252577
event_3045,-190.99091193585915
event_3046,-183.3242452691925
event_3047,-232.99091193585912
event_3048,-124.32424526919249
event_3049,-126.99091193585913
event_3050,-80.99091193585915
event_3051,-175.99091193585915
event_3052,-84.32424526919247
event_3053,-80.65757860252582
event_3054,-234.99091193585912
event_3055,-107.32424526919247
event_3056,-246.99091193585915
event_3057,-300.9909119358592
event_3058,-100.32424526919246
event_3059,-215.99091193585917
event_3060,-226.6575786025258
event_3061,-77.99091193585913
event_3062,-254.32424526919243
event_3063,-151.3242452691925
event_3064,-183.65757860252577
event_3065,-99.65757860252582
event_3066,-121.99091193585916
event_3067,-154.6575786025258
event_3068,-222.32424526919246
event_3069,-214.9909119358592
event_3070,-158.3242452691925
event_3071,-141.99091193585912
event_3072,-212.3242452691925
event_3073,-119.99091193585915
event_3074,-120.32424526919246
event_3075,-87.99091193585912
event_3076,-140.6575786025258
event_3077,-192.65757860252577
event_3078,-300.32424526919243
event_3079,-280.6575786025258
event_3080,-281.65757860252586
event_3081,-60.32424526919245
event_3082,-243.6575786025258
event_3083,-92.99091193585913
event_3084,-214.32424526919246
event_3085,-339.32424526919243
event_3086,-116.32424526919249
event_3087,-249.99091193585912
event_3088,-91.6575786025258
event_3089,-139.32424526919246
event_3090,-106.32424526919249
event_3091,-125.99091193585915
event_3092,-113.32424526919249
event_3093,-206.3242452691925
event_3094,-93.32424526919247
event_3095,-255.32424526919246
event_3096,-217.65757860252577
event_3097,-189.3242452691925
event_3098,-165.99091193585917
event_3099,-156.32424526919246
event_3100,-325.9909119358591
event_3101,-131.99091193585915
event_3102,-97.6575786025258
event_3103,-139.6575786025258
event_3104,-229.99091193585915
event_3105,-145.3242452691925
event_3106,-151.32424526919252
event_3107,-233.32424526919246
event_3108,-228.65757860252577
event_3109,-162.32424526919252
event_3110,-341.65757860252575
event_3111,-216.6575786025258
event_3112,-72.99091193585915
event_3113,-208.6575786025258
event_3114,-145.6575786025258
event_3115,-190.99091193585912
event_3116,-151.3242452691925
event_3117,-168.6575786025258
event_3118,-156.32424526919246
event_3119,-243.32424526919246
event_3120,-199.3242452691925
event_3121,-236.6575786025258
event_3122,-105.65757860252579
event_3123,-315.6575786025258
event_3124,-108.99091193585915
event_3125,-123.6575786025258
event_3126,-185.99091193585915
event_3127,-254.65757860252577
event_3128,-221.3242452691925
event_3129,-177.32424526919246
event_3130,-87.99091193585913
event_3131,-111.99091193585915
event_3132,-112.32424526919247
event_3133,-258.9909119358591
event_3134,-256.32424526919243
event_3135,-158.32424526919246
event_3136,-248.32424526919243
event_3137,-141.32424526919246
event_3138,-174.99091193585917
event_3139,-204.99091193585912
event_3140,-269.65757860252575
event_3141,-86.32424526919247
event_3142,-171.9909119358592
event_3143,-242.65757860252577
event_3144,-183.3242452691925
event_3145,-248.65757860252583
event_3146,-83.6575786025258
event_3147,-338.9909119358592
event_3148,-110.65757860252582
event_3149,-172.99091193585915
event_3150,-208.3242452691925
event_3151,-164.3242452691925
event_3152,-294.3242452691925
event_3153,-216.99091193585915
event_3154,-206.65757860252583
event_3155,-210.32424526919243
event_3156,-141.32424526919246
event_3157,-187.99091193585915
event_3158,-218.65757860252577
event_3159,-98.99091193585913
event_3160,-261.65757860252586
event_3161,-253.99091193585912
event_3162,-237.99091193585912
event_3163,-139.6575786025258
event_3164,-245.32424526919246
event_3165,-95.99091193585916
event_3166,-225.99091193585912
event_3167,-95.65757860252582
event_3168,-66.99091193585912
event_3169,-181.65757860252583
event_3170,-254.65757860252577
event_3171,-299.6575786025258
event_3172,-271.32424526919243
event_3173,-106.65757860252582
event_3174,-156.99091193585912
event_3175,-109.65757860252582
event_3176,-102.6575786025258
event_3177,-184.99091193585912
event_3178,-223.99091193585915
event_3179,-145.32424526919246
event_3180,-264.65757860252575
event_3181,-283.32424526919243
event_3182,-210.32424526919246
event_3183,-239.99091193585915
event_3184,-183.99091193585912
event_3185,-288.6575786025258
event_3186,-188.6575786025258
event_3187,-143.32424526919243
event_3188,-61.6575786025258
event_3189,-163.65757860252577
event_3190,-152.3242452691925
event_3191,-238.65757860252577
event_3192,-276.3242452691925
event_3193,-88.32424526919247
event_3194,-158.6575786025258
event_3195,-243.99091193585912
event_3196,-162.6575786025258
event_3197,-66.99091193585913
event_3198,-217.3242452691925
event_3199,-126.32424526919247
event_3200,-206.65757860252583
event_3201,-183.99091193585915
event_3202,-208.32424526919243
event_3203,-279.6575786025258
event_3204,-234.65757860252577
event_3205,-265.3242452691925
event_3206,-120.65757860252582
event_3207,-183.65757860252583
event_3208,-105.65757860252579
event_3209,-127.3242452691925
event_3210,-135.3242452691925
event_3211,-236.65757860252575
event_3212,-59.657578602525795
event_3213,-116.32424526919249
event_3214,-312.9909119358592
event_3215,-114.65757860252583
event_3216,-181.65757860252586
event_3217,-217.9909119358591
event_3218,-289.99091193585906
event_3219,-86.99091193585913
event_3220,-275.6575786025258
event_3221,-110.3242452691925
event_3222,-200.32424526919243
event_3223,-319.3242452691924
event_3224,-238.65757860252583
event_3225,-177.99091193585917
event_3226,-83.32424526919249
event_3227,-118.6575786025258
event_3228,-220.99091193585912
event_3229,-187.65757860252577
event_3230,-210.99091193585917
event_3231,-268.9909119358591
event_3232,-191.6575786025258
event_3233,-60.990911935859124
event_3234,-125.99091193585915
event_3235,-132.99091193585915
event_3236,-311.9909119358591
event_3237,-83.32424526919247
event_3238,-263.65757860252586
event_3239,-210.6575786025258
event_3240,-297.32424526919243
event_3241,-76.32424526919247
event_3242,-263.3242452691925
event_3243,-206.32424526919246
event_3244,-110.99091193585915
event_3245,-299.32424526919255
event_3246,-226.65757860252583
event_3247,-230.99091193585915
event_3248,-96.32424526919246
event_3249,-202.32424526919246
event_3250,-133.99091193585915
event_3251,-131.99091193585915
event_3252,-346.3242452691925
event_3253,-273.65757860252575
event_3254,-324.6575786025257
event_3255,-120.3242452691925
event_3256,-160.6575786025258
event_3257,-132.6575786025258
event_3258,-237.6575786025258
event_3259,-253.6575786025258
event_3260,-262.65757860252575
event_3261,-133.65757860252577
event_3262,-212.99091193585915
event_3263,-106.65757860252579
event_3264,-126.99091193585915
event_3265,-83.32424526919246
event_3266,-134.99091193585915
event_3267,-323.9909119358591
event_3268,-241.3242452691925
event_3269,-174.32424526919246
event_3270,-333.9909119358592
event_3271,-202.65757860252577
event_3272,-288.65757860252575
event_3273,-73.65757860252579
event_3274,-100.32424526919249
event_3275,-144.3242452691925
event_3276,-162.65757860252583
event_3277,-155.32424526919246
event_3278,-321.32424526919243
event_3279,-108.99091193585916
event_3280,-137.32424526919246
event_3281,-70.6575786025258
event_3282,-350.6575786025257
event_3283,-166.99091193585915
event_3284,-312.3242452691925
event_3285,-247.99091193585915
event_3286,-175.65757860252583
event_3287,-279.65757860252586
event_3288,-316.9909119358591
event_3289,-168.99091193585917
event_3290,-99.65757860252582
event_3291,-225.32424526919246
event_3292,-166.32424526919252
event_3293,-106.99091193585915
event_3294,-137.6575786025258
event_3295,-104.32424526919247
event_3296,-237.65757860252583
event_3297,-204.65757860252575
event_3298,-339.3242452691925
event_3299,-103.99091193585915
event_3300,-156.99091193585915
event_3301,-282.9909119358592
event_3302,-161.99091193585915
event_3303,-95.99091193585913
event_3304,-169.99091193585917
event_3305,-256.99091193585906
event_3306,-128.6575786025258
event_3307,-104.6575786025258
event_3308,-111.99091193585915
event_3309,-275.3242452691925
event_3310,-175.32424526919246
event_3311,-73.6575786025258
event_3312,-134.99091193585915
event_3313,-328.9909119358591
event_3314,-216.99091193585912
event_3315,-340.6575786025258
event_3316,-134.99091193585912
event_3317,-210.99091193585912
event_3318,-165.3242452691925
event_3319,-216.99091193585915
event_3320,-90.32424526919247
event_3321,-160.3242452691925
event_3322,-190.32424526919246
event_3323,-67.6575786025258
event_3324,-82.99091193585913
event_3325,-227.32424526919246
event_3326,-126.6575786025258
event_3327,-187.99091193585915
event_3328,-184.99091193585912
event_3329,-124.65757860252582
event_3330,-107.99091193585913
event_3331,-173.6575786025258
event_3332,-315.99091193585906
event_3333,-154.99091193585915
event_3334,-98.6575786025258
event_3335,-271.9909119358591
event_3336,-233.65757860252577
event_3337,-237.3242452691925
event_3338,-83.6575786025258
event_3339,-126.65757860252582
event_3340,-83.65757860252579
event_3341,-330.3242452691925
event_3342,-80.6575786025258
event_3343,-90.99091193585915
event_3344,-154.32424526919246
event_3345,-110.32424526919247
event_3346,-93.99091193585912
event_3347,-294.99091193585906
event_3348,-212.3242452691925
event_3349,-319.9909119358591
event_3350,-184.99091193585917
event_3351,-76.99091193585913
event_3352,-209.6575786025258
event_3353,-78.99091193585915
event_3354,-170.9909119358591
event_3355,-150.99091193585915
event_3356,-210.32424526919246
event_3357,-69.6575786025258
event_3358,-218.99091193585915
event_3359,-99.32424526919246
event_3360,-234.65757860252583
event_3361,-81.6575786025258
event_3362,-211.65757860252577
event_3363,-79.99091193585913
event_3364,-271.65757860252575
event_3365,-162.9909119358591
event_3366,-69.6575786025258
event_3367,-237.6575786025258
event_3368,-96.99091193585913
event_3369,-76.32424526919246
event_3370,-107.99091193585915
event_3371,-289.32424526919243
event_3372,-226.6575786025258
event_3373,-252.99091193585915
event_3374,-115.32424526919246
event_3375,-106.6575786025258
event_3376,-126.99091193585913
event_3377,-266.32424526919243
event_3378,-275.65757860252575
event_3379,-177.99091193585912
event_3380,-267.65757860252575
event_3381,-190.99091193585912
event_3382,-274.9909119358591
event_3383,-118.32424526919247
event_3384,-147.3242452691925
event_3385,-183.99091193585912
event_3386,-117.65757860252582
event_3387,-120.99091193585916
event_3388,-192.32424526919246
event_3389,-209.99091193585912
event_3390,-101.65757860252582
event_3391,-337.65757860252586
event_3392,-80.32424526919245
event_3393,-111.99091193585915
event_3394,-181.65757860252583
event_3395,-207.99091193585915
event_3396,-209.99091193585917
event_3397,-284.6575786025258
event_3398,-237.99091193585915
event_3399,-120.6575786025258
event_3400,-71.99091193585915
event_3401,-238.99091193585915
event_3402,-65.65757860252579
event_3403,-195.32424526919246
event_3404,-241.99091193585915
event_3405,-61.99091193585912
event_3406,-241.9909119358591
event_3407,-137.32424526919243
event_3408,-198.32424526919246
event_3409,-236.32424526919246
event_3410,-169.32424526919252
event_3411,-237.32424526919243
event_3412,-178.99091193585915
event_3413,-86.65757860252583
event_3414,-165.6575786025258
event_3415,-80.32424526919246
event_3416,-204.99091193585915
event_3417,-103.32424526919246
event_3418,-116.32424526919246
event_3419,-138.6575786025258
event_3420,-236.6575786025258
event_3421,-96.99091193585913
event_3422,-114.99091193585915
event_3423,-260.32424526919243
event_3424,-201.99091193585912
event_3425,-158.3242452691925
event_3426,-195.3242452691925
event_3427,-77.6575786025258
event_3428,-355.32424526919255
event_3429,-176.6575786025258
event_3430,-118.99091193585913
event_3431,-124.6575786025258
event_3432,-60.99091193585914
event_3433,-135.32424526919246
event_3434,-245.65757860252577
event_3435,-143.99091193585912
event_3436,-167.3242452691925
event_3437,-328.9909119358591
event_3438,-291.32424526919243
event_3439,-171.3242452691925
event_3440,-145.3242452691925
event_3441,-72.6575786025258
event_3442,-216.65757860252577
event_3443,-160.6575786025258
event_3444,-97.32424526919247
event_3445,-70.32424526919246
event_3446,-118.99091193585915
event_3447,-320.6575786025258
event_3448,-133.6575786025258
event_3449,-194.32424526919246
event_3450,-294.99091193585906
event_3451,-126.99091193585916
event_3452,-122.65757860252582
event_3453,-411.32424526919243
event_3454,-217.6575786025258
event_3455,-197.99091193585915
event_3456,-169.32424526919246
event_3457,-213.65757860252583
event_3458,-175.99091193585912
event_3459,-246.6575786025258
event_3460,-70.65757860252579
event_3461,-192.99091193585912
event_3462,-157.6575786025258
event_3463,-271.3242452691924
event_3464,-232.99091193585917
event_3465,-269.6575786025258
event_3466,-99.65757860252582
event_3467,-155.99091193585915
event_3468,-299.3242452691925
event_3469,-179.32424526919252
event_3470,-88.6575786025258
event_3471,-241.32424526919246
event_3472,-169.99091193585915
event_3473,-94.32424526919247
event_3474,-251.99091193585912
event_3475,-273.3242452691925
event_3476,-118.32424526919247
event_3477,-182.32424526919252
event_3478,-284.6575786025258
event_3479,-237.99091193585912
event_3480,-219.99091193585912
event_3481,-181.65757860252583
event_3482,-308.9909119358592
event_3483,-88.65757860252579
event_3484,-299.3242452691924
event_3485,-117.65757860252582
event_3486,-75.32424526919246
event_3487,-269.9909119358591
event_3488,-165.65757860252577
event_3489,-358.3242452691925
event_3490,-176.99091193585915
event_3491,-170.65757860252586
event_3492,-123.99091193585915
event_3493,-231.99091193585915
event_3494,-162.3242452691925
event_3495,-138.3242452691925
event_3496,-170.65757860252583
event_3497,-147.3242452691925
event_3498,-100.65757860252582
event_3499,-213.6575786025259
event_3500,-99.99091193585913
event_3501,-302.9909119358591
event_3502,-243.32424526919246
event_3503,-144.6575786025258
event_3504,-82.99091193585913
event_3505,-247.99091193585912
event_3506,-90.32424526919247
event_3507,-224.65757860252577
event_3508,-195.99091193585912
event_3509,-67.99091193585915
event_3510,-167.65757860252583
event_3511,-202.99091193585915
event_3512,-94.32424526919247
event_3513,-96.6575786025258
event_3514,-227.65757860252577
event_3515,-272.3242452691924
event_3516,-106.6575786025258
event_3517,-262.6575786025258
event_3518,-61.990911935859124
event_3519,-155.6575786025258
event_3520,-296.9909119358591
event_3521,-85.65757860252582
event_3522,-107.32424526919247
event_3523,-201.3242452691925
event_3524,-213.99091193585915
event_3525,-194.6575786025258
event_3526,-101.99091193585915
event_3527,-258.3242452691925
event_3528,-104.99091193585915
event_3529,-197.6575786025258
event_3530,-243.32424526919246
event_3531,-191.65757860252577
event_3532,-190.99091193585915
event_3533,-277.6575786025258
event_3534,-296.99091193585906
event_3535,-72.65757860252579
event_3536,-302.6575786025258
event_3537,-116.65757860252579
event_3538,-226.32424526919246
event_3539,-85.32424526919247
event_3540,-153.65757860252577
event_3541,-106.99091193585912
event_3542,-329.6575786025258
event_3543,-241.32424526919246
event_3544,-296.6575786025258
event_3545,-139.99091193585915
event_3546,-111.6575786025258
event_3547,-133.99091193585912
event_3548,-191.9909119358591
event_3549,-223.32424526919252
event_3550,-223.65757860252577
event_3551,-250.32424526919246
event_3552,-177.65757860252583
event_3553,-125.32424526919249
event_3554,-253.32424526919246
event_3555,-158.65757860252583
event_3556,-158.99091193585917
event_3557,-96.32424526919247
event_3558,-122.32424526919246
event_3559,-213.99091193585915
event_3560,-130.65757860252583
event_3561,-73.32424526919245
event_3562,-357.65757860252575
event_3563,-170.3242452691925
event_3564,-242.6575786025258
event_3565,-158.6575786025258
event_3566,-360.3242452691925
event_3567,-183.99091193585917
event_3568,-173.32424526919252
event_3569,-237.99091193585915
event_3570,-106.65757860252579
event_3571,-115.99091193585916
event_3572,-287.65757860252575
event_3573,-265.9909119358592
event_3574,-142.99091193585917
event_3575,-108.65757860252579
event_3576,-181.32424526919252
event_3577,-71.99091193585915
event_3578,-208.32424526919246
event_3579,-100.32424526919249
event_3580,-156.99091193585915
event_3581,-305.9909119358592
event_3582,-299.3242452691925
event_3583,-178.99091193585915
event_3584,-69.99091193585913
event_3585,-292.65757860252575
event_3586,-220.99091193585912
event_3587,-172.99091193585915
event_3588,-224.99091193585912
event_3589,-138.99091193585912
event_3590,-194.99091193585912
event_3591,-173.65757860252583
event_3592,-326.3242452691925
event_3593,-71.32424526919246
event_3594,-191.32424526919243
event_3595,-203.99091193585912
event_3596,-286.32424526919243
event_3597,-123.99091193585915
event_3598,-64.6575786025258
event_3599,-114.99091193585915
event_3600,-139.99091193585915
event_3601,-52.657578602525795
event_3602,-109.6575786025258
event_3603,-260.9909119358591
event_3604,-108.32424526919247
event_3605,-71.65757860252577
event_3606,-146.9909119358591
event_3607,-315.3242452691924
event_3608,-162.6575786025258
event_3609,-92.32424526919245
event_3610,-84.99091193585915
event_3611,-226.99091193585915
event_3612,-88.99091193585913
event_3613,-174.3242452691925
event_3614,-142.32424526919252
event_3615,-82.32424526919249
event_3616,-257.6575786025258
event_3617,-242.65757860252583
event_3618,-82.65757860252582
event_3619,-189.3242452691925
event_3620,-93.99091193585913
event_3621,-141.99091193585912
event_3622,-97.99091193585913
event_3623,-154.6575786025258
event_3624,-157.99091193585915
event_3625,-127.6575786025258
event_3626,-128.32424526919246
event_3627,-241.32424526919243
event_3628,-248.99091193585912
event_3629,-199.32424526919252
event_3630,-278.99091193585906
event_3631,-252.32424526919246
event_3632,-109.65757860252579
event_3633,-166.99091193585912
event_3634,-169.99091193585917
event_3635,-170.99091193585915
event_3636,-247.3242452691924
event_3637,-88.6575786025258
event_3638,-227.99091193585915
event_3639,-112.65757860252582
event_3640,-264.65757860252586
event_3641,-222.32424526919252
event_3642,-201.99091193585912
event_3643,-185.6575786025258
event_3644,-291.9909119358592
event_3645,-233.65757860252577
event_3646,-122.65757860252582
event_3647,-112.99091193585915
event_3648,-274.32424526919243
event_3649,-181.32424526919243
event_3650,-222.32424526919246
event_3651,-129.3242452691925
event_3652,-118.32424526919247
event_3653,-228.99091193585912
event_3654,-161.99091193585915
event_3655,-152.99091193585915
event_3656,-125.32424526919249
event_3657,-281.6575786025258
event_3658,-163.3242452691925
event_3659,-89.32424526919246
event_3660,-130.99091193585915
event_3661,-265.9909119358591
event_3662,-105.6575786025258
event_3663,-65.99091193585915
event_3664,-145.65757860252583
event_3665,-201.3242452691925
event_3666,-153.99091193585915
event_3667,-76.32424526919246
event_3668,-360.9909119358591
event_3669,-334.32424526919243
event_3670,-208.99091193585915
event_3671,-318.65757860252586
event_3672,-233.99091193585915
event_3673,-199.32424526919243
event_3674,-283.99091193585906
event_3675,-267.65757860252575
event_3676,-250.6575786025258
event_3677,-341.65757860252575
event_3678,-129.3242452691925
event_3679,-60.990911935859145
event_3680,-168.3242452691925
event_3681,-259.9909119358591
event_3682,-60.990911935859124
event_3683,-135.32424526919246
event_3684,-213.99091193585915
event_3685,-92.65757860252582
event_3686,-128.32424526919246
event_3687,-128.99091193585915
event_3688,-122.32424526919246
event_3689,-193.9909119358591
event_3690,-90.99091193585916
event_3691,-237.3242452691925
event_3692,-88.6575786025258
event_3693,-179.99091193585912
event_3694,-134.65757860252583
event_3695,-226.65757860252577
event_3696,-201.32424526919246
event_3697,-48.32424526919246
event_3698,-157.65757860252583
event_3699,-186.32424526919246
event_3700,-205.99091193585915
event_3701,-245.3242452691925
event_3702,-71.6575786025258
event_3703,-258.65757860252575
event_3704,-204.6575786025258
event_3705,-165.32424526919246
event_3706,-154.65757860252583
event_3707,-74.6575786025258
event_3708,-258.32424526919243
event_3709,-138.99091193585917
event_3710,-210.65757860252577
event_3711,-256.99091193585906
event_3712,-213.99091193585915
event_3713,-107.99091193585916
event_3714,-98.65757860252583
event_3715,-109.99091193585913
event_3716,-239.99091193585912
event_3717,-314.65757860252586
event_3718,-243.3242452691925
event_3719,-113.32424526919247
event_3720,-94.99091193585913
event_3721,-253.3242452691924
event_3722,-217.65757860252583
event_3723,-80.6575786025258
event_3724,-195.6575786025258
event_3725,-105.32424526919247
event_3726,-166.99091193585915
event_3727,-168.9909119358591
event_3728,-75.32424526919247
event_3729,-75.32424526919247
event_3730,-248.9909119358591
event_3731,-115.99091193585913
event_3732,-133.99091193585917
event_3733,-143.65757860252583
event_3734,-182.99091193585917
event_3735,-284.6575786025258
event_3736,-280.65757860252586
event_3737,-249.32424526919246
event_3738,-164.65757860252583
event_3739,-186.99091193585917
event_3740,-198.6575786025258
event_3741,-261.9909119358591
event_3742,-297.6575786025258
event_3743,-219.65757860252583
event_3744,-136.32424526919252
event_3745,-153.65757860252583
event_3746,-138.65757860252583
event_3747,-146.65757860252583
event_3748,-215.99091193585915
event_3749,-181.6575786025258
event_3750,-334.65757860252586
event_3751,-139.32424526919246
event_3752,-226.32424526919252
event_3753,-243.65757860252577
event_3754,-82.32424526919245
event_3755,-256.6575786025258
event_3756,-73.99091193585913
event_3757,-200.65757860252577
event_3758,-181.9909119358591
event_3759,-136.65757860252583
event_3760,-201.3242452691925
event_3761,-236.32424526919246
event_3762,-277.65757860252575
event_3763,-131.6575786025258
event_3764,-309.32424526919243
event_3765,-144.99091193585912
event_3766,-239.99091193585915
event_3767,-176.3242452691925
event_3768,-203.99091193585912
event_3769,-231.99091193585912
event_3770,-252.99091193585912
event_3771,-192.3242452691925
event_3772,-335.99091193585923
event_3773,-87.32424526919246
event_3774,-108.65757860252583
event_3775,-103.32424526919246
event_3776,-86.32424526919249
event_3777,-184.99091193585915
event_3778,-124.99091193585915
event_3779,-121.32424526919247
event_3780,-82.6575786025258
event_3781,-131.99091193585915
event_3782,-82.99091193585913
event_3783,-103.32424526919247
event_3784,-243.99091193585915
event_3785,-94.6575786025258
event_3786,-212.65757860252577
event_3787,-156.6575786025258
event_3788,-310.32424526919243
event_3789,-55.32424526919246
event_3790,-211.99091193585917
event_3791,-267.9909119358592
event_3792,-229.3242452691925
event_3793,-266.32424526919243
event_3794,-231.32424526919246
event_3795,-159.32424526919246
event_3796,-271.65757860252575
event_3797,-70.99091193585915
event_3798,-266.32424526919243
event_3799,-281.6575786025258
event_3800,-190.6575786025258
event_3801,-113.65757860252579
event_3802,-167.99091193585912
event_3803,-209.32424526919246
event_3804,-182.6575786025258
event_3805,-137.99091193585912
event_3806,-263.32424526919243
event_3807,-264.9909119358591
event_3808,-95.32424526919247
event_3809,-342.6575786025258
event_3810,-157.3242452691925
event_3811,-209.65757860252577
event_3812,-302.3242452691925
event_3813,-103.99091193585915
event_3814,-89.65757860252579
event_3815,-76.32424526919246
event_3816,-127.99091193585913
event_3817,-92.32424526919246
event_3818,-92.99091193585913
event_3819,-79.32424526919246
event_3820,-191.6575786025258
event_3821,-96.99091193585912
event_3822,-188.65757860252586
event_3823,-108.6575786025258
event_3824,-90.3242452691925
event_3825,-194.65757860252583
event_3826,-131.3242452691925
event_3827,-265.3242452691925
event_3828,-62.32424526919246
event_3829,-182.99091193585912
event_3830,-126.99091193585915
event_3831,-192.65757860252577
event_3832,-316.9909119358591
event_3833,-144.65757860252583
event_3834,-204.32424526919246
event_3835,-128.99091193585915
event_3836,-147.32424526919246
event_3837,-247.65757860252575
event_3838,-302.3242452691925
event_3839,-146.32424526919246
event_3840,-207.32424526919252
event_3841,-204.32424526919243
event_3842,-185.32424526919246
event_3843,-134.65757860252583
event_3844,-252.32424526919243
event_3845,-105.65757860252579
event_3846,-126.99091193585912
event_3847,-156.32424526919252
event_3848,-167.65757860252583
event_3849,-122.65757860252582
event_3850,-220.3242452691925
event_3851,-225.6575786025258
event_3852,-214.32424526919246
event_3853,-78.99091193585915
event_3854,-113.6575786025258
event_3855,-130.65757860252583
event_3856,-75.99091193585913
event_3857,-340.990911935859
event_3858,-84.65757860252579
event_3859,-127.99091193585916
event_3860,-159.99091193585917
event_3861,-83.99091193585913
event_3862,-269.9909119358591
event_3863,-191.99091193585915
event_3864,-137.99091193585912
event_3865,-192.32424526919246
event_3866,-188.99091193585917
event_3867,-265.6575786025258
event_3868,-111.32424526919249
event_3869,-124.99091193585916
event_3870,-136.32424526919246
event_3871,-218.99091193585915
event_3872,-196.32424526919246
event_3873,-157.65757860252577
event_3874,-184.99091193585915
event_3875,-263.9909119358591
event_3876,-281.6575786025258
event_3877,-78.32424526919247
event_3878,-267.6575786025258
event_3879,-206.65757860252583
event_3880,-251.65757860252583
event_3881,-135.3242452691925
event_3882,-279.32424526919243
event_3883,-317.6575786025258
event_3884,-60.657578602525795
event_3885,-175.65757860252577
event_3886,-298.6575786025258
event_3887,-117.32424526919247
event_3888,-166.65757860252586
event_3889,-234.99091193585915
event_3890,-110.6575786025258
event_3891,-92.65757860252579
event_3892,-173.99091193585915
event_3893,-155.3242452691925
event_3894,-194.65757860252586
event_3895,-220.99091193585915
event_3896,-288.6575786025258
event_3897,-252.65757860252577
event_3898,-126.99091193585915
event_3899,-111.65757860252579
event_3900,-193.65757860252577
event_3901,-193.99091193585917
event_3902,-82.99091193585913
event_3903,-129.65757860252583
event_3904,-212.6575786025258
event_3905,-200.32424526919243
event_3906,-135.6575786025258
event_3907,-171.99091193585912
event_3908,-273.3242452691924
event_3909,-288.9909119358592
event_3910,-216.3242452691925
event_3911,-92.32424526919249
event_3912,-105.99091193585913
event_3913,-170.3242452691925
event_3914,-205.65757860252577
event_3915,-335.99091193585906
event_3916,-75.99091193585915
event_3917,-152.6575786025258
event_3918,-321.65757860252575
event_3919,-213.6575786025258
event_3920,-69.65757860252579
event_3921,-173.32424526919246
event_3922,-286.3242452691925
event_3923,-241.32424526919246
event_3924,-318.65757860252575
event_3925,-275.9909119358591
event_3926,-172.99091193585915
event_3927,-98.32424526919246
event_3928,-193.6575786025258
event_3929,-184.65757860252577
event_3930,-185.99091193585917
event_3931,-91.99091193585912
event_3932,-290.9909119358591
event_3933,-69.99091193585913
event_3934,-109.6575786025258
event_3935,-214.32424526919246
event_3936,-232.32424526919246
event_3937,-99.32424526919247
event_3938,-102.99091193585913
event_3939,-134.32424526919246
event_3940,-132.32424526919252
event_3941,-82.6575786025258
event_3942,-91.32424526919246
event_3943,-129.32424526919246
event_3944,-149.65757860252583
event_3945,-183.99091193585915
event_3946,-75.32424526919249
event_3947,-56.32424526919246
event_3948,-146.32424526919246
event_3949,-208.3242452691925
event_3950,-233.3242452691925
event_3951,-138.99091193585915
event_3952,-158.6575786025258
event_3953,-286.99091193585906
event_3954,-276.6575786025258
event_3955,-90.32424526919246
event_3956,-220.6575786025258
event_3957,-219.32424526919246
event_3958,-161.99091193585915
event_3959,-290.32424526919243
event_3960,-308.9909119358591
event_3961,-226.99091193585912
event_3962,-86.99091193585912
event_3963,-102.65757860252577
event_3964,-86.32424526919247
event_3965,-109.32424526919249
event_3966,-121.99091193585915
event_3967,-254.32424526919246
event_3968,-209.9909119358592
event_3969,-88.32424526919247
event_3970,-121.32424526919249
event_3971,-185.32424526919246
event_3972,-265.9909119358591
event_3973,-204.99091193585915
event_3974,-133.32424526919246
event_3975,-204.3242452691925
event_3976,-203.99091193585915
event_3977,-224.99091193585912
event_3978,-70.6575786025258
event_3979,-154.65757860252583
event_3980,-172.32424526919246
event_3981,-165.3242452691925
event_3982,-96.32424526919246
event_3983,-118.32424526919247
event_3984,-52.990911935859124
event_3985,-92.99091193585915
event_3986,-296.65757860252586
event_3987,-265.6575786025258
event_3988,-212.99091193585912
event_3989,-104.32424526919247
event_3990,-120.65757860252582
event_3991,-157.6575786025258
event_3992,-65.32424526919246
event_3993,-277.9909119358592
event_3994,-252.32424526919243
event_3995,-156.3242452691925
event_3996,-102.99091193585915
event_3997,-152.32424526919246
event_3998,-108.32424526919247
event_3999,-372.32424526919255
event_4000,-93.32424526919247
event_4001,-93.32424526919246
event_4002,-76.6575786025258
event_4003,-221.32424526919246
event_4004,-309.65757860252586
event_4005,-244.32424526919246
event_4006,-142.6575786025258
event_4007,-163.6575786025258
event_4008,-103.99091193585913
event_4009,-134.6575786025258
event_4010,-102.32424526919246
event_4011,-83.6575786025258
event_4012,-126.32424526919247
event_4013,-295.9909119358591
event_4014,-115.32424526919247
event_4015,-162.99091193585915
event_4016,-102.32424526919247
event_4017,-97.32424526919246
event_4018,-156.3242452691925
event_4019,-169.6575786025258
event_4020,-133.6575786025258
event_4021,-114.99091193585915
event_4022,-238.65757860252577
event_4023,-236.65757860252577
event_4024,-228.65757860252575
event_4025,-134.32424526919252
event_4026,-330.9909119358592
event_4027,-130.6575786025258
event_4028,-193.65757860252583
event_4029,-173.99091193585917
event_4030,-206.65757860252577
event_4031,-267.6575786025258
event_4032,-161.3242452691925
event_4033,-85.32424526919247
event_4034,-86.99091193585915
event_4035,-132.32424526919246
event_4036,-251.6575786025258
event_4037,-176.99091193585912
event_4038,-301.9909119358591
event_4039,-179.99091193585915
event_4040,-137.65757860252583
event_4041,-239.32424526919246
event_4042,-88.99091193585915
event_4043,-274.32424526919243
event_4044,-158.99091193585915
event_4045,-126.99091193585915
event_4046,-255.99091193585912
event_4047,-236.99091193585915
event_4048,-113.32424526919249
event_4049,-259.9909119358592
event_4050,-230.65757860252577
event_4051,-65.32424526919246
event_4052,-172.99091193585912
event_4053,-138.65757860252583
event_4054,-193.6575786025258
event_4055,-236.3242452691925
event_4056,-229.32424526919243
event_4057,-138.65757860252577
event_4058,-106.99091193585915
event_4059,-73.6575786025258
event_4060,-249.3242452691925
event_4061,-94.65757860252582
event_4062,-125.65757860252585
event_4063,-189.99091193585912
event_4064,-167.99091193585915
event_4065,-193.65757860252583
event_4066,-379.6575786025257
event_4067,-85.99091193585913
event_4068,-133.65757860252583
event_4069,-190.3242452691925
event_4070,-79.99091193585916
event_4071,-118.99091193585915
event_4072,-299.3242452691925
event_4073,-148.32424526919246
event_4074,-266.32424526919243
event_4075,-94.32424526919246
event_4076,-176.3242452691925
event_4077,-127.65757860252582
event_4078,-202.99091193585915
event_4079,-237.6575786025258
event_4080,-183.3242452691925
event_4081,-125.99091193585915
event_4082,-138.32424526919246
event_4083,-198.3242452691925
event_4084,-95.6575786025258
event_4085,-211.3242452691925
event_4086,-82.99091193585915
event_4087,-176.65757860252583
event_4088,-320.65757860252575
event_4089,-72.65757860252579
event_4090,-91.99091193585913
event_4091,-246.3242452691925
event_4092,-92.32424526919246
event_4093,-205.32424526919246
event_4094,-274.6575786025258
event_4095,-174.6575786025258
event_4096,-87.32424526919249
event_4097,-80.99091193585912
event_4098,-191.99091193585915
event_4099,-138.6575786025258
event_4100,-169.6575786025258
event_4101,-180.3242452691925
event_4102,-65.65757860252579
event_4103,-157.32424526919246
event_4104,-219.65757860252577
event_4105,-179.6575786025258
event_4106,-192.3242452691925
event_4107,-173.6575786025258
event_4108,-76.99091193585916
event_4109,-106.65757860252582
event_4110,-156.3242452691925
event_4111,-288.3242452691925
event_4112,-84.6575786025258
event_4113,-77.32424526919249
event_4114,-249.99091193585912
event_4115,-360.32424526919243
event_4116,-200.6575786025258
event_4117,-161.65757860252583
event_4118,-95.6575786025258
event_4119,-98.99091193585912
event_4120,-132.32424526919246
event_4121,-209.99091193585912
event_4122,-276.6575786025258
event_4123,-237.32424526919246
event_4124,-236.65757860252583
event_4125,-183.3242452691925
event_4126,-279.9909119358591
event_4127,-223.6575786025258
event_4128,-274.32424526919243
event_4129,-164.99091193585912
event_4130,-279.32424526919243
event_4131,-113.32424526919247
event_4132,-183.99091193585915
event_4133,-96.65757860252579
event_4134,-228.99091193585912
event_4135,-212.65757860252577
event_4136,-257.9909119358591
event_4137,-216.99091193585917
event_4138,-302.99091193585906
event_4139,-51.657578602525795
event_4140,-90.65757860252582
event_4141,-178.3242452691925
event_4142,-222.32424526919246
event_4143,-229.6575786025258
event_4144,-74.65757860252582
event_4145,-72.32424526919246
event_4146,-195.65757860252583
event_4147,-196.3242452691925
event_4148,-350.9909119358591
event_4149,-282.9909119358591
event_4150,-262.65757860252575
event_4151,-366.9909119358591
event_4152,-153.99091193585917
event_4153,-204.6575786025258
event_4154,-302.6575786025258
event_4155,-167.9909119358591
event_4156,-147.32424526919246
event_4157,-140.65757860252583
event_4158,-234.32424526919246
event_4159,-270.9909119358591
event_4160,-163.3242452691925
event_4161,-192.32424526919252
event_4162,-167.99091193585915
event_4163,-202.32424526919246
event_4164,-225.32424526919246
event_4165,-217.65757860252583
event_4166,-145.99091193585917
event_4167,-332.990911935859
event_4168,-212.99091193585912
event_4169,-252.65757860252577
event_4170,-125.32424526919249
event_4171,-228.65757860252583
event_4172,-105.32424526919247
event_4173,-125.65757860252582
event_4174,-54.32424526919246
event_4175,-192.99091193585912
event_4176,-65.32424526919246
event_4177,-95.99091193585913
event_4178,-243.65757860252575
event_4179,-360.9909119358591
event_4180,-278.9909119358591
event_4181,-102.65757860252582
event_4182,-173.32424526919252
event_4183,-168.3242452691925
event_4184,-94.99091193585913
event_4185,-102.65757860252579
event_4186,-313.6575786025258
event_4187,-260.32424526919243
event_4188,-67.6575786025258
event_4189,-258.9909119358591
event_4190,-88.99091193585915
event_4191,-129.32424526919246
event_4192,-266.9909119358591
event_4193,-236.99091193585915
event_4194,-121.65757860252577
event_4195,-168.3242452691925
event_4196,-304.6575786025258
event_4197,-145.99091193585912
event_4198,-273.9909119358591
event_4199,-193.32424526919246
event_4200,-75.32424526919247
event_4201,-300.9909119358591
event_4202,-298.65757860252586
event_4203,-258.9909119358591
event_4204,-160.6575786025258
event_4205,-69.65757860252579
event_4206,-205.65757860252583
event_4207,-90.6575786025258
event_4208,-190.9909119358591
event_4209,-255.65757860252577
event_4210,-333.32424526919243
event_4211,-229.99091193585915
event_4212,-204.32424526919243
event_4213,-138.3242452691925
event_4214,-188.32424526919246
event_4215,-200.65757860252577
event_4216,-122.32424526919249
event_4217,-199.3242452691925
event_4218,-149.32424526919246
event_4219,-80.6575786025258
event_4220,-244.65757860252577
event_4221,-151.65757860252583
event_4222,-266.3242452691924
event_4223,-216.6575786025258
event_4224,-170.32424526919246
event_4225,-143.3242452691925
event_4226,-99.32424526919246
event_4227,-102.32424526919249
event_4228,-125.32424526919247
event_4229,-186.99091193585912
event_4230,-278.32424526919243
event_4231,-293.9909119358592
event_4232,-241.99091193585917
event_4233,-271.32424526919243
event_4234,-314.9909119358591
event_4235,-272.9909119358592
event_4236,-214.6575786025258
event_4237,-197.32424526919246
event_4238,-112.32424526919249
event_4239,-124.99091193585913
event_4240,-132.32424526919246
event_4241,-180.32424526919246
event_4242,-161.32424526919243
event_4243,-300.6575786025258
event_4244,-206.65757860252575
event_4245,-90.99091193585913
event_4246,-296.65757860252586
event_4247,-243.65757860252577
event_4248,-155.32424526919246
event_4249,-100.6575786025258
event_4250,-59.32424526919246
event_4251,-181.99091193585912
event_4252,-97.3242452691925
event_4253,-185.99091193585915
event_4254,-237.32424526919252
event_4255,-107.32424526919249
event_4256,-106.6575786025258
event_4257,-203.65757860252583
event_4258,-235.6575786025258
event_4259,-191.99091193585915
event_4260,-318.99091193585906
event_4261,-105.99091193585912
event_4262,-190.99091193585917
event_4263,-187.65757860252575
event_4264,-292.32424526919243
event_4265,-149.65757860252583
event_4266,-224.9909119358591
event_4267,-125.65757860252582
event_4268,-232.99091193585912
event_4269,-89.99091193585915
event_4270,-79.99091193585913
event_4271,-195.3242452691925
event_4272,-137.3242452691925
event_4273,-96.32424526919249
event_4274,-209.99091193585912
event_4275,-160.32424526919246
event_4276,-219.65757860252577
event_4277,-137.6575786025258
event_4278,-147.9909119358591
event_4279,-299.9909119358592
event_4280,-144.65757860252577
event_4281,-284.65757860252575
event_4282,-71.6575786025258
event_4283,-162.99091193585915
event_4284,-70.99091193585913
event_4285,-242.3242452691925
event_4286,-113.99091193585916
event_4287,-92.99091193585912
event_4288,-76.6575786025258
event_4289,-154.99091193585915
event_4290,-92.65757860252582
event_4291,-248.3242452691924
event_4292,-218.99091193585915
event_4293,-203.99091193585912
event_4294,-249.32424526919246
event_4295,-284.9909119358591
event_4296,-357.3242452691924
event_4297,-66.99091193585916
event_4298,-165.32424526919246
event_4299,-261.9909119358591
event_4300,-186.6575786025258
event_4301,-126.65757860252582
event_4302,-141.32424526919246
event_4303,-185.32424526919246
event_4304,-207.99091193585912
event_4305,-174.32424526919246
event_4306,-125.3242452691925
event_4307,-147.99091193585917
event_4308,-192.32424526919246
event_4309,-283.99091193585906
event_4310,-249.32424526919246
event_4311,-116.65757860252582
event_4312,-201.32424526919246
event_4313,-264.9909119358591
event_4314,-151.32424526919246
event_4315,-96.99091193585913
event_4316,-78.6575786025258
event_4317,-120.32424526919249
event_4318,-283.9909119358591
event_4319,-265.65757860252575
event_4320,-138.32424526919246
event_4321,-248.99091193585912
event_4322,-270.32424526919243
event_4323,-131.99091193585917
event_4324,-116.32424526919249
event_4325,-260.65757860252575
event_4326,-282.65757860252586
event_4327,-163.6575786025258
event_4328,-318.65757860252586
event_4329,-76.99091193585916
event_4330,-193.32424526919252
event_4331,-172.99091193585917
event_4332,-206.3242452691925
event_4333,-130.99091193585915
event_4334,-165.99091193585915
event_4335,-208.65757860252577
event_4336,-183.3242452691925
event_4337,-276.9909119358592
event_4338,-263.32424526919243
event_4339,-277.32424526919243
event_4340,-85.99091193585912
event_4341,-151.65757860252577
event_4342,-99.99091193585915
event_4343,-197.3242452691925
event_4344,-300.9909119358591
event_4345,-84.32424526919247
event_4346,-209.99091193585912
event_4347,-236.32424526919246
event_4348,-195.99091193585912
event_4349,-229.65757860252583
event_4350,-263.3242452691925
event_4351,-155.3242452691925
event_4352,-131.32424526919252
event_4353,-159.6575786025258
event_4354,-206.99091193585915
event_4355,-269.3242452691924
event_4356,-272.9909119358591
event_4357,-315.3242452691925
event_4358,-243.65757860252577
event_4359,-184.3242452691925
event_4360,-130.99091193585912
event_4361,-146.3242452691925
event_4362,-86.32424526919246
event_4363,-138.6575786025258
event_4364,-145.65757860252586
event_4365,-307.32424526919243
event_4366,-234.65757860252586
event_4367,-276.6575786025257
event_4368,-310.65757860252586
event_4369,-102.99091193585913
event_4370,-98.32424526919247
event_4371,-178.32424526919243
event_4372,-73.32424526919249
event_4373,-216.3242452691925
event_4374,-193.99091193585912
event_4375,-223.65757860252577
event_4376,-191.6575786025258
event_4377,-151.32424526919246
event_4378,-279.3242452691925
event_4379,-232.65757860252577
event_4380,-148.3242452691925
event_4381,-151.32424526919246
event_4382,-116.65757860252579
event_4383,-87.99091193585915
event_4384,-212.32424526919243
event_4385,-144.9909119358591
event_4386,-208.3242452691925
event_4387,-196.99091193585917
event_4388,-126.99091193585916
event_4389,-90.32424526919245
event_4390,-241.32424526919246
event_4391,-102.32424526919246
event_4392,-161.3242452691925
event_4393,-228.99091193585915
event_4394,-117.32424526919246
event_4395,-98.32424526919246
event_4396,-315.6575786025258
event_4397,-85.32424526919246
event_4398,-186.3242452691925
event_4399,-92.32424526919246
event_4400,-208.6575786025258
event_4401,-162.32424526919246
event_4402,-191.65757860252583
event_4403,-192.6575786025258
event_4404,-160.65757860252583
event_4405,-299.6575786025258
event_4406,-73.32424526919247
event_4407,-94.99091193585913
event_4408,-105.32424526919249
event_4409,-100.32424526919249
event_4410,-263.9909119358591
event_4411,-226.3242452691925
event_4412,-153.6575786025258
event_4413,-125.99091193585915
event_4414,-104.99091193585915
event_4415,-239.32424526919243
event_4416,-165.3242452691925
event_4417,-321.9909119358591
event_4418,-145.65757860252583
event_4419,-204.9909119358592
event_4420,-161.99091193585915
event_4421,-121.3242452691925
event_4422,-292.6575786025258
event_4423,-161.6575786025258
event_4424,-127.99091193585916
event_4425,-112.65757860252582
event_4426,-259.3242452691925
event_4427,-156.32424526919246
event_4428,-231.32424526919246
event_4429,-301.9909119358591
event_4430,-250.32424526919246
event_4431,-194.65757860252583
event_4432,-211.32424526919243
event_4433,-68.99091193585913
event_4434,-288.3242452691924
event_4435,-219.6575786025258
event_4436,-177.32424526919243
event_4437,-65.6575786025258
event_4438,-211.6575786025258
event_4439,-156.32424526919246
event_4440,-116.32424526919247
event_4441,-202.99091193585915
event_4442,-220.99091193585915
event_4443,-136.6575786025258
event_4444,-135.99091193585917
event_4445,-208.6575786025258
event_4446,-231.32424526919246
event_4447,-241.65757860252583
event_4448,-124.65757860252583
event_4449,-160.3242452691925
event_4450,-101.32424526919246
event_4451,-175.32424526919246
event_4452,-264.32424526919243
event_4453,-83.6575786025258
event_4454,-75.6575786025258
event_4455,-125.6575786025258
event_4456,-270.9909119358591
event_4457,-129.65757860252583
event_4458,-103.32424526919247
event_4459,-112.99091193585913
event_4460,-164.3242452691925
event_4461,-76.99091193585913
event_4462,-219.65757860252583
event_4463,-233.65757860252583
event_4464,-185.99091193585917
event_4465,-145.32424526919246
event_4466,-188.3242452691925
event_4467,-275.9909119358592
event_4468,-81.65757860252579
event_4469,-323.65757860252575
event_4470,-263.32424526919243
event_4471,-157.99091193585917
event_4472,-89.99091193585913
event_4473,-173.99091193585912
event_4474,-354.65757860252575
event_4475,-138.99091193585912
event_4476,-285.9909119358592
event_4477,-91.32424526919249
event_4478,-148.3242452691925
event_4479,-141.65757860252583
event_4480,-199.6575786025258
event_4481,-62.32424526919246
event_4482,-123.99091193585913
event_4483,-143.99091193585915
event_4484,-138.65757860252577
event_4485,-178.32424526919243
event_4486,-137.32424526919246
event_4487,-280.9909119358592
event_4488,-232.3242452691925
event_4489,-252.32424526919243
event_4490,-121.32424526919247
event_4491,-169.99091193585915
event_4492,-287.6575786025258
event_4493,-131.99091193585915
event_4494,-236.6575786025258
event_4495,-196.6575786025258
event_4496,-287.6575786025258
event_4497,-271.99091193585906
event_4498,-164.99091193585917
event_4499,-209.65757860252577
event_4500,-128.32424526919246
event_4501,-188.6575786025258
event_4502,-213.65757860252583
event_4503,-91.6575786025258
event_4504,-158.6575786025258
event_4505,-319.9909119358591
event_4506,-128.6575786025258
event_4507,-163.6575786025258
event_4508,-79.65757860252577
event_4509,-261.9909119358591
event_4510,-206.6575786025258
event_4511,-235.99091193585915
event_4512,-285.3242452691925
event_4513,-139.65757860252583
event_4514,-119.32424526919247
event_4515,-127.99091193585915
event_4516,-152.99091193585915
event_4517,-69.99091193585913
event_4518,-274.3242452691925
event_4519,-85.32424526919246
event_4520,-130.6575786025258
event_4521,-159.65757860252583
event_4522,-89.99091193585913
event_4523,-257.32424526919243
event_4524,-108.6575786025258
event_4525,-162.32424526919246
event_4526,-174.3242452691925
event_4527,-220.6575786025258
event_4528,-66.99091193585915
event_4529,-168.3242452691925
event_4530,-249.99091193585915
event_4531,-145.99091193585915
event_4532,-170.32424526919246
event_4533,-238.99091193585915
event_4534,-132.3242452691925
event_4535,-87.6575786025258
event_4536,-216.65757860252583
event_4537,-122.99091193585913
event_4538,-297.65757860252575
event_4539,-301.3242452691925
event_4540,-299.9909119358591
event_4541,-161.6575786025258
event_4542,-127.65757860252582
event_4543,-184.99091193585915
event_4544,-87.6575786025258
event_4545,-149.32424526919246
event_4546,-185.6575786025258
event_4547,-183.6575786025258
event_4548,-104.65757860252582
event_4549,-82.32424526919247
event_4550,-89.6575786025258
event_4551,-307.9909119358591
event_4552,-227.65757860252577
event_4553,-89.6575786025258
event_4554,-191.99091193585915
event_4555,-197.65757860252577
event_4556,-75.99091193585913
event_4557,-175.65757860252583
event_4558,-238.99091193585912
event_4559,-88.65757860252582
event_4560,-307.32424526919243
event_4561,-306.65757860252586
event_4562,-229.32424526919243
event_4563,-63.32424526919247
event_4564,-75.32424526919246
event_4565,-194.65757860252583
event_4566,-212.32424526919243
event_4567,-223.32424526919246
event_4568,-192.99091193585912
event_4569,-93.6575786025258
event_4570,-77.99091193585915
event_4571,-224.3242452691925
event_4572,-86.65757860252582
event_4573,-238.6575786025258
event_4574,-68.99091193585913
event_4575,-236.99091193585912
event_4576,-115.32424526919247
event_4577,-148.6575786025258
event_4578,-282.9909119358591
event_4579,-117.99091193585913
event_4580,-50.32424526919247
event_4581,-237.65757860252577
event_4582,-353.3242452691925
event_4583,-176.99091193585917
event_4584,-81.6575786025258
event_4585,-94.99091193585915
event_4586,-85.99091193585913
event_4587,-233.65757860252577
event_4588,-149.32424526919252
event_4589,-147.65757860252583
event_4590,-102.99091193585913
event_4591,-138.6575786025258
event_4592,-282.6575786025258
event_4593,-255.99091193585912
event_4594,-291.32424526919243
event_4595,-163.65757860252583
event_4596,-272.32424526919243
event_4597,-136.3242452691925
event_4598,-162.99091193585915
event_4599,-76.65757860252579
event_4600,-258.32424526919243
event_4601,-187.3242452691925
event_4602,-232.32424526919243
event_4603,-96.6575786025258
event_4604,-99.32424526919247
event_4605,-130.65757860252577
event_4606,-111.65757860252582
event_4607,-178.32424526919246
event_4608,-227.32424526919243
event_4609,-256.65757860252575
event_4610,-131.3242452691925
event_4611,-139.65757860252577
event_4612,-203.99091193585912
event_4613,-104.99091193585915
event_4614,-203.99091193585917
event_4615,-271.6575786025258
event_4616,-102.99091193585913
event_4617,-190.99091193585915
event_4618,-134.65757860252583
event_4619,-115.32424526919249
event_4620,-158.65757860252583
event_4621,-138.32424526919246
event_4622,-449.32424526919243
event_4623,-183.99091193585915
event_4624,-119.32424526919247
event_4625,-138.32424526919246
event_4626,-73.65757860252579
event_4627,-207.32424526919246
event_4628,-305.9909119358591
event_4629,-347.9909119358591
event_4630,-82.65757860252582
event_4631,-249.32424526919246
event_4632,-97.99091193585915
event_4633,-284.9909119358591
event_4634,-100.99091193585915
event_4635,-82.99091193585913
event_4636,-72.32424526919246
event_4637,-229.6575786025258
event_4638,-226.6575786025258
event_4639,-192.99091193585915
event_4640,-113.32424526919247
event_4641,-114.6575786025258
event_4642,-92.6575786025258
event_4643,-349.32424526919243
event_4644,-180.99091193585912
event_4645,-168.6575786025258
event_4646,-62.324245269192474
event_4647,-206.65757860252586
event_4648,-241.65757860252577
event_4649,-113.65757860252582
event_4650,-194.99091193585915
event_4651,-222.32424526919246
event_4652,-202.32424526919246
event_4653,-219.99091193585917
event_4654,-277.65757860252586
event_4655,-216.99091193585917
event_4656,-321.3242452691925
event_4657,-121.99091193585915
event_4658,-142.3242452691925
event_4659,-75.9909119358591
event_4660,-90.32424526919246
event_4661,-85.99091193585912
event_4662,-213.99091193585915
event_4663,-295.99091193585906
event_4664,-165.3242452691925
event_4665,-124.65757860252582
event_4666,-80.6575786025258
event_4667,-70.6575786025258
event_4668,-224.32424526919246
event_4669,-116.99091193585915
event_4670,-285.3242452691925
event_4671,-186.3242452691925
event_4672,-210.65757860252583
event_4673,-252.65757860252577
event_4674,-86.6575786025258
event_4675,-243.65757860252577
event_4676,-119.65757860252579
event_4677,-95.99091193585913
event_4678,-280.65757860252586
event_4679,-114.6575786025258
event_4680,-68.99091193585913
event_4681,-131.99091193585915
event_4682,-167.65757860252583
event_4683,-208.6575786025258
event_4684,-178.65757860252583
event_4685,-200.32424526919246
event_4686,-230.6575786025258
event_4687,-105.99091193585913
event_4688,-75.32424526919247
event_4689,-112.32424526919247
event_4690,-95.32424526919249
event_4691,-131.32424526919246
event_4692,-243.6575786025258
event_4693,-69.32424526919249
event_4694,-221.65757860252577
event_4695,-151.99091193585912
event_4696,-199.65757860252577
event_4697,-154.32424526919246
event_4698,-112.99091193585915
event_4699,-164.32424526919246
event_4700,-381.32424526919243
event_4701,-283.3242452691924
event_4702,-97.32424526919249
event_4703,-173.3242452691925
event_4704,-113.32424526919247
event_4705,-133.3242452691925
event_4706,-223.99091193585915
event_4707,-67.6575786025258
event_4708,-181.65757860252586
event_4709,-204.6575786025258
event_4710,-237.6575786025258
event_4711,-128.65757860252583
event_4712,-240.32424526919246
event_4713,-135.6575786025258
event_4714,-265.99091193585906
event_4715,-167.99091193585915
event_4716,-92.32424526919247
event_4717,-230.65757860252572
event_4718,-69.99091193585913
event_4719,-151.65757860252583
event_4720,-78.32424526919247
event_4721,-308.9909119358592
event_4722,-247.6575786025258
event_4723,-348.6575786025257
event_4724,-197.3242452691925
event_4725,-248.3242452691925
event_4726,-193.99091193585912
event_4727,-88.65757860252582
event_4728,-165.3242452691925
event_4729,-222.99091193585917
event_4730,-214.3242452691925
event_4731,-194.6575786025258
event_4732,-271.9909119358591
event_4733,-97.99091193585913
event_4734,-246.32424526919243
event_4735,-162.32424526919246
event_4736,-92.65757860252579
event_4737,-188.6575786025258
event_4738,-400.9909119358591
event_4739,-244.65757860252577
event_4740,-140.65757860252583
event_4741,-61.657578602525795
event_4742,-110.99091193585915
event_4743,-219.3242452691925
event_4744,-67.32424526919246
event_4745,-229.6575786025258
event_4746,-180.65757860252583
event_4747,-203.3242452691925
event_4748,-86.99091193585915
event_4749,-85.99091193585915
event_4750,-250.65757860252583
event_4751,-213.6575786025258
event_4752,-225.65757860252577
event_4753,-80.65757860252582
event_4754,-118.32424526919247
event_4755,-296.3242452691924
event_4756,-269.9909119358591
event_4757,-153.99091193585915
event_4758,-114.99091193585916
event_4759,-262.99091193585906
event_4760,-186.65757860252583
event_4761,-160.6575786025258
event_4762,-98.32424526919247
event_4763,-218.65757860252577
event_4764,-246.32424526919246
event_4765,-271.3242452691924
event_4766,-143.65757860252575
event_4767,-106.99091193585913
event_4768,-86.32424526919246
event_4769,-177.99091193585917
event_4770,-262.65757860252575
event_4771,-246.65757860252577
event_4772,-240.32424526919246
event_4773,-267.3242452691925
event_4774,-121.6575786025258
event_4775,-127.65757860252582
event_4776,-325.6575786025258
event_4777,-270.9909119358591
event_4778,-264.9909119358591
event_4779,-243.65757860252577
event_4780,-244.32424526919243
event_4781,-302.32424526919243
event_4782,-318.3242452691925
event_4783,-90.99091193585913
event_4784,-305.6575786025258
event_4785,-247.99091193585912
event_4786,-158.65757860252577
event_4787,-187.6575786025258
event_4788,-91.99091193585912
event_4789,-151.99091193585915
event_4790,-177.3242452691925
event_4791,-131.3242452691925
event_4792,-104.99091193585915
event_4793,-243.32424526919246
event_4794,-237.32424526919246
event_4795,-246.99091193585906
event_4796,-177.65757860252583
event_4797,-97.65757860252582
event_4798,-212.3242452691925
event_4799,-105.99091193585913
event_4800,-171.6575786025258
event_4801,-188.99091193585912
event_4802,-109.99091193585913
event_4803,-188.99091193585912
event_4804,-217.6575786025258
event_4805,-172.65757860252583
event_4806,-148.99091193585917
event_4807,-154.65757860252583
event_4808,-214.6575786025258
event_4809,-83.99091193585915
event_4810,-85.65757860252582
event_4811,-85.99091193585913
event_4812,-84.32424526919247
event_4813,-312.99091193585906
event_4814,-150.6575786025258
event_4815,-216.32424526919243
event_4816,-219.99091193585915
event_4817,-189.99091193585915
event_4818,-286.9909119358591
event_4819,-370.99091193585906
event_4820,-261.32424526919243
event_4821,-82.99091193585913
event_4822,-184.6575786025258
event_4823,-93.6575786025258
event_4824,-213.3242452691925
event_4825,-81.32424526919245
event_4826,-293.6575786025258
event_4827,-155.99091193585912
event_4828,-95.99091193585913
event_4829,-186.65757860252577
event_4830,-198.99091193585912
event_4831,-186.6575786025258
event_4832,-152.3242452691925
event_4833,-120.99091193585915
event_4834,-174.99091193585915
event_4835,-216.65757860252577
event_4836,-125.99091193585915
event_4837,-248.6575786025258
event_4838,-68.65757860252579
event_4839,-239.65757860252583
event_4840,-74.6575786025258
event_4841,-161.32424526919246
event_4842,-268.3242452691925
event_4843,-211.99091193585912
event_4844,-309.3242452691925
event_4845,-92.32424526919246
event_4846,-190.32424526919246
event_4847,-318.65757860252575
event_4848,-198.99091193585917
event_4849,-132.99091193585915
event_4850,-283.9909119358592
event_4851,-276.32424526919243
event_4852,-71.65757860252577
event_4853,-121.99091193585915
event_4854,-176.6575786025258
event_4855,-155.9909119358591
event_4856,-70.65757860252579
event_4857,-89.99091193585916
event_4858,-260.32424526919243
event_4859,-200.32424526919246
event_4860,-106.32424526919247
event_4861,-266.3242452691925
event_4862,-122.99091193585913
event_4863,-173.65757860252583
event_4864,-236.6575786025258
event_4865,-85.32424526919246
event_4866,-301.6575786025258
event_4867,-83.65757860252579
event_4868,-223.32424526919246
event_4869,-198.32424526919246
event_4870,-79.32424526919246
event_4871,-200.99091193585912
event_4872,-198.6575786025258
event_4873,-100.6575786025258
event_4874,-268.99091193585906
event_4875,-176.99091193585915
event_4876,-209.3242452691925
event_4877,-139.3242452691925
event_4878,-124.99091193585915
event_4879,-212.99091193585915
event_4880,-232.65757860252577
event_4881,-104.99091193585915
event_4882,-84.65757860252577
event_4883,-179.65757860252577
event_4884,-155.99091193585915
event_4885,-169.65757860252583
event_4886,-72.65757860252579
event_4887,-222.32424526919252
event_4888,-136.3242452691925
event_4889,-207.99091193585912
event_4890,-96.99091193585913
event_4891,-202.32424526919243
event_4892,-170.99091193585915
event_4893,-219.99091193585912
event_4894,-325.9909119358591
event_4895,-124.99091193585916
event_4896,-205.6575786025258
event_4897,-150.65757860252583
event_4898,-92.99091193585913
event_4899,-176.99091193585912
event_4900,-114.99091193585913
event_4901,-84.32424526919247
event_4902,-115.65757860252582
event_4903,-268.65757860252575
event_4904,-117.65757860252582
event_4905,-212.99091193585917
event_4906,-204.99091193585917
event_4907,-205.99091193585915
event_4908,-225.65757860252575
event_4909,-163.99091193585915
event_4910,-233.65757860252577
event_4911,-86.65757860252579
event_4912,-154.6575786025258
event_4913,-103.99091193585916
event_4914,-201.65757860252583
event_4915,-113.99091193585912
event_4916,-185.65757860252583
event_4917,-78.6575786025258
event_4918,-244.65757860252577
event_4919,-83.32424526919246
event_4920,-224.6575786025258
event_4921,-193.6575786025258
event_4922,-103.6575786025258
event_4923,-182.99091193585915
event_4924,-210.6575786025258
event_4925,-240.65757860252577
event_4926,-173.6575786025258
event_4927,-162.99091193585912
event_4928,-261.9909119358591
event_4929,-122.99091193585915
event_4930,-219.6575786025258
event_4931,-161.65757860252583
event_4932,-94.99091193585915
event_4933,-96.99091193585913
event_4934,-104.32424526919249
event_4935,-61.65757860252579
event_4936,-243.9909119358591
event_4937,-263.65757860252575
event_4938,-200.6575786025258
event_4939,-212.32424526919243
event_4940,-131.99091193585912
event_4941,-91.32424526919249
event_4942,-212.65757860252577
event_4943,-204.65757860252583
event_4944,-137.32424526919246
event_4945,-265.3242452691925
event_4946,-165.99091193585917
event_4947,-211.65757860252583
event_4948,-140.3242452691925
event_4949,-115.99091193585915
event_4950,-179.6575786025258
event_4951,-233.65757860252577
event_4952,-313.6575786025258
event_4953,-156.99091193585912
event_4954,-235.6575786025258
event_4955,-207.3242452691925
event_4956,-146.6575786025258
event_4957,-255.6575786025258
event_4958,-172.99091193585917
event_4959,-95.99091193585915
event_4960,-83.65757860252583
event_4961,-87.32424526919247
event_4962,-230.3242452691925
event_4963,-192.6575786025258
event_4964,-81.99091193585915
event_4965,-106.99091193585915
event_4966,-199.65757860252577
event_4967,-217.3242452691925
event_4968,-328.99091193585906
event_4969,-160.3242452691925
event_4970,-257.9909119358591
event_4971,-262.6575786025258
event_4972,-154.3242452691925
event_4973,-91.32424526919245
event_4974,-218.99091193585915
event_4975,-92.32424526919247
event_4976,-165.99091193585915
event_4977,-75.65757860252579
event_4978,-147.99091193585915
event_4979,-112.99091193585915
event_4980,-208.99091193585915
event_4981,-205.99091193585917
event_4982,-130.6575786025258
event_4983,-145.99091193585917
event_4984,-198.99091193585917
event_4985,-308.3242452691925
event_4986,-202.99091193585915
event_4987,-175.6575786025258
event_4988,-131.99091193585915
event_4989,-315.99091193585906
event_4990,-212.99091193585915
event_4991,-163.3242452691925
event_4992,-233.3242452691925
event_4993,-245.65757860252575
event_4994,-120.65757860252582
event_4995,-116.99091193585915
event_4996,-202.99091193585915
event_4997,-195.6575786025258
event_4998,-66.99091193585915
event_4999,-139.65757860252583
event_5000,-281.6575786025258
event_5001,-84.32424526919246
event_5002,-309.6575786025258
event_5003,-67.6575786025258
event_5004,-204.99091193585915
event_5005,-130.99091193585912
event_5006,-133.3242452691925
event_5007,-108.32424526919249
event_5008,-334.3242452691925
event_5009,-255.65757860252583
event_5010,-105.65757860252579
event_5011,-85.32424526919247
event_5012,-265.6575786025258
event_5013,-230.3242452691925
event_5014,-208.32424526919243
event_5015,-175.32424526919246
event_5016,-175.3242452691925
event_5017,-214.99091193585912
event_5018,-156.99091193585915
event_5019,-262.32424526919243
event_5020,-251.32424526919246
event_5021,-182.99091193585915
event_5022,-77.32424526919246
event_5023,-73.99091193585915
event_5024,-209.65757860252577
event_5025,-60.32424526919246
event_5026,-281.6575786025258
event_5027,-276.99091193585906
event_5028,-180.6575786025258
event_5029,-263.32424526919243
event_5030,-90.32424526919246
event_5031,-74.32424526919246
event_5032,-126.99091193585913
event_5033,-137.3242452691925
event_5034,-201.6575786025258
event_5035,-86.99091193585915
event_5036,-131.6575786025258
event_5037,-86.99091193585913
event_5038,-121.6575786025258
event_5039,-122.65757860252583
event_5040,-200.6575786025258
event_5041,-81.65757860252582
event_5042,-183.99091193585917
event_5043,-183.6575786025258
event_5044,-203.99091193585915
event_5045,-115.99091193585915
event_5046,-84.6575786025258
event_5047,-136.6575786025258
event_5048,-104.99091193585913
event_5049,-87.99091193585913
event_5050,-246.65757860252577
event_5051,-278.99091193585906
event_5052,-207.3242452691925
event_5053,-202.9909119358591
event_5054,-180.6575786025258
event_5055,-72.32424526919247
event_5056,-155.32424526919246
event_5057,-210.6575786025258
event_5058,-75.99091193585912
event_5059,-279.32424526919243
event_5060,-51.32424526919247
event_5061,-187.99091193585917
event_5062,-82.32424526919247
event_5063,-135.32424526919246
event_5064,-100.32424526919247
event_5065,-277.65757860252586
event_5066,-76.32424526919246
event_5067,-106.6575786025258
event_5068,-122.32424526919247
event_5069,-74.99091193585913
event_5070,-163.65757860252577
event_5071,-113.6575786025258
event_5072,-142.99091193585915
event_5073,-268.6575786025258
event_5074,-252.65757860252577
event_5075,-175.65757860252586
event_5076,-228.99091193585912
event_5077,-74.6575786025258
event_5078,-135.6575786025258
event_5079,-129.65757860252577
event_5080,-174.3242452691925
event_5081,-205.99091193585915
event_5082,-89.99091193585915
event_5083,-217.3242452691925
event_5084,-131.3242452691925
event_5085,-190.99091193585915
event_5086,-267.99091193585906
event_5087,-73.99091193585915
event_5088,-219.65757860252577
event_5089,-90.99091193585913
event_5090,-156.3242452691925
event_5091,-110.32424526919247
event_5092,-208.3242452691925
event_5093,-69.65757860252579
event_5094,-215.9909119358591
event_5095,-261.3242452691925
event_5096,-81.65757860252582
event_5097,-281.32424526919243
event_5098,-182.32424526919246
event_5099,-289.6575786025258
event_5100,-98.99091193585913
event_5101,-131.3242452691925
event_5102,-175.65757860252583
event_5103,-277.32424526919243
event_5104,-195.9909119358591
event_5105,-134.99091193585912
event_5106,-63.65757860252579
event_5107,-178.9909119358591
event_5108,-124.32424526919246
event_5109,-169.6575786025258
event_5110,-204.3242452691925
event_5111,-215.32424526919246
event_5112,-77.65757860252579
event_5113,-111.99091193585915
event_5114,-124.32424526919247
event_5115,-104.65757860252582
event_5116,-182.32424526919246
event_5117,-90.99091193585915
event_5118,-234.6575786025258
event_5119,-276.32424526919243
event_5120,-177.32424526919252
event_5121,-283.6575786025258
event_5122,-132.99091193585915
event_5123,-137.32424526919246
event_5124,-305.6575786025258
event_5125,-209.32424526919243
event_5126,-115.99091193585913
event_5127,-237.32424526919246
event_5128,-139.65757860252583
event_5129,-216.99091193585915
event_5130,-95.6575786025258
event_5131,-176.3242452691925
event_5132,-214.99091193585912
event_5133,-295.990911935859
event_5134,-134.99091193585915
event_5135,-118.6575786025258
event_5136,-169.6575786025258
event_5137,-193.6575786025258
event_5138,-98.65757860252582
event_5139,-195.99091193585915
event_5140,-137.32424526919246
event_5141,-269.32424526919243
event_5142,-147.65757860252583
event_5143,-274.9909119358592
event_5144,-337.99091193585906
event_5145,-171.32424526919246
event_5146,-178.3242452691924
event_5147,-94.65757860252579
event_5148,-98.32424526919247
event_5149,-88.6575786025258
event_5150,-154.3242452691925
event_5151,-180.9909119358591
event_5152,-185.65757860252583
event_5153,-136.65757860252583
event_5154,-169.65757860252583
event_5155,-161.32424526919252
event_5156,-207.6575786025258
event_5157,-100.99091193585913
event_5158,-276.9909119358591
event_5159,-209.32424526919243
event_5160,-198.99091193585915
event_5161,-151.99091193585917
event_5162,-45.65757860252579
event_5163,-248.65757860252577
event_5164,-98.6575786025258
event_5165,-145.6575786025258
event_5166,-104.99091193585915
event_5167,-142.3242452691925
event_5168,-137.6575786025258
event_5169,-132.99091193585915
event_5170,-140.99091193585917
event_5171,-157.99091193585915
event_5172,-260.9909119358591
event_5173,-171.3242452691925
event_5174,-114.6575786025258
event_5175,-256.65757860252575
event_5176,-84.32424526919247
event_5177,-258.32424526919243
event_5178,-158.99091193585912
event_5179,-265.99091193585906
event_5180,-353.990911935859
event_5181,-286.9909119358591
event_5182,-187.3242452691925
event_5183,-269.65757860252575
event_5184,-122.99091193585913
event_5185,-134.3242452691925
event_5186,-93.6575786025258
event_5187,-204.99091193585917
event_5188,-329.99091193585906
event_5189,-283.3242452691925
event_5190,-278.65757860252575
event_5191,-131.99091193585915
event_5192,-226.99091193585915
event_5193,-201.99091193585915
event_5194,-269.3242452691925
event_5195,-255.32424526919246
event_5196,-257.9909119358591
event_5197,-177.6575786025258
event_5198,-279.32424526919255
event_5199,-227.65757860252577
event_5200,-152.99091193585915
event_5201,-165.3242452691925
event_5202,-109.99091193585913
event_5203,-204.65757860252575
event_5204,-153.3242452691925
event_5205,-200.32424526919246
event_5206,-98.32424526919246
event_5207,-156.99091193585915
event_5208,-179.32424526919252
event_5209,-186.3242452691925
event_5210,-202.6575786025258
event_5211,-221.32424526919246
event_5212,-226.6575786025258
event_5213,-111.6575786025258
event_5214,-78.99091193585915
event_5215,-215.99091193585912
event_5216,-159.65757860252583
event_5217,-124.65757860252583
event_5218,-152.6575786025258
event_5219,-151.32424526919246
event_5220,-320.32424526919243
event_5221,-295.9909119358592
event_5222,-200.3242452691925
event_5223,-231.6575786025258
event_5224,-123.99091193585915
event_5225,-203.99091193585912
event_5226,-65.6575786025258
event_5227,-274.32424526919243
event_5228,-119.65757860252579
event_5229,-200.65757860252583
event_5230,-89.32424526919247
event_5231,-195.99091193585915
event_5232,-353.32424526919243
event_5233,-205.32424526919243
event_5234,-296.9909119358591
event_5235,-220.65757860252577
event_5236,-131.32424526919246
event_5237,-226.6575786025258
event_5238,-232.99091193585912
event_5239,-226.6575786025258
event_5240,-302.32424526919243
event_5241,-243.99091193585912
event_5242,-216.99091193585915
event_5243,-233.99091193585915
event_5244,-128.3242452691925
event_5245,-220.9909119358591
event_5246,-91.6575786025258
event_5247,-210.6575786025258
event_5248,-87.6575786025258
event_5249,-192.32424526919246
event_5250,-244.99091193585915
event_5251,-113.99091193585913
event_5252,-262.65757860252575
event_5253,-265.65757860252586
event_5254,-104.6575786025258
event_5255,-269.32424526919243
event_5256,-109.6575786025258
event_5257,-191.32424526919243
event_5258,-137.32424526919246
event_5259,-156.65757860252577
event_5260,-180.99091193585915
event_5261,-210.3242452691925
event_5262,-76.99091193585913
event_5263,-254.99091193585912
event_5264,-89.99091193585915
event_5265,-239.99091193585915
event_5266,-182.6575786025258
event_5267,-109.99091193585912
event_5268,-253.99091193585915
event_5269,-222.99091193585915
event_5270,-238.99091193585915
event_5271,-172.99091193585912
event_5272,-251.32424526919246
event_5273,-239.32424526919246
event_5274,-354.32424526919243
event_5275,-143.99091193585912
event_5276,-201.32424526919246
event_5277,-138.99091193585915
event_5278,-129.6575786025258
event_5279,-134.65757860252583
event_5280,-190.65757860252583
event_5281,-137.6575786025258
event_5282,-95.32424526919247
event_5283,-224.99091193585912
event_5284,-252.32424526919246
event_5285,-105.99091193585913
event_5286,-150.65757860252583
event_5287,-328.65757860252575
event_5288,-135.65757860252583
event_5289,-58.32424526919247
event_5290,-228.3242452691924
event_5291,-284.65757860252575
event_5292,-255.65757860252577
event_5293,-189.32424526919246
event_5294,-74.32424526919249
event_5295,-116.65757860252579
event_5296,-80.65757860252582
event_5297,-253.32424526919246
event_5298,-125.6575786025258
event_5299,-258.6575786025258
event_5300,-80.99091193585915
event_5301,-215.3242452691925
event_5302,-320.65757860252575
event_5303,-159.6575786025258
event_5304,-110.6575786025258
event_5305,-98.32424526919247
event_5306,-188.32424526919252
event_5307,-237.65757860252583
event_5308,-328.99091193585906
event_5309,-318.65757860252586
event_5310,-200.99091193585912
event_5311,-256.65757860252575
event_5312,-167.32424526919246
event_5313,-199.65757860252577
event_5314,-104.32424526919247
event_5315,-105.6575786025258
event_5316,-262.65757860252575
event_5317,-234.99091193585912
event_5318,-287.3242452691925
event_5319,-194.6575786025258
event_5320,-104.6575786025258
event_5321,-250.3242452691925
event_5322,-358.3242452691925
event_5323,-89.65757860252579
event_5324,-176.32424526919252
event_5325,-162.65757860252583
event_5326,-151.32424526919252
event_5327,-113.99091193585915
event_5328,-101.32424526919249
event_5329,-183.3242452691925
event_5330,-123.99091193585915
event_5331,-298.3242452691925
event_5332,-272.9909119358591
event_5333,-144.99091193585912
event_5334,-234.6575786025258
event_5335,-250.9909119358591
event_5336,-86.99091193585913
event_5337,-290.6575786025258
event_5338,-131.65757860252583
event_5339,-204.32424526919252
event_5340,-177.99091193585912
event_5341,-249.99091193585912
event_5342,-85.99091193585913
event_5343,-145.99091193585915
event_5344,-120.32424526919246
event_5345,-178.6575786025258
event_5346,-216.32424526919246
event_5347,-93.99091193585913
event_5348,-199.65757860252577
event_5349,-201.99091193585915
event_5350,-164.32424526919246
event_5351,-60.990911935859124
event_5352,-85.32424526919249
event_5353,-73.6575786025258
event_5354,-79.99091193585913
event_5355,-222.32424526919252
event_5356,-159.6575786025258
event_5357,-97.99091193585913
event_5358,-92.99091193585913
event_5359,-79.6575786025258
event_5360,-112.6575786025258
event_5361,-288.9909119358591
event_5362,-231.3242452691925
event_5363,-191.6575786025258
event_5364,-138.3242452691925
event_5365,-162.32424526919246
event_5366,-183.65757860252577
event_5367,-216.99091193585915
event_5368,-222.99091193585915
event_5369,-80.32424526919246
event_5370,-146.6575786025258
event_5371,-116.99091193585912
event_5372,-85.32424526919247
event_5373,-226.99091193585912
event_5374,-110.99091193585913
event_5375,-122.6575786025258
event_5376,-140.6575786025258
event_5377,-112.32424526919246
event_5378,-234.99091193585912
event_5379,-277.65757860252575
event_5380,-193.32424526919246
event_5381,-183.99091193585917
event_5382,-197.3242452691925
event_5383,-157.99091193585917
event_5384,-121.99091193585915
event_5385,-203.6575786025258
event_5386,-84.32424526919247
event_5387,-127.32424526919246
event_5388,-198.65757860252577
event_5389,-134.3242452691925
event_5390,-183.32424526919243
event_5391,-89.32424526919246
event_5392,-111.65757860252583
event_5393,-133.3242452691925
event_5394,-133.32424526919246
event_5395,-202.32424526919246
event_5396,-51.99091193585912
event_5397,-215.65757860252583
event_5398,-164.65757860252583
event_5399,-113.32424526919247
event_5400,-228.99091193585915
event_5401,-204.65757860252577
event_5402,-166.99091193585915
event_5403,-80.65757860252582
event_5404,-118.99091193585912
event_5405,-94.32424526919247
event_5406,-137.99091193585912
event_5407,-118.99091193585913
event_5408,-278.65757860252586
event_5409,-111.99091193585915
event_5410,-320.6575786025257
event_5411,-255.6575786025258
event_5412,-353.9909119358591
event_5413,-182.32424526919246
event_5414,-184.32424526919246
event_5415,-139.6575786025258
event_5416,-337.9909119358592
event_5417,-203.65757860252577
event_5418,-66.6575786025258
event_5419,-71.6575786025258
event_5420,-135.99091193585917
event_5421,-314.99091193585906
event_5422,-217.99091193585912
event_5423,-219.65757860252583
event_5424,-105.99091193585913
event_5425,-204.32424526919243
event_5426,-101.32424526919246
event_5427,-168.65757860252583
event_5428,-248.6575786025258
event_5429,-322.99091193585906
event_5430,-242.6575786025258
event_5431,-167.3242452691925
event_5432,-190.99091193585915
event_5433,-188.6575786025258
event_5434,-159.65757860252586
event_5435,-142.99091193585915
event_5436,-126.99091193585913
event_5437,-240.32424526919246
event_5438,-118.65757860252582
event_5439,-243.99091193585915
event_5440,-339.99091193585906
event_5441,-207.99091193585912
event_5442,-199.99091193585912
event_5443,-118.32424526919247
event_5444,-224.99091193585917
event_5445,-253.99091193585915
event_5446,-94.65757860252579
event_5447,-117.32424526919247
event_5448,-98.32424526919246
event_5449,-173.32424526919243
event_5450,-88.32424526919247
event_5451,-124.6575786025258
event_5452,-314.32424526919243
event_5453,-84.6575786025258
event_5454,-281.6575786025258
event_5455,-214.6575786025258
event_5456,-187.32424526919246
event_5457,-176.6575786025258
event_5458,-268.32424526919243
event_5459,-63.324245269192474
event_5460,-203.99091193585915
event_5461,-187.99091193585912
event_5462,-247.32424526919246
event_5463,-210.99091193585912
event_5464,-184.3242452691925
event_5465,-235.3242452691925
event_5466,-250.99091193585912
event_5467,-251.3242452691925
event_5468,-270.6575786025258
event_5469,-222.65757860252577
event_5470,-131.32424526919252
event_5471,-90.99091193585912
event_5472,-119.65757860252582
event_5473,-102.99091193585912
event_5474,-112.99091193585915
event_5475,-78.65757860252579
event_5476,-158.99091193585915
event_5477,-245.99091193585915
event_5478,-180.99091193585915
event_5479,-179.65757860252583
event_5480,-130.99091193585912
event_5481,-298.6575786025258
event_5482,-133.65757860252583
event_5483,-307.65757860252575
event_5484,-214.32424526919243
event_5485,-234.99091193585912
event_5486,-78.99091193585913
event_5487,-171.32424526919252
event_5488,-159.3242452691925
event_5489,-159.6575786025258
event_5490,-72.99091193585913
event_5491,-278.9909119358592
event_5492,-71.65757860252579
event_5493,-181.99091193585917
event_5494,-209.3242452691925
event_5495,-218.32424526919246
event_5496,-177.99091193585917
event_5497,-89.65757860252579
event_5498,-128.99091193585912
event_5499,-110.65757860252583
event_5500,-96.32424526919243
event_5501,-380.6575786025257
event_5502,-65.6575786025258
event_5503,-241.99091193585915
event_5504,-97.32424526919249
event_5505,-259.65757860252575
event_5506,-193.32424526919243
event_5507,-186.6575786025258
event_5508,-109.32424526919246
event_5509,-85.99091193585913
event_5510,-85.6575786025258
event_5511,-223.65757860252583
event_5512,-192.99091193585915
event_5513,-89.6575786025258
event_5514,-216.32424526919243
event_5515,-245.32424526919243
event_5516,-254.65757860252577
event_5517,-190.99091193585915
event_5518,-172.32424526919246
event_5519,-168.6575786025258
event_5520,-182.6575786025258
event_5521,-75.65757860252579
event_5522,-191.6575786025258
event_5523,-247.6575786025258
event_5524,-225.65757860252577
event_5525,-250.99091193585915
event_5526,-251.6575786025258
event_5527,-108.32424526919246
event_5528,-84.32424526919247
event_5529,-322.99091193585906
event_5530,-191.3242452691925
event_5531,-88.32424526919247
event_5532,-243.6575786025258
event_5533,-96.99091193585913
event_5534,-293.9909119358591
event_5535,-209.65757860252583
event_5536,-84.65757860252582
event_5537,-226.99091193585912
event_5538,-83.6575786025258
event_5539,-103.32424526919245
event_5540,-279.9909119358591
event_5541,-343.65757860252575
event_5542,-142.99091193585917
event_5543,-144.65757860252583
event_5544,-203.3242452691925
event_5545,-225.99091193585915
event_5546,-293.32424526919243
event_5547,-195.32424526919246
event_5548,-259.99091193585906
event_5549,-117.6575786025258
event_5550,-301.32424526919243
event_5551,-209.32424526919246
event_5552,-84.99091193585915
event_5553,-122.32424526919247
event_5554,-136.32424526919246
event_5555,-213.65757860252577
event_5556,-200.32424526919243
event_5557,-112.32424526919245
event_5558,-137.32424526919252
event_5559,-124.65757860252582
event_5560,-198.6575786025258
event_5561,-168.3242452691925
event_5562,-215.99091193585912
event_5563,-195.3242452691925
event_5564,-194.32424526919243
event_5565,-143.32424526919246
event_5566,-271.9909119358592
event_5567,-101.99091193585915
event_5568,-92.32424526919249
event_5569,-160.3242452691925
event_5570,-199.65757860252575
event_5571,-311.9909119358591
event_5572,-240.65757860252583
event_5573,-217.99091193585912
event_5574,-330.3242452691925
event_5575,-221.6575786025258
event_5576,-66.32424526919247
event_5577,-136.32424526919252
event_5578,-132.3242452691925
event_5579,-104.6575786025258
event_5580,-119.99091193585915
event_5581,-117.99091193585915
event_5582,-269.9909119358591
event_5583,-128.6575786025258
event_5584,-120.32424526919246
event_5585,-81.32424526919246
event_5586,-74.65757860252582
event_5587,-222.99091193585915
event_5588,-168.99091193585915
event_5589,-295.3242452691925
event_5590,-255.99091193585912
event_5591,-84.32424526919246
event_5592,-152.65757860252577
event_5593,-60.32424526919246
event_5594,-192.99091193585912
event_5595,-97.32424526919246
event_5596,-378.99091193585906
event_5597,-179.3242452691925
event_5598,-316.65757860252586
event_5599,-203.99091193585912
event_5600,-218.32424526919246
event_5601,-150.3242452691925
event_5602,-211.9909119358591
event_5603,-256.9909119358591
event_5604,-166.3242452691925
event_5605,-211.65757860252577
event_5606,-87.99091193585913
event_5607,-76.6575786025258
event_5608,-127.3242452691925
event_5609,-119.32424526919249
event_5610,-227.99091193585912
event_5611,-237.99091193585912
event_5612,-171.32424526919246
event_5613,-111.65757860252582
event_5614,-148.3242452691925
event_5615,-230.99091193585915
event_5616,-182.6575786025258
event_5617,-300.65757860252586
event_5618,-218.3242452691925
event_5619,-269.9909119358592
event_5620,-144.99091193585915
event_5621,-212.32424526919246
event_5622,-60.99091193585913
event_5623,-214.99091193585915
event_5624,-245.99091193585912
event_5625,-246.99091193585912
event_5626,-161.65757860252577
event_5627,-165.3242452691925
event_5628,-112.99091193585915
event_5629,-79.99091193585913
event_5630,-161.6575786025258
event_5631,-183.32424526919246
event_5632,-89.32424526919246
event_5633,-86.32424526919245
event_5634,-131.3242452691925
event_5635,-164.99091193585915
event_5636,-243.6575786025258
event_5637,-199.32424526919246
event_5638,-288.32424526919243
event_5639,-191.65757860252577
event_5640,-127.65757860252583
event_5641,-97.99091193585915
event_5642,-109.65757860252582
event_5643,-137.99091193585915
event_5644,-82.6575786025258
event_5645,-154.99091193585915
event_5646,-121.65757860252582
event_5647,-116.32424526919246
event_5648,-433.99091193585923
event_5649,-208.32424526919246
event_5650,-242.32424526919246
event_5651,-109.6575786025258
event_5652,-219.99091193585912
event_5653,-96.65757860252579
event_5654,-136.3242452691925
event_5655,-133.32424526919252
event_5656,-68.99091193585915
event_5657,-239.99091193585915
event_5658,-241.3242452691924
event_5659,-98.32424526919247
event_5660,-126.65757860252582
event_5661,-126.99091193585913
event_5662,-168.99091193585917
event_5663,-211.3242452691925
event_5664,-285.65757860252575
event_5665,-126.32424526919249
event_5666,-74.99091193585916
event_5667,-68.99091193585913
event_5668,-223.32424526919246
event_5669,-229.32424526919246
event_5670,-244.9909119358591
event_5671,-80.99091193585913
event_5672,-206.99091193585912
event_5673,-191.32424526919246
event_5674,-165.32424526919255
event_5675,-82.99091193585915
event_5676,-315.9909119358592
event_5677,-201.32424526919246
event_5678,-95.65757860252582
event_5679,-173.32424526919246
event_5680,-262.9909119358591
event_5681,-68.99091193585912
event_5682,-135.32424526919246
event_5683,-96.99091193585913
event_5684,-163.3242452691925
event_5685,-188.65757860252586
event_5686,-112.65757860252582
event_5687,-228.3242452691925
event_5688,-97.32424526919247
event_5689,-165.99091193585912
event_5690,-110.6575786025258
event_5691,-96.32424526919249
event_5692,-174.3242452691925
event_5693,-223.3242452691925
event_5694,-256.65757860252575
event_5695,-165.99091193585915
event_5696,-204.99091193585912
event_5697,-229.6575786025258
event_5698,-164.99091193585915
event_5699,-138.6575786025258
event_5700,-251.32424526919246
event_5701,-235.99091193585915
event_5702,-182.3242452691925
event_5703,-195.32424526919243
event_5704,-182.32424526919246
event_5705,-249.65757860252583
event_5706,-221.99091193585915
event_5707,-170.99091193585912
event_5708,-254.3242452691925
event_5709,-321.3242452691925
event_5710,-230.65757860252575
event_5711,-237.32424526919246
event_5712,-252.32424526919243
event_5713,-227.32424526919246
event_5714,-151.32424526919246
event_5715,-265.65757860252575
event_5716,-248.32424526919246
event_5717,-210.32424526919246
event_5718,-113.99091193585912
event_5719,-174.6575786025258
event_5720,-273.32424526919243
event_5721,-257.99091193585906
event_5722,-206.99091193585915
event_5723,-334.6575786025258
event_5724,-90.99091193585915
event_5725,-163.99091193585915
event_5726,-259.9909119358591
event_5727,-97.99091193585913
event_5728,-270.32424526919243
event_5729,-257.32424526919243
event_5730,-161.65757860252583
event_5731,-273.6575786025258
event_5732,-153.6575786025258
event_5733,-162.32424526919246
event_5734,-195.6575786025258
event_5735,-228.32424526919246
event_5736,-131.99091193585912
event_5737,-148.99091193585915
event_5738,-226.3242452691925
event_5739,-218.6575786025258
event_5740,-363.9909119358591
event_5741,-193.32424526919246
event_5742,-188.3242452691925
event_5743,-220.3242452691925
event_5744,-268.3242452691924
event_5745,-217.65757860252577
event_5746,-261.32424526919243
event_5747,-289.9909119358592
event_5748,-139.65757860252583
event_5749,-136.32424526919246
event_5750,-135.6575786025258
event_5751,-148.65757860252583
event_5752,-158.6575786025258
event_5753,-52.99091193585913
event_5754,-232.65757860252577
event_5755,-198.99091193585915
event_5756,-302.65757860252586
event_5757,-251.32424526919243
event_5758,-67.99091193585915
event_5759,-193.65757860252577
event_5760,-134.6575786025258
event_5761,-317.32424526919243
event_5762,-110.32424526919246
event_5763,-124.99091193585915
event_5764,-285.9909119358591
event_5765,-68.99091193585916
event_5766,-304.65757860252586
event_5767,-259.9909119358591
event_5768,-215.32424526919243
event_5769,-193.99091193585917
event_5770,-254.32424526919243
event_5771,-239.32424526919246
event_5772,-187.99091193585915
event_5773,-217.6575786025258
event_5774,-141.99091193585917
event_5775,-206.32424526919246
event_5776,-397.3242452691925
event_5777,-191.3242452691925
event_5778,-191.99091193585912
event_5779,-242.6575786025258
event_5780,-161.65757860252583
event_5781,-329.65757860252575
event_5782,-174.65757860252583
event_5783,-122.32424526919246
event_5784,-285.32424526919243
event_5785,-222.65757860252575
event_5786,-199.99091193585912
event_5787,-147.65757860252583
event_5788,-287.65757860252575
event_5789,-168.99091193585912
event_5790,-203.6575786025258
event_5791,-158.32424526919246
event_5792,-307.9909119358592
event_5793,-167.32424526919246
event_5794,-93.99091193585915
event_5795,-221.65757860252577
event_5796,-144.65757860252583
event_5797,-291.65757860252575
event_5798,-247.99091193585915
event_5799,-152.6575786025258
event_5800,-74.6575786025258
event_5801,-179.32424526919246
event_5802,-207.99091193585915
event_5803,-151.32424526919246
event_5804,-70.6575786025258
event_5805,-148.65757860252583
event_5806,-166.65757860252577
event_5807,-203.99091193585912
event_5808,-141.99091193585915
event_5809,-237.99091193585915
event_5810,-167.65757860252583
event_5811,-207.65757860252583
event_5812,-105.99091193585915
event_5813,-314.65757860252575
event_5814,-225.32424526919243
event_5815,-297.3242452691925
event_5816,-74.99091193585913
event_5817,-147.99091193585915
event_5818,-173.65757860252583
event_5819,-204.32424526919243
event_5820,-80.65757860252579
event_5821,-248.99091193585912
event_5822,-317.99091193585906
event_5823,-64.99091193585913
event_5824,-245.32424526919246
event_5825,-111.6575786025258
event_5826,-256.32424526919243
event_5827,-164.32424526919252
event_5828,-89.32424526919247
event_5829,-214.65757860252586
event_5830,-69.6575786025258
event_5831,-236.6575786025258
event_5832,-208.9909119358591
event_5833,-179.6575786025258
event_5834,-58.65757860252579
event_5835,-243.6575786025258
event_5836,-190.6575786025258
event_5837,-129.99091193585915
event_5838,-241.6575786025258
event_5839,-208.99091193585915
event_5840,-239.65757860252577
event_5841,-221.32424526919246
event_5842,-344.99091193585906
event_5843,-139.99091193585912
event_5844,-282.3242452691925
event_5845,-138.6575786025258
event_5846,-176.32424526919243
event_5847,-299.32424526919243
event_5848,-241.3242452691925
event_5849,-247.6575786025258
event_5850,-280.3242452691925
event_5851,-99.32424526919246
event_5852,-104.65757860252579
event_5853,-86.99091193585912
event_5854,-200.32424526919243
event_5855,-142.65757860252583
event_5856,-87.6575786025258
event_5857,-194.65757860252577
event_5858,-85.32424526919246
event_5859,-100.99091193585916
event_5860,-309.3242452691924
event_5861,-166.32424526919252
event_5862,-290.65757860252575
event_5863,-205.3242452691925
event_5864,-281.9909119358591
event_5865,-86.99091193585915
event_5866,-183.99091193585915
event_5867,-65.65757860252582
event_5868,-338.6575786025258
event_5869,-227.65757860252577
event_5870,-125.6575786025258
event_5871,-123.99091193585913
event_5872,-275.32424526919243
event_5873,-203.99091193585917
event_5874,-151.99091193585915
event_5875,-80.32424526919246
event_5876,-224.32424526919246
event_5877,-255.3242452691925
event_5878,-258.3242452691925
event_5879,-70.32424526919249
event_5880,-226.99091193585915
event_5881,-311.6575786025257
event_5882,-87.32424526919247
event_5883,-198.6575786025258
event_5884,-58.32424526919245
event_5885,-153.3242452691925
event_5886,-152.3242452691925
event_5887,-170.99091193585912
event_5888,-229.6575786025258
event_5889,-248.6575786025258
event_5890,-87.99091193585912
event_5891,-141.3242452691925
event_5892,-74.32424526919249
event_5893,-154.3242452691925
event_5894,-243.99091193585912
event_5895,-181.3242452691925
event_5896,-167.6575786025258
event_5897,-91.6575786025258
event_5898,-230.99091193585912
event_5899,-312.9909119358591
event_5900,-103.6575786025258
event_5901,-137.3242452691925
event_5902,-316.99091193585906
event_5903,-199.32424526919243
event_5904,-261.6575786025258
event_5905,-202.99091193585915
event_5906,-87.99091193585915
event_5907,-63.99091193585911
event_5908,-234.65757860252575
event_5909,-233.99091193585915
event_5910,-119.65757860252582
event_5911,-259.99091193585923
event_5912,-121.99091193585915
event_5913,-163.65757860252583
event_5914,-221.99091193585915
event_5915,-125.6575786025258
event_5916,-203.32424526919246
event_5917,-163.3242452691925
event_5918,-123.32424526919249
event_5919,-128.99091193585915
event_5920,-164.3242452691925
event_5921,-373.65757860252575
event_5922,-137.99091193585917
event_5923,-78.6575786025258
event_5924,-296.65757860252575
event_5925,-316.6575786025258
event_5926,-346.9909119358591
event_5927,-76.99091193585915
event_5928,-220.99091193585915
event_5929,-87.99091193585913
event_5930,-194.65757860252577
event_5931,-108.65757860252579
event_5932,-162.99091193585912
event_5933,-98.99091193585913
event_5934,-168.6575786025258
event_5935,-239.32424526919246
event_5936,-280.9909119358591
event_5937,-258.65757860252575
event_5938,-95.65757860252579
event_5939,-90.65757860252579
event_5940,-196.3242452691925
event_5941,-273.3242452691925
event_5942,-350.3242452691925
event_5943,-319.65757860252586
event_5944,-217.99091193585912
event_5945,-180.32424526919246
event_5946,-72.65757860252579
event_5947,-174.3242452691925
event_5948,-136.99091193585915
event_5949,-341.9909119358591
event_5950,-210.32424526919252
event_5951,-82.65757860252579
event_5952,-177.65757860252583
event_5953,-265.32424526919243
event_5954,-264.6575786025258
event_5955,-204.99091193585912
event_5956,-286.6575786025258
event_5957,-281.65757860252586
event_5958,-116.99091193585915
event_5959,-167.99091193585915
event_5960,-90.65757860252582
event_5961,-215.99091193585912
event_5962,-113.32424526919247
event_5963,-156.99091193585917
event_5964,-205.6575786025258
event_5965,-108.99091193585913
event_5966,-97.32424526919247
event_5967,-86.99091193585915
event_5968,-396.6575786025258
event_5969,-114.99091193585913
event_5970,-248.65757860252577
event_5971,-268.6575786025258
event_5972,-213.32424526919243
event_5973,-263.9909119358591
event_5974,-82.99091193585915
event_5975,-282.3242452691924
event_5976,-136.6575786025258
event_5977,-120.32424526919246
event_5978,-312.32424526919243
event_5979,-193.6575786025258
event_5980,-86.65757860252582
event_5981,-166.3242452691925
event_5982,-198.32424526919246
event_5983,-217.32424526919246
event_5984,-256.6575786025258
event_5985,-182.99091193585915
event_5986,-230.99091193585917
event_5987,-117.32424526919247
event_5988,-224.65757860252577
event_5989,-175.99091193585915
event_5990,-125.32424526919249
event_5991,-248.3242452691925
event_5992,-182.6575786025258
event_5993,-222.99091193585915
event_5994,-314.3242452691925
event_5995,-124.99091193585912
event_5996,-147.32424526919246
event_5997,-84.65757860252579
event_5998,-124.32424526919247
event_5999,-270.9909119358591
event_6000,-124.65757860252582
event_6001,-90.65757860252579
event_6002,-80.6575786025258
event_6003,-155.99091193585912
event_6004,-174.99091193585917
event_6005,-279.3242452691925
event_6006,-98.99091193585915
event_6007,-182.3242452691925
event_6008,-229.65757860252575
event_6009,-236.99091193585915
event_6010,-149.99091193585912
event_6011,-350.65757860252586
event_6012,-253.6575786025258
event_6013,-259.9909119358592
event_6014,-115.6575786025258
event_6015,-239.99091193585915
event_6016,-114.6575786025258
event_6017,-208.99091193585912
event_6018,-199.99091193585917
event_6019,-78.32424526919247
event_6020,-88.32424526919247
event_6021,-287.65757860252575
event_6022,-245.3242452691925
event_6023,-206.6575786025258
event_6024,-399.6575786025258
event_6025,-275.3242452691925
event_6026,-181.6575786025258
event_6027,-267.9909119358591
event_6028,-153.3242452691925
event_6029,-184.9909119358591
event_6030,-48.6575786025258
event_6031,-86.99091193585913
event_6032,-94.65757860252579
event_6033,-228.65757860252575
event_6034,-133.32424526919246
event_6035,-153.99091193585912
event_6036,-226.99091193585915
event_6037,-181.32424526919246
event_6038,-126.99091193585912
event_6039,-236.32424526919246
event_6040,-101.32424526919245
event_6041,-196.6575786025258
event_6042,-295.65757860252575
event_6043,-180.6575786025258
event_6044,-345.9909119358592
event_6045,-102.32424526919247
event_6046,-110.32424526919247
event_6047,-176.99091193585915
event_6048,-78.32424526919249
event_6049,-190.99091193585912
event_6050,-263.9909119358592
event_6051,-156.99091193585915
event_6052,-212.65757860252577
event_6053,-145.99091193585915
event_6054,-171.99091193585917
event_6055,-176.3242452691925
event_6056,-180.99091193585915
event_6057,-159.6575786025258
event_6058,-301.32424526919243
event_6059,-255.99091193585915
event_6060,-205.99091193585912
event_6061,-302.3242452691925
event_6062,-351.6575786025257
event_6063,-210.3242452691925
event_6064,-331.990911935859
event_6065,-243.6575786025258
event_6066,-179.99091193585917
event_6067,-115.3242452691925
event_6068,-148.6575786025258
event_6069,-97.9909119358591
event_6070,-248.65757860252575
event_6071,-199.99091193585917
event_6072,-65.32424526919246
event_6073,-139.3242452691925
event_6074,-104.32424526919247
event_6075,-183.65757860252583
event_6076,-203.32424526919252
event_6077,-81.65757860252579
event_6078,-89.6575786025258
event_6079,-113.32424526919246
event_6080,-281.6575786025258
event_6081,-161.99091193585917
event_6082,-337.9909119358591
event_6083,-159.32424526919246
event_6084,-267.32424526919243
event_6085,-191.32424526919246
event_6086,-174.32424526919252
event_6087,-215.9909119358591
event_6088,-198.9909119358592
event_6089,-222.9909119358591
event_6090,-99.32424526919246
event_6091,-257.65757860252575
event_6092,-239.65757860252577
event_6093,-250.65757860252577
event_6094,-219.99091193585912
event_6095,-179.32424526919246
event_6096,-260.6575786025258
event_6097,-254.32424526919246
event_6098,-255.6575786025258
event_6099,-167.3242452691925
event_6100,-111.32424526919247
event_6101,-174.6575786025258
event_6102,-89.65757860252582
event_6103,-182.65757860252583
event_6104,-161.32424526919246
event_6105,-78.6575786025258
event_6106,-131.99091193585915
event_6107,-187.99091193585915
event_6108,-246.6575786025258
event_6109,-281.3242452691925
event_6110,-84.65757860252579
event_6111,-254.9909119358591
event_6112,-152.6575786025258
event_6113,-171.6575786025258
event_6114,-128.3242452691925
event_6115,-180.6575786025258
event_6116,-204.99091193585917
event_6117,-119.99091193585915
event_6118,-279.3242452691925
event_6119,-120.99091193585916
event_6120,-232.99091193585915
event_6121,-164.6575786025258
event_6122,-269.65757860252575
event_6123,-184.32424526919246
event_6124,-122.32424526919246
event_6125,-260.9909119358591
event_6126,-207.99091193585912
event_6127,-80.32424526919247
event_6128,-245.99091193585912
event_6129,-248.9909119358591
event_6130,-263.32424526919243
event_6131,-247.6575786025258
event_6132,-283.6575786025258
event_6133,-219.99091193585915
event_6134,-74.99091193585915
event_6135,-204.99091193585912
event_6136,-206.32424526919246
event_6137,-75.6575786025258
event_6138,-184.99091193585915
event_6139,-75.99091193585915
event_6140,-279.6575786025258
event_6141,-121.6575786025258
event_6142,-185.3242452691925
event_6143,-232.99091193585912
event_6144,-176.99091193585917
event_6145,-75.65757860252582
event_6146,-90.6575786025258
event_6147,-274.3242452691925
event_6148,-199.99091193585917
event_6149,-128.3242452691925
event_6150,-180.99091193585917
event_6151,-242.99091193585912
event_6152,-151.3242452691925
event_6153,-230.32424526919246
event_6154,-130.3242452691925
event_6155,-170.32424526919246
event_6156,-126.99091193585913
event_6157,-139.99091193585915
event_6158,-77.32424526919247
event_6159,-181.3242452691925
event_6160,-174.99091193585915
event_6161,-254.32424526919246
event_6162,-187.3242452691925
event_6163,-297.65757860252575
event_6164,-238.99091193585912
event_6165,-185.99091193585915
event_6166,-164.32424526919252
event_6167,-108.99091193585912
event_6168,-288.65757860252575
event_6169,-189.3242452691925
event_6170,-141.99091193585912
event_6171,-152.99091193585915
event_6172,-201.99091193585915
event_6173,-174.6575786025258
event_6174,-238.99091193585917
event_6175,-177.65757860252583
event_6176,-69.99091193585915
event_6177,-209.99091193585917
event_6178,-211.6575786025258
event_6179,-269.6575786025258
event_6180,-194.6575786025258
event_6181,-110.99091193585915
event_6182,-191.65757860252577
event_6183,-119.6575786025258
event_6184,-110.99091193585915
event_6185,-145.32424526919246
event_6186,-275.65757860252575
event_6187,-191.3242452691925
event_6188,-78.99091193585913
event_6189,-202.6575786025258
event_6190,-161.6575786025258
event_6191,-269.9909119358591
event_6192,-76.32424526919249
event_6193,-289.65757860252586
event_6194,-123.6575786025258
event_6195,-78.32424526919247
event_6196,-141.6575786025258
event_6197,-226.65757860252586
event_6198,-78.6575786025258
event_6199,-291.6575786025258
event_6200,-169.6575786025258
event_6201,-108.32424526919246
event_6202,-303.32424526919243
event_6203,-135.6575786025258
event_6204,-290.3242452691925
event_6205,-160.6575786025258
event_6206,-83.99091193585912
event_6207,-322.9909119358591
event_6208,-110.32424526919249
event_6209,-208.32424526919252
event_6210,-180.3242452691925
event_6211,-127.65757860252582
event_6212,-268.3242452691924
event_6213,-193.6575786025258
event_6214,-219.65757860252577
event_6215,-264.9909119358591
event_6216,-92.32424526919246
event_6217,-187.99091193585912
event_6218,-175.65757860252583
event_6219,-142.99091193585917
event_6220,-179.32424526919252
event_6221,-64.99091193585913
event_6222,-180.6575786025258
event_6223,-234.3242452691925
event_6224,-300.65757860252575
event_6225,-98.32424526919247
event_6226,-193.3242452691925
event_6227,-186.3242452691925
event_6228,-178.6575786025258
event_6229,-211.32424526919246
event_6230,-169.3242452691925
event_6231,-239.32424526919246
event_6232,-86.6575786025258
event_6233,-218.6575786025258
event_6234,-344.32424526919243
event_6235,-186.3242452691925
event_6236,-163.6575786025258
event_6237,-236.65757860252583
event_6238,-97.99091193585913
event_6239,-295.3242452691924
event_6240,-83.99091193585913
event_6241,-213.99091193585915
event_6242,-125.65757860252579
event_6243,-132.99091193585915
event_6244,-105.32424526919246
event_6245,-71.32424526919246
event_6246,-205.99091193585912
event_6247,-91.32424526919247
event_6248,-145.3242452691925
event_6249,-243.99091193585912
event_6250,-309.3242452691925
event_6251,-75.65757860252579
event_6252,-91.65757860252579
event_6253,-184.3242452691925
event_6254,-74.32424526919246
event_6255,-164.9909119358591
event_6256,-193.9909119358591
event_6257,-103.32424526919247
event_6258,-78.6575786025258
event_6259,-118.6575786025258
event_6260,-321.9909119358592
event_6261,-295.99091193585906
event_6262,-165.99091193585912
event_6263,-221.99091193585912
event_6264,-122.99091193585915
event_6265,-181.99091193585912
event_6266,-113.99091193585915
event_6267,-111.6575786025258
event_6268,-193.6575786025258
event_6269,-222.32424526919246
event_6270,-288.6575786025258
event_6271,-153.6575786025258
event_6272,-265.9909119358591
event_6273,-225.65757860252583
event_6274,-212.6575786025258
event_6275,-205.99091193585915
event_6276,-222.32424526919246
event_6277,-181.32424526919243
event_6278,-192.6575786025258
event_6279,-230.65757860252577
event_6280,-208.32424526919246
event_6281,-238.32424526919243
event_6282,-368.32424526919243
event_6283,-161.99091193585912
event_6284,-179.99091193585915
event_6285,-245.99091193585912
event_6286,-94.6575786025258
event_6287,-205.3242452691925
event_6288,-271.32424526919243
event_6289,-146.6575786025258
event_6290,-250.3242452691925
event_6291,-175.99091193585915
event_6292,-145.6575786025258
event_6293,-88.32424526919246
event_6294,-286.3242452691925
event_6295,-78.99091193585915
event_6296,-241.99091193585915
event_6297,-279.99091193585906
event_6298,-285.9909119358591
event_6299,-271.6575786025258
event_6300,-106.65757860252579
event_6301,-80.99091193585912
event_6302,-181.6575786025258
event_6303,-91.99091193585912
event_6304,-189.99091193585912
event_6305,-125.6575786025258
event_6306,-165.32424526919243
event_6307,-117.65757860252582
event_6308,-60.99091193585911
event_6309,-183.99091193585912
event_6310,-167.3242452691925
event_6311,-226.65757860252577
event_6312,-104.32424526919247
event_6313,-160.99091193585915
event_6314,-176.65757860252577
event_6315,-75.6575786025258
event_6316,-339.99091193585906
event_6317,-235.6575786025258
event_6318,-297.65757860252575
event_6319,-319.32424526919243
event_6320,-96.65757860252583
event_6321,-192.65757860252583
event_6322,-190.99091193585915
event_6323,-235.99091193585912
event_6324,-147.6575786025258
event_6325,-126.65757860252582
event_6326,-206.32424526919243
event_6327,-109.65757860252579
event_6328,-246.9909119358591
event_6329,-74.99091193585915
event_6330,-122.99091193585915
event_6331,-130.65757860252583
event_6332,-256.65757860252575
event_6333,-128.65757860252577
event_6334,-166.6575786025258
event_6335,-88.65757860252579
event_6336,-79.99091193585913
event_6337,-163.99091193585915
event_6338,-128.99091193585915
event_6339,-222.99091193585915
event_6340,-208.9909119358591
event_6341,-169.99091193585915
event_6342,-71.99091193585913
event_6343,-100.99091193585916
event_6344,-151.32424526919246
event_6345,-367.9909119358591
event_6346,-319.6575786025258
event_6347,-300.6575786025258
event_6348,-238.65757860252577
event_6349,-58.657578602525795
event_6350,-176.99091193585917
event_6351,-307.9909119358591
event_6352,-154.65757860252583
event_6353,-116.32424526919247
event_6354,-98.65757860252583
event_6355,-215.6575786025258
event_6356,-169.32424526919252
event_6357,-170.99091193585912
event_6358,-131.3242452691925
event_6359,-121.99091193585915
event_6360,-285.3242452691925
event_6361,-161.65757860252583
event_6362,-253.65757860252577
event_6363,-123.65757860252582
event_6364,-311.32424526919243
event_6365,-222.6575786025258
event_6366,-116.32424526919247
event_6367,-140.99091193585915
event_6368,-117.32424526919247
event_6369,-93.99091193585913
event_6370,-243.65757860252577
event_6371,-236.99091193585912
event_6372,-220.6575786025258
event_6373,-66.99091193585913
event_6374,-216.9909119358591
event_6375,-200.99091193585917
event_6376,-132.32424526919246
event_6377,-286.9909119358591
event_6378,-127.99091193585912
event_6379,-198.3242452691925
event_6380,-256.32424526919243
event_6381,-281.9909119358591
event_6382,-293.6575786025258
event_6383,-172.99091193585917
event_6384,-57.990911935859124
event_6385,-108.99091193585912
event_6386,-94.32424526919246
event_6387,-206.32424526919252
event_6388,-329.3242452691925
event_6389,-248.99091193585912
event_6390,-127.32424526919247
event_6391,-237.6575786025258
event_6392,-127.99091193585915
event_6393,-147.99091193585917
event_6394,-106.3242452691925
event_6395,-187.65757860252586
event_6396,-162.99091193585915
event_6397,-248.65757860252575
event_6398,-83.99091193585915
event_6399,-228.99091193585912
event_6400,-110.32424526919247
event_6401,-125.99091193585916
event_6402,-263.32424526919243
event_6403,-142.99091193585915
event_6404,-205.65757860252583
event_6405,-155.99091193585915
event_6406,-212.99091193585906
event_6407,-231.9909119358591
event_6408,-183.99091193585915
event_6409,-224.6575786025258
event_6410,-119.32424526919247
event_6411,-148.99091193585915
event_6412,-132.9909119358592
event_6413,-91.99091193585913
event_6414,-75.32424526919247
event_6415,-167.3242452691925
event_6416,-286.99091193585906
event_6417,-102.32424526919246
event_6418,-59.657578602525795
event_6419,-107.65757860252583
event_6420,-192.32424526919246
event_6421,-280.3242452691924
event_6422,-73.65757860252577
event_6423,-116.6575786025258
event_6424,-193.6575786025258
event_6425,-89.32424526919246
event_6426,-72.32424526919246
event_6427,-251.3242452691925
event_6428,-227.65757860252577
event_6429,-248.99091193585915
event_6430,-202.3242452691925
event_6431,-170.99091193585915
event_6432,-293.32424526919243
event_6433,-234.6575786025258
event_6434,-139.65757860252583
event_6435,-200.32424526919246
event_6436,-83.6575786025258
event_6437,-100.65757860252583
event_6438,-109.99091193585917
event_6439,-133.99091193585915
event_6440,-146.65757860252583
event_6441,-297.99091193585906
event_6442,-238.99091193585915
event_6443,-227.32424526919246
event_6444,-140.32424526919246
event_6445,-80.99091193585915
event_6446,-164.3242452691925
event_6447,-259.6575786025258
event_6448,-74.6575786025258
event_6449,-368.3242452691925
event_6450,-178.99091193585915
event_6451,-189.99091193585915
event_6452,-183.99091193585912
event_6453,-169.32424526919246
event_6454,-138.32424526919246
event_6455,-207.6575786025258
event_6456,-151.99091193585915
event_6457,-303.32424526919243
event_6458,-213.99091193585915
event_6459,-154.6575786025258
event_6460,-166.99091193585917
event_6461,-219.6575786025258
event_6462,-228.99091193585912
event_6463,-87.99091193585912
event_6464,-161.3242452691925
event_6465,-162.3242452691925
event_6466,-104.99091193585915
event_6467,-206.99091193585912
event_6468,-79.6575786025258
event_6469,-83.99091193585913
event_6470,-190.99091193585912
event_6471,-261.32424526919243
event_6472,-141.99091193585912
event_6473,-219.32424526919246
event_6474,-207.6575786025258
event_6475,-125.6575786025258
event_6476,-192.99091193585917
event_6477,-140.99091193585915
event_6478,-248.65757860252577
event_6479,-129.6575786025258
event_6480,-137.99091193585912
event_6481,-139.65757860252583
event_6482,-160.65757860252583
event_6483,-119.6575786025258
event_6484,-168.65757860252583
event_6485,-262.32424526919243
event_6486,-83.6575786025258
event_6487,-295.32424526919243
event_6488,-261.9909119358591
event_6489,-260.3242452691925
event_6490,-120.99091193585915
event_6491,-198.99091193585915
event_6492,-207.65757860252577
event_6493,-192.99091193585915
event_6494,-198.99091193585915
event_6495,-269.9909119358591
event_6496,-210.32424526919246
event_6497,-352.65757860252586
event_6498,-160.99091193585912
event_6499,-337.65757860252575
event_6500,-97.32424526919247
event_6501,-111.32424526919249
event_6502,-252.65757860252577
event_6503,-252.3242452691925
event_6504,-157.99091193585915
event_6505,-176.6575786025258
event_6506,-298.3242452691925
event_6507,-178.32424526919252
event_6508,-226.3242452691925
event_6509,-99.65757860252582
event_6510,-112.99091193585916
event_6511,-167.99091193585915
event_6512,-80.6575786025258
event_6513,-260.3242452691925
event_6514,-289.32424526919255
event_6515,-288.9909119358591
event_6516,-363.3242452691925
event_6517,-277.32424526919243
event_6518,-87.6575786025258
event_6519,-97.65757860252582
event_6520,-165.3242452691925
event_6521,-198.65757860252577
event_6522,-199.3242452691925
event_6523,-147.3242452691925
event_6524,-158.99091193585915
event_6525,-285.32424526919243
event_6526,-175.99091193585915
event_6527,-202.32424526919246
event_6528,-238.99091193585912
event_6529,-219.3242452691925
event_6530,-169.3242452691925
event_6531,-171.32424526919246
event_6532,-102.99091193585913
event_6533,-242.6575786025258
event_6534,-248.99091193585912
event_6535,-81.32424526919247
event_6536,-99.99091193585915
event_6537,-88.99091193585912
event_6538,-105.32424526919247
event_6539,-218.32424526919246
event_6540,-182.6575786025258
event_6541,-204.3242452691925
event_6542,-137.6575786025258
event_6543,-143.65757860252583
event_6544,-82.99091193585913
event_6545,-269.9909119358591
event_6546,-254.99091193585915
event_6547,-89.99091193585912
event_6548,-188.99091193585912
event_6549,-128.3242452691925
event_6550,-217.6575786025258
event_6551,-149.6575786025258
event_6552,-220.32424526919246
event_6553,-339.32424526919243
event_6554,-194.3242452691925
event_6555,-242.9909119358591
event_6556,-120.99091193585915
event_6557,-294.3242452691925
event_6558,-174.3242452691925
event_6559,-196.99091193585915
event_6560,-238.6575786025258
event_6561,-71.99091193585913
event_6562,-156.99091193585915
event_6563,-126.3242452691925
event_6564,-171.32424526919246
event_6565,-228.32424526919243
event_6566,-120.32424526919249
event_6567,-205.99091193585917
event_6568,-264.32424526919243
event_6569,-297.99091193585906
event_6570,-283.3242452691925
event_6571,-218.6575786025258
event_6572,-119.65757860252582
event_6573,-67.99091193585916
event_6574,-106.99091193585913
event_6575,-98.32424526919247
event_6576,-192.99091193585915
event_6577,-109.99091193585916
event_6578,-207.99091193585915
event_6579,-61.32424526919245
event_6580,-103.65757860252577
event_6581,-151.65757860252586
event_6582,-200.99091193585915
event_6583,-242.99091193585912
event_6584,-85.32424526919246
event_6585,-181.65757860252583
event_6586,-230.6575786025258
event_6587,-262.9909119358591
event_6588,-181.65757860252583
event_6589,-292.3242452691925
event_6590,-102.6575786025258
event_6591,-104.99091193585915
event_6592,-238.65757860252583
event_6593,-133.99091193585915
event_6594,-168.99091193585915
event_6595,-132.32424526919246
event_6596,-91.65757860252579
event_6597,-208.3242452691925
event_6598,-216.99091193585915
event_6599,-123.99091193585916
event_6600,-108.99091193585913
event_6601,-169.99091193585912
event_6602,-210.99091193585915
event_6603,-312.32424526919243
event_6604,-108.32424526919249
event_6605,-107.99091193585915
event_6606,-232.99091193585912
event_6607,-217.32424526919246
event_6608,-154.99091193585912
event_6609,-202.65757860252583
event_6610,-245.65757860252583
event_6611,-207.6575786025258
event_6612,-217.65757860252583
event_6613,-272.9909119358591
event_6614,-156.65757860252583
event_6615,-67.99091193585913
event_6616,-117.6575786025258
event_6617,-196.65757860252583
event_6618,-66.32424526919246
event_6619,-157.6575786025258
event_6620,-188.6575786025258
event_6621,-257.9909119358591
event_6622,-152.6575786025258
event_6623,-100.32424526919247
event_6624,-170.99091193585912
event_6625,-315.9909119358591
event_6626,-79.65757860252579
event_6627,-245.32424526919243
event_6628,-68.99091193585912
event_6629,-107.99091193585912
event_6630,-211.6575786025258
event_6631,-78.99091193585913
event_6632,-260.65757860252575
event_6633,-128.6575786025258
event_6634,-203.99091193585915
event_6635,-312.9909119358592
event_6636,-211.6575786025258
event_6637,-158.6575786025258
event_6638,-300.9909119358591
event_6639,-126.99091193585913
event_6640,-168.99091193585915
event_6641,-114.32424526919246
event_6642,-167.65757860252575
event_6643,-124.99091193585913
event_6644,-166.6575786025258
event_6645,-209.3242452691925
event_6646,-178.65757860252586
event_6647,-130.3242452691925
event_6648,-145.6575786025258
event_6649,-291.6575786025258
event_6650,-222.32424526919246
event_6651,-93.99091193585913
event_6652,-204.32424526919246
event_6653,-323.9909119358591
event_6654,-224.32424526919243
event_6655,-326.9909119358592
event_6656,-223.32424526919246
event_6657,-118.32424526919247
event_6658,-124.65757860252582
event_6659,-222.32424526919246
event_6660,-111.65757860252582
event_6661,-95.65757860252582
event_6662,-71.65757860252579
event_6663,-235.65757860252583
event_6664,-104.32424526919247
event_6665,-207.99091193585915
event_6666,-152.6575786025258
event_6667,-131.3242452691925
event_6668,-206.99091193585917
event_6669,-195.6575786025258
event_6670,-151.65757860252577
event_6671,-91.65757860252583
event_6672,-200.6575786025258
event_6673,-288.9909119358591
event_6674,-261.32424526919243
event_6675,-298.9909119358591
event_6676,-194.65757860252583
event_6677,-202.32424526919246
event_6678,-259.9909119358591
event_6679,-194.99091193585917
event_6680,-169.32424526919246
event_6681,-89.32424526919246
event_6682,-154.99091193585917
event_6683,-163.99091193585912
event_6684,-238.65757860252577
event_6685,-242.3242452691924
event_6686,-159.6575786025258
event_6687,-141.32424526919252
event_6688,-151.6575786025258
event_6689,-178.99091193585917
event_6690,-161.32424526919255
event_6691,-276.6575786025258
event_6692,-249.9909119358591
event_6693,-280.65757860252575
event_6694,-252.32424526919246
event_6695,-245.32424526919246
event_6696,-124.32424526919247
event_6697,-181.6575786025258
event_6698,-246.32424526919243
event_6699,-132.32424526919246
event_6700,-194.32424526919246
event_6701,-80.6575786025258
event_6702,-335.32424526919243
event_6703,-205.32424526919243
event_6704,-158.99091193585915
event_6705,-255.65757860252577
event_6706,-126.32424526919249
event_6707,-257.65757860252575
event_6708,-171.3242452691925
event_6709,-141.65757860252577
event_6710,-132.6575786025258
event_6711,-87.32424526919246
event_6712,-168.99091193585917
event_6713,-205.99091193585915
event_6714,-223.99091193585912
event_6715,-195.99091193585917
event_6716,-73.99091193585915
event_6717,-221.99091193585915
event_6718,-117.99091193585913
event_6719,-103.32424526919246
event_6720,-246.65757860252586
event_6721,-319.32424526919243
event_6722,-75.32424526919247
event_6723,-285.6575786025258
event_6724,-259.9909119358592
event_6725,-130.3242452691925
event_6726,-248.65757860252577
event_6727,-236.99091193585912
event_6728,-277.6575786025258
event_6729,-273.32424526919243
event_6730,-177.32424526919252
event_6731,-99.32424526919246
event_6732,-240.6575786025258
event_6733,-71.65757860252582
event_6734,-155.99091193585915
event_6735,-211.3242452691925
event_6736,-86.32424526919247
event_6737,-94.99091193585915
event_6738,-173.32424526919243
event_6739,-124.65757860252582
event_6740,-216.99091193585915
event_6741,-162.32424526919246
event_6742,-236.6575786025258
event_6743,-190.32424526919246
event_6744,-80.99091193585913
event_6745,-237.99091193585915
event_6746,-214.99091193585915
event_6747,-189.3242452691925
event_6748,-348.3242452691925
event_6749,-307.9909119358592
event_6750,-127.32424526919249
event_6751,-270.990911935859
event_6752,-140.3242452691925
event_6753,-323.65757860252575
event_6754,-217.3242452691925
event_6755,-209.6575786025258
event_6756,-173.65757860252583
event_6757,-75.99091193585912
event_6758,-166.6575786025258
event_6759,-121.99091193585915
event_6760,-144.6575786025258
event_6761,-109.32424526919247
event_6762,-70.32424526919246
event_6763,-222.6575786025258
event_6764,-226.65757860252583
event_6765,-170.3242452691925
event_6766,-187.99091193585915
event_6767,-152.99091193585915
event_6768,-237.99091193585917
event_6769,-286.9909119358591
event_6770,-91.32424526919249
event_6771,-309.65757860252575
event_6772,-195.6575786025258
event_6773,-281.32424526919243
event_6774,-307.65757860252586
event_6775,-292.65757860252586
event_6776,-134.65757860252583
event_6777,-83.99091193585913
event_6778,-309.32424526919243
event_6779,-134.65757860252583
event_6780,-147.6575786025258
event_6781,-200.9909119358591
event_6782,-118.65757860252582
event_6783,-172.65757860252583
event_6784,-189.99091193585915
event_6785,-211.32424526919246
event_6786,-206.65757860252583
event_6787,-61.32424526919245
event_6788,-330.32424526919243
event_6789,-322.6575786025258
event_6790,-200.99091193585917
event_6791,-104.6575786025258
event_6792,-194.32424526919243
event_6793,-280.32424526919243
event_6794,-139.6575786025258
event_6795,-196.6575786025258
event_6796,-283.9909119358591
event_6797,-309.99091193585906
event_6798,-161.99091193585912
event_6799,-166.6575786025258
event_6800,-97.65757860252582
event_6801,-93.99091193585915
event_6802,-93.32424526919247
event_6803,-174.99091193585915
event_6804,-93.6575786025258
event_6805,-157.99091193585912
event_6806,-71.99091193585913
event_6807,-222.99091193585912
event_6808,-145.65757860252583
event_6809,-79.65757860252582
event_6810,-209.65757860252577
event_6811,-167.32424526919243
event_6812,-150.32424526919246
event_6813,-68.65757860252579
event_6814,-144.65757860252583
event_6815,-151.99091193585915
event_6816,-119.32424526919246
event_6817,-190.99091193585915
event_6818,-163.65757860252583
event_6819,-274.32424526919243
event_6820,-192.6575786025258
event_6821,-121.65757860252579
event_6822,-166.99091193585915
event_6823,-97.65757860252579
event_6824,-194.3242452691925
event_6825,-217.65757860252577
event_6826,-241.99091193585912
event_6827,-246.65757860252583
event_6828,-318.3242452691924
event_6829,-176.32424526919243
event_6830,-128.6575786025258
event_6831,-223.32424526919243
event_6832,-275.9909119358591
event_6833,-272.32424526919243
event_6834,-101.99091193585913
event_6835,-189.65757860252586
event_6836,-94.99091193585913
event_6837,-226.6575786025258
event_6838,-376.99091193585906
event_6839,-379.65757860252575
event_6840,-84.32424526919246
event_6841,-205.99091193585915
event_6842,-191.99091193585915
event_6843,-249.99091193585912
event_6844,-182.99091193585912
event_6845,-179.32424526919252
event_6846,-138.99091193585917
event_6847,-255.65757860252577
event_6848,-274.9909119358592
event_6849,-97.32424526919246
event_6850,-66.99091193585913
event_6851,-188.99091193585912
event_6852,-273.6575786025258
event_6853,-221.3242452691925
event_6854,-236.6575786025258
event_6855,-119.65757860252582
event_6856,-239.65757860252583
event_6857,-272.32424526919243
event_6858,-306.9909119358591
event_6859,-223.3242452691925
event_6860,-188.32424526919246
event_6861,-68.99091193585915
event_6862,-89.6575786025258
event_6863,-105.65757860252579
event_6864,-133.3242452691925
event_6865,-153.32424526919246
event_6866,-155.3242452691925
event_6867,-192.99091193585917
event_6868,-151.32424526919246
event_6869,-338.32424526919243
event_6870,-260.9909119358591
event_6871,-307.9909119358592
event_6872,-242.32424526919246
event_6873,-291.65757860252575
event_6874,-296.65757860252575
event_6875,-281.3242452691925
event_6876,-178.65757860252577
event_6877,-246.99091193585912
event_6878,-169.9909119358591
event_6879,-64.32424526919247
event_6880,-274.65757860252575
event_6881,-233.3242452691925
event_6882,-330.6575786025258
event_6883,-247.99091193585912
event_6884,-256.65757860252575
event_6885,-166.6575786025258
event_6886,-59.32424526919246
event_6887,-180.99091193585915
event_6888,-311.6575786025258
event_6889,-73.6575786025258
event_6890,-128.65757860252583
event_6891,-187.99091193585917
event_6892,-89.32424526919249
event_6893,-300.6575786025258
event_6894,-294.65757860252586
event_6895,-145.32424526919246
event_6896,-251.9909119358591
event_6897,-123.32424526919249
event_6898,-289.3242452691925
event_6899,-185.65757860252583
event_6900,-245.6575786025258
event_6901,-60.6575786025258
event_6902,-234.32424526919243
event_6903,-92.32424526919249
event_6904,-399.65757860252575
event_6905,-105.99091193585913
event_6906,-158.6575786025258
event_6907,-72.32424526919247
event_6908,-100.65757860252582
event_6909,-199.99091193585912
event_6910,-136.3242452691925
event_6911,-102.32424526919247
event_6912,-170.99091193585912
event_6913,-140.6575786025258
event_6914,-81.99091193585912
event_6915,-154.9909119358592
event_6916,-78.32424526919246
event_6917,-223.99091193585912
event_6918,-151.32424526919252
event_6919,-183.3242452691925
event_6920,-199.65757860252577
event_6921,-223.32424526919246
event_6922,-94.32424526919249
event_6923,-102.99091193585916
event_6924,-146.9909119358591
event_6925,-258.3242452691925
event_6926,-232.65757860252577
event_6927,-182.32424526919246
event_6928,-217.32424526919252
event_6929,-266.65757860252575
event_6930,-179.65757860252583
event_6931,-301.65757860252575
event_6932,-152.32424526919246
event_6933,-100.32424526919249
event_6934,-221.99091193585917
event_6935,-124.32424526919247
event_6936,-246.3242452691925
event_6937,-168.65757860252583
event_6938,-203.6575786025258
event_6939,-229.99091193585912
event_6940,-98.65757860252582
event_6941,-154.32424526919246
event_6942,-69.99091193585912
event_6943,-217.3242452691925
event_6944,-81.65757860252579
event_6945,-263.3242452691925
event_6946,-261.32424526919243
event_6947,-144.3242452691925
event_6948,-206.65757860252583
event_6949,-148.6575786025258
event_6950,-216.99091193585915
event_6951,-68.99091193585913
event_6952,-66.99091193585913
event_6953,-186.99091193585915
event_6954,-299.65757860252575
event_6955,-204.65757860252577
event_6956,-225.65757860252577
event_6957,-253.9909119358591
event_6958,-194.99091193585915
event_6959,-87.65757860252582
event_6960,-190.32424526919252
event_6961,-186.99091193585912
event_6962,-146.6575786025258
event_6963,-237.6575786025258
event_6964,-155.6575786025258
event_6965,-111.99091193585913
event_6966,-281.6575786025258
event_6967,-271.3242452691924
event_6968,-82.65757860252582
event_6969,-313.65757860252575
event_6970,-301.65757860252575
event_6971,-272.32424526919243
event_6972,-183.3242452691925
event_6973,-189.99091193585915
event_6974,-259.65757860252575
event_6975,-225.32424526919243
event_6976,-163.32424526919246
event_6977,-285.9909119358592
event_6978,-169.6575786025258
event_6979,-70.99091193585916
event_6980,-192.99091193585915
event_6981,-326.32424526919243
event_6982,-240.99091193585912
event_6983,-93.32424526919249
event_6984,-164.32424526919246
event_6985,-303.3242452691925
event_6986,-205.32424526919246
event_6987,-87.32424526919247
event_6988,-109.65757860252582
event_6989,-150.99091193585912
event_6990,-284.99091193585906
event_6991,-97.99091193585913
event_6992,-163.6575786025258
event_6993,-96.6575786025258
event_6994,-298.32424526919243
event_6995,-209.6575786025258
event_6996,-259.9909119358591
event_6997,-267.6575786025258
event_6998,-200.99091193585912
event_6999,-267.32424526919243
event_7000,-156.65757860252583
event_7001,-104.6575786025258
event_7002,-120.99091193585916
event_7003,-177.99091193585917
event_7004,-64.32424526919247
event_7005,-75.32424526919247
event_7006,-195.6575786025258
event_7007,-227.99091193585915
event_7008,-222.99091193585915
event_7009,-66.6575786025258
event_7010,-62.99091193585914
event_7011,-279.3242452691925
event_7012,-99.32424526919246
event_7013,-158.6575786025258
event_7014,-251.32424526919252
event_7015,-242.65757860252577
event_7016,-276.9909119358591
event_7017,-209.3242452691925
event_7018,-232.6575786025258
event_7019,-81.32424526919249
event_7020,-117.99091193585917
event_7021,-267.3242452691924
event_7022,-81.65757860252579
event_7023,-84.32424526919246
event_7024,-193.99091193585912
event_7025,-194.3242452691925
event_7026,-303.3242452691924
event_7027,-78.32424526919247
event_7028,-168.3242452691925
event_7029,-333.3242452691925
event_7030,-95.32424526919247
event_7031,-79.32424526919246
event_7032,-222.99091193585912
event_7033,-168.65757860252577
event_7034,-280.9909119358591
event_7035,-108.32424526919249
event_7036,-122.32424526919247
event_7037,-166.32424526919246
event_7038,-205.32424526919246
event_7039,-197.3242452691925
event_7040,-277.32424526919243
event_7041,-166.6575786025258
event_7042,-271.6575786025258
event_7043,-347.65757860252575
event_7044,-85.99091193585913
event_7045,-124.6575786025258
event_7046,-113.32424526919247
event_7047,-273.6575786025258
event_7048,-258.32424526919243
event_7049,-160.99091193585915
event_7050,-286.9909119358592
event_7051,-141.32424526919246
event_7052,-178.99091193585915
event_7053,-261.65757860252575
event_7054,-157.99091193585915
event_7055,-209.32424526919246
event_7056,-162.6575786025258
event_7057,-252.99091193585912
event_7058,-233.99091193585915
event_7059,-151.32424526919246
event_7060,-225.32424526919246
event_7061,-257.9909119358591
event_7062,-203.99091193585912
event_7063,-222.3242452691924
event_7064,-168.99091193585915
event_7065,-151.3242452691925
event_7066,-94.3242452691925
event_7067,-248.99091193585915
event_7068,-99.6575786025258
event_7069,-261.9909119358591
event_7070,-75.32424526919247
event_7071,-143.6575786025258
event_7072,-106.99091193585913
event_7073,-88.6575786025258
event_7074,-132.6575786025258
event_7075,-92.6575786025258
event_7076,-164.99091193585915
event_7077,-342.32424526919243
event_7078,-294.6575786025258
event_7079,-133.3242452691925
event_7080,-65.65757860252582
event_7081,-174.6575786025258
event_7082,-85.65757860252582
event_7083,-287.6575786025258
event_7084,-64.6575786025258
event_7085,-107.99091193585915
event_7086,-166.99091193585912
event_7087,-204.65757860252583
event_7088,-73.65757860252579
event_7089,-120.3242452691925
event_7090,-205.3242452691925
event_7091,-216.32424526919246
event_7092,-193.3242452691925
event_7093,-143.32424526919246
event_7094,-157.99091193585915
event_7095,-202.65757860252583
event_7096,-177.65757860252577
event_7097,-180.65757860252583
event_7098,-121.65757860252583
event_7099,-133.99091193585915
event_7100,-184.65757860252583
event_7101,-253.65757860252583
event_7102,-169.6575786025258
event_7103,-242.6575786025258
event_7104,-130.65757860252583
event_7105,-225.32424526919246
event_7106,-255.65757860252577
event_7107,-304.32424526919243
event_7108,-282.3242452691925
event_7109,-135.6575786025258
event_7110,-172.3242452691925
event_7111,-258.99091193585906
event_7112,-260.6575786025258
event_7113,-257.9909119358591
event_7114,-81.6575786025258
event_7115,-107.32424526919247
event_7116,-202.3242452691925
event_7117,-260.9909119358591
event_7118,-68.6575786025258
event_7119,-285.65757860252586
event_7120,-55.99091193585913
event_7121,-105.32424526919247
event_7122,-221.6575786025258
event_7123,-100.32424526919245
event_7124,-158.6575786025258
event_7125,-266.99091193585906
event_7126,-118.65757860252579
event_7127,-293.65757860252575
event_7128,-220.65757860252577
event_7129,-74.32424526919247
event_7130,-150.6575786025258
event_7131,-96.32424526919247
event_7132,-110.32424526919247
event_7133,-190.6575786025258
event_7134,-70.99091193585912
event_7135,-214.9909119358591
event_7136,-161.32424526919243
event_7137,-230.6575786025258
event_7138,-255.99091193585912
event_7139,-369.9909119358591
event_7140,-221.99091193585912
event_7141,-126.65757860252579
event_7142,-256.9909119358591
event_7143,-239.3242452691925
event_7144,-267.6575786025258
event_7145,-92.32424526919247
event_7146,-256.65757860252575
event_7147,-195.6575786025258
event_7148,-226.99091193585912
event_7149,-167.6575786025258
event_7150,-166.6575786025258
event_7151,-193.32424526919243
event_7152,-309.3242452691924
event_7153,-353.65757860252575
event_7154,-66.99091193585913
event_7155,-81.6575786025258
event_7156,-253.6575786025258
event_7157,-124.32424526919246
event_7158,-114.65757860252582
event_7159,-258.3242452691925
event_7160,-133.3242452691925
event_7161,-102.6575786025258
event_7162,-192.99091193585915
event_7163,-227.65757860252575
event_7164,-287.9909119358591
event_7165,-183.6575786025258
event_7166,-199.32424526919246
event_7167,-168.6575786025258
event_7168,-222.65757860252577
event_7169,-199.99091193585912
event_7170,-256.6575786025258
event_7171,-207.99091193585915
event_7172,-149.3242452691925
event_7173,-198.3242452691925
event_7174,-216.65757860252575
event_7175,-141.6575786025258
event_7176,-111.32424526919247
event_7177,-244.6575786025258
event_7178,-110.32424526919246
event_7179,-111.99091193585913
event_7180,-223.32424526919243
event_7181,-172.99091193585915
event_7182,-96.65757860252583
event_7183,-178.32424526919252
event_7184,-298.65757860252575
event_7185,-164.3242452691925
event_7186,-332.3242452691925
event_7187,-83.99091193585912
event_7188,-96.32424526919247
event_7189,-207.65757860252577
event_7190,-121.99091193585915
event_7191,-101.32424526919249
event_7192,-234.6575786025258
event_7193,-149.65757860252577
event_7194,-108.32424526919245
event_7195,-148.32424526919246
event_7196,-85.6575786025258
event_7197,-145.32424526919246
event_7198,-103.6575786025258
event_7199,-208.6575786025258
event_7200,-210.65757860252583
event_7201,-159.99091193585917
event_7202,-192.65757860252583
event_7203,-96.65757860252579
event_7204,-115.32424526919247
event_7205,-280.65757860252586
event_7206,-212.32424526919246
event_7207,-153.65757860252577
event_7208,-73.32424526919246
event_7209,-271.65757860252586
event_7210,-234.99091193585915
event_7211,-268.32424526919243
event_7212,-191.6575786025258
event_7213,-236.65757860252583
event_7214,-149.99091193585912
event_7215,-134.6575786025258
event_7216,-85.32424526919247
event_7217,-85.32424526919246
event_7218,-158.65757860252583
event_7219,-275.6575786025258
event_7220,-188.99091193585915
event_7221,-246.65757860252583
event_7222,-286.3242452691925
event_7223,-90.32424526919247
event_7224,-224.3242452691925
event_7225,-85.32424526919247
event_7226,-172.99091193585917
event_7227,-221.32424526919243
event_7228,-161.99091193585912
event_7229,-250.65757860252577
event_7230,-121.32424526919247
event_7231,-105.65757860252583
event_7232,-71.32424526919247
event_7233,-271.3242452691924
event_7234,-100.65757860252579
event_7235,-251.6575786025258
event_7236,-123.32424526919245
event_7237,-186.99091193585915
event_7238,-185.3242452691925
event_7239,-169.65757860252583
event_7240,-88.65757860252579
event_7241,-172.6575786025258
event_7242,-224.99091193585912
event_7243,-144.65757860252577
event_7244,-217.99091193585917
event_7245,-155.32424526919252
event_7246,-86.99091193585913
event_7247,-187.99091193585912
event_7248,-235.6575786025258
event_7249,-80.32424526919246
event_7250,-68.99091193585913
event_7251,-118.65757860252579
event_7252,-106.6575786025258
event_7253,-172.6575786025258
event_7254,-258.9909119358591
event_7255,-203.99091193585915
event_7256,-194.32424526919246
event_7257,-326.65757860252575
event_7258,-81.65757860252579
event_7259,-209.99091193585912
event_7260,-163.99091193585915
event_7261,-208.6575786025258
event_7262,-87.99091193585913
event_7263,-88.65757860252582
event_7264,-174.65757860252577
event_7265,-171.99091193585917
event_7266,-283.9909119358591
event_7267,-225.99091193585915
event_7268,-228.65757860252583
event_7269,-225.3242452691925
event_7270,-290.65757860252575
event_7271,-276.65757860252586
event_7272,-102.32424526919247
event_7273,-190.65757860252583
event_7274,-263.9909119358592
event_7275,-102.99091193585913
event_7276,-359.32424526919243
event_7277,-101.32424526919246
event_7278,-224.32424526919246
event_7279,-50.65757860252579
event_7280,-113.32424526919247
event_7281,-240.65757860252577
event_7282,-276.3242452691925
event_7283,-177.3242452691925
event_7284,-127.65757860252582
event_7285,-380.65757860252575
event_7286,-266.6575786025258
event_7287,-239.6575786025258
event_7288,-182.99091193585915
event_7289,-181.3242452691925
event_7290,-244.6575786025258
event_7291,-205.99091193585912
event_7292,-202.99091193585915
event_7293,-81.32424526919246
event_7294,-73.32424526919249
event_7295,-156.9909119358591
event_7296,-82.99091193585915
event_7297,-161.65757860252583
event_7298,-247.65757860252583
event_7299,-101.6575786025258
event_7300,-250.3242452691925
event_7301,-79.99091193585912
event_7302,-138.99091193585915
event_7303,-90.6575786025258
event_7304,-90.32424526919247
event_7305,-169.65757860252583
event_7306,-132.6575786025258
event_7307,-174.65757860252583
event_7308,-161.99091193585915
event_7309,-197.32424526919246
event_7310,-252.3242452691925
event_7311,-237.3242452691925
event_7312,-237.65757860252577
event_7313,-132.3242452691925
event_7314,-316.6575786025258
event_7315,-209.99091193585912
event_7316,-277.6575786025258
event_7317,-133.3242452691925
event_7318,-262.65757860252575
event_7319,-245.32424526919243
event_7320,-133.65757860252583
event_7321,-66.6575786025258
event_7322,-73.99091193585912
event_7323,-209.65757860252583
event_7324,-149.32424526919246
event_7325,-154.99091193585917
event_7326,-223.32424526919246
event_7327,-111.99091193585913
event_7328,-138.32424526919246
event_7329,-175.3242452691925
event_7330,-75.32424526919246
event_7331,-153.32424526919246
event_7332,-59.32424526919245
event_7333,-166.32424526919246
event_7334,-221.6575786025258
event_7335,-280.9909119358591
event_7336,-157.6575786025258
event_7337,-135.3242452691925
event_7338,-169.32424526919246
event_7339,-109.99091193585915
event_7340,-217.32424526919246
event_7341,-156.99091193585917
event_7342,-170.65757860252586
event_7343,-272.3242452691924
event_7344,-208.99091193585912
event_7345,-267.9909119358592
event_7346,-232.99091193585912
event_7347,-98.99091193585915
event_7348,-136.99091193585917
event_7349,-153.6575786025258
event_7350,-254.65757860252577
event_7351,-257.32424526919243
event_7352,-187.3242452691925
event_7353,-205.6575786025258
event_7354,-71.99091193585912
event_7355,-273.9909119358591
event_7356,-139.65757860252583
event_7357,-170.3242452691925
event_7358,-228.65757860252583
event_7359,-206.6575786025258
event_7360,-191.6575786025258
event_7361,-117.65757860252582
event_7362,-270.65757860252575
event_7363,-225.3242452691925
event_7364,-109.99091193585915
event_7365,-100.99091193585915
event_7366,-137.99091193585915
event_7367,-152.99091193585917
event_7368,-77.99091193585915
event_7369,-168.65757860252583
event_7370,-202.32424526919246
event_7371,-160.3242452691925
event_7372,-184.99091193585912
event_7373,-83.32424526919247
event_7374,-85.99091193585913
event_7375,-152.3242452691925
event_7376,-192.65757860252586
event_7377,-72.99091193585913
event_7378,-176.99091193585915
event_7379,-122.65757860252582
event_7380,-241.99091193585912
event_7381,-301.6575786025258
event_7382,-140.3242452691925
event_7383,-91.99091193585916
event_7384,-78.99091193585915
event_7385,-198.32424526919246
event_7386,-131.99091193585917
event_7387,-200.6575786025258
event_7388,-208.65757860252583
event_7389,-128.6575786025258
event_7390,-195.6575786025258
event_7391,-98.65757860252582
event_7392,-214.32424526919246
event_7393,-192.99091193585912
event_7394,-224.9909119358591
event_7395,-318.6575786025258
event_7396,-175.65757860252583
event_7397,-65.99091193585913
event_7398,-220.32424526919246
event_7399,-160.3242452691925
event_7400,-258.9909119358591
event_7401,-154.3242452691925
event_7402,-246.6575786025258
event_7403,-285.32424526919243
event_7404,-135.65757860252586
event_7405,-256.6575786025258
event_7406,-193.6575786025258
event_7407,-177.99091193585915
event_7408,-218.99091193585915
event_7409,-153.99091193585915
event_7410,-66.6575786025258
event_7411,-114.32424526919247
event_7412,-243.32424526919246
event_7413,-254.3242452691925
event_7414,-167.99091193585915
event_7415,-185.32424526919246
event_7416,-132.32424526919252
event_7417,-114.65757860252582
event_7418,-156.99091193585915
event_7419,-119.99091193585915
event_7420,-91.65757860252582
event_7421,-114.99091193585912
event_7422,-97.65757860252582
event_7423,-229.99091193585912
event_7424,-263.32424526919243
event_7425,-148.99091193585915
event_7426,-301.65757860252575
event_7427,-156.99091193585915
event_7428,-286.6575786025257
event_7429,-241.65757860252577
event_7430,-102.65757860252579
event_7431,-68.65757860252582
event_7432,-142.99091193585912
event_7433,-232.65757860252577
event_7434,-260.32424526919243
event_7435,-281.6575786025258
event_7436,-227.32424526919243
event_7437,-103.6575786025258
event_7438,-282.65757860252575
event_7439,-177.32424526919246
event_7440,-199.99091193585912
event_7441,-145.99091193585915
event_7442,-186.65757860252577
event_7443,-148.3242452691925
event_7444,-66.99091193585913
event_7445,-116.32424526919247
event_7446,-238.65757860252577
event_7447,-185.6575786025258
event_7448,-109.32424526919249
event_7449,-92.32424526919249
event_7450,-163.99091193585917
event_7451,-103.32424526919249
event_7452,-231.32424526919246
event_7453,-105.6575786025258
event_7454,-72.99091193585913
event_7455,-201.65757860252583
event_7456,-60.657578602525795
event_7457,-156.3242452691925
event_7458,-196.3242452691925
event_7459,-309.6575786025258
event_7460,-206.6575786025258
event_7461,-272.6575786025258
event_7462,-147.99091193585912
event_7463,-139.65757860252583
event_7464,-95.99091193585913
event_7465,-128.32424526919246
event_7466,-312.6575786025258
event_7467,-124.65757860252579
event_7468,-234.6575786025258
event_7469,-161.99091193585915
event_7470,-307.9909119358591
event_7471,-91.65757860252579
event_7472,-120.99091193585917
event_7473,-236.3242452691925
event_7474,-230.99091193585912
event_7475,-89.65757860252579
event_7476,-130.6575786025258
event_7477,-221.99091193585915
event_7478,-71.32424526919247
event_7479,-161.65757860252586
event_7480,-229.99091193585915
event_7481,-190.99091193585917
event_7482,-171.65757860252583
event_7483,-150.99091193585917
event_7484,-85.99091193585915
event_7485,-110.99091193585913
event_7486,-258.9909119358591
event_7487,-183.32424526919246
event_7488,-220.6575786025258
event_7489,-222.32424526919246
event_7490,-90.32424526919249
event_7491,-196.6575786025258
event_7492,-109.32424526919247
event_7493,-114.32424526919249
event_7494,-199.32424526919246
event_7495,-124.99091193585915
event_7496,-231.65757860252577
event_7497,-178.65757860252583
event_7498,-265.32424526919243
event_7499,-58.32424526919247
event_7500,-171.32424526919243
event_7501,-290.6575786025258
event_7502,-135.99091193585915
event_7503,-124.65757860252583
event_7504,-86.65757860252577
event_7505,-203.99091193585912
event_7506,-99.32424526919246
event_7507,-188.32424526919246
event_7508,-93.6575786025258
event_7509,-73.32424526919247
event_7510,-193.99091193585915
event_7511,-82.65757860252582
event_7512,-270.9909119358591
event_7513,-94.99091193585912
event_7514,-195.99091193585917
event_7515,-65.99091193585913
event_7516,-100.65757860252582
event_7517,-171.6575786025258
event_7518,-85.99091193585913
event_7519,-266.9909119358591
event_7520,-91.65757860252582
event_7521,-86.99091193585913
event_7522,-239.32424526919243
event_7523,-228.99091193585915
event_7524,-325.6575786025257
event_7525,-168.32424526919246
event_7526,-167.65757860252583
event_7527,-103.99091193585913
event_7528,-165.65757860252583
event_7529,-102.6575786025258
event_7530,-109.32424526919249
event_7531,-150.99091193585912
event_7532,-115.65757860252583
event_7533,-205.3242452691925
event_7534,-114.99091193585916
event_7535,-118.32424526919246
event_7536,-169.65757860252583
event_7537,-92.99091193585912
event_7538,-100.32424526919249
event_7539,-154.65757860252583
event_7540,-93.32424526919246
event_7541,-178.6575786025258
event_7542,-79.32424526919247
event_7543,-213.32424526919243
event_7544,-78.99091193585913
event_7545,-238.99091193585915
event_7546,-88.99091193585915
event_7547,-79.32424526919246
event_7548,-185.32424526919252
event_7549,-163.6575786025258
event_7550,-218.65757860252583
event_7551,-258.32424526919243
event_7552,-93.6575786025258
event_7553,-340.32424526919243
event_7554,-261.65757860252575
event_7555,-151.65757860252583
event_7556,-270.9909119358592
event_7557,-258.9909119358591
event_7558,-139.3242452691925
event_7559,-162.6575786025258
event_7560,-162.3242452691925
event_7561,-244.99091193585912
event_7562,-222.6575786025258
event_7563,-246.65757860252577
event_7564,-340.9909119358592
event_7565,-152.32424526919243
event_7566,-192.6575786025258
event_7567,-230.99091193585912
event_7568,-160.65757860252577
event_7569,-142.32424526919246
event_7570,-275.9909119358591
event_7571,-218.65757860252577
event_7572,-183.32424526919243
event_7573,-83.65757860252579
event_7574,-201.3242452691925
event_7575,-200.99091193585912
event_7576,-126.99091193585915
event_7577,-101.32424526919249
event_7578,-87.32424526919246
event_7579,-185.32424526919246
event_7580,-250.32424526919243
event_7581,-178.32424526919243
event_7582,-160.65757860252583
event_7583,-261.3242452691925
event_7584,-101.32424526919249
event_7585,-190.6575786025258
event_7586,-297.6575786025258
event_7587,-42.990911935859124
event_7588,-280.99091193585906
event_7589,-241.65757860252583
event_7590,-270.9909119358591
event_7591,-107.32424526919249
event_7592,-197.32424526919246
event_7593,-194.6575786025258
event_7594,-231.6575786025258
event_7595,-77.99091193585913
event_7596,-111.32424526919249
event_7597,-111.99091193585915
event_7598,-257.65757860252575
event_7599,-177.99091193585917
event_7600,-106.99091193585912
event_7601,-165.3242452691925
event_7602,-83.32424526919246
event_7603,-192.6575786025258
event_7604,-106.6575786025258
event_7605,-91.32424526919246
event_7606,-113.32424526919246
event_7607,-379.3242452691925
event_7608,-206.32424526919243
event_7609,-272.32424526919243
event_7610,-237.32424526919246
event_7611,-185.99091193585915
event_7612,-253.9909119358591
event_7613,-143.3242452691925
event_7614,-250.65757860252575
event_7615,-186.65757860252577
event_7616,-291.65757860252575
event_7617,-108.65757860252582
event_7618,-193.65757860252575
event_7619,-95.32424526919246
event_7620,-68.32424526919246
event_7621,-238.65757860252577
event_7622,-357.9909119358592
event_7623,-224.6575786025258
event_7624,-234.3242452691925
event_7625,-84.99091193585913
event_7626,-66.65757860252579
event_7627,-316.6575786025258
event_7628,-169.65757860252586
event_7629,-230.32424526919246
event_7630,-162.99091193585912
event_7631,-191.65757860252577
event_7632,-88.99091193585912
event_7633,-70.65757860252579
event_7634,-207.99091193585912
event_7635,-207.3242452691925
event_7636,-108.32424526919246
event_7637,-127.32424526919249
event_7638,-183.65757860252577
event_7639,-189.6575786025258
event_7640,-210.99091193585912
event_7641,-166.65757860252586
event_7642,-255.99091193585915
event_7643,-244.3242452691924
event_7644,-209.32424526919246
event_7645,-68.99091193585913
event_7646,-126.6575786025258
event_7647,-112.65757860252582
event_7648,-136.99091193585912
event_7649,-136.99091193585915
event_7650,-137.65757860252577
event_7651,-273.3242452691925
event_7652,-288.9909119358592
event_7653,-239.6575786025258
event_7654,-218.99091193585915
event_7655,-254.99091193585903
event_7656,-166.3242452691925
event_7657,-110.6575786025258
event_7658,-172.32424526919246
event_7659,-126.32424526919247
event_7660,-230.6575786025258
event_7661,-282.6575786025258
event_7662,-169.6575786025258
event_7663,-217.6575786025258
event_7664,-125.6575786025258
event_7665,-111.65757860252579
event_7666,-110.99091193585915
event_7667,-203.65757860252583
event_7668,-311.6575786025257
event_7669,-141.65757860252583
event_7670,-130.99091193585915
event_7671,-159.99091193585915
event_7672,-120.99091193585915
event_7673,-237.65757860252577
event_7674,-128.99091193585915
event_7675,-308.9909119358592
event_7676,-146.99091193585917
event_7677,-196.99091193585915
event_7678,-289.32424526919243
event_7679,-233.3242452691925
event_7680,-162.32424526919252
event_7681,-218.32424526919243
event_7682,-144.32424526919252
event_7683,-240.6575786025258
event_7684,-344.3242452691925
event_7685,-195.65757860252583
event_7686,-196.65757860252577
event_7687,-266.9909119358591
event_7688,-79.6575786025258
event_7689,-284.32424526919255
event_7690,-150.6575786025258
event_7691,-145.6575786025258
event_7692,-222.32424526919246
event_7693,-223.99091193585915
event_7694,-121.99091193585915
event_7695,-81.65757860252579
event_7696,-89.99091193585913
event_7697,-123.32424526919247
event_7698,-114.32424526919246
event_7699,-170.32424526919246
event_7700,-96.65757860252579
event_7701,-100.99091193585915
event_7702,-205.32424526919246
event_7703,-126.99091193585915
event_7704,-153.65757860252583
event_7705,-207.6575786025258
event_7706,-143.65757860252583
event_7707,-167.3242452691925
event_7708,-70.99091193585915
event_7709,-257.9909119358591
event_7710,-266.3242452691925
event_7711,-137.32424526919246
event_7712,-138.99091193585915
event_7713,-191.99091193585915
event_7714,-230.6575786025258
event_7715,-170.32424526919246
event_7716,-290.65757860252575
event_7717,-201.65757860252577
event_7718,-85.32424526919247
event_7719,-191.99091193585915
event_7720,-268.6575786025258
event_7721,-123.99091193585913
event_7722,-208.99091193585915
event_7723,-204.99091193585915
event_7724,-269.9909119358591
event_7725,-235.6575786025258
event_7726,-211.99091193585915
event_7727,-219.65757860252577
event_7728,-146.99091193585915
event_7729,-165.99091193585915
event_7730,-114.65757860252582
event_7731,-117.32424526919249
event_7732,-258.3242452691925
event_7733,-278.65757860252586
event_7734,-316.6575786025257
event_7735,-93.6575786025258
event_7736,-302.9909119358591
event_7737,-296.9909119358592
event_7738,-187.32424526919252
event_7739,-110.65757860252582
event_7740,-191.3242452691925
event_7741,-181.99091193585915
event_7742,-133.6575786025258
event_7743,-150.6575786025258
event_7744,-126.99091193585915
event_7745,-138.65757860252583
event_7746,-272.3242452691924
event_7747,-120.32424526919246
event_7748,-58.99091193585911
event_7749,-181.32424526919246
event_7750,-240.99091193585912
event_7751,-264.32424526919243
event_7752,-260.99091193585906
event_7753,-194.99091193585915
event_7754,-174.99091193585915
event_7755,-135.6575786025258
event_7756,-197.99091193585915
event_7757,-212.3242452691925
event_7758,-282.99091193585906
event_7759,-85.32424526919246
event_7760,-155.99091193585915
event_7761,-254.65757860252575
event_7762,-231.99091193585912
event_7763,-310.99091193585906
event_7764,-155.32424526919246
event_7765,-119.65757860252579
event_7766,-275.99091193585906
event_7767,-142.32424526919252
event_7768,-160.6575786025258
event_7769,-130.65757860252583
event_7770,-206.32424526919243
event_7771,-130.99091193585915
event_7772,-192.6575786025258
event_7773,-84.32424526919247
event_7774,-288.9909119358592
event_7775,-176.3242452691925
event_7776,-161.6575786025258
event_7777,-94.65757860252577
event_7778,-123.6575786025258
event_7779,-277.9909119358591
event_7780,-85.65757860252579
event_7781,-124.65757860252582
event_7782,-196.65757860252577
event_7783,-128.99091193585915
event_7784,-169.99091193585917
event_7785,-102.6575786025258
event_7786,-150.99091193585915
event_7787,-208.9909119358591
event_7788,-85.32424526919247
event_7789,-93.65757860252579
event_7790,-86.99091193585915
event_7791,-161.6575786025258
event_7792,-114.32424526919249
event_7793,-77.65757860252579
event_7794,-223.9909119358591
event_7795,-179.6575786025258
event_7796,-226.3242452691925
event_7797,-218.65757860252577
event_7798,-346.99091193585906
event_7799,-160.99091193585915
event_7800,-286.65757860252586
event_7801,-299.32424526919243
event_7802,-96.32424526919249
event_7803,-143.65757860252577
event_7804,-243.32424526919243
event_7805,-122.32424526919247
event_7806,-253.99091193585912
event_7807,-63.32424526919246
event_7808,-192.6575786025258
event_7809,-149.3242452691925
event_7810,-205.99091193585912
event_7811,-208.6575786025258
event_7812,-332.65757860252575
event_7813,-242.3242452691925
event_7814,-183.32424526919246
event_7815,-88.65757860252582
event_7816,-135.99091193585912
event_7817,-82.32424526919247
event_7818,-234.32424526919246
event_7819,-92.99091193585915
event_7820,-110.99091193585913
event_7821,-208.9909119358591
event_7822,-154.99091193585917
event_7823,-142.6575786025258
event_7824,-274.6575786025258
event_7825,-71.99091193585912
event_7826,-172.99091193585912
event_7827,-79.6575786025258
event_7828,-120.65757860252582
event_7829,-328.3242452691925
event_7830,-154.3242452691925
event_7831,-210.6575786025258
event_7832,-253.65757860252577
event_7833,-179.3242452691925
event_7834,-306.6575786025258
event_7835,-365.32424526919255
event_7836,-239.32424526919246
event_7837,-221.65757860252577
event_7838,-78.65757860252582
event_7839,-297.3242452691925
event_7840,-214.6575786025258
event_7841,-281.32424526919243
event_7842,-245.6575786025258
event_7843,-178.3242452691925
event_7844,-203.32424526919243
event_7845,-100.65757860252582
event_7846,-234.32424526919246
event_7847,-300.32424526919243
event_7848,-124.6575786025258
event_7849,-222.32424526919246
event_7850,-89.6575786025258
event_7851,-101.65757860252579
event_7852,-83.32424526919247
event_7853,-221.6575786025258
event_7854,-234.6575786025258
event_7855,-90.99091193585913
event_7856,-221.99091193585912
event_7857,-237.3242452691924
event_7858,-171.32424526919246
event_7859,-164.3242452691925
event_7860,-101.99091193585915
event_7861,-121.99091193585913
event_7862,-219.32424526919246
event_7863,-245.6575786025258
event_7864,-266.3242452691925
event_7865,-259.9909119358591
event_7866,-203.6575786025258
event_7867,-279.6575786025258
event_7868,-99.6575786025258
event_7869,-233.99091193585917
event_7870,-220.3242452691925
event_7871,-65.32424526919247
event_7872,-207.99091193585915
event_7873,-306.9909119358591
event_7874,-73.65757860252582
event_7875,-250.65757860252577
event_7876,-107.32424526919247
event_7877,-256.9909119358591
event_7878,-117.32424526919246
event_7879,-168.3242452691925
event_7880,-285.3242452691925
event_7881,-213.99091193585915
event_7882,-160.65757860252586
event_7883,-71.32424526919249
event_7884,-219.65757860252577
event_7885,-91.99091193585913
event_7886,-87.32424526919247
event_7887,-170.6575786025258
event_7888,-91.32424526919249
event_7889,-169.32424526919252
event_7890,-67.32424526919246
event_7891,-224.99091193585917
event_7892,-95.65757860252582
event_7893,-87.32424526919246
event_7894,-101.6575786025258
event_7895,-158.99091193585915
event_7896,-174.99091193585915
event_7897,-225.99091193585912
event_7898,-109.99091193585915
event_7899,-273.9909119358591
event_7900,-239.65757860252583
event_7901,-309.990911935859
event_7902,-111.99091193585915
event_7903,-185.99091193585912
event_7904,-214.99091193585917
event_7905,-140.6575786025258
event_7906,-110.99091193585916
event_7907,-102.65757860252583
event_7908,-66.32424526919247
event_7909,-116.65757860252577
event_7910,-227.99091193585912
event_7911,-176.65757860252583
event_7912,-148.32424526919246
event_7913,-313.6575786025258
event_7914,-270.9909119358592
event_7915,-329.32424526919243
event_7916,-107.99091193585913
event_7917,-162.32424526919243
event_7918,-141.32424526919243
event_7919,-170.3242452691925
event_7920,-130.32424526919246
event_7921,-167.32424526919246
event_7922,-91.99091193585915
event_7923,-58.99091193585913
event_7924,-264.9909119358591
event_7925,-148.99091193585917
event_7926,-128.6575786025258
event_7927,-137.3242452691925
event_7928,-148.65757860252583
event_7929,-194.6575786025258
event_7930,-71.99091193585912
event_7931,-198.99091193585917
event_7932,-215.32424526919246
event_7933,-162.32424526919252
event_7934,-122.6575786025258
event_7935,-196.32424526919246
event_7936,-241.9909119358591
event_7937,-196.32424526919246
event_7938,-75.65757860252579
event_7939,-229.65757860252583
event_7940,-74.32424526919247
event_7941,-258.9909119358591
event_7942,-292.99091193585906
event_7943,-111.99091193585913
event_7944,-226.65757860252577
event_7945,-198.65757860252583
event_7946,-133.3242452691925
event_7947,-129.32424526919246
event_7948,-266.9909119358591
event_7949,-254.32424526919246
event_7950,-265.9909119358591
event_7951,-60.32424526919246
event_7952,-209.3242452691925
event_7953,-205.6575786025258
event_7954,-308.6575786025258
event_7955,-90.99091193585913
event_7956,-236.3242452691925
event_7957,-219.9909119358592
event_7958,-84.32424526919247
event_7959,-331.32424526919243
event_7960,-194.6575786025258
event_7961,-88.99091193585913
event_7962,-148.3242452691925
event_7963,-97.65757860252582
event_7964,-245.9909119358591
event_7965,-194.65757860252583
event_7966,-144.65757860252583
event_7967,-285.3242452691925
event_7968,-172.65757860252583
event_7969,-194.3242452691925
event_7970,-205.65757860252583
event_7971,-193.3242452691925
event_7972,-75.32424526919246
event_7973,-85.65757860252579
event_7974,-183.32424526919246
event_7975,-250.32424526919246
event_7976,-100.6575786025258
event_7977,-166.32424526919246
event_7978,-116.99091193585915
event_7979,-189.99091193585912
event_7980,-348.6575786025257
event_7981,-117.99091193585913
event_7982,-332.3242452691925
event_7983,-98.99091193585913
event_7984,-94.32424526919247
event_7985,-256.6575786025258
event_7986,-237.99091193585912
event_7987,-157.6575786025258
event_7988,-204.99091193585912
event_7989,-73.99091193585915
event_7990,-151.99091193585912
event_7991,-208.65757860252577
event_7992,-82.32424526919247
event_7993,-99.99091193585912
event_7994,-179.6575786025258
event_7995,-82.99091193585913
event_7996,-195.6575786025258
event_7997,-80.65757860252577
event_7998,-155.6575786025258
event_7999,-95.99091193585915
event_8000,-207.9909119358591
event_8001,-292.65757860252575
event_8002,-331.3242452691925
event_8003,-103.65757860252579
event_8004,-242.9909119358591
event_8005,-120.65757860252582
event_8006,-159.65757860252583
event_8007,-129.99091193585917
event_8008,-260.9909119358592
event_8009,-167.32424526919243
event_8010,-90.99091193585915
event_8011,-138.65757860252583
event_8012,-241.99091193585915
event_8013,-196.32424526919246
event_8014,-137.32424526919246
event_8015,-264.65757860252575
event_8016,-204.65757860252577
event_8017,-107.32424526919246
event_8018,-164.99091193585917
event_8019,-85.32424526919246
event_8020,-163.32424526919243
event_8021,-210.32424526919243
event_8022,-161.3242452691925
event_8023,-202.9909119358591
event_8024,-178.65757860252583
event_8025,-156.99091193585915
event_8026,-283.65757860252586
event_8027,-218.65757860252583
event_8028,-92.99091193585913
event_8029,-102.32424526919249
event_8030,-132.6575786025258
event_8031,-235.99091193585917
event_8032,-164.3242452691925
event_8033,-187.99091193585917
event_8034,-157.32424526919246
event_8035,-108.65757860252582
event_8036,-57.6575786025258
event_8037,-90.65757860252582
event_8038,-225.32424526919243
event_8039,-118.99091193585913
event_8040,-344.9909119358591
event_8041,-98.32424526919246
event_8042,-129.3242452691925
event_8043,-86.99091193585915
event_8044,-75.32424526919246
event_8045,-182.99091193585915
event_8046,-262.9909119358591
event_8047,-145.65757860252583
event_8048,-204.3242452691925
event_8049,-206.3242452691925
event_8050,-92.32424526919247
event_8051,-191.9909119358591
event_8052,-166.6575786025258
event_8053,-342.32424526919243
event_8054,-185.32424526919252
event_8055,-281.6575786025258
event_8056,-61.657578602525795
event_8057,-81.65757860252582
event_8058,-161.32424526919243
event_8059,-147.32424526919252
event_8060,-75.32424526919249
event_8061,-114.32424526919247
event_8062,-118.65757860252583
event_8063,-180.32424526919243
event_8064,-101.32424526919247
event_8065,-116.65757860252583
event_8066,-155.32424526919252
event_8067,-255.3242452691925
event_8068,-90.6575786025258
event_8069,-252.32424526919246
event_8070,-257.6575786025258
event_8071,-288.99091193585906
event_8072,-187.99091193585915
event_8073,-194.6575786025258
event_8074,-229.99091193585912
event_8075,-119.32424526919247
event_8076,-163.65757860252577
event_8077,-200.6575786025258
event_8078,-140.6575786025258
event_8079,-139.32424526919246
event_8080,-201.32424526919246
event_8081,-247.6575786025258
event_8082,-101.99091193585913
event_8083,-285.3242452691925
event_8084,-227.65757860252577
event_8085,-106.99091193585913
event_8086,-195.99091193585912
event_8087,-118.32424526919247
event_8088,-242.9909119358591
event_8089,-242.65757860252583
event_8090,-84.99091193585912
event_8091,-232.6575786025258
event_8092,-110.6575786025258
event_8093,-262.6575786025258
event_8094,-176.32424526919252
event_8095,-92.32424526919246
event_8096,-163.65757860252583
event_8097,-255.3242452691925
event_8098,-178.99091193585915
event_8099,-111.65757860252577
event_8100,-99.99091193585913
event_8101,-176.6575786025258
event_8102,-229.32424526919246
event_8103,-190.65757860252577
event_8104,-226.99091193585912
event_8105,-280.65757860252575
event_8106,-180.65757860252583
event_8107,-84.32424526919247
event_8108,-241.65757860252577
event_8109,-67.65757860252579
event_8110,-205.32424526919246
event_8111,-107.32424526919247
event_8112,-139.99091193585915
event_8113,-91.6575786025258
event_8114,-204.32424526919243
event_8115,-223.65757860252577
event_8116,-103.32424526919249
event_8117,-49.32424526919247
event_8118,-297.32424526919243
event_8119,-312.9909119358591
event_8120,-73.99091193585915
event_8121,-240.32424526919246
event_8122,-233.99091193585912
event_8123,-208.6575786025258
event_8124,-195.32424526919252
event_8125,-122.32424526919249
event_8126,-215.32424526919246
event_8127,-131.6575786025258
event_8128,-286.3242452691924
event_8129,-235.32424526919243
event_8130,-109.32424526919246
event_8131,-164.3242452691925
event_8132,-144.99091193585915
event_8133,-191.99091193585915
event_8134,-204.99091193585915
event_8135,-152.3242452691925
event_8136,-125.32424526919246
event_8137,-126.99091193585913
event_8138,-257.32424526919243
event_8139,-174.32424526919246
event_8140,-88.99091193585913
event_8141,-226.99091193585915
event_8142,-237.32424526919246
event_8143,-162.3242452691925
event_8144,-63.32424526919246
event_8145,-185.99091193585917
event_8146,-122.99091193585915
event_8147,-281.32424526919243
event_8148,-222.99091193585912
event_8149,-97.65757860252582
event_8150,-63.657578602525795
event_8151,-216.3242452691925
event_8152,-182.99091193585915
event_8153,-129.6575786025258
event_8154,-94.6575786025258
event_8155,-173.99091193585915
event_8156,-192.32424526919243
event_8157,-245.6575786025258
event_8158,-67.99091193585913
event_8159,-97.6575786025258
event_8160,-297.65757860252575
event_8161,-109.32424526919246
event_8162,-69.99091193585915
event_8163,-86.99091193585913
event_8164,-186.65757860252575
event_8165,-224.65757860252577
event_8166,-79.32424526919247
event_8167,-229.65757860252577
event_8168,-163.99091193585917
event_8169,-89.65757860252579
event_8170,-180.32424526919246
event_8171,-191.99091193585917
event_8172,-74.6575786025258
event_8173,-155.3242452691925
event_8174,-205.3242452691925
event_8175,-96.65757860252579
event_8176,-181.99091193585917
event_8177,-211.6575786025258
event_8178,-189.32424526919255
event_8179,-205.3242452691925
event_8180,-77.65757860252582
event_8181,-143.99091193585912
event_8182,-150.3242452691925
event_8183,-77.6575786025258
event_8184,-230.6575786025258
event_8185,-85.32424526919247
event_8186,-210.65757860252577
event_8187,-198.65757860252583
event_8188,-135.6575786025258
event_8189,-84.32424526919246
event_8190,-129.99091193585915
event_8191,-237.6575786025258
event_8192,-87.32424526919246
event_8193,-78.99091193585916
event_8194,-219.99091193585915
event_8195,-115.32424526919247
event_8196,-159.99091193585915
event_8197,-92.65757860252577
event_8198,-188.99091193585912
event_8199,-248.99091193585912
event_8200,-256.9909119358591
event_8201,-116.32424526919245
event_8202,-196.65757860252586
event_8203,-189.32424526919246
event_8204,-157.9909119358592
event_8205,-105.32424526919249
event_8206,-346.9909119358592
event_8207,-238.32424526919246
event_8208,-151.6575786025258
event_8209,-92.99091193585915
event_8210,-186.99091193585912
event_8211,-58.32424526919246
event_8212,-218.65757860252577
event_8213,-244.9909119358591
event_8214,-199.99091193585917
event_8215,-171.99091193585917
event_8216,-96.99091193585913
event_8217,-124.32424526919249
event_8218,-152.32424526919246
event_8219,-307.3242452691924
event_8220,-83.99091193585913
event_8221,-144.65757860252583
event_8222,-119.32424526919249
event_8223,-229.32424526919243
event_8224,-83.32424526919247
event_8225,-110.32424526919247
event_8226,-110.65757860252577
event_8227,-289.65757860252586
event_8228,-239.6575786025258
event_8229,-65.32424526919246
event_8230,-257.32424526919243
event_8231,-253.99091193585915
event_8232,-284.99091193585906
event_8233,-86.65757860252582
event_8234,-162.99091193585912
event_8235,-90.65757860252582
event_8236,-152.6575786025258
event_8237,-295.9909119358591
event_8238,-172.32424526919246
event_8239,-115.32424526919247
event_8240,-113.32424526919247
event_8241,-243.9909119358591
event_8242,-236.6575786025258
event_8243,-185.3242452691925
event_8244,-70.6575786025258
event_8245,-106.99091193585915
event_8246,-83.6575786025258
event_8247,-336.9909119358592
event_8248,-94.99091193585912
event_8249,-102.65757860252582
event_8250,-94.6575786025258
event_8251,-191.3242452691925
event_8252,-206.6575786025258
event_8253,-263.6575786025258
event_8254,-247.32424526919246
event_8255,-147.3242452691925
event_8256,-82.6575786025258
event_8257,-135.65757860252577
event_8258,-244.65757860252577
event_8259,-223.99091193585915
event_8260,-85.6575786025258
event_8261,-112.32424526919247
event_8262,-267.9909119358592
event_8263,-314.65757860252575
event_8264,-393.32424526919243
event_8265,-319.32424526919243
event_8266,-178.32424526919252
event_8267,-254.65757860252577
event_8268,-103.32424526919246
event_8269,-142.65757860252583
event_8270,-171.6575786025258
event_8271,-233.32424526919246
event_8272,-80.65757860252582
event_8273,-164.65757860252583
event_8274,-195.99091193585917
event_8275,-309.65757860252575
event_8276,-79.65757860252579
event_8277,-115.32424526919247
event_8278,-84.99091193585913
event_8279,-226.99091193585915
event_8280,-211.65757860252583
event_8281,-176.32424526919243
event_8282,-99.65757860252582
event_8283,-289.65757860252586
event_8284,-73.6575786025258
event_8285,-215.99091193585917
event_8286,-316.6575786025258
event_8287,-223.3242452691925
event_8288,-82.32424526919246
event_8289,-115.6575786025258
event_8290,-256.9909119358591
event_8291,-62.65757860252582
event_8292,-97.99091193585913
event_8293,-104.99091193585915
event_8294,-242.9909119358591
event_8295,-299.3242452691925
event_8296,-204.99091193585912
event_8297,-105.32424526919247
event_8298,-222.9909119358592
event_8299,-77.32424526919246
event_8300,-175.32424526919252
event_8301,-129.99091193585915
event_8302,-199.32424526919246
event_8303,-129.65757860252577
event_8304,-131.32424526919246
event_8305,-279.32424526919243
event_8306,-74.99091193585915
event_8307,-191.6575786025258
event_8308,-116.32424526919247
event_8309,-273.9909119358591
event_8310,-180.99091193585915
event_8311,-160.65757860252577
event_8312,-190.99091193585915
event_8313,-83.32424526919247
event_8314,-107.32424526919249
event_8315,-100.6575786025258
event_8316,-164.6575786025258
event_8317,-185.99091193585915
event_8318,-166.32424526919252
event_8319,-209.99091193585915
event_8320,-199.65757860252583
event_8321,-312.3242452691924
event_8322,-349.99091193585906
event_8323,-206.65757860252583
event_8324,-283.3242452691925
event_8325,-70.32424526919247
event_8326,-220.99091193585912
event_8327,-199.99091193585912
event_8328,-232.32424526919246
event_8329,-277.32424526919243
event_8330,-145.99091193585915
event_8331,-232.99091193585915
event_8332,-330.990911935859
event_8333,-119.99091193585915
event_8334,-81.6575786025258
event_8335,-104.65757860252582
event_8336,-144.99091193585912
event_8337,-244.32424526919246
event_8338,-153.3242452691925
event_8339,-186.99091193585917
event_8340,-49.6575786025258
event_8341,-86.32424526919247
event_8342,-119.99091193585915
event_8343,-289.32424526919243
event_8344,-165.32424526919246
event_8345,-102.32424526919249
event_8346,-133.3242452691925
event_8347,-204.32424526919246
event_8348,-169.3242452691925
event_8349,-68.6575786025258
event_8350,-122.32424526919249
event_8351,-194.65757860252583
event_8352,-230.32424526919246
event_8353,-150.3242452691925
event_8354,-279.9909119358591
event_8355,-79.32424526919247
event_8356,-210.99091193585915
event_8357,-199.32424526919243
event_8358,-190.99091193585912
event_8359,-241.65757860252577
event_8360,-101.99091193585915
event_8361,-86.32424526919246
event_8362,-271.9909119358591
event_8363,-131.99091193585915
event_8364,-237.65757860252583
event_8365,-331.9909119358591
event_8366,-155.32424526919252
event_8367,-247.32424526919246
event_8368,-82.6575786025258
event_8369,-67.6575786025258
event_8370,-231.65757860252577
event_8371,-88.99091193585915
event_8372,-297.32424526919243
event_8373,-133.99091193585915
event_8374,-212.3242452691925
event_8375,-196.65757860252583
event_8376,-314.99091193585906
event_8377,-167.3242452691925
event_8378,-163.65757860252577
event_8379,-213.99091193585912
event_8380,-294.65757860252575
event_8381,-141.99091193585917
event_8382,-233.9909119358591
event_8383,-109.32424526919245
event_8384,-63.32424526919245
event_8385,-168.65757860252583
event_8386,-66.32424526919247
event_8387,-155.99091193585917
event_8388,-141.65757860252583
event_8389,-158.65757860252577
event_8390,-262.3242452691925
event_8391,-86.99091193585916
event_8392,-274.9909119358592
event_8393,-82.65757860252579
event_8394,-88.65757860252579
event_8395,-176.3242452691925
event_8396,-172.6575786025258
event_8397,-84.6575786025258
event_8398,-239.99091193585912
event_8399,-90.99091193585913
event_8400,-183.65757860252583
event_8401,-129.32424526919246
event_8402,-82.6575786025258
event_8403,-213.99091193585917
event_8404,-117.99091193585912
event_8405,-115.32424526919249
event_8406,-158.3242452691925
event_8407,-81.99091193585915
event_8408,-144.6575786025258
event_8409,-197.3242452691925
event_8410,-52.65757860252579
event_8411,-88.32424526919245
event_8412,-112.32424526919247
event_8413,-215.65757860252583
event_8414,-139.32424526919252
event_8415,-135.3242452691925
event_8416,-84.99091193585915
event_8417,-196.6575786025258
event_8418,-178.32424526919246
event_8419,-82.65757860252579
event_8420,-105.6575786025258
event_8421,-193.6575786025258
event_8422,-201.3242452691925
event_8423,-204.65757860252577
event_8424,-58.657578602525795
event_8425,-269.6575786025258
event_8426,-92.6575786025258
event_8427,-225.65757860252577
event_8428,-83.32424526919247
event_8429,-257.6575786025258
event_8430,-205.99091193585915
event_8431,-272.6575786025258
event_8432,-226.99091193585915
event_8433,-52.32424526919247
event_8434,-252.65757860252583
event_8435,-248.6575786025258
event_8436,-180.99091193585912
event_8437,-192.99091193585915
event_8438,-196.32424526919246
event_8439,-290.6575786025258
event_8440,-261.65757860252575
event_8441,-238.65757860252577
event_8442,-134.99091193585912
event_8443,-137.99091193585917
event_8444,-206.9909119358591
event_8445,-178.6575786025258
event_8446,-291.32424526919243
event_8447,-84.99091193585915
event_8448,-112.6575786025258
event_8449,-376.990911935859
event_8450,-175.99091193585917
event_8451,-197.99091193585915
event_8452,-251.6575786025258
event_8453,-182.6575786025258
event_8454,-194.99091193585915
event_8455,-76.99091193585913
event_8456,-176.65757860252583
event_8457,-183.65757860252583
event_8458,-104.6575786025258
event_8459,-77.32424526919247
event_8460,-213.99091193585915
event_8461,-76.99091193585915
event_8462,-83.99091193585913
event_8463,-153.6575786025258
event_8464,-78.99091193585915
event_8465,-195.32424526919243
event_8466,-204.32424526919246
event_8467,-281.9909119358592
event_8468,-325.9909119358591
event_8469,-424.9909119358591
event_8470,-231.99091193585912
event_8471,-140.99091193585915
event_8472,-61.6575786025258
event_8473,-302.32424526919243
event_8474,-231.99091193585915
event_8475,-269.65757860252586
event_8476,-223.65757860252577
event_8477,-89.32424526919246
event_8478,-190.9909119358591
event_8479,-163.32424526919246
event_8480,-71.32424526919246
event_8481,-253.32424526919252
event_8482,-324.9909119358591
event_8483,-208.65757860252583
event_8484,-191.6575786025258
event_8485,-163.32424526919246
event_8486,-80.65757860252579
event_8487,-101.32424526919247
event_8488,-404.3242452691925
event_8489,-258.3242452691925
event_8490,-184.3242452691925
event_8491,-134.32424526919252
event_8492,-97.65757860252582
event_8493,-85.99091193585916
event_8494,-87.65757860252579
event_8495,-92.32424526919246
event_8496,-110.32424526919247
event_8497,-260.9909119358592
event_8498,-123.65757860252579
event_8499,-82.65757860252582
event_8500,-347.9909119358592
event_8501,-70.32424526919246
event_8502,-83.32424526919246
event_8503,-257.32424526919243
event_8504,-79.65757860252579
event_8505,-99.99091193585913
event_8506,-118.32424526919247
event_8507,-257.99091193585906
event_8508,-167.99091193585915
event_8509,-162.3242452691925
event_8510,-217.32424526919246
event_8511,-183.32424526919246
event_8512,-100.6575786025258
event_8513,-62.99091193585913
event_8514,-239.32424526919243
event_8515,-184.99091193585912
event_8516,-221.65757860252577
event_8517,-291.32424526919243
event_8518,-382.3242452691924
event_8519,-92.32424526919247
event_8520,-216.3242452691925
event_8521,-136.99091193585917
event_8522,-163.32424526919243
event_8523,-145.99091193585915
event_8524,-156.3242452691925
event_8525,-74.32424526919246
event_8526,-190.99091193585915
event_8527,-114.65757860252579
event_8528,-87.99091193585913
event_8529,-196.99091193585915
event_8530,-208.32424526919246
event_8531,-256.9909119358591
event_8532,-199.99091193585915
event_8533,-245.99091193585912
event_8534,-195.32424526919246
event_8535,-322.9909119358591
event_8536,-221.6575786025258
event_8537,-287.65757860252586
event_8538,-162.99091193585915
event_8539,-300.9909119358592
event_8540,-177.65757860252583
event_8541,-151.3242452691925
event_8542,-327.3242452691925
event_8543,-152.99091193585915
event_8544,-232.6575786025258
event_8545,-95.6575786025258
event_8546,-174.65757860252583
event_8547,-146.3242452691925
event_8548,-131.99091193585915
event_8549,-130.99091193585917
event_8550,-187.65757860252577
event_8551,-237.32424526919246
event_8552,-312.3242452691925
event_8553,-174.6575786025258
event_8554,-97.65757860252585
event_8555,-201.99091193585912
event_8556,-117.65757860252582
event_8557,-240.32424526919246
event_8558,-141.32424526919246
event_8559,-274.3242452691925
event_8560,-154.65757860252583
event_8561,-278.6575786025258
event_8562,-112.6575786025258
event_8563,-285.3242452691925
event_8564,-253.3242452691925
event_8565,-252.32424526919246
event_8566,-285.6575786025258
event_8567,-232.99091193585912
event_8568,-281.3242452691925
event_8569,-175.3242452691925
event_8570,-84.99091193585915
event_8571,-92.3242452691925
event_8572,-147.99091193585912
event_8573,-227.32424526919243
event_8574,-130.3242452691925
event_8575,-126.6575786025258
event_8576,-348.3242452691924
event_8577,-131.99091193585915
event_8578,-181.99091193585917
event_8579,-193.65757860252583
event_8580,-128.99091193585915
event_8581,-289.9909119358592
event_8582,-77.32424526919246
event_8583,-210.65757860252583
event_8584,-226.99091193585917
event_8585,-197.65757860252577
event_8586,-348.3242452691924
event_8587,-229.65757860252577
event_8588,-140.65757860252583
event_8589,-247.99091193585915
event_8590,-294.6575786025258
event_8591,-137.65757860252583
event_8592,-229.99091193585917
event_8593,-205.32424526919246
event_8594,-206.99091193585917
event_8595,-141.6575786025258
event_8596,-68.65757860252579
event_8597,-111.32424526919246
event_8598,-190.99091193585915
event_8599,-117.99091193585916
event_8600,-301.9909119358591
event_8601,-220.99091193585912
event_8602,-173.32424526919246
event_8603,-108.65757860252579
event_8604,-169.99091193585915
event_8605,-178.32424526919246
event_8606,-93.65757860252582
event_8607,-204.3242452691925
event_8608,-92.32424526919247
event_8609,-160.3242452691925
event_8610,-185.6575786025258
event_8611,-158.3242452691925
event_8612,-213.32424526919246
event_8613,-213.99091193585912
event_8614,-329.6575786025258
event_8615,-66.32424526919246
event_8616,-271.32424526919243
event_8617,-239.32424526919252
event_8618,-227.6575786025258
event_8619,-148.32424526919246
event_8620,-206.99091193585915
event_8621,-280.3242452691925
event_8622,-178.65757860252583
event_8623,-155.32424526919252
event_8624,-102.65757860252582
event_8625,-262.6575786025258
event_8626,-256.32424526919243
event_8627,-274.3242452691925
event_8628,-145.6575786025258
event_8629,-306.32424526919243
event_8630,-239.99091193585917
event_8631,-160.3242452691925
event_8632,-135.99091193585915
event_8633,-254.99091193585917
event_8634,-87.32424526919249
event_8635,-120.99091193585915
event_8636,-83.99091193585915
event_8637,-190.32424526919246
event_8638,-185.99091193585915
event_8639,-269.9909119358591
event_8640,-217.65757860252577
event_8641,-213.65757860252583
event_8642,-156.32424526919246
event_8643,-180.99091193585917
event_8644,-241.99091193585917
event_8645,-206.99091193585915
event_8646,-135.65757860252583
event_8647,-150.99091193585917
event_8648,-178.3242452691925
event_8649,-122.32424526919249
event_8650,-265.9909119358592
event_8651,-304.6575786025258
event_8652,-349.6575786025258
event_8653,-133.6575786025258
event_8654,-233.65757860252577
event_8655,-127.99091193585913
event_8656,-224.99091193585915
event_8657,-233.99091193585912
event_8658,-201.99091193585912
event_8659,-241.65757860252577
event_8660,-196.99091193585915
event_8661,-113.99091193585912
event_8662,-175.99091193585912
event_8663,-165.6575786025258
event_8664,-115.99091193585915
event_8665,-285.9909119358591
event_8666,-180.6575786025259
event_8667,-205.32424526919246
event_8668,-215.99091193585917
event_8669,-167.6575786025258
event_8670,-276.32424526919243
event_8671,-139.99091193585912
event_8672,-142.6575786025258
event_8673,-84.99091193585915
event_8674,-314.9909119358592
event_8675,-334.9909119358591
event_8676,-139.65757860252577
event_8677,-164.99091193585915
event_8678,-188.65757860252583
event_8679,-97.99091193585912
event_8680,-284.65757860252575
event_8681,-336.65757860252586
event_8682,-58.99091193585913
event_8683,-155.99091193585915
event_8684,-255.3242452691925
event_8685,-119.6575786025258
event_8686,-181.65757860252583
event_8687,-80.65757860252582
event_8688,-165.99091193585917
event_8689,-251.99091193585915
event_8690,-324.9909119358591
event_8691,-226.99091193585912
event_8692,-178.99091193585917
event_8693,-139.99091193585915
event_8694,-113.6575786025258
event_8695,-185.6575786025258
event_8696,-105.99091193585913
event_8697,-294.9909119358591
event_8698,-104.32424526919247
event_8699,-143.32424526919243
event_8700,-122.99091193585913
event_8701,-140.99091193585917
event_8702,-177.6575786025258
event_8703,-160.32424526919243
event_8704,-194.3242452691925
event_8705,-77.99091193585912
event_8706,-210.32424526919252
event_8707,-188.32424526919246
event_8708,-111.99091193585913
event_8709,-60.65757860252578
event_8710,-202.6575786025258
event_8711,-283.99091193585906
event_8712,-201.3242452691925
event_8713,-220.9909119358591
event_8714,-84.32424526919249
event_8715,-292.32424526919243
event_8716,-156.3242452691925
event_8717,-188.9909119358591
event_8718,-128.65757860252577
event_8719,-105.32424526919247
event_8720,-289.65757860252586
event_8721,-261.32424526919243
event_8722,-175.3242452691925
event_8723,-143.65757860252586
event_8724,-112.99091193585912
event_8725,-131.65757860252583
event_8726,-101.6575786025258
event_8727,-272.99091193585906
event_8728,-137.32424526919246
event_8729,-55.65757860252579
event_8730,-209.3242452691925
event_8731,-113.32424526919247
event_8732,-234.3242452691925
event_8733,-208.32424526919246
event_8734,-79.32424526919246
event_8735,-118.65757860252583
event_8736,-90.99091193585915
event_8737,-289.6575786025258
event_8738,-232.6575786025258
event_8739,-71.99091193585912
event_8740,-61.32424526919246
event_8741,-139.3242452691925
event_8742,-224.65757860252577
event_8743,-114.32424526919246
event_8744,-116.99091193585913
event_8745,-199.32424526919243
event_8746,-130.6575786025258
event_8747,-124.6575786025258
event_8748,-82.99091193585913
event_8749,-155.6575786025258
event_8750,-247.65757860252577
event_8751,-132.99091193585917
event_8752,-68.32424526919246
event_8753,-222.32424526919246
event_8754,-171.99091193585915
event_8755,-312.65757860252575
event_8756,-112.99091193585915
event_8757,-246.99091193585917
event_8758,-215.65757860252583
event_8759,-236.99091193585917
event_8760,-133.99091193585915
event_8761,-189.99091193585917
event_8762,-132.3242452691925
event_8763,-98.99091193585917
event_8764,-267.32424526919243
event_8765,-243.99091193585915
event_8766,-262.6575786025258
event_8767,-228.32424526919243
event_8768,-259.65757860252575
event_8769,-172.99091193585915
event_8770,-81.99091193585915
event_8771,-185.32424526919246
event_8772,-156.99091193585915
event_8773,-84.65757860252582
event_8774,-323.6575786025258
event_8775,-216.99091193585912
event_8776,-265.6575786025258
event_8777,-190.6575786025258
event_8778,-179.65757860252586
event_8779,-143.65757860252586
event_8780,-133.32424526919246
event_8781,-86.99091193585916
event_8782,-107.99091193585915
event_8783,-146.99091193585915
event_8784,-152.6575786025258
event_8785,-112.32424526919246
event_8786,-121.32424526919247
event_8787,-148.99091193585915
event_8788,-78.32424526919247
event_8789,-234.6575786025258
event_8790,-232.32424526919246
event_8791,-75.32424526919247
event_8792,-192.3242452691925
event_8793,-207.6575786025258
event_8794,-177.32424526919252
event_8795,-118.32424526919249
event_8796,-241.9909119358591
event_8797,-256.9909119358591
event_8798,-262.9909119358591
event_8799,-258.32424526919243
event_8800,-118.65757860252582
event_8801,-257.32424526919243
event_8802,-198.99091193585915
event_8803,-87.99091193585912
event_8804,-255.65757860252577
event_8805,-181.99091193585917
event_8806,-199.6575786025258
event_8807,-122.32424526919247
event_8808,-60.99091193585913
event_8809,-209.65757860252583
event_8810,-101.99091193585912
event_8811,-77.32424526919247
event_8812,-136.32424526919246
event_8813,-263.32424526919243
event_8814,-114.32424526919247
event_8815,-185.6575786025258
event_8816,-317.3242452691924
event_8817,-147.99091193585912
event_8818,-263.32424526919243
event_8819,-47.32424526919246
event_8820,-238.65757860252577
event_8821,-92.65757860252579
event_8822,-276.9909119358591
event_8823,-281.3242452691924
event_8824,-93.99091193585913
event_8825,-180.6575786025258
event_8826,-223.65757860252586
event_8827,-212.99091193585912
event_8828,-215.99091193585912
event_8829,-176.99091193585912
event_8830,-311.3242452691925
event_8831,-147.32424526919246
event_8832,-258.32424526919243
event_8833,-134.6575786025258
event_8834,-354.3242452691925
event_8835,-153.6575786025258
event_8836,-175.32424526919252
event_8837,-156.65757860252583
event_8838,-199.99091193585915
event_8839,-274.65757860252575
event_8840,-297.9909119358591
event_8841,-176.99091193585912
event_8842,-248.32424526919246
event_8843,-170.3242452691925
event_8844,-182.65757860252583
event_8845,-166.99091193585915
event_8846,-91.99091193585913
event_8847,-101.32424526919247
event_8848,-209.99091193585915
event_8849,-176.6575786025258
event_8850,-181.32424526919252
event_8851,-216.65757860252583
event_8852,-115.65757860252583
event_8853,-226.32424526919246
event_8854,-200.6575786025258
event_8855,-58.324245269192474
event_8856,-83.6575786025258
event_8857,-256.99091193585906
event_8858,-210.6575786025258
event_8859,-104.99091193585912
event_8860,-304.32424526919243
event_8861,-300.99091193585906
event_8862,-90.99091193585913
event_8863,-218.65757860252575
event_8864,-235.99091193585912
event_8865,-109.99091193585916
event_8866,-209.3242452691925
event_8867,-148.99091193585912
event_8868,-163.99091193585917
event_8869,-107.6575786025258
event_8870,-97.32424526919247
event_8871,-213.3242452691925
event_8872,-239.99091193585917
event_8873,-234.65757860252577
event_8874,-303.9909119358592
event_8875,-199.32424526919246
event_8876,-199.65757860252583
event_8877,-109.6575786025258
event_8878,-225.9909119358591
event_8879,-204.3242452691925
event_8880,-109.6575786025258
event_8881,-236.99091193585912
event_8882,-133.6575786025258
event_8883,-212.99091193585912
event_8884,-160.99091193585917
event_8885,-79.65757860252582
event_8886,-220.3242452691925
event_8887,-302.9909119358591
event_8888,-174.99091193585917
event_8889,-162.6575786025258
event_8890,-286.6575786025257
event_8891,-116.65757860252582
event_8892,-198.32424526919246
event_8893,-226.6575786025258
event_8894,-207.32424526919246
event_8895,-246.99091193585912
event_8896,-129.32424526919246
event_8897,-126.6575786025258
event_8898,-158.6575786025258
event_8899,-86.65757860252582
event_8900,-87.6575786025258
event_8901,-121.6575786025258
event_8902,-266.32424526919243
event_8903,-210.65757860252577
event_8904,-193.6575786025258
event_8905,-175.3242452691925
event_8906,-178.99091193585917
event_8907,-208.65757860252583
event_8908,-184.99091193585915
event_8909,-292.32424526919243
event_8910,-182.3242452691925
event_8911,-165.99091193585915
event_8912,-293.9909119358591
event_8913,-277.65757860252575
event_8914,-121.99091193585916
event_8915,-216.99091193585915
event_8916,-195.32424526919243
event_8917,-168.32424526919246
event_8918,-115.32424526919246
event_8919,-79.32424526919246
event_8920,-214.32424526919246
event_8921,-191.99091193585917
event_8922,-153.65757860252586
event_8923,-188.65757860252577
event_8924,-232.32424526919246
event_8925,-71.32424526919246
event_8926,-305.32424526919243
event_8927,-364.6575786025258
event_8928,-178.3242452691925
event_8929,-268.32424526919243
event_8930,-239.3242452691925
event_8931,-144.3242452691925
event_8932,-223.99091193585915
event_8933,-300.32424526919243
event_8934,-89.6575786025258
event_8935,-207.9909119358591
event_8936,-130.99091193585915
event_8937,-206.99091193585912
event_8938,-245.32424526919246
event_8939,-236.65757860252577
event_8940,-182.99091193585912
event_8941,-247.32424526919246
event_8942,-243.32424526919246
event_8943,-321.9909119358591
event_8944,-122.32424526919249
event_8945,-228.6575786025258
event_8946,-175.6575786025258
event_8947,-224.65757860252583
event_8948,-263.65757860252575
event_8949,-95.65757860252579
event_8950,-202.6575786025258
event_8951,-148.32424526919246
event_8952,-101.99091193585913
event_8953,-198.32424526919246
event_8954,-153.99091193585915
event_8955,-317.65757860252586
event_8956,-214.32424526919243
event_8957,-249.32424526919243
event_8958,-143.65757860252583
event_8959,-250.6575786025258
event_8960,-132.99091193585917
event_8961,-197.99091193585915
event_8962,-93.32424526919247
event_8963,-153.65757860252577
event_8964,-307.32424526919243
event_8965,-201.99091193585912
event_8966,-99.6575786025258
event_8967,-168.6575786025258
event_8968,-268.3242452691924
event_8969,-129.6575786025258
event_8970,-160.99091193585912
event_8971,-268.9909119358591
event_8972,-173.65757860252577
event_8973,-155.65757860252577
event_8974,-275.3242452691925
event_8975,-250.3242452691925
event_8976,-263.32424526919243
event_8977,-103.99091193585913
event_8978,-119.32424526919245
event_8979,-196.32424526919246
event_8980,-318.9909119358591
event_8981,-256.32424526919243
event_8982,-331.9909119358592
event_8983,-109.99091193585913
event_8984,-149.99091193585917
event_8985,-292.65757860252575
event_8986,-329.6575786025258
event_8987,-244.3242452691925
event_8988,-134.99091193585915
event_8989,-158.99091193585912
event_8990,-142.32424526919252
event_8991,-309.65757860252575
event_8992,-148.32424526919252
event_8993,-67.65757860252582
event_8994,-227.65757860252583
event_8995,-176.3242452691925
event_8996,-156.99091193585912
event_8997,-332.6575786025258
event_8998,-92.99091193585913
event_8999,-137.99091193585915
event_9000,-93.99091193585913
event_9001,-78.6575786025258
event_9002,-202.99091193585915
event_9003,-250.6575786025258
event_9004,-126.65757860252582
event_9005,-105.99091193585913
event_9006,-319.3242452691924
event_9007,-78.99091193585913
event_9008,-142.6575786025258
event_9009,-325.99091193585906
event_9010,-83.99091193585912
event_9011,-178.65757860252583
event_9012,-150.65757860252583
event_9013,-255.9909119358591
event_9014,-138.32424526919246
event_9015,-167.3242452691925
event_9016,-202.32424526919246
event_9017,-224.99091193585912
event_9018,-264.3242452691925
event_9019,-157.32424526919246
event_9020,-192.99091193585915
event_9021,-272.32424526919243
event_9022,-135.99091193585915
event_9023,-248.65757860252577
event_9024,-158.99091193585915
event_9025,-190.99091193585917
event_9026,-119.65757860252582
event_9027,-229.65757860252586
event_9028,-152.32424526919246
event_9029,-103.6575786025258
event_9030,-228.6575786025258
event_9031,-273.6575786025258
event_9032,-91.6575786025258
event_9033,-129.32424526919246
event_9034,-359.9909119358592
event_9035,-298.6575786025258
event_9036,-184.3242452691925
event_9037,-178.3242452691925
event_9038,-148.3242452691925
event_9039,-77.65757860252579
event_9040,-287.65757860252575
event_9041,-115.32424526919249
event_9042,-163.3242452691925
event_9043,-152.32424526919243
event_9044,-192.99091193585915
event_9045,-188.65757860252583
event_9046,-219.6575786025258
event_9047,-186.6575786025258
event_9048,-87.32424526919249
event_9049,-191.32424526919246
event_9050,-119.99091193585915
event_9051,-257.9909119358591
event_9052,-161.99091193585915
event_9053,-148.65757860252586
event_9054,-230.6575786025258
event_9055,-263.32424526919243
event_9056,-189.3242452691925
event_9057,-96.99091193585913
event_9058,-245.6575786025258
event_9059,-283.9909119358592
event_9060,-219.99091193585912
event_9061,-88.32424526919246
event_9062,-150.99091193585912
event_9063,-218.65757860252583
event_9064,-187.6575786025258
event_9065,-172.65757860252583
event_9066,-171.99091193585912
event_9067,-121.99091193585915
event_9068,-347.32424526919243
event_9069,-130.99091193585915
event_9070,-93.32424526919246
event_9071,-358.3242452691924
event_9072,-135.3242452691925
event_9073,-159.6575786025258
event_9074,-150.99091193585915
event_9075,-185.99091193585912
event_9076,-222.3242452691925
event_9077,-169.99091193585915
event_9078,-111.99091193585915
event_9079,-253.99091193585912
event_9080,-84.32424526919246
event_9081,-149.99091193585912
event_9082,-244.65757860252583
event_9083,-107.65757860252582
event_9084,-110.32424526919246
event_9085,-66.65757860252582
event_9086,-148.3242452691925
event_9087,-186.6575786025258
event_9088,-159.6575786025258
event_9089,-198.65757860252577
event_9090,-207.6575786025258
event_9091,-122.32424526919246
event_9092,-116.99091193585915
event_9093,-95.32424526919247
event_9094,-105.65757860252582
event_9095,-234.65757860252583
event_9096,-314.9909119358591
event_9097,-208.32424526919246
event_9098,-147.99091193585915
event_9099,-63.32424526919246
event_9100,-105.99091193585915
event_9101,-185.99091193585915
event_9102,-182.32424526919246
event_9103,-306.32424526919243
event_9104,-197.32424526919246
event_9105,-262.32424526919243
event_9106,-328.6575786025258
event_9107,-198.32424526919243
event_9108,-201.99091193585915
event_9109,-358.32424526919243
event_9110,-274.3242452691925
event_9111,-106.99091193585913
event_9112,-211.32424526919246
event_9113,-252.65757860252583
event_9114,-229.3242452691925
event_9115,-365.9909119358591
event_9116,-244.32424526919243
event_9117,-142.99091193585917
event_9118,-193.6575786025258
event_9119,-303.99091193585906
event_9120,-320.3242452691923
event_9121,-130.32424526919246
event_9122,-252.6575786025258
event_9123,-288.3242452691925
event_9124,-308.65757860252586
event_9125,-133.32424526919246
event_9126,-112.6575786025258
event_9127,-99.32424526919245
event_9128,-133.6575786025258
event_9129,-205.3242452691925
event_9130,-106.32424526919249
event_9131,-205.65757860252583
event_9132,-100.32424526919249
event_9133,-198.32424526919246
event_9134,-182.6575786025258
event_9135,-280.32424526919243
event_9136,-123.99091193585913
event_9137,-161.6575786025258
event_9138,-83.99091193585915
event_9139,-57.32424526919246
event_9140,-125.32424526919249
event_9141,-131.3242452691925
event_9142,-164.65757860252577
event_9143,-110.99091193585916
event_9144,-166.32424526919246
event_9145,-168.99091193585917
event_9146,-108.99091193585915
event_9147,-119.99091193585913
event_9148,-108.99091193585915
event_9149,-161.6575786025258
event_9150,-100.6575786025258
event_9151,-78.6575786025258
event_9152,-227.32424526919246
event_9153,-185.3242452691925
event_9154,-99.99091193585915
event_9155,-84.99091193585913
event_9156,-221.65757860252577
event_9157,-250.3242452691925
event_9158,-215.32424526919246
event_9159,-150.6575786025258
event_9160,-192.32424526919243
event_9161,-253.99091193585915
event_9162,-88.32424526919247
event_9163,-201.6575786025258
event_9164,-184.99091193585912
event_9165,-158.3242452691925
event_9166,-76.65757860252577
event_9167,-154.99091193585917
event_9168,-95.99091193585915
event_9169,-70.99091193585912
event_9170,-89.6575786025258
event_9171,-145.65757860252583
event_9172,-79.65757860252579
event_9173,-186.32424526919246
event_9174,-118.32424526919247
event_9175,-265.65757860252575
event_9176,-331.3242452691924
event_9177,-311.9909119358591
event_9178,-177.99091193585915
event_9179,-110.6575786025258
event_9180,-115.6575786025258
event_9181,-157.3242452691925
event_9182,-285.32424526919243
event_9183,-290.3242452691925
event_9184,-217.32424526919246
event_9185,-127.65757860252582
event_9186,-240.32424526919246
event_9187,-278.6575786025258
event_9188,-220.99091193585912
event_9189,-195.32424526919243
event_9190,-134.3242452691925
event_9191,-281.65757860252575
event_9192,-128.99091193585912
event_9193,-160.32424526919246
event_9194,-285.9909119358591
event_9195,-86.6575786025258
event_9196,-97.6575786025258
event_9197,-311.32424526919243
event_9198,-101.99091193585915
event_9199,-128.99091193585915
event_9200,-115.99091193585913
event_9201,-252.9909119358591
event_9202,-83.6575786025258
event_9203,-161.32424526919243
event_9204,-306.3242452691925
event_9205,-156.99091193585917
event_9206,-131.99091193585915
event_9207,-133.32424526919246
event_9208,-202.3242452691925
event_9209,-85.99091193585913
event_9210,-135.32424526919246
event_9211,-72.99091193585913
event_9212,-176.9909119358591
event_9213,-197.99091193585912
event_9214,-209.65757860252577
event_9215,-173.99091193585912
event_9216,-214.3242452691925
event_9217,-167.3242452691925
event_9218,-247.6575786025258
event_9219,-200.99091193585912
event_9220,-139.99091193585917
event_9221,-71.6575786025258
event_9222,-113.99091193585917
event_9223,-202.32424526919243
event_9224,-162.32424526919243
event_9225,-372.65757860252575
event_9226,-206.65757860252577
event_9227,-147.99091193585915
event_9228,-83.65757860252582
event_9229,-317.3242452691925
event_9230,-209.32424526919243
event_9231,-65.65757860252579
event_9232,-156.99091193585912
event_9233,-201.32424526919243
event_9234,-145.9909119358592
event_9235,-165.65757860252583
event_9236,-254.99091193585912
event_9237,-157.6575786025258
event_9238,-216.99091193585912
event_9239,-90.32424526919246
event_9240,-88.99091193585913
event_9241,-248.65757860252577
event_9242,-116.32424526919249
event_9243,-285.6575786025258
event_9244,-255.99091193585912
event_9245,-185.3242452691925
event_9246,-227.32424526919246
event_9247,-73.32424526919249
event_9248,-88.99091193585916
event_9249,-255.3242452691925
event_9250,-208.32424526919246
event_9251,-69.6575786025258
event_9252,-308.65757860252586
event_9253,-155.32424526919246
event_9254,-82.32424526919247
event_9255,-186.65757860252583
event_9256,-216.6575786025258
event_9257,-80.6575786025258
event_9258,-159.65757860252583
event_9259,-300.65757860252575
event_9260,-90.99091193585913
event_9261,-239.6575786025258
event_9262,-86.99091193585913
event_9263,-138.65757860252583
event_9264,-96.6575786025258
event_9265,-239.99091193585915
event_9266,-269.99091193585906
event_9267,-261.6575786025258
event_9268,-201.6575786025258
event_9269,-245.99091193585912
event_9270,-244.65757860252577
event_9271,-211.99091193585915
event_9272,-77.32424526919249
event_9273,-149.99091193585915
event_9274,-332.9909119358591
event_9275,-146.99091193585915
event_9276,-280.3242452691924
event_9277,-267.3242452691925
event_9278,-279.65757860252575
event_9279,-189.99091193585915
event_9280,-137.65757860252583
event_9281,-133.99091193585915
event_9282,-329.32424526919243
event_9283,-201.6575786025258
event_9284,-123.32424526919246
event_9285,-152.65757860252583
event_9286,-144.6575786025258
event_9287,-141.99091193585915
event_9288,-171.65757860252583
event_9289,-199.99091193585915
event_9290,-215.99091193585915
event_9291,-132.65757860252583
event_9292,-160.99091193585915
event_9293,-107.32424526919247
event_9294,-212.99091193585912
event_9295,-145.99091193585915
event_9296,-231.6575786025258
event_9297,-223.65757860252583
event_9298,-169.99091193585917
event_9299,-94.32424526919246
event_9300,-126.6575786025258
event_9301,-220.99091193585915
event_9302,-285.9909119358592
event_9303,-122.32424526919249
event_9304,-122.32424526919245
event_9305,-163.3242452691925
event_9306,-251.9909119358591
event_9307,-211.3242452691925
event_9308,-127.99091193585916
event_9309,-236.99091193585915
event_9310,-244.6575786025258
event_9311,-138.32424526919246
event_9312,-227.99091193585912
event_9313,-293.6575786025258
event_9314,-220.32424526919246
event_9315,-246.99091193585915
event_9316,-238.99091193585915
event_9317,-316.9909119358592
event_9318,-147.6575786025258
event_9319,-68.32424526919246
event_9320,-311.65757860252575
event_9321,-145.3242452691925
event_9322,-293.3242452691924
event_9323,-103.6575786025258
event_9324,-275.3242452691925
event_9325,-226.65757860252577
event_9326,-207.32424526919243
event_9327,-137.32424526919246
event_9328,-179.32424526919252
event_9329,-246.3242452691925
event_9330,-75.65757860252582
event_9331,-52.99091193585913
event_9332,-70.65757860252579
event_9333,-78.99091193585913
event_9334,-122.65757860252582
event_9335,-249.32424526919243
event_9336,-199.32424526919243
event_9337,-231.65757860252577
event_9338,-221.3242452691925
event_9339,-97.99091193585915
event_9340,-194.32424526919252
event_9341,-264.9909119358591
event_9342,-188.6575786025258
event_9343,-173.6575786025258
event_9344,-142.3242452691925
event_9345,-217.32424526919246
event_9346,-68.32424526919247
event_9347,-95.65757860252579
event_9348,-191.6575786025258
event_9349,-113.32424526919249
event_9350,-367.3242452691924
event_9351,-93.32424526919247
event_9352,-210.6575786025258
event_9353,-73.99091193585913
event_9354,-191.6575786025258
event_9355,-99.65757860252582
event_9356,-196.99091193585912
event_9357,-289.32424526919243
event_9358,-211.32424526919252
event_9359,-240.99091193585917
event_9360,-281.9909119358592
event_9361,-98.99091193585912
event_9362,-119.32424526919249
event_9363,-150.99091193585915
event_9364,-252.32424526919243
event_9365,-98.32424526919249
event_9366,-175.6575786025258
event_9367,-79.99091193585912
event_9368,-280.32424526919243
event_9369,-198.9909119358591
event_9370,-228.99091193585912
event_9371,-271.9909119358591
event_9372,-283.6575786025258
event_9373,-304.9909119358591
event_9374,-85.99091193585915
event_9375,-309.32424526919243
event_9376,-113.65757860252582
event_9377,-230.65757860252583
event_9378,-148.99091193585912
event_9379,-54.990911935859124
event_9380,-143.99091193585915
event_9381,-314.99091193585906
event_9382,-97.32424526919249
event_9383,-163.3242452691925
event_9384,-90.32424526919247
event_9385,-403.6575786025258
event_9386,-296.32424526919243
event_9387,-125.99091193585915
event_9388,-157.99091193585912
event_9389,-146.3242452691925
event_9390,-68.99091193585915
event_9391,-153.65757860252583
event_9392,-118.99091193585915
event_9393,-233.9909119358591
event_9394,-226.3242452691925
event_9395,-261.65757860252575
event_9396,-88.65757860252582
event_9397,-184.99091193585915
event_9398,-143.32424526919246
event_9399,-89.32424526919246
event_9400,-95.99091193585913
event_9401,-74.6575786025258
event_9402,-150.65757860252586
event_9403,-104.32424526919249
event_9404,-134.99091193585912
event_9405,-92.6575786025258
event_9406,-277.3242452691925
event_9407,-153.6575786025258
event_9408,-157.65757860252583
event_9409,-299.6575786025258
event_9410,-267.65757860252586
event_9411,-264.9909119358591
event_9412,-74.99091193585915
event_9413,-94.99091193585915
event_9414,-311.9909119358591
event_9415,-223.9909119358591
event_9416,-80.65757860252579
event_9417,-83.32424526919246
event_9418,-67.99091193585915
event_9419,-128.65757860252583
event_9420,-259.65757860252575
event_9421,-130.99091193585915
event_9422,-167.99091193585912
event_9423,-199.99091193585917
event_9424,-97.6575786025258
event_9425,-184.99091193585912
event_9426,-376.9909119358591
event_9427,-241.32424526919246
event_9428,-240.65757860252583
event_9429,-243.99091193585915
event_9430,-83.65757860252579
event_9431,-274.9909119358591
event_9432,-105.32424526919247
event_9433,-286.32424526919243
event_9434,-201.99091193585917
event_9435,-174.3242452691925
event_9436,-198.65757860252583
event_9437,-108.32424526919246
event_9438,-223.3242452691925
event_9439,-234.32424526919246
event_9440,-134.32424526919246
event_9441,-221.99091193585915
event_9442,-218.6575786025258
event_9443,-196.99091193585912
event_9444,-170.65757860252583
event_9445,-101.65757860252579
event_9446,-168.99091193585917
event_9447,-234.3242452691925
event_9448,-177.32424526919243
event_9449,-109.99091193585916
event_9450,-113.99091193585913
event_9451,-252.65757860252583
event_9452,-155.6575786025258
event_9453,-188.6575786025258
event_9454,-121.65757860252582
event_9455,-233.32424526919246
event_9456,-151.99091193585912
event_9457,-80.32424526919246
event_9458,-189.65757860252577
event_9459,-82.32424526919247
event_9460,-141.9909119358592
event_9461,-104.65757860252582
event_9462,-156.3242452691925
event_9463,-76.32424526919246
event_9464,-67.99091193585913
event_9465,-79.32424526919247
event_9466,-66.32424526919246
event_9467,-147.32424526919252
event_9468,-160.65757860252583
event_9469,-187.3242452691925
event_9470,-199.99091193585917
event_9471,-248.32424526919252
event_9472,-270.32424526919243
event_9473,-102.6575786025258
event_9474,-152.99091193585915
event_9475,-155.32424526919246
event_9476,-91.99091193585915
event_9477,-226.6575786025258
event_9478,-262.32424526919243
event_9479,-226.32424526919246
event_9480,-109.32424526919246
event_9481,-158.6575786025258
event_9482,-252.99091193585912
event_9483,-153.99091193585912
event_9484,-129.6575786025258
event_9485,-218.9909119358591
event_9486,-240.99091193585912
event_9487,-234.9909119358591
event_9488,-295.9909119358591
event_9489,-244.3242452691925
event_9490,-191.99091193585915
event_9491,-255.6575786025258
event_9492,-283.99091193585906
event_9493,-164.99091193585917
event_9494,-188.99091193585917
event_9495,-380.32424526919243
event_9496,-95.65757860252582
event_9497,-175.32424526919252
event_9498,-282.9909119358592
event_9499,-192.6575786025258
event_9500,-78.99091193585913
event_9501,-105.32424526919249
event_9502,-134.6575786025258
event_9503,-132.32424526919246
event_9504,-299.6575786025258
event_9505,-200.99091193585912
event_9506,-102.6575786025258
event_9507,-273.9909119358592
event_9508,-104.65757860252579
event_9509,-160.32424526919246
event_9510,-319.32424526919243
event_9511,-306.9909119358591
event_9512,-261.9909119358591
event_9513,-247.32424526919243
event_9514,-172.65757860252586
event_9515,-197.99091193585912
event_9516,-311.9909119358591
event_9517,-216.65757860252577
event_9518,-104.6575786025258
event_9519,-238.65757860252577
event_9520,-123.65757860252583
event_9521,-137.99091193585915
event_9522,-68.32424526919247
event_9523,-92.99091193585913
event_9524,-78.65757860252582
event_9525,-91.32424526919249
event_9526,-177.99091193585912
event_9527,-89.65757860252579
event_9528,-130.32424526919246
event_9529,-157.32424526919252
event_9530,-331.3242452691925
event_9531,-207.3242452691925
event_9532,-210.99091193585915
event_9533,-158.6575786025258
event_9534,-125.99091193585916
event_9535,-241.99091193585915
event_9536,-144.3242452691925
event_9537,-61.32424526919247
event_9538,-193.99091193585915
event_9539,-215.99091193585915
event_9540,-299.6575786025258
event_9541,-276.3242452691925
event_9542,-163.99091193585912
event_9543,-127.65757860252583
event_9544,-78.99091193585913
event_9545,-317.9909119358591
event_9546,-250.99091193585912
event_9547,-154.99091193585915
event_9548,-209.99091193585912
event_9549,-80.99091193585915
event_9550,-97.6575786025258
event_9551,-60.324245269192446
event_9552,-99.65757860252579
event_9553,-50.6575786025258
event_9554,-69.99091193585913
event_9555,-199.3242452691925
event_9556,-303.9909119358592
event_9557,-177.32424526919246
event_9558,-118.6575786025258
event_9559,-217.99091193585915
event_9560,-103.32424526919247
event_9561,-158.65757860252583
event_9562,-174.6575786025258
event_9563,-183.99091193585912
event_9564,-167.32424526919243
event_9565,-99.32424526919249
event_9566,-140.32424526919246
event_9567,-114.65757860252582
event_9568,-232.6575786025258
event_9569,-266.99091193585906
event_9570,-142.6575786025258
event_9571,-94.6575786025258
event_9572,-239.99091193585912
event_9573,-235.99091193585915
event_9574,-113.32424526919246
event_9575,-71.65757860252582
event_9576,-90.99091193585912
event_9577,-72.99091193585913
event_9578,-68.32424526919246
event_9579,-208.32424526919246
event_9580,-259.6575786025258
event_9581,-301.9909119358592
event_9582,-366.32424526919243
event_9583,-192.32424526919246
event_9584,-116.99091193585913
event_9585,-198.32424526919246
event_9586,-102.65757860252579
event_9587,-323.65757860252575
event_9588,-268.3242452691925
event_9589,-128.99091193585915
event_9590,-153.3242452691925
event_9591,-324.3242452691925
event_9592,-267.3242452691924
event_9593,-196.3242452691925
event_9594,-312.3242452691925
event_9595,-283.99091193585906
event_9596,-241.99091193585912
event_9597,-180.99091193585912
event_9598,-149.99091193585915
event_9599,-223.3242452691925
event_9600,-84.32424526919247
event_9601,-317.6575786025258
event_9602,-82.99091193585915
event_9603,-193.99091193585915
event_9604,-204.32424526919246
event_9605,-252.99091193585912
event_9606,-108.99091193585915
event_9607,-113.32424526919247
event_9608,-272.6575786025258
event_9609,-239.9909119358591
event_9610,-285.99091193585906
event_9611,-191.6575786025258
event_9612,-168.3242452691925
event_9613,-249.99091193585917
event_9614,-164.99091193585912
event_9615,-158.32424526919246
event_9616,-146.32424526919246
event_9617,-132.32424526919246
event_9618,-270.32424526919243
event_9619,-125.6575786025258
event_9620,-153.3242452691925
event_9621,-259.32424526919243
event_9622,-166.99091193585912
event_9623,-233.6575786025258
event_9624,-134.6575786025258
event_9625,-91.99091193585913
event_9626,-210.99091193585915
event_9627,-171.6575786025258
event_9628,-206.99091193585912
event_9629,-326.99091193585906
event_9630,-281.6575786025257
event_9631,-143.32424526919246
event_9632,-81.99091193585912
event_9633,-362.9909119358591
event_9634,-237.99091193585915
event_9635,-70.99091193585913
event_9636,-261.99091193585906
event_9637,-79.99091193585915
event_9638,-133.99091193585912
event_9639,-106.6575786025258
event_9640,-269.6575786025258
event_9641,-216.65757860252583
event_9642,-309.6575786025258
event_9643,-134.99091193585912
event_9644,-86.32424526919246
event_9645,-92.6575786025258
event_9646,-113.6575786025258
event_9647,-232.99091193585915
event_9648,-279.3242452691925
event_9649,-165.6575786025258
event_9650,-271.9909119358591
event_9651,-69.6575786025258
event_9652,-237.99091193585915
event_9653,-85.32424526919246
event_9654,-219.99091193585912
event_9655,-131.65757860252583
event_9656,-87.32424526919247
event_9657,-211.32424526919246
event_9658,-132.32424526919246
event_9659,-256.32424526919243
event_9660,-168.99091193585912
event_9661,-92.32424526919247
event_9662,-122.99091193585915
event_9663,-203.65757860252586
event_9664,-141.6575786025258
event_9665,-209.99091193585915
event_9666,-264.9909119358591
event_9667,-191.99091193585917
event_9668,-167.65757860252586
event_9669,-135.6575786025258
event_9670,-128.3242452691925
event_9671,-251.6575786025258
event_9672,-172.3242452691925
event_9673,-282.6575786025258
event_9674,-110.32424526919247
event_9675,-237.6575786025258
event_9676,-318.65757860252586
event_9677,-230.6575786025258
event_9678,-91.65757860252582
event_9679,-201.65757860252583
event_9680,-278.65757860252575
event_9681,-212.32424526919246
event_9682,-290.6575786025258
event_9683,-235.65757860252577
event_9684,-323.9909119358591
event_9685,-103.65757860252582
event_9686,-103.65757860252582
event_9687,-209.32424526919243
event_9688,-152.6575786025258
event_9689,-149.99091193585917
event_9690,-386.9909119358592
event_9691,-187.6575786025258
event_9692,-178.65757860252575
event_9693,-78.6575786025258
event_9694,-122.32424526919247
event_9695,-68.99091193585913
event_9696,-222.32424526919246
event_9697,-210.32424526919246
event_9698,-193.99091193585915
event_9699,-324.65757860252575
event_9700,-89.32424526919247
event_9701,-78.99091193585913
event_9702,-195.32424526919246
event_9703,-104.32424526919245
event_9704,-55.990911935859124
event_9705,-368.65757860252575
event_9706,-96.65757860252579
event_9707,-110.6575786025258
event_9708,-209.99091193585915
event_9709,-110.32424526919247
event_9710,-215.99091193585917
event_9711,-169.65757860252586
event_9712,-279.9909119358591
event_9713,-311.6575786025258
event_9714,-202.32424526919243
event_9715,-221.99091193585912
event_9716,-63.99091193585913
event_9717,-65.6575786025258
event_9718,-242.99091193585912
event_9719,-233.3242452691925
event_9720,-225.99091193585915
event_9721,-81.65757860252579
event_9722,-245.32424526919246
event_9723,-209.65757860252586
event_9724,-167.99091193585917
event_9725,-146.99091193585917
event_9726,-174.99091193585912
event_9727,-147.99091193585915
event_9728,-193.65757860252583
event_9729,-225.99091193585917
event_9730,-194.32424526919246
event_9731,-167.3242452691925
event_9732,-154.32424526919246
event_9733,-107.6575786025258
event_9734,-206.6575786025258
event_9735,-72.65757860252582
event_9736,-194.6575786025258
event_9737,-186.6575786025258
event_9738,-77.99091193585915
event_9739,-195.6575786025258
event_9740,-129.3242452691925
event_9741,-218.99091193585915
event_9742,-85.6575786025258
event_9743,-183.3242452691925
event_9744,-260.9909119358591
event_9745,-213.65757860252577
event_9746,-255.65757860252577
event_9747,-275.99091193585906
event_9748,-214.3242452691925
event_9749,-177.99091193585915
event_9750,-179.6575786025258
event_9751,-89.99091193585915
event_9752,-151.99091193585915
event_9753,-157.6575786025258
event_9754,-254.3242452691925
event_9755,-195.99091193585915
event_9756,-228.99091193585912
event_9757,-271.65757860252575
event_9758,-273.32424526919243
event_9759,-163.99091193585912
event_9760,-143.99091193585917
event_9761,-243.32424526919246
event_9762,-293.3242452691925
event_9763,-191.6575786025258
event_9764,-125.32424526919247
event_9765,-65.32424526919247
event_9766,-170.32424526919246
event_9767,-263.32424526919243
event_9768,-228.99091193585912
event_9769,-113.99091193585913
event_9770,-161.99091193585912
event_9771,-327.6575786025258
event_9772,-97.6575786025258
event_9773,-151.65757860252583
event_9774,-154.99091193585915
event_9775,-164.3242452691925
event_9776,-153.32424526919246
event_9777,-142.6575786025258
event_9778,-160.99091193585915
event_9779,-230.32424526919246
event_9780,-69.99091193585915
event_9781,-205.65757860252577
event_9782,-160.32424526919252
event_9783,-281.6575786025258
event_9784,-177.3242452691925
event_9785,-85.32424526919247
event_9786,-207.6575786025258
event_9787,-133.65757860252583
event_9788,-141.32424526919246
event_9789,-270.9909119358591
event_9790,-119.6575786025258
event_9791,-299.6575786025258
event_9792,-269.9909119358591
event_9793,-77.6575786025258
event_9794,-82.99091193585913
event_9795,-197.99091193585912
event_9796,-193.6575786025258
event_9797,-171.65757860252583
event_9798,-191.99091193585917
event_9799,-79.32424526919246
event_9800,-178.99091193585915
event_9801,-107.32424526919247
event_9802,-120.32424526919249
event_9803,-379.6575786025258
event_9804,-180.65757860252577
event_9805,-234.65757860252583
event_9806,-126.99091193585915
event_9807,-203.99091193585915
event_9808,-251.65757860252572
event_9809,-167.9909119358591
event_9810,-172.99091193585915
event_9811,-241.32424526919243
event_9812,-300.32424526919243
event_9813,-208.3242452691925
event_9814,-67.32424526919247
event_9815,-79.65757860252582
event_9816,-183.6575786025258
event_9817,-238.6575786025258
event_9818,-105.32424526919246
event_9819,-235.99091193585917
event_9820,-283.99091193585906
event_9821,-174.65757860252586
event_9822,-142.32424526919246
event_9823,-143.65757860252583
event_9824,-195.65757860252577
event_9825,-337.6575786025258
event_9826,-247.99091193585915
event_9827,-84.99091193585913
event_9828,-166.65757860252577
event_9829,-261.65757860252575
event_9830,-156.6575786025258
event_9831,-125.99091193585916
event_9832,-81.99091193585915
event_9833,-131.32424526919246
event_9834,-263.9909119358592
event_9835,-210.6575786025258
event_9836,-173.99091193585915
event_9837,-168.99091193585912
event_9838,-65.6575786025258
event_9839,-192.32424526919246
event_9840,-108.99091193585913
event_9841,-167.3242452691925
event_9842,-230.65757860252577
event_9843,-78.32424526919247
event_9844,-162.99091193585915
event_9845,-122.6575786025258
event_9846,-190.6575786025258
event_9847,-56.32424526919247
event_9848,-115.99091193585915
event_9849,-335.99091193585906
event_9850,-222.32424526919243
event_9851,-166.65757860252583
event_9852,-178.99091193585915
event_9853,-193.32424526919252
event_9854,-195.99091193585917
event_9855,-161.99091193585915
event_9856,-279.65757860252586
event_9857,-127.65757860252582
event_9858,-135.6575786025258
event_9859,-87.99091193585915
event_9860,-98.99091193585916
event_9861,-388.32424526919243
event_9862,-120.99091193585915
event_9863,-274.9909119358591
event_9864,-160.3242452691925
event_9865,-218.99091193585917
event_9866,-78.32424526919249
event_9867,-332.3242452691925
event_9868,-164.32424526919243
event_9869,-283.32424526919243
event_9870,-64.99091193585913
event_9871,-166.99091193585917
event_9872,-134.65757860252583
event_9873,-155.3242452691925
event_9874,-81.65757860252582
event_9875,-137.65757860252583
event_9876,-211.6575786025258
event_9877,-291.65757860252575
event_9878,-190.6575786025258
event_9879,-161.99091193585912
event_9880,-206.99091193585915
event_9881,-91.65757860252582
event_9882,-290.3242452691925
event_9883,-96.65757860252582
event_9884,-271.6575786025258
event_9885,-336.65757860252586
event_9886,-264.3242452691925
event_9887,-63.65757860252579
event_9888,-231.9909119358591
event_9889,-224.99091193585915
event_9890,-122.32424526919247
event_9891,-231.3242452691925
event_9892,-235.6575786025258
event_9893,-135.3242452691925
event_9894,-150.99091193585912
event_9895,-310.6575786025258
event_9896,-214.6575786025258
event_9897,-269.9909119358591
event_9898,-77.6575786025258
event_9899,-358.32424526919243
event_9900,-110.99091193585915
event_9901,-270.3242452691925
event_9902,-258.9909119358591
event_9903,-241.9909119358591
event_9904,-207.32424526919246
event_9905,-174.32424526919246
event_9906,-289.3242452691925
event_9907,-238.6575786025258
event_9908,-333.99091193585906
event_9909,-172.32424526919246
event_9910,-110.32424526919246
event_9911,-166.65757860252583
event_9912,-87.99091193585915
event_9913,-136.65757860252586
event_9914,-149.3242452691925
event_9915,-281.3242452691925
event_9916,-228.99091193585912
event_9917,-206.99091193585915
event_9918,-129.6575786025258
event_9919,-165.3242452691925
event_9920,-202.65757860252577
event_9921,-302.3242452691925
event_9922,-120.32424526919247
event_9923,-249.65757860252577
event_9924,-385.6575786025258
event_9925,-142.3242452691925
event_9926,-233.99091193585912
event_9927,-65.32424526919246
event_9928,-155.99091193585915
event_9929,-93.6575786025258
event_9930,-102.65757860252582
event_9931,-185.99091193585912
event_9932,-88.99091193585915
event_9933,-311.32424526919243
event_9934,-207.32424526919246
event_9935,-226.3242452691925
event_9936,-80.6575786025258
event_9937,-222.32424526919243
event_9938,-222.65757860252586
event_9939,-134.65757860252583
event_9940,-80.99091193585913
event_9941,-148.3242452691925
event_9942,-103.65757860252579
event_9943,-234.6575786025258
event_9944,-179.99091193585915
event_9945,-272.32424526919243
event_9946,-207.99091193585915
event_9947,-60.6575786025258
event_9948,-246.6575786025258
event_9949,-71.32424526919247
event_9950,-98.6575786025258
event_9951,-223.32424526919246
event_9952,-219.65757860252577
event_9953,-100.6575786025258
event_9954,-205.99091193585912
event_9955,-125.6575786025258
event_9956,-81.65757860252579
event_9957,-186.6575786025258
event_9958,-279.65757860252586
event_9959,-344.65757860252586
event_9960,-238.99091193585912
event_9961,-177.99091193585915
event_9962,-125.99091193585916
event_9963,-56.32424526919247
event_9964,-100.99091193585915
event_9965,-112.32424526919245
event_9966,-346.6575786025258
event_9967,-168.3242452691925
event_9968,-256.65757860252575
event_9969,-108.65757860252582
event_9970,-191.6575786025258
event_9971,-286.3242452691924
event_9972,-221.99091193585917
event_9973,-226.65757860252577
event_9974,-268.9909119358592
event_9975,-86.65757860252582
event_9976,-157.6575786025258
event_9977,-234.65757860252583
event_9978,-177.9909119358592
event_9979,-90.99091193585915
event_9980,-199.6575786025258
event_9981,-96.32424526919246
event_9982,-135.99091193585915
event_9983,-157.6575786025258
event_9984,-68.99091193585915
event_9985,-160.65757860252583
event_9986,-209.6575786025258
event_9987,-150.99091193585915
event_9988,-261.65757860252575
event_9989,-303.65757860252575
event_9990,-110.32424526919247
event_9991,-164.99091193585917
event_9992,-129.3242452691925
event_9993,-252.32424526919246
event_9994,-147.3242452691925
event_9995,-279.3242452691925
event_9996,-275.9909119358591
event_9997,-168.65757860252583
event_9998,-70.99091193585913
event_9999,-207.32424526919246
event_10000,-69.99091193585912
event_10001,-174.99091193585912
event_10002,-160.65757860252577
event_10003,-110.99091193585915
event_10004,-182.65757860252577
event_10005,-249.99091193585915
event_10006,-375.3242452691925
event_10007,-176.3242452691925
event_10008,-97.32424526919249
event_10009,-166.6575786025258
event_10010,-317.32424526919243
event_10011,-138.6575786025258
event_10012,-157.3242452691925
event_10013,-263.9909119358591
event_10014,-209.65757860252583
event_10015,-74.99091193585913
event_10016,-158.3242452691925
event_10017,-297.65757860252575
event_10018,-69.32424526919247
event_10019,-228.65757860252583
event_10020,-133.99091193585917
event_10021,-172.32424526919243
event_10022,-237.65757860252577
event_10023,-73.32424526919247
event_10024,-76.32424526919246
event_10025,-116.32424526919249
event_10026,-335.9909119358592
event_10027,-179.99091193585917
event_10028,-149.65757860252583
event_10029,-118.65757860252582
event_10030,-177.3242452691925
event_10031,-122.99091193585915
event_10032,-109.32424526919246
event_10033,-276.9909119358591
event_10034,-238.65757860252577
event_10035,-369.9909119358592
event_10036,-233.65757860252577
event_10037,-90.99091193585913
event_10038,-283.6575786025258
event_10039,-183.6575786025258
event_10040,-173.32424526919252
event_10041,-219.65757860252577
event_10042,-197.65757860252583
event_10043,-215.99091193585915
event_10044,-287.6575786025258
event_10045,-111.32424526919246
event_10046,-121.32424526919247
event_10047,-124.99091193585915
event_10048,-231.99091193585915
event_10049,-109.99091193585916
event_10050,-167.99091193585917
event_10051,-64.99091193585913
event_10052,-183.65757860252577
event_10053,-214.9909119358591
event_10054,-135.32424526919246
event_10055,-186.65757860252583
event_10056,-82.99091193585915
event_10057,-365.32424526919243
event_10058,-244.6575786025258
event_10059,-70.32424526919249
event_10060,-284.65757860252586
event_10061,-120.6575786025258
event_10062,-53.99091193585914
event_10063,-328.3242452691925
event_10064,-107.32424526919246
event_10065,-124.99091193585913
event_10066,-98.99091193585915
event_10067,-258.99091193585906
event_10068,-164.32424526919246
event_10069,-230.6575786025258
event_10070,-283.6575786025258
event_10071,-298.65757860252575
event_10072,-135.3242452691925
event_10073,-95.32424526919247
event_10074,-148.3242452691925
event_10075,-189.6575786025258
event_10076,-211.99091193585915
event_10077,-219.32424526919252
event_10078,-312.9909119358591
event_10079,-87.32424526919247
event_10080,-94.32424526919249
event_10081,-154.3242452691925
event_10082,-278.9909119358591
event_10083,-86.32424526919247
event_10084,-177.6575786025258
event_10085,-179.6575786025258
event_10086,-233.6575786025258
event_10087,-151.99091193585912
event_10088,-260.3242452691924
event_10089,-210.65757860252577
event_10090,-62.99091193585913
event_10091,-249.32424526919243
event_10092,-274.3242452691925
event_10093,-295.6575786025258
event_10094,-132.32424526919246
event_10095,-190.32424526919246
event_10096,-102.99091193585915
event_10097,-279.32424526919243
event_10098,-135.65757860252577
event_10099,-87.65757860252583
event_10100,-296.32424526919243
event_10101,-244.65757860252577
event_10102,-258.9909119358591
event_10103,-89.99091193585913
event_10104,-161.3242452691925
event_10105,-387.9909119358592
event_10106,-280.65757860252575
event_10107,-161.32424526919246
event_10108,-164.6575786025258
event_10109,-156.65757860252583
event_10110,-175.3242452691925
event_10111,-326.99091193585906
event_10112,-246.3242452691925
event_10113,-215.32424526919252
event_10114,-162.3242452691925
event_10115,-68.32424526919247
event_10116,-345.9909119358591
event_10117,-145.3242452691925
event_10118,-259.99091193585906
event_10119,-155.3242452691925
event_10120,-188.6575786025258
event_10121,-290.9909119358591
event_10122,-147.99091193585912
event_10123,-241.65757860252575
event_10124,-291.9909119358591
event_10125,-67.6575786025258
event_10126,-162.99091193585915
event_10127,-254.32424526919246
event_10128,-86.99091193585915
event_10129,-128.6575786025258
event_10130,-160.99091193585917
event_10131,-194.6575786025258
event_10132,-117.99091193585912
event_10133,-95.6575786025258
event_10134,-196.6575786025258
event_10135,-185.32424526919252
event_10136,-211.99091193585917
event_10137,-76.6575786025258
event_10138,-307.9909119358591
event_10139,-192.6575786025258
event_10140,-242.65757860252583
event_10141,-341.32424526919243
event_10142,-97.32424526919249
event_10143,-114.65757860252583
event_10144,-191.32424526919246
event_10145,-311.9909119358591
event_10146,-136.99091193585915
event_10147,-227.65757860252577
event_10148,-174.3242452691925
event_10149,-256.32424526919243
event_10150,-218.99091193585915
event_10151,-94.99091193585913
event_10152,-258.65757860252575
event_10153,-209.65757860252577
event_10154,-189.3242452691925
event_10155,-272.32424526919243
event_10156,-84.65757860252582
event_10157,-203.3242452691925
event_10158,-267.3242452691925
event_10159,-267.3242452691924
event_10160,-206.99091193585912
event_10161,-161.32424526919246
event_10162,-169.65757860252583
event_10163,-77.6575786025258
event_10164,-183.65757860252583
event_10165,-99.99091193585915
event_10166,-158.65757860252577
event_10167,-85.32424526919247
event_10168,-168.99091193585915
event_10169,-167.99091193585915
event_10170,-199.6575786025258
event_10171,-244.32424526919246
event_10172,-178.32424526919243
event_10173,-288.9909119358591
event_10174,-239.99091193585912
event_10175,-224.32424526919243
event_10176,-80.99091193585912
event_10177,-166.3242452691925
event_10178,-175.32424526919246
event_10179,-218.6575786025258
event_10180,-158.99091193585915
event_10181,-302.3242452691925
event_10182,-92.6575786025258
event_10183,-116.32424526919249
event_10184,-152.6575786025258
event_10185,-142.32424526919246
event_10186,-82.32424526919247
event_10187,-206.3242452691925
event_10188,-289.3242452691925
event_10189,-292.32424526919243
event_10190,-128.99091193585915
event_10191,-97.99091193585913
event_10192,-261.3242452691925
event_10193,-204.32424526919246
event_10194,-314.65757860252586
event_10195,-71.99091193585915
event_10196,-150.65757860252583
event_10197,-141.99091193585917
event_10198,-75.32424526919246
event_10199,-183.65757860252586
event_10200,-196.99091193585915
event_10201,-144.99091193585915
event_10202,-74.32424526919246
event_10203,-109.99091193585913
event_10204,-249.32424526919246
event_10205,-151.32424526919246
event_10206,-215.32424526919246
event_10207,-159.32424526919246
event_10208,-140.3242452691925
event_10209,-141.65757860252583
event_10210,-152.6575786025258
event_10211,-292.6575786025258
event_10212,-350.9909119358591
event_10213,-80.32424526919246
event_10214,-101.32424526919246
event_10215,-178.65757860252577
event_10216,-144.65757860252586
event_10217,-194.65757860252577
event_10218,-59.657578602525795
event_10219,-265.9909119358591
event_10220,-225.3242452691925
event_10221,-215.99091193585915
event_10222,-198.6575786025258
event_10223,-136.65757860252583
event_10224,-158.65757860252583
event_10225,-168.99091193585912
event_10226,-251.9909119358591
event_10227,-84.32424526919247
event_10228,-131.6575786025258
event_10229,-171.6575786025258
event_10230,-228.32424526919246
event_10231,-170.6575786025258
event_10232,-196.32424526919246
event_10233,-240.99091193585915
event_10234,-247.32424526919246
event_10235,-197.32424526919246
event_10236,-89.65757860252579
event_10237,-146.99091193585912
event_10238,-221.32424526919243
event_10239,-168.99091193585915
event_10240,-182.99091193585912
event_10241,-284.99091193585906
event_10242,-157.99091193585917
event_10243,-80.65757860252579
event_10244,-136.6575786025258
event_10245,-143.32424526919246
event_10246,-215.99091193585912
event_10247,-141.99091193585915
event_10248,-106.99091193585913
event_10249,-241.65757860252577
event_10250,-290.9909119358591
event_10251,-147.32424526919246
event_10252,-126.32424526919246
event_10253,-302.6575786025258
event_10254,-137.6575786025258
event_10255,-205.32424526919243
event_10256,-261.9909119358591
event_10257,-86.6575786025258
event_10258,-107.6575786025258
event_10259,-214.65757860252583
event_10260,-271.32424526919243
event_10261,-176.99091193585915
event_10262,-293.65757860252575
event_10263,-177.3242452691925
event_10264,-135.3242452691925
event_10265,-203.3242452691925
event_10266,-268.9909119358592
event_10267,-174.99091193585915
event_10268,-111.32424526919245
event_10269,-143.6575786025258
event_10270,-157.99091193585912
event_10271,-248.32424526919246
event_10272,-170.99091193585915
event_10273,-132.99091193585912
event_10274,-63.6575786025258
event_10275,-95.99091193585912
event_10276,-165.99091193585915
event_10277,-133.32424526919246
event_10278,-333.9909119358591
event_10279,-96.65757860252579
event_10280,-162.6575786025258
event_10281,-115.99091193585913
event_10282,-125.99091193585913
event_10283,-233.99091193585915
event_10284,-94.99091193585912
event_10285,-109.99091193585913
event_10286,-277.9909119358591
event_10287,-182.99091193585917
event_10288,-107.65757860252579
event_10289,-208.99091193585915
event_10290,-213.32424526919246
event_10291,-107.6575786025258
event_10292,-85.6575786025258
event_10293,-229.6575786025258
event_10294,-242.99091193585912
event_10295,-342.6575786025258
event_10296,-250.99091193585912
event_10297,-218.99091193585915
event_10298,-161.65757860252583
event_10299,-158.9909119358592
event_10300,-313.99091193585906
event_10301,-73.32424526919247
event_10302,-105.65757860252583
event_10303,-117.65757860252582
event_10304,-155.99091193585915
event_10305,-163.3242452691925
event_10306,-91.32424526919249
event_10307,-106.99091193585912
event_10308,-240.6575786025258
event_10309,-205.32424526919246
event_10310,-90.32424526919247
event_10311,-194.99091193585917
event_10312,-268.32424526919243
event_10313,-146.65757860252583
event_10314,-237.65757860252577
event_10315,-176.32424526919246
event_10316,-166.99091193585912
event_10317,-243.3242452691924
event_10318,-256.9909119358591
event_10319,-138.99091193585915
event_10320,-120.99091193585912
event_10321,-253.32424526919246
event_10322,-198.32424526919246
event_10323,-62.32424526919246
event_10324,-194.3242452691925
event_10325,-198.65757860252586
event_10326,-173.99091193585912
event_10327,-199.99091193585915
event_10328,-101.32424526919246
event_10329,-178.6575786025258
event_10330,-177.65757860252577
event_10331,-323.32424526919243
event_10332,-222.99091193585912
event_10333,-82.99091193585912
event_10334,-92.99091193585913
event_10335,-255.99091193585912
event_10336,-206.99091193585915
event_10337,-63.99091193585913
event_10338,-154.99091193585915
event_10339,-234.32424526919243
event_10340,-200.99091193585915
event_10341,-296.6575786025258
event_10342,-247.65757860252583
event_10343,-104.32424526919246
event_10344,-213.3242452691925
event_10345,-80.99091193585915
event_10346,-80.99091193585915
event_10347,-271.9909119358591
event_10348,-311.6575786025257
event_10349,-208.32424526919246
event_10350,-91.99091193585912
event_10351,-255.32424526919243
event_10352,-155.32424526919246
event_10353,-254.65757860252577
event_10354,-75.99091193585916
event_10355,-106.32424526919245
event_10356,-256.65757860252575
event_10357,-80.99091193585913
event_10358,-195.3242452691925
event_10359,-248.6575786025258
event_10360,-147.6575786025258
event_10361,-111.99091193585915
event_10362,-203.99091193585917
event_10363,-69.65757860252579
event_10364,-136.65757860252583
event_10365,-160.65757860252583
event_10366,-176.65757860252583
event_10367,-116.6575786025258
event_10368,-173.99091193585912
event_10369,-240.6575786025258
event_10370,-214.99091193585912
event_10371,-214.65757860252586
event_10372,-218.99091193585912
event_10373,-147.32424526919252
event_10374,-352.65757860252575
event_10375,-166.99091193585915
event_10376,-242.32424526919246
event_10377,-86.32424526919246
event_10378,-116.65757860252583
event_10379,-271.9909119358591
event_10380,-268.3242452691925
event_10381,-227.6575786025258
event_10382,-123.99091193585915
event_10383,-104.65757860252582
event_10384,-289.32424526919243
event_10385,-216.3242452691925
event_10386,-289.3242452691925
event_10387,-217.6575786025258
event_10388,-240.99091193585912
event_10389,-120.99091193585915
event_10390,-139.32424526919246
event_10391,-82.6575786025258
event_10392,-183.32424526919252
event_10393,-112.3242452691925
event_10394,-305.3242452691925
event_10395,-95.65757860252579
event_10396,-83.6575786025258
event_10397,-72.32424526919247
event_10398,-101.65757860252582
event_10399,-109.6575786025258
event_10400,-257.32424526919243
event_10401,-180.99091193585915
event_10402,-116.6575786025258
event_10403,-66.32424526919246
event_10404,-227.99091193585915
event_10405,-85.99091193585913
event_10406,-100.32424526919247
event_10407,-107.32424526919249
event_10408,-235.99091193585915
event_10409,-291.65757860252575
event_10410,-93.32424526919246
event_10411,-142.99091193585915
event_10412,-117.32424526919247
event_10413,-161.6575786025258
event_10414,-141.99091193585912
event_10415,-134.6575786025258
event_10416,-176.32424526919246
event_10417,-276.9909119358592
event_10418,-139.3242452691925
event_10419,-164.65757860252583
event_10420,-295.9909119358591
event_10421,-243.99091193585915
event_10422,-265.9909119358591
event_10423,-68.6575786025258
event_10424,-159.32424526919246
event_10425,-99.32424526919247
event_10426,-271.6575786025258
event_10427,-230.6575786025258
event_10428,-284.3242452691925
event_10429,-81.99091193585913
event_10430,-229.32424526919243
event_10431,-76.6575786025258
event_10432,-248.65757860252577
event_10433,-202.3242452691925
event_10434,-247.32424526919243
event_10435,-284.3242452691925
event_10436,-58.6575786025258
event_10437,-135.32424526919246
event_10438,-253.65757860252577
event_10439,-119.65757860252582
event_10440,-142.6575786025258
event_10441,-74.99091193585912
event_10442,-174.65757860252583
event_10443,-101.6575786025258
event_10444,-198.32424526919246
event_10445,-112.32424526919247
event_10446,-206.99091193585917
event_10447,-156.99091193585915
event_10448,-65.32424526919246
event_10449,-244.9909119358591
event_10450,-137.6575786025258
event_10451,-195.6575786025258
event_10452,-117.6575786025258
event_10453,-196.65757860252577
event_10454,-174.65757860252577
event_10455,-236.6575786025258
event_10456,-211.99091193585912
event_10457,-84.99091193585913
event_10458,-75.99091193585913
event_10459,-199.6575786025258
event_10460,-271.6575786025258
event_10461,-244.99091193585915
event_10462,-190.3242452691925
event_10463,-181.65757860252577
event_10464,-198.3242452691925
event_10465,-138.3242452691925
event_10466,-279.3242452691925
event_10467,-319.6575786025258
event_10468,-114.32424526919246
event_10469,-267.32424526919243
event_10470,-159.99091193585915
event_10471,-102.32424526919247
event_10472,-147.32424526919246
event_10473,-88.65757860252582
event_10474,-119.65757860252582
event_10475,-71.65757860252582
event_10476,-111.65757860252582
event_10477,-95.32424526919247
event_10478,-148.99091193585915
event_10479,-273.6575786025258
event_10480,-92.99091193585915
event_10481,-207.99091193585915
event_10482,-208.99091193585912
event_10483,-103.6575786025258
event_10484,-231.99091193585912
event_10485,-201.32424526919243
event_10486,-74.65757860252582
event_10487,-163.3242452691925
event_10488,-105.65757860252582
event_10489,-254.32424526919243
event_10490,-124.65757860252582
event_10491,-173.99091193585912
event_10492,-82.99091193585913
event_10493,-250.6575786025258
event_10494,-163.32424526919246
event_10495,-175.32424526919243
event_10496,-173.3242452691924
event_10497,-355.3242452691925
event_10498,-71.65757860252579
event_10499,-258.9909119358591
event_10500,-90.65757860252582
event_10501,-193.99091193585912
event_10502,-134.3242452691925
event_10503,-97.99091193585915
event_10504,-186.3242452691925
event_10505,-212.65757860252577
event_10506,-143.32424526919246
event_10507,-146.32424526919246
event_10508,-205.99091193585915
event_10509,-265.6575786025258
event_10510,-90.99091193585912
event_10511,-271.9909119358591
event_10512,-110.65757860252582
event_10513,-167.9909119358592
event_10514,-181.65757860252586
event_10515,-178.3242452691925
event_10516,-93.65757860252579
event_10517,-265.99091193585906
event_10518,-202.6575786025258
event_10519,-157.99091193585915
event_10520,-359.9909119358592
event_10521,-93.32424526919245
event_10522,-73.99091193585913
event_10523,-116.99091193585912
event_10524,-267.32424526919243
event_10525,-110.99091193585912
event_10526,-182.99091193585912
event_10527,-214.32424526919246
event_10528,-216.32424526919246
event_10529,-273.32424526919243
event_10530,-205.65757860252583
event_10531,-216.99091193585915
event_10532,-238.65757860252575
event_10533,-235.32424526919246
event_10534,-98.32424526919247
event_10535,-228.99091193585915
event_10536,-283.32424526919243
event_10537,-89.3242452691925
event_10538,-211.65757860252577
event_10539,-171.65757860252586
event_10540,-172.99091193585912
event_10541,-121.65757860252582
event_10542,-81.99091193585913
event_10543,-224.65757860252583
event_10544,-165.65757860252583
event_10545,-68.6575786025258
event_10546,-276.65757860252586
event_10547,-76.6575786025258
event_10548,-115.99091193585915
event_10549,-134.32424526919246
event_10550,-210.6575786025258
event_10551,-214.6575786025258
event_10552,-101.99091193585915
event_10553,-74.6575786025258
event_10554,-207.3242452691925
event_10555,-86.32424526919246
event_10556,-270.99091193585906
event_10557,-124.99091193585915
event_10558,-231.3242452691924
event_10559,-155.6575786025258
event_10560,-261.6575786025258
event_10561,-91.32424526919247
event_10562,-97.99091193585912
event_10563,-175.99091193585912
event_10564,-130.65757860252583
event_10565,-135.99091193585912
event_10566,-243.65757860252577
event_10567,-235.6575786025258
event_10568,-249.32424526919246
event_10569,-295.65757860252575
event_10570,-245.32424526919246
event_10571,-129.32424526919246
event_10572,-84.32424526919246
event_10573,-233.32424526919246
event_10574,-234.65757860252586
event_10575,-226.3242452691925
event_10576,-55.32424526919246
event_10577,-172.3242452691925
event_10578,-229.99091193585912
event_10579,-217.32424526919243
event_10580,-129.6575786025258
event_10581,-150.99091193585917
event_10582,-179.6575786025258
event_10583,-139.99091193585912
event_10584,-233.99091193585915
event_10585,-75.65757860252579
event_10586,-229.65757860252575
event_10587,-187.9909119358591
event_10588,-346.65757860252575
event_10589,-147.32424526919246
event_10590,-277.65757860252575
event_10591,-129.99091193585917
event_10592,-238.65757860252577
event_10593,-90.6575786025258
event_10594,-120.99091193585916
event_10595,-251.99091193585915
event_10596,-181.6575786025258
event_10597,-295.65757860252575
event_10598,-154.99091193585912
event_10599,-99.32424526919246
event_10600,-176.32424526919243
event_10601,-99.32424526919247
event_10602,-175.65757860252583
event_10603,-177.6575786025258
event_10604,-79.6575786025258
event_10605,-336.9909119358591
event_10606,-258.32424526919243
event_10607,-320.9909119358591
event_10608,-156.6575786025258
event_10609,-129.3242452691925
event_10610,-271.32424526919243
event_10611,-197.3242452691925
event_10612,-260.65757860252575
event_10613,-169.9909119358592
event_10614,-158.32424526919246
event_10615,-150.6575786025258
event_10616,-122.65757860252583
event_10617,-66.32424526919246
event_10618,-223.32424526919246
event_10619,-123.99091193585915
event_10620,-102.32424526919247
event_10621,-255.32424526919246
event_10622,-173.65757860252577
event_10623,-163.3242452691925
event_10624,-205.32424526919246
event_10625,-204.99091193585917
event_10626,-142.6575786025258
event_10627,-214.65757860252577
event_10628,-67.6575786025258
event_10629,-70.32424526919247
event_10630,-187.99091193585912
event_10631,-77.32424526919247
event_10632,-305.9909119358592
event_10633,-274.65757860252575
event_10634,-80.6575786025258
event_10635,-81.99091193585915
event_10636,-158.32424526919246
event_10637,-103.99091193585917
event_10638,-182.99091193585912
event_10639,-161.6575786025258
event_10640,-111.32424526919247
event_10641,-117.32424526919246
event_10642,-96.6575786025258
event_10643,-328.99091193585906
event_10644,-281.6575786025258
event_10645,-348.3242452691925
event_10646,-114.99091193585913
event_10647,-121.99091193585912
event_10648,-82.65757860252582
event_10649,-183.65757860252575
event_10650,-115.9909119358591
event_10651,-161.32424526919246
event_10652,-207.32424526919246
event_10653,-127.65757860252582
event_10654,-188.99091193585917
event_10655,-203.65757860252577
event_10656,-82.32424526919246
event_10657,-152.3242452691925
event_10658,-152.32424526919252
event_10659,-236.32424526919246
event_10660,-116.99091193585913
event_10661,-251.6575786025258
event_10662,-128.32424526919246
event_10663,-148.6575786025258
event_10664,-139.99091193585915
event_10665,-233.9909119358591
event_10666,-146.65757860252577
event_10667,-175.99091193585915
event_10668,-353.99091193585906
event_10669,-114.32424526919247
event_10670,-91.32424526919247
event_10671,-111.32424526919247
event_10672,-56.32424526919245
event_10673,-197.6575786025258
event_10674,-106.65757860252582
event_10675,-260.32424526919243
event_10676,-198.32424526919246
event_10677,-172.32424526919246
event_10678,-134.65757860252583
event_10679,-237.65757860252577
event_10680,-272.3242452691924
event_10681,-222.3242452691925
event_10682,-156.32424526919252
event_10683,-133.99091193585915
event_10684,-297.32424526919243
event_10685,-275.32424526919243
event_10686,-140.3242452691925
event_10687,-230.65757860252577
event_10688,-79.65757860252582
event_10689,-136.32424526919246
event_10690,-174.99091193585917
event_10691,-264.6575786025258
event_10692,-281.65757860252575
event_10693,-236.6575786025258
event_10694,-197.65757860252577
event_10695,-177.9909119358591
event_10696,-120.32424526919249
event_10697,-154.6575786025258
event_10698,-250.32424526919243
event_10699,-246.3242452691925
event_10700,-109.99091193585915
event_10701,-237.32424526919243
event_10702,-164.65757860252577
event_10703,-195.99091193585915
event_10704,-157.99091193585912
event_10705,-207.3242452691924
event_10706,-173.65757860252577
event_10707,-92.6575786025258
event_10708,-82.32424526919247
event_10709,-90.32424526919246
event_10710,-232.6575786025258
event_10711,-101.99091193585915
event_10712,-59.65757860252579
event_10713,-163.32424526919246
event_10714,-224.65757860252583
event_10715,-235.65757860252583
event_10716,-190.6575786025258
event_10717,-133.32424526919246
event_10718,-259.6575786025257
event_10719,-158.65757860252583
event_10720,-212.99091193585915
event_10721,-90.32424526919246
event_10722,-128.3242452691925
event_10723,-76.6575786025258
event_10724,-191.6575786025258
event_10725,-138.6575786025258
event_10726,-83.99091193585913
event_10727,-234.9909119358591
event_10728,-150.3242452691925
event_10729,-234.99091193585915
event_10730,-207.99091193585915
event_10731,-324.3242452691925
event_10732,-201.99091193585917
event_10733,-121.99091193585912
event_10734,-357.3242452691925
event_10735,-225.65757860252577
event_10736,-116.32424526919245
event_10737,-148.65757860252583
event_10738,-230.99091193585912
event_10739,-72.65757860252582
event_10740,-269.9909119358591
event_10741,-120.32424526919247
event_10742,-122.99091193585913
event_10743,-82.32424526919247
event_10744,-157.65757860252583
event_10745,-111.32424526919247
event_10746,-179.65757860252586
event_10747,-272.9909119358591
event_10748,-70.99091193585915
event_10749,-248.32424526919246
event_10750,-256.9909119358592
event_10751,-225.3242452691925
event_10752,-174.32424526919246
event_10753,-75.99091193585913
event_10754,-168.99091193585915
event_10755,-196.99091193585912
event_10756,-202.3242452691925
event_10757,-81.32424526919247
event_10758,-210.32424526919246
event_10759,-213.99091193585912
event_10760,-76.65757860252582
event_10761,-202.3242452691925
event_10762,-181.32424526919246
event_10763,-118.99091193585915
event_10764,-110.99091193585915
event_10765,-323.32424526919243
event_10766,-246.3242452691925
event_10767,-122.32424526919247
event_10768,-207.65757860252583
event_10769,-164.3242452691925
event_10770,-127.32424526919247
event_10771,-201.65757860252583
event_10772,-119.6575786025258
event_10773,-184.99091193585915
event_10774,-85.99091193585913
event_10775,-114.99091193585915
event_10776,-163.65757860252583
event_10777,-175.65757860252577
event_10778,-64.65757860252579
event_10779,-282.32424526919243
event_10780,-106.6575786025258
event_10781,-275.32424526919243
event_10782,-251.32424526919243
event_10783,-176.32424526919252
event_10784,-111.32424526919246
event_10785,-248.65757860252577
event_10786,-221.65757860252583
event_10787,-218.99091193585917
event_10788,-257.65757860252575
event_10789,-186.99091193585915
event_10790,-99.99091193585913
event_10791,-285.6575786025258
event_10792,-92.65757860252582
event_10793,-198.3242452691925
event_10794,-93.32424526919246
event_10795,-281.6575786025258
event_10796,-208.6575786025258
event_10797,-102.32424526919246
event_10798,-144.6575786025258
event_10799,-304.6575786025258
event_10800,-234.32424526919246
event_10801,-202.6575786025258
event_10802,-307.6575786025258
event_10803,-200.6575786025258
event_10804,-186.99091193585915
event_10805,-118.6575786025258
event_10806,-305.65757860252575
event_10807,-206.65757860252577
event_10808,-116.3242452691925
event_10809,-159.65757860252577
event_10810,-196.65757860252583
event_10811,-313.3242452691925
event_10812,-174.65757860252577
event_10813,-185.3242452691925
event_10814,-239.6575786025258
event_10815,-273.3242452691924
event_10816,-255.99091193585915
event_10817,-154.65757860252583
event_10818,-206.32424526919246
event_10819,-277.65757860252575
event_10820,-94.65757860252582
event_10821,-181.32424526919243
event_10822,-236.65757860252577
event_10823,-128.3242452691925
event_10824,-75.32424526919247
event_10825,-296.65757860252586
event_10826,-93.65757860252582
event_10827,-65.65757860252579
event_10828,-193.65757860252586
event_10829,-97.99091193585913
event_10830,-160.3242452691925
event_10831,-169.99091193585915
event_10832,-96.65757860252579
event_10833,-202.99091193585915
event_10834,-196.32424526919243
event_10835,-107.99091193585913
event_10836,-212.6575786025258
event_10837,-88.32424526919245
event_10838,-246.9909119358591
event_10839,-130.99091193585915
event_10840,-174.65757860252586
event_10841,-124.6575786025258
event_10842,-141.32424526919246
event_10843,-234.65757860252577
event_10844,-215.32424526919243
event_10845,-189.9909119358592
event_10846,-323.99091193585906
event_10847,-248.32424526919246
event_10848,-95.32424526919247
event_10849,-208.3242452691925
event_10850,-310.6575786025258
event_10851,-80.32424526919247
event_10852,-348.9909119358591
event_10853,-321.32424526919243
event_10854,-118.32424526919247
event_10855,-131.3242452691925
event_10856,-76.65757860252583
event_10857,-104.65757860252582
event_10858,-217.32424526919246
event_10859,-184.65757860252586
event_10860,-110.6575786025258
event_10861,-97.32424526919247
event_10862,-203.65757860252577
event_10863,-268.32424526919243
event_10864,-112.65757860252582
event_10865,-145.3242452691925
event_10866,-192.6575786025258
event_10867,-184.99091193585915
event_10868,-197.65757860252577
event_10869,-243.32424526919243
event_10870,-97.32424526919246
event_10871,-177.65757860252583
event_10872,-171.32424526919246
event_10873,-146.3242452691925
event_10874,-167.99091193585917
event_10875,-250.32424526919246
event_10876,-201.32424526919246
event_10877,-79.32424526919246
event_10878,-139.32424526919246
event_10879,-161.32424526919246
event_10880,-63.99091193585912
event_10881,-122.32424526919249
event_10882,-152.65757860252586
event_10883,-204.99091193585917
event_10884,-145.99091193585912
event_10885,-235.99091193585912
event_10886,-83.99091193585912
event_10887,-228.3242452691925
event_10888,-104.6575786025258
event_10889,-131.99091193585915
event_10890,-133.65757860252583
event_10891,-85.99091193585912
event_10892,-78.32424526919246
event_10893,-376.99091193585906
event_10894,-122.65757860252579
event_10895,-99.99091193585912
event_10896,-307.9909119358591
event_10897,-58.99091193585913
event_10898,-134.65757860252583
event_10899,-231.99091193585915
event_10900,-309.65757860252575
event_10901,-231.6575786025258
event_10902,-130.99091193585915
event_10903,-277.6575786025258
event_10904,-244.32424526919246
event_10905,-242.6575786025258
event_10906,-215.99091193585917
event_10907,-163.99091193585915
event_10908,-306.6575786025258
event_10909,-198.99091193585912
event_10910,-308.99091193585906
event_10911,-219.6575786025258
event_10912,-186.65757860252583
event_10913,-106.99091193585912
event_10914,-245.99091193585912
event_10915,-84.32424526919246
event_10916,-126.32424526919247
event_10917,-298.32424526919243
event_10918,-274.9909119358592
event_10919,-93.3242452691925
event_10920,-219.3242452691925
event_10921,-140.3242452691925
event_10922,-74.99091193585913
event_10923,-201.6575786025258
event_10924,-257.32424526919243
event_10925,-192.99091193585912
event_10926,-186.6575786025258
event_10927,-250.6575786025258
event_10928,-326.3242452691925
event_10929,-99.32424526919247
event_10930,-67.32424526919247
event_10931,-67.99091193585915
event_10932,-223.99091193585915
event_10933,-145.3242452691925
event_10934,-214.99091193585912
event_10935,-112.99091193585913
event_10936,-241.99091193585912
event_10937,-300.3242452691925
event_10938,-323.6575786025259
event_10939,-128.3242452691925
event_10940,-290.3242452691925
event_10941,-175.99091193585915
event_10942,-315.9909119358592
event_10943,-226.32424526919252
event_10944,-78.6575786025258
event_10945,-183.32424526919246
event_10946,-258.9909119358591
event_10947,-86.32424526919245
event_10948,-233.3242452691925
event_10949,-201.65757860252577
event_10950,-315.65757860252575
event_10951,-290.99091193585906
event_10952,-176.99091193585915
event_10953,-187.3242452691925
event_10954,-85.99091193585913
event_10955,-135.32424526919246
event_10956,-97.65757860252579
event_10957,-74.99091193585913
event_10958,-80.32424526919249
event_10959,-66.6575786025258
event_10960,-107.6575786025258
event_10961,-280.9909119358591
event_10962,-169.32424526919246
event_10963,-212.99091193585915
event_10964,-135.3242452691925
event_10965,-161.99091193585917
event_10966,-79.32424526919246
event_10967,-105.6575786025258
event_10968,-107.99091193585913
event_10969,-234.6575786025258
event_10970,-89.6575786025258
event_10971,-170.65757860252577
event_10972,-235.32424526919243
event_10973,-71.99091193585913
event_10974,-164.99091193585912
event_10975,-186.99091193585923
event_10976,-209.32424526919243
event_10977,-104.32424526919247
event_10978,-197.3242452691925
event_10979,-175.32424526919252
event_10980,-84.32424526919247
event_10981,-125.32424526919249
event_10982,-157.65757860252583
event_10983,-81.99091193585912
event_10984,-242.32424526919246
event_10985,-197.6575786025258
event_10986,-379.9909119358592
event_10987,-166.32424526919246
event_10988,-174.65757860252583
event_10989,-301.6575786025258
event_10990,-280.6575786025258
event_10991,-281.65757860252575
event_10992,-250.6575786025258
event_10993,-261.9909119358591
event_10994,-131.99091193585915
event_10995,-181.99091193585915
event_10996,-258.32424526919243
event_10997,-93.65757860252577
event_10998,-87.65757860252582
event_10999,-84.32424526919246
event_11000,-110.65757860252582
event_11001,-261.65757860252575
event_11002,-281.32424526919243
event_11003,-215.6575786025258
event_11004,-276.6575786025259
event_11005,-244.99091193585915
event_11006,-193.6575786025258
event_11007,-111.32424526919247
event_11008,-231.32424526919246
event_11009,-236.99091193585915
event_11010,-119.32424526919247
event_11011,-266.9909119358591
event_11012,-96.99091193585915
event_11013,-357.32424526919243
event_11014,-258.9909119358591
event_11015,-159.9909119358592
event_11016,-106.65757860252579
event_11017,-198.6575786025258
event_11018,-102.99091193585913
event_11019,-210.6575786025258
event_11020,-137.32424526919246
event_11021,-211.99091193585912
event_11022,-166.32424526919246
event_11023,-101.65757860252582
event_11024,-240.99091193585912
event_11025,-83.32424526919247
event_11026,-126.6575786025258
event_11027,-82.99091193585915
event_11028,-236.32424526919246
event_11029,-186.65757860252577
event_11030,-203.32424526919246
event_11031,-84.32424526919246
event_11032,-293.6575786025258
event_11033,-273.3242452691924
event_11034,-221.9909119358591
event_11035,-304.3242452691924
event_11036,-103.32424526919249
event_11037,-193.32424526919246
event_11038,-94.32424526919245
event_11039,-273.9909119358591
event_11040,-109.65757860252579
event_11041,-299.65757860252586
event_11042,-162.3242452691925
event_11043,-238.32424526919246
event_11044,-237.65757860252577
event_11045,-87.32424526919247
event_11046,-207.6575786025258
event_11047,-213.32424526919243
event_11048,-113.32424526919246
event_11049,-229.9909119358591
event_11050,-101.6575786025258
event_11051,-92.32424526919246
event_11052,-89.32424526919247
event_11053,-136.99091193585912
event_11054,-201.99091193585912
event_11055,-237.3242452691925
event_11056,-149.3242452691925
event_11057,-226.3242452691925
event_11058,-125.32424526919247
event_11059,-79.99091193585913
event_11060,-127.99091193585916
event_11061,-120.65757860252582
event_11062,-211.99091193585915
event_11063,-178.32424526919246
event_11064,-212.3242452691925
event_11065,-239.65757860252583
event_11066,-148.99091193585912
event_11067,-139.6575786025258
event_11068,-124.65757860252582
event_11069,-171.65757860252583
event_11070,-203.99091193585912
event_11071,-122.65757860252582
event_11072,-87.32424526919247
event_11073,-174.32424526919252
event_11074,-330.65757860252586
event_11075,-206.99091193585917
event_11076,-110.6575786025258
event_11077,-90.32424526919246
event_11078,-211.32424526919246
event_11079,-238.32424526919246
event_11080,-256.9909119358591
event_11081,-262.3242452691924
event_11082,-254.99091193585915
event_11083,-207.99091193585915
event_11084,-121.99091193585917
event_11085,-225.32424526919246
event_11086,-214.32424526919246
event_11087,-230.9909119358591
event_11088,-118.32424526919247
event_11089,-141.6575786025258
event_11090,-145.32424526919243
event_11091,-209.99091193585912
event_11092,-235.99091193585915
event_11093,-400.3242452691925
event_11094,-152.99091193585917
event_11095,-99.99091193585915
event_11096,-243.9909119358591
event_11097,-76.99091193585913
event_11098,-134.32424526919252
event_11099,-112.6575786025258
event_11100,-159.65757860252583
event_11101,-305.6575786025258
event_11102,-111.99091193585915
event_11103,-253.65757860252577
event_11104,-319.32424526919243
event_11105,-257.32424526919243
event_11106,-77.6575786025258
event_11107,-244.99091193585915
event_11108,-130.3242452691925
event_11109,-214.32424526919246
event_11110,-143.65757860252586
event_11111,-177.99091193585912
event_11112,-183.3242452691925
event_11113,-157.99091193585915
event_11114,-179.65757860252583
event_11115,-119.6575786025258
event_11116,-143.6575786025258
event_11117,-87.99091193585915
event_11118,-84.32424526919246
event_11119,-250.6575786025258
event_11120,-114.32424526919247
event_11121,-86.99091193585915
event_11122,-153.32424526919252
event_11123,-251.65757860252577
event_11124,-102.32424526919246
event_11125,-103.6575786025258
event_11126,-232.32424526919246
event_11127,-204.65757860252583
event_11128,-213.3242452691925
event_11129,-212.32424526919252
event_11130,-225.65757860252586
event_11131,-147.99091193585917
event_11132,-87.99091193585912
event_11133,-74.99091193585915
event_11134,-110.32424526919249
event_11135,-71.6575786025258
event_11136,-93.65757860252579
event_11137,-127.32424526919247
event_11138,-227.99091193585915
event_11139,-225.99091193585915
event_11140,-209.65757860252575
event_11141,-299.9909119358591
event_11142,-178.32424526919252
event_11143,-95.6575786025258
event_11144,-75.32424526919247
event_11145,-93.32424526919247
event_11146,-182.99091193585915
event_11147,-235.6575786025258
event_11148,-95.99091193585915
event_11149,-317.65757860252575
event_11150,-264.32424526919243
event_11151,-281.65757860252575
event_11152,-121.99091193585915
event_11153,-71.99091193585916
event_11154,-114.6575786025258
event_11155,-83.32424526919246
event_11156,-297.9909119358591
event_11157,-96.99091193585915
event_11158,-63.324245269192474
event_11159,-85.65757860252582
event_11160,-103.99091193585913
event_11161,-101.6575786025258
event_11162,-136.65757860252583
event_11163,-231.6575786025258
event_11164,-244.32424526919246
event_11165,-167.32424526919252
event_11166,-67.99091193585913
event_11167,-90.32424526919246
event_11168,-95.6575786025258
event_11169,-214.99091193585915
event_11170,-201.32424526919243
event_11171,-176.6575786025258
event_11172,-181.6575786025258
event_11173,-69.32424526919249
event_11174,-147.99091193585915
event_11175,-157.3242452691925
event_11176,-265.9909119358591
event_11177,-245.6575786025258
event_11178,-186.99091193585917
event_11179,-314.3242452691925
event_11180,-189.32424526919246
event_11181,-272.9909119358592
event_11182,-244.32424526919246
event_11183,-255.32424526919246
event_11184,-163.32424526919246
event_11185,-183.99091193585915
event_11186,-153.99091193585915
event_11187,-156.99091193585917
event_11188,-91.99091193585913
event_11189,-120.3242452691925
event_11190,-162.65757860252583
event_11191,-351.65757860252575
event_11192,-152.32424526919246
event_11193,-281.9909119358592
event_11194,-98.32424526919247
event_11195,-232.6575786025258
event_11196,-180.99091193585912
event_11197,-170.99091193585915
event_11198,-168.6575786025258
event_11199,-187.6575786025258
event_11200,-112.32424526919247
event_11201,-143.65757860252583
event_11202,-152.6575786025258
event_11203,-227.99091193585917
event_11204,-79.32424526919245
event_11205,-345.32424526919243
event_11206,-230.65757860252577
event_11207,-173.65757860252577
event_11208,-295.99091193585906
event_11209,-260.9909119358591
event_11210,-226.99091193585912
event_11211,-192.3242452691925
event_11212,-207.65757860252577
event_11213,-189.65757860252577
event_11214,-126.65757860252582
event_11215,-119.99091193585913
event_11216,-219.99091193585912
event_11217,-90.32424526919249
event_11218,-82.6575786025258
event_11219,-306.9909119358591
event_11220,-146.99091193585912
event_11221,-81.32424526919247
event_11222,-128.99091193585917
event_11223,-128.99091193585915
event_11224,-262.9909119358591
event_11225,-170.99091193585917
event_11226,-342.99091193585923
event_11227,-174.32424526919246
event_11228,-333.65757860252575
event_11229,-303.9909119358591
event_11230,-82.65757860252582
event_11231,-124.32424526919247
event_11232,-85.32424526919245
event_11233,-164.99091193585917
event_11234,-146.3242452691925
event_11235,-129.32424526919246
event_11236,-104.32424526919246
event_11237,-134.3242452691925
event_11238,-124.99091193585913
event_11239,-64.32424526919246
event_11240,-91.6575786025258
event_11241,-216.6575786025258
event_11242,-152.99091193585915
event_11243,-205.32424526919246
event_11244,-167.99091193585915
event_11245,-221.99091193585915
event_11246,-198.6575786025258
event_11247,-112.32424526919246
event_11248,-108.32424526919249
event_11249,-247.65757860252583
event_11250,-225.99091193585915
event_11251,-239.3242452691925
event_11252,-187.32424526919246
event_11253,-248.32424526919246
event_11254,-226.65757860252575
event_11255,-208.3242452691925
event_11256,-64.99091193585913
event_11257,-348.65757860252575
event_11258,-96.99091193585913
event_11259,-187.65757860252583
event_11260,-119.99091193585915
event_11261,-191.32424526919246
event_11262,-113.6575786025258
event_11263,-111.99091193585915
event_11264,-64.99091193585913
event_11265,-116.99091193585915
event_11266,-100.32424526919247
event_11267,-261.32424526919243
event_11268,-222.99091193585912
event_11269,-312.9909119358591
event_11270,-184.32424526919246
event_11271,-85.32424526919246
event_11272,-204.99091193585912
event_11273,-146.3242452691925
event_11274,-102.32424526919246
event_11275,-85.32424526919246
event_11276,-86.32424526919246
event_11277,-163.6575786025258
event_11278,-155.99091193585917
event_11279,-76.6575786025258
event_11280,-166.65757860252583
event_11281,-90.65757860252579
event_11282,-156.9909119358592
event_11283,-101.99091193585913
event_11284,-299.6575786025258
event_11285,-170.99091193585915
event_11286,-89.99091193585912
event_11287,-67.32424526919246
event_11288,-60.65757860252579
event_11289,-98.6575786025258
event_11290,-258.9909119358591
event_11291,-114.99091193585913
event_11292,-66.32424526919245
event_11293,-215.32424526919246
event_11294,-59.32424526919245
event_11295,-164.99091193585915
event_11296,-197.3242452691925
event_11297,-131.99091193585915
event_11298,-212.32424526919246
event_11299,-340.6575786025258
event_11300,-296.3242452691925
event_11301,-72.65757860252582
event_11302,-252.99091193585915
event_11303,-119.99091193585913
event_11304,-88.99091193585913
event_11305,-259.9909119358591
event_11306,-120.32424526919247
event_11307,-309.65757860252575
event_11308,-79.99091193585913
event_11309,-282.3242452691925
event_11310,-107.99091193585915
event_11311,-225.99091193585912
event_11312,-119.99091193585916
event_11313,-111.65757860252583
event_11314,-195.65757860252577
event_11315,-113.32424526919247
event_11316,-206.99091193585912
event_11317,-211.32424526919246
event_11318,-249.9909119358591
event_11319,-305.32424526919243
event_11320,-145.99091193585912
event_11321,-143.99091193585915
event_11322,-88.6575786025258
event_11323,-210.32424526919252
event_11324,-223.99091193585915
event_11325,-110.6575786025258
event_11326,-73.99091193585915
event_11327,-226.32424526919246
event_11328,-248.6575786025258
event_11329,-101.65757860252582
event_11330,-192.32424526919243
event_11331,-208.99091193585912
event_11332,-96.99091193585913
event_11333,-217.99091193585915
event_11334,-93.32424526919246
event_11335,-150.99091193585915
event_11336,-86.65757860252576
event_11337,-107.99091193585915
event_11338,-190.9909119358592
event_11339,-195.9909119358591
event_11340,-148.99091193585915
event_11341,-277.32424526919243
event_11342,-170.99091193585915
event_11343,-197.99091193585912
event_11344,-148.32424526919252
event_11345,-177.99091193585915
event_11346,-112.99091193585915
event_11347,-89.65757860252582
event_11348,-153.32424526919246
event_11349,-244.6575786025258
event_11350,-190.32424526919252
event_11351,-237.3242452691925
event_11352,-211.6575786025258
event_11353,-279.6575786025258
event_11354,-178.65757860252583
event_11355,-181.99091193585912
event_11356,-223.99091193585915
event_11357,-268.9909119358592
event_11358,-239.65757860252583
event_11359,-263.9909119358592
event_11360,-112.6575786025258
event_11361,-101.99091193585915
event_11362,-254.32424526919246
event_11363,-274.32424526919243
event_11364,-216.32424526919246
event_11365,-104.6575786025258
event_11366,-134.32424526919252
event_11367,-92.99091193585915
event_11368,-96.99091193585915
event_11369,-225.9909119358591
event_11370,-123.65757860252585
event_11371,-185.99091193585915
event_11372,-66.65757860252579
event_11373,-103.65757860252582
event_11374,-65.32424526919246
event_11375,-181.99091193585915
event_11376,-133.65757860252583
event_11377,-264.32424526919243
event_11378,-236.99091193585912
event_11379,-168.32424526919243
event_11380,-87.99091193585916
event_11381,-305.32424526919243
event_11382,-211.32424526919246
event_11383,-398.32424526919243
event_11384,-205.3242452691925
event_11385,-260.9909119358592
event_11386,-264.3242452691925
event_11387,-192.32424526919246
event_11388,-206.3242452691925
event_11389,-99.6575786025258
event_11390,-106.6575786025258
event_11391,-183.99091193585917
event_11392,-285.6575786025258
event_11393,-308.32424526919255
event_11394,-173.32424526919246
event_11395,-233.99091193585912
event_11396,-256.6575786025258
event_11397,-190.3242452691925
event_11398,-219.32424526919243
event_11399,-61.6575786025258
event_11400,-202.99091193585917
event_11401,-92.32424526919246
event_11402,-133.99091193585915
event_11403,-197.3242452691925
event_11404,-259.3242452691925
event_11405,-338.9909119358591
event_11406,-103.6575786025258
event_11407,-246.99091193585912
event_11408,-155.6575786025258
event_11409,-137.3242452691925
event_11410,-250.99091193585915
event_11411,-181.99091193585915
event_11412,-107.99091193585913
event_11413,-306.9909119358591
event_11414,-223.65757860252575
event_11415,-78.99091193585913
event_11416,-136.32424526919246
event_11417,-213.99091193585915
event_11418,-98.32424526919246
event_11419,-256.9909119358592
event_11420,-118.99091193585915
event_11421,-200.6575786025258
event_11422,-187.32424526919246
event_11423,-103.99091193585913
event_11424,-273.9909119358591
event_11425,-86.32424526919247
event_11426,-184.32424526919243
event_11427,-248.99091193585912
event_11428,-168.99091193585915
event_11429,-100.32424526919247
event_11430,-163.3242452691925
event_11431,-108.65757860252582
event_11432,-289.65757860252575
event_11433,-130.99091193585915
event_11434,-250.99091193585912
event_11435,-89.65757860252579
event_11436,-256.32424526919243
event_11437,-176.99091193585912
event_11438,-208.32424526919252
event_11439,-119.65757860252582
event_11440,-92.65757860252579
event_11441,-119.6575786025258
event_11442,-287.6575786025258
event_11443,-137.32424526919246
event_11444,-124.99091193585915
event_11445,-198.65757860252583
event_11446,-124.6575786025258
event_11447,-183.32424526919246
event_11448,-156.99091193585915
event_11449,-256.9909119358591
event_11450,-69.32424526919246
event_11451,-210.6575786025258
event_11452,-119.99091193585913
event_11453,-340.32424526919243
event_11454,-149.32424526919246
event_11455,-177.3242452691925
event_11456,-139.32424526919246
event_11457,-189.3242452691925
event_11458,-240.3242452691925
event_11459,-215.65757860252577
event_11460,-230.99091193585912
event_11461,-349.65757860252575
event_11462,-234.6575786025258
event_11463,-210.99091193585912
event_11464,-161.3242452691925
event_11465,-116.65757860252583
event_11466,-277.32424526919243
event_11467,-179.32424526919246
event_11468,-266.32424526919243
event_11469,-393.3242452691925
event_11470,-190.6575786025258
event_11471,-102.99091193585915
event_11472,-68.99091193585913
event_11473,-187.32424526919246
event_11474,-83.32424526919247
event_11475,-275.99091193585906
event_11476,-268.6575786025258
event_11477,-201.65757860252583
event_11478,-103.65757860252582
event_11479,-220.65757860252577
event_11480,-233.99091193585917
event_11481,-168.99091193585915
event_11482,-151.3242452691925
event_11483,-242.3242452691925
event_11484,-204.6575786025258
event_11485,-194.65757860252583
event_11486,-92.32424526919246
event_11487,-93.32424526919246
event_11488,-73.32424526919247
event_11489,-185.32424526919246
event_11490,-160.32424526919246
event_11491,-179.6575786025258
event_11492,-227.65757860252572
event_11493,-248.32424526919246
event_11494,-99.32424526919247
event_11495,-114.99091193585913
event_11496,-183.32424526919243
event_11497,-81.99091193585915
event_11498,-258.6575786025258
event_11499,-297.6575786025258
event_11500,-188.6575786025258
event_11501,-54.32424526919247
event_11502,-170.9909119358592
event_11503,-166.32424526919246
event_11504,-255.32424526919246
event_11505,-171.6575786025258
event_11506,-172.3242452691925
event_11507,-79.99091193585912
event_11508,-266.3242452691925
event_11509,-163.99091193585917
event_11510,-115.32424526919247
event_11511,-197.65757860252583
event_11512,-223.65757860252583
event_11513,-113.65757860252583
event_11514,-253.3242452691925
event_11515,-107.3242452691925
event_11516,-149.32424526919252
event_11517,-205.3242452691925
event_11518,-210.65757860252577
event_11519,-134.6575786025258
event_11520,-347.990911935859
event_11521,-159.99091193585917
event_11522,-324.6575786025258
event_11523,-81.99091193585915
event_11524,-84.65757860252579
event_11525,-110.6575786025258
event_11526,-323.32424526919243
event_11527,-115.65757860252582
event_11528,-66.65757860252579
event_11529,-128.6575786025258
event_11530,-245.99091193585912
event_11531,-85.6575786025258
event_11532,-144.6575786025258
event_11533,-248.32424526919246
event_11534,-193.65757860252583
event_11535,-109.99091193585913
event_11536,-88.32424526919245
event_11537,-97.99091193585915
event_11538,-155.65757860252583
event_11539,-91.32424526919245
event_11540,-102.6575786025258
event_11541,-209.99091193585912
event_11542,-257.32424526919243
event_11543,-105.32424526919247
event_11544,-153.65757860252577
event_11545,-318.32424526919243
event_11546,-177.32424526919246
event_11547,-406.32424526919243
event_11548,-89.32424526919246
event_11549,-72.32424526919247
event_11550,-123.99091193585913
event_11551,-99.32424526919247
event_11552,-97.6575786025258
event_11553,-204.32424526919252
event_11554,-240.32424526919246
event_11555,-226.65757860252577
event_11556,-194.99091193585915
event_11557,-166.65757860252583
event_11558,-180.3242452691925
event_11559,-98.32424526919249
event_11560,-210.3242452691925
event_11561,-62.32424526919245
event_11562,-270.6575786025258
event_11563,-114.65757860252582
event_11564,-122.99091193585913
event_11565,-92.99091193585915
event_11566,-271.3242452691925
event_11567,-221.6575786025258
event_11568,-355.32424526919243
event_11569,-268.6575786025258
event_11570,-205.99091193585917
event_11571,-251.32424526919243
event_11572,-100.6575786025258
event_11573,-361.3242452691924
event_11574,-152.65757860252586
event_11575,-198.32424526919246
event_11576,-244.6575786025258
event_11577,-144.65757860252577
event_11578,-251.32424526919243
event_11579,-224.99091193585915
event_11580,-94.99091193585915
event_11581,-82.65757860252579
event_11582,-206.6575786025258
event_11583,-109.99091193585916
event_11584,-263.9909119358591
event_11585,-208.99091193585915
event_11586,-120.99091193585913
event_11587,-192.32424526919243
event_11588,-202.32424526919243
event_11589,-243.32424526919246
event_11590,-115.6575786025258
event_11591,-129.99091193585915
event_11592,-211.3242452691925
event_11593,-260.3242452691925
event_11594,-136.3242452691925
event_11595,-106.32424526919249
event_11596,-125.32424526919246
event_11597,-262.6575786025258
event_11598,-297.32424526919243
event_11599,-99.99091193585915
event_11600,-281.9909119358591
event_11601,-87.32424526919246
event_11602,-324.32424526919243
event_11603,-228.6575786025258
event_11604,-273.65757860252575
event_11605,-97.6575786025258
event_11606,-115.99091193585913
event_11607,-237.99091193585912
event_11608,-186.99091193585915
event_11609,-294.9909119358592
event_11610,-275.32424526919243
event_11611,-121.6575786025258
event_11612,-167.32424526919246
event_11613,-177.3242452691925
event_11614,-155.99091193585915
event_11615,-285.99091193585906
event_11616,-196.99091193585912
event_11617,-194.6575786025258
event_11618,-292.65757860252575
event_11619,-215.99091193585912
event_11620,-144.3242452691925
event_11621,-111.65757860252579
event_11622,-261.32424526919243
event_11623,-216.99091193585912
event_11624,-314.32424526919243
event_11625,-257.9909119358591
event_11626,-284.99091193585906
event_11627,-253.99091193585912
event_11628,-270.32424526919243
event_11629,-90.6575786025258
event_11630,-135.99091193585915
event_11631,-119.32424526919245
event_11632,-203.6575786025258
event_11633,-100.99091193585916
event_11634,-123.6575786025258
event_11635,-133.3242452691925
event_11636,-231.6575786025258
event_11637,-235.99091193585915
event_11638,-219.99091193585912
event_11639,-249.3242452691925
event_11640,-198.32424526919243
event_11641,-136.3242452691925
event_11642,-117.32424526919247
event_11643,-68.32424526919247
event_11644,-102.65757860252582
event_11645,-247.32424526919246
event_11646,-171.99091193585915
event_11647,-81.99091193585912
event_11648,-241.6575786025258
event_11649,-69.6575786025258
event_11650,-89.6575786025258
event_11651,-129.32424526919246
event_11652,-172.65757860252583
event_11653,-87.32424526919247
event_11654,-164.6575786025258
event_11655,-297.32424526919243
event_11656,-252.32424526919246
event_11657,-174.65757860252583
event_11658,-178.6575786025258
event_11659,-66.99091193585916
event_11660,-197.6575786025258
event_11661,-205.99091193585912
event_11662,-218.6575786025258
event_11663,-197.32424526919246
event_11664,-82.99091193585915
event_11665,-140.6575786025258
event_11666,-136.6575786025258
event_11667,-272.9909119358591
event_11668,-211.32424526919243
event_11669,-183.99091193585915
event_11670,-289.9909119358591
event_11671,-99.6575786025258
event_11672,-295.9909119358591
event_11673,-209.32424526919246
event_11674,-101.32424526919246
event_11675,-160.99091193585915
event_11676,-213.6575786025258
event_11677,-241.65757860252583
event_11678,-71.99091193585913
event_11679,-147.99091193585917
event_11680,-289.9909119358592
event_11681,-89.99091193585913
event_11682,-185.3242452691925
event_11683,-183.99091193585917
event_11684,-162.3242452691925
event_11685,-189.6575786025258
event_11686,-75.99091193585915
event_11687,-43.99091193585913
event_11688,-264.6575786025258
event_11689,-103.32424526919246
event_11690,-193.65757860252583
event_11691,-108.6575786025258
event_11692,-259.9909119358591
event_11693,-78.99091193585916
event_11694,-213.99091193585912
event_11695,-320.65757860252586
event_11696,-266.6575786025258
event_11697,-294.6575786025258
event_11698,-220.65757860252577
event_11699,-109.65757860252583
event_11700,-73.99091193585913
event_11701,-80.32424526919246
event_11702,-210.6575786025258
event_11703,-225.99091193585912
event_11704,-260.9909119358591
event_11705,-323.99091193585906
event_11706,-101.32424526919249
event_11707,-291.9909119358591
event_11708,-69.32424526919245
event_11709,-180.32424526919246
event_11710,-193.32424526919246
event_11711,-103.65757860252579
event_11712,-276.9909119358591
event_11713,-95.32424526919247
event_11714,-112.99091193585915
event_11715,-70.99091193585912
event_11716,-149.32424526919246
event_11717,-192.65757860252583
event_11718,-234.3242452691925
event_11719,-267.32424526919243
event_11720,-137.3242452691925
event_11721,-235.65757860252577
event_11722,-124.65757860252582
event_11723,-101.99091193585915
event_11724,-50.32424526919246
event_11725,-90.6575786025258
event_11726,-126.99091193585912
event_11727,-183.65757860252586
event_11728,-291.6575786025258
event_11729,-108.32424526919246
event_11730,-155.99091193585912
event_11731,-89.32424526919246
event_11732,-87.32424526919245
event_11733,-219.32424526919243
event_11734,-88.32424526919246
event_11735,-111.32424526919247
event_11736,-205.99091193585915
event_11737,-281.65757860252586
event_11738,-207.99091193585912
event_11739,-238.65757860252583
event_11740,-143.32424526919246
event_11741,-118.32424526919247
event_11742,-156.32424526919246
event_11743,-249.99091193585912
event_11744,-230.6575786025258
event_11745,-79.65757860252579
event_11746,-169.6575786025258
event_11747,-116.65757860252583
event_11748,-284.65757860252586
event_11749,-142.6575786025258
event_11750,-105.32424526919247
event_11751,-309.65757860252575
event_11752,-318.3242452691924
event_11753,-200.6575786025258
event_11754,-110.6575786025258
event_11755,-182.32424526919246
event_11756,-202.99091193585912
event_11757,-150.99091193585915
event_11758,-260.65757860252575
event_11759,-102.99091193585915
event_11760,-140.3242452691925
event_11761,-248.32424526919246
event_11762,-239.32424526919246
event_11763,-139.99091193585915
event_11764,-279.6575786025258
event_11765,-128.99091193585915
event_11766,-198.32424526919243
event_11767,-126.99091193585913
event_11768,-286.6575786025258
event_11769,-138.6575786025258
event_11770,-113.65757860252579
event_11771,-180.6575786025258
event_11772,-193.99091193585915
event_11773,-159.6575786025258
event_11774,-269.9909119358591
event_11775,-127.32424526919246
event_11776,-278.6575786025258
event_11777,-98.65757860252582
event_11778,-192.99091193585917
event_11779,-192.3242452691925
event_11780,-113.6575786025258
event_11781,-261.6575786025258
event_11782,-175.99091193585912
event_11783,-189.6575786025258
event_11784,-84.99091193585915
event_11785,-268.65757860252586
event_11786,-89.65757860252579
event_11787,-95.32424526919247
event_11788,-285.9909119358591
event_11789,-235.65757860252577
event_11790,-249.65757860252577
event_11791,-85.6575786025258
event_11792,-154.3242452691925
event_11793,-269.6575786025258
event_11794,-162.3242452691925
event_11795,-219.65757860252586
event_11796,-182.99091193585912
event_11797,-98.6575786025258
event_11798,-176.65757860252583
event_11799,-100.99091193585915
event_11800,-123.6575786025258
event_11801,-63.657578602525795
event_11802,-88.65757860252582
event_11803,-229.65757860252577
event_11804,-156.32424526919246
event_11805,-123.32424526919249
event_11806,-125.65757860252582
event_11807,-260.65757860252575
event_11808,-137.6575786025258
event_11809,-322.6575786025257
event_11810,-115.99091193585915
event_11811,-69.32424526919246
event_11812,-160.3242452691925
event_11813,-261.32424526919243
event_11814,-189.65757860252583
event_11815,-78.65757860252579
event_11816,-78.99091193585915
event_11817,-219.3242452691925
event_11818,-297.6575786025258
event_11819,-258.9909119358591
event_11820,-77.32424526919247
event_11821,-299.9909119358591
event_11822,-155.3242452691925
event_11823,-185.99091193585912
event_11824,-304.3242452691925
event_11825,-173.6575786025258
event_11826,-170.99091193585912
event_11827,-216.6575786025258
event_11828,-79.65757860252579
event_11829,-114.32424526919246
event_11830,-79.6575786025258
event_11831,-71.32424526919246
event_11832,-103.6575786025258
event_11833,-302.32424526919243
event_11834,-229.99091193585915
event_11835,-180.3242452691925
event_11836,-110.6575786025258
event_11837,-248.65757860252583
event_11838,-76.32424526919246
event_11839,-86.65757860252582
event_11840,-85.99091193585913
event_11841,-235.3242452691925
event_11842,-129.3242452691925
event_11843,-183.99091193585912
event_11844,-306.32424526919243
event_11845,-77.6575786025258
event_11846,-333.6575786025258
event_11847,-206.6575786025258
event_11848,-205.65757860252583
event_11849,-100.99091193585915
event_11850,-288.9909119358591
event_11851,-76.32424526919246
event_11852,-200.99091193585912
event_11853,-294.32424526919255
event_11854,-326.99091193585906
event_11855,-275.99091193585906
event_11856,-244.65757860252577
event_11857,-135.6575786025258
event_11858,-227.65757860252583
event_11859,-135.6575786025258
event_11860,-83.32424526919247
event_11861,-242.6575786025258
event_11862,-193.65757860252577
event_11863,-168.6575786025258
event_11864,-143.99091193585912
event_11865,-89.32424526919247
event_11866,-155.99091193585917
event_11867,-74.99091193585915
event_11868,-70.99091193585915
event_11869,-169.65757860252577
event_11870,-231.32424526919243
event_11871,-162.32424526919246
event_11872,-212.32424526919246
event_11873,-128.99091193585915
event_11874,-126.99091193585913
event_11875,-125.32424526919247
event_11876,-181.65757860252583
event_11877,-175.99091193585915
event_11878,-245.32424526919243
event_11879,-121.99091193585913
event_11880,-155.65757860252583
event_11881,-113.99091193585915
event_11882,-77.99091193585913
event_11883,-222.99091193585912
event_11884,-184.6575786025258
event_11885,-222.99091193585912
event_11886,-140.99091193585915
event_11887,-253.65757860252583
event_11888,-130.32424526919246
event_11889,-66.99091193585913
event_11890,-232.3242452691925
event_11891,-261.3242452691925
event_11892,-70.32424526919247
event_11893,-159.99091193585912
event_11894,-69.6575786025258
event_11895,-253.32424526919246
event_11896,-78.65757860252579
event_11897,-68.99091193585915
event_11898,-206.65757860252577
event_11899,-267.6575786025258
event_11900,-198.65757860252577
event_11901,-133.99091193585912
event_11902,-130.99091193585912
event_11903,-233.3242452691925
event_11904,-112.65757860252582
event_11905,-142.6575786025258
event_11906,-244.32424526919246
event_11907,-217.32424526919243
event_11908,-109.6575786025258
event_11909,-208.6575786025258
event_11910,-105.32424526919247
event_11911,-163.65757860252583
event_11912,-80.99091193585912
event_11913,-97.99091193585913
event_11914,-294.9909119358591
event_11915,-99.32424526919247
event_11916,-178.99091193585915
event_11917,-81.6575786025258
event_11918,-100.99091193585912
event_11919,-205.3242452691925
event_11920,-131.99091193585915
event_11921,-67.65757860252579
event_11922,-204.65757860252577
event_11923,-270.9909119358592
event_11924,-208.32424526919246
event_11925,-68.99091193585915
event_11926,-136.3242452691925
event_11927,-157.32424526919246
event_11928,-215.6575786025258
event_11929,-140.99091193585912
event_11930,-224.65757860252577
event_11931,-188.6575786025258
event_11932,-181.99091193585915
event_11933,-159.6575786025258
event_11934,-99.65757860252583
event_11935,-127.99091193585915
event_11936,-373.9909119358591
event_11937,-110.32424526919246
event_11938,-242.99091193585915
event_11939,-203.32424526919243
event_11940,-268.3242452691925
event_11941,-262.3242452691925
event_11942,-147.32424526919246
event_11943,-216.6575786025258
event_11944,-223.99091193585912
event_11945,-197.6575786025258
event_11946,-84.99091193585913
event_11947,-182.3242452691925
event_11948,-234.65757860252575
event_11949,-258.6575786025258
event_11950,-191.99091193585915
event_11951,-125.32424526919249
event_11952,-158.32424526919246
event_11953,-99.65757860252579
event_11954,-135.6575786025258
event_11955,-216.6575786025258
event_11956,-181.65757860252577
event_11957,-269.9909119358591
event_11958,-76.32424526919246
event_11959,-105.99091193585913
event_11960,-205.3242452691925
event_11961,-264.65757860252575
event_11962,-104.99091193585915
event_11963,-208.3242452691925
event_11964,-144.65757860252583
event_11965,-127.32424526919247
event_11966,-167.99091193585915
event_11967,-316.65757860252575
event_11968,-67.6575786025258
event_11969,-170.65757860252577
event_11970,-85.6575786025258
event_11971,-90.99091193585916
event_11972,-133.99091193585915
event_11973,-64.32424526919247
event_11974,-215.6575786025258
event_11975,-175.99091193585917
event_11976,-193.99091193585915
event_11977,-84.32424526919247
event_11978,-88.32424526919247
event_11979,-192.32424526919246
event_11980,-207.32424526919243
event_11981,-271.3242452691925
event_11982,-194.32424526919246
event_11983,-173.32424526919243
event_11984,-97.65757860252582
event_11985,-174.32424526919246
event_11986,-79.32424526919247
event_11987,-183.32424526919246
event_11988,-152.3242452691925
event_11989,-176.32424526919246
event_11990,-69.6575786025258
event_11991,-272.6575786025258
event_11992,-221.65757860252577
event_11993,-110.99091193585913
event_11994,-287.32424526919243
event_11995,-225.99091193585915
event_11996,-77.65757860252582
event_11997,-214.32424526919246
event_11998,-192.3242452691925
event_11999,-240.32424526919243
event_12000,-86.32424526919247
event_12001,-80.99091193585913
event_12002,-321.3242452691925
event_12003,-86.99091193585915
event_12004,-242.3242452691925
event_12005,-282.9909119358592
event_12006,-362.65757860252586
event_12007,-183.32424526919246
event_12008,-134.99091193585915
event_12009,-75.99091193585913
event_12010,-90.32424526919247
event_12011,-203.6575786025258
event_12012,-96.32424526919246
event_12013,-137.99091193585915
event_12014,-166.99091193585917
event_12015,-109.99091193585912
event_12016,-89.65757860252582
event_12017,-310.99091193585906
event_12018,-102.32424526919247
event_12019,-113.32424526919247
event_12020,-247.99091193585912
event_12021,-107.32424526919247
event_12022,-108.6575786025258
event_12023,-158.99091193585915
event_12024,-102.32424526919246
event_12025,-159.99091193585912
event_12026,-187.32424526919252
event_12027,-172.3242452691925
event_12028,-183.9909119358591
event_12029,-170.99091193585915
event_12030,-104.99091193585916
event_12031,-80.32424526919247
event_12032,-345.6575786025257
event_12033,-99.99091193585913
event_12034,-156.99091193585912
event_12035,-95.32424526919245
event_12036,-195.9909119358591
event_12037,-192.65757860252577
event_12038,-181.3242452691925
event_12039,-154.6575786025258
event_12040,-129.99091193585915
event_12041,-223.6575786025258
event_12042,-176.6575786025258
event_12043,-147.99091193585915
event_12044,-169.65757860252583
event_12045,-240.99091193585915
event_12046,-352.9909119358592
event_12047,-102.65757860252582
event_12048,-154.99091193585912
event_12049,-86.32424526919247
event_12050,-139.3242452691925
event_12051,-238.99091193585917
event_12052,-172.32424526919252
event_12053,-166.65757860252583
event_12054,-263.32424526919243
event_12055,-145.65757860252583
event_12056,-190.99091193585915
event_12057,-82.99091193585913
event_12058,-236.3242452691925
event_12059,-78.32424526919245
event_12060,-57.657578602525795
event_12061,-246.32424526919246
event_12062,-109.32424526919246
event_12063,-137.99091193585915
event_12064,-232.32424526919246
event_12065,-111.6575786025258
event_12066,-162.65757860252583
event_12067,-149.99091193585915
event_12068,-243.99091193585915
event_12069,-222.99091193585912
event_12070,-211.32424526919246
event_12071,-273.32424526919255
event_12072,-90.99091193585915
event_12073,-351.65757860252586
event_12074,-95.99091193585915
event_12075,-149.65757860252583
event_12076,-216.32424526919246
event_12077,-104.99091193585913
event_12078,-285.3242452691925
event_12079,-183.65757860252577
event_12080,-60.32424526919245
event_12081,-203.99091193585915
event_12082,-143.99091193585912
event_12083,-158.32424526919246
event_12084,-208.99091193585915
event_12085,-262.3242452691925
event_12086,-202.32424526919252
event_12087,-259.6575786025258
event_12088,-174.99091193585915
event_12089,-247.99091193585915
event_12090,-96.32424526919249
event_12091,-273.32424526919243
event_12092,-179.32424526919246
event_12093,-88.65757860252579
event_12094,-186.65757860252583
event_12095,-213.6575786025258
event_12096,-205.32424526919246
event_12097,-258.99091193585906
event_12098,-187.99091193585915
event_12099,-179.32424526919246
event_12100,-301.6575786025258
event_12101,-284.65757860252586
event_12102,-252.32424526919246
event_12103,-254.6575786025258
event_12104,-192.3242452691925
event_12105,-151.6575786025258
event_12106,-146.99091193585917
event_12107,-175.32424526919246
event_12108,-140.6575786025258
event_12109,-111.99091193585915
event_12110,-224.6575786025258
event_12111,-277.6575786025258
event_12112,-72.65757860252577
event_12113,-324.9909119358591
event_12114,-133.65757860252577
event_12115,-272.9909119358591
event_12116,-170.99091193585915
event_12117,-125.32424526919247
event_12118,-125.32424526919247
event_12119,-228.6575786025258
event_12120,-185.3242452691925
event_12121,-197.65757860252583
event_12122,-254.3242452691925
event_12123,-106.99091193585915
event_12124,-140.32424526919246
event_12125,-200.6575786025258
event_12126,-88.32424526919247
event_12127,-237.9909119358591
event_12128,-196.3242452691925
event_12129,-222.6575786025258
event_12130,-217.3242452691925
event_12131,-319.65757860252575
event_12132,-270.32424526919243
event_12133,-157.99091193585915
event_12134,-219.65757860252577
event_12135,-176.99091193585915
event_12136,-159.6575786025258
event_12137,-197.99091193585912
event_12138,-96.99091193585915
event_12139,-61.99091193585913
event_12140,-262.32424526919243
event_12141,-106.65757860252582
event_12142,-286.6575786025258
event_12143,-93.65757860252583
event_12144,-113.99091193585913
event_12145,-225.65757860252583
event_12146,-69.99091193585913
event_12147,-105.99091193585915
event_12148,-157.99091193585917
event_12149,-101.65757860252577
event_12150,-76.32424526919247
event_12151,-204.99091193585915
event_12152,-205.99091193585917
event_12153,-166.99091193585917
event_12154,-73.99091193585913
event_12155,-129.32424526919246
event_12156,-112.32424526919247
event_12157,-77.32424526919246
event_12158,-215.99091193585915
event_12159,-170.65757860252577
event_12160,-78.99091193585915
event_12161,-170.65757860252577
event_12162,-261.9909119358592
event_12163,-257.6575786025258
event_12164,-180.99091193585915
event_12165,-246.32424526919243
event_12166,-283.9909119358591
event_12167,-84.6575786025258
event_12168,-133.6575786025258
event_12169,-96.32424526919247
event_12170,-219.99091193585917
event_12171,-218.99091193585912
event_12172,-136.32424526919252
event_12173,-262.9909119358592
event_12174,-243.6575786025258
event_12175,-178.6575786025258
event_12176,-110.65757860252579
event_12177,-144.6575786025258
event_12178,-88.99091193585915
event_12179,-246.32424526919246
event_12180,-82.99091193585913
event_12181,-77.32424526919247
event_12182,-277.9909119358591
event_12183,-126.99091193585915
event_12184,-77.65757860252582
event_12185,-124.99091193585913
event_12186,-127.99091193585915
event_12187,-69.6575786025258
event_12188,-80.32424526919247
event_12189,-217.3242452691925
event_12190,-243.99091193585912
event_12191,-337.65757860252575
event_12192,-270.65757860252575
event_12193,-80.99091193585913
event_12194,-125.6575786025258
event_12195,-234.6575786025258
event_12196,-204.99091193585915
event_12197,-80.6575786025258
event_12198,-106.99091193585916
event_12199,-92.32424526919247
event_12200,-147.99091193585912
event_12201,-128.32424526919246
event_12202,-177.99091193585915
event_12203,-170.3242452691925
event_12204,-163.99091193585915
event_12205,-167.32424526919246
event_12206,-206.65757860252577
event_12207,-291.65757860252586
event_12208,-53.99091193585914
event_12209,-118.6575786025258
event_12210,-299.65757860252575
event_12211,-91.6575786025258
event_12212,-122.65757860252582
event_12213,-125.99091193585915
event_12214,-86.32424526919247
event_12215,-182.99091193585915
event_12216,-79.6575786025258
event_12217,-136.99091193585915
event_12218,-179.32424526919252
event_12219,-134.32424526919246
event_12220,-112.65757860252583
event_12221,-166.6575786025258
event_12222,-116.32424526919249
event_12223,-165.99091193585912
event_12224,-231.32424526919243
event_12225,-78.6575786025258
event_12226,-260.6575786025258
event_12227,-120.99091193585915
event_12228,-208.99091193585915
event_12229,-183.99091193585915
event_12230,-309.99091193585906
event_12231,-172.6575786025258
event_12232,-237.32424526919246
event_12233,-88.32424526919246
event_12234,-248.32424526919246
event_12235,-88.99091193585913
event_12236,-206.6575786025258
event_12237,-123.99091193585915
event_12238,-212.65757860252583
event_12239,-71.65757860252582
event_12240,-167.99091193585912
event_12241,-106.6575786025258
event_12242,-259.65757860252575
event_12243,-173.99091193585912
event_12244,-103.99091193585913
event_12245,-105.32424526919246
event_12246,-216.32424526919252
event_12247,-205.99091193585917
event_12248,-231.99091193585912
event_12249,-158.6575786025258
event_12250,-260.32424526919243
event_12251,-109.99091193585915
event_12252,-111.32424526919247
event_12253,-281.32424526919243
event_12254,-230.6575786025258
event_12255,-320.32424526919243
event_12256,-95.99091193585915
event_12257,-287.99091193585906
event_12258,-193.99091193585912
event_12259,-211.32424526919246
event_12260,-217.6575786025258
event_12261,-139.99091193585915
event_12262,-241.6575786025258
event_12263,-137.3242452691925
event_12264,-250.3242452691925
event_12265,-276.6575786025258
event_12266,-129.3242452691925
event_12267,-77.65757860252577
event_12268,-251.65757860252575
event_12269,-240.65757860252575
event_12270,-265.9909119358591
event_12271,-304.65757860252575
event_12272,-249.6575786025258
event_12273,-197.99091193585915
event_12274,-293.3242452691925
event_12275,-89.99091193585915
event_12276,-309.6575786025258
event_12277,-315.99091193585906
event_12278,-79.99091193585915
event_12279,-230.65757860252575
event_12280,-230.6575786025258
event_12281,-244.99091193585915
event_12282,-239.6575786025258
event_12283,-226.99091193585912
event_12284,-133.6575786025258
event_12285,-266.6575786025258
event_12286,-200.6575786025258
event_12287,-254.99091193585912
event_12288,-221.99091193585915
event_12289,-106.99091193585913
event_12290,-128.32424526919246
event_12291,-84.65757860252579
event_12292,-166.32424526919246
event_12293,-131.6575786025258
event_12294,-121.99091193585913
event_12295,-228.65757860252583
event_12296,-226.99091193585915
event_12297,-131.6575786025258
event_12298,-291.3242452691924
event_12299,-207.32424526919243
event_12300,-137.3242452691925
event_12301,-182.65757860252577
event_12302,-231.32424526919246
event_12303,-87.6575786025258
event_12304,-113.32424526919247
event_12305,-139.65757860252583
event_12306,-115.99091193585915
event_12307,-260.65757860252575
event_12308,-156.3242452691925
event_12309,-288.9909119358592
event_12310,-89.65757860252582
event_12311,-237.99091193585912
event_12312,-211.99091193585912
event_12313,-274.32424526919243
event_12314,-140.3242452691925
event_12315,-155.32424526919246
event_12316,-290.6575786025258
event_12317,-238.32424526919243
event_12318,-162.6575786025258
event_12319,-151.3242452691925
event_12320,-193.3242452691925
event_12321,-235.32424526919243
event_12322,-205.6575786025258
event_12323,-174.99091193585917
event_12324,-260.32424526919243
event_12325,-75.65757860252582
event_12326,-202.6575786025258
event_12327,-150.99091193585915
event_12328,-56.32424526919246
event_12329,-251.65757860252577
event_12330,-154.99091193585915
event_12331,-316.6575786025258
event_12332,-71.6575786025258
event_12333,-190.6575786025258
event_12334,-246.6575786025258
event_12335,-91.65757860252579
event_12336,-328.65757860252575
event_12337,-149.3242452691925
event_12338,-118.99091193585913
event_12339,-84.32424526919247
event_12340,-151.6575786025258
event_12341,-150.65757860252583
event_12342,-203.99091193585915
event_12343,-111.6575786025258
event_12344,-240.99091193585912
event_12345,-193.99091193585912
event_12346,-92.32424526919247
event_12347,-161.65757860252583
event_12348,-219.32424526919246
event_12349,-164.32424526919243
event_12350,-297.9909119358592
event_12351,-288.32424526919255
event_12352,-200.65757860252583
event_12353,-270.6575786025258
event_12354,-140.32424526919246
event_12355,-207.99091193585912
event_12356,-253.3242452691925
event_12357,-215.99091193585915
event_12358,-113.99091193585915
event_12359,-285.65757860252575
event_12360,-245.65757860252577
event_12361,-83.32424526919246
event_12362,-190.99091193585915
event_12363,-145.65757860252583
event_12364,-113.65757860252582
event_12365,-107.99091193585915
event_12366,-171.65757860252583
event_12367,-81.32424526919247
event_12368,-113.6575786025258
event_12369,-296.32424526919243
event_12370,-157.65757860252577
event_12371,-64.99091193585912
event_12372,-143.3242452691925
event_12373,-127.99091193585916
event_12374,-97.99091193585912
event_12375,-226.99091193585912
event_12376,-123.32424526919249
event_12377,-115.32424526919247
event_12378,-166.6575786025258
event_12379,-96.6575786025258
event_12380,-111.32424526919249
event_12381,-93.65757860252582
event_12382,-241.32424526919243
event_12383,-325.3242452691925
event_12384,-214.99091193585917
event_12385,-127.32424526919247
event_12386,-78.32424526919247
event_12387,-286.32424526919243
event_12388,-252.99091193585912
event_12389,-268.9909119358592
event_12390,-182.99091193585917
event_12391,-226.6575786025258
event_12392,-277.6575786025258
event_12393,-246.9909119358591
event_12394,-235.3242452691925
event_12395,-186.32424526919243
event_12396,-156.99091193585915
event_12397,-244.6575786025258
event_12398,-181.65757860252583
event_12399,-107.99091193585913
event_12400,-80.99091193585915
event_12401,-319.32424526919243
event_12402,-218.32424526919243
event_12403,-269.3242452691925
event_12404,-264.9909119358591
event_12405,-183.65757860252583
event_12406,-82.65757860252579
event_12407,-280.3242452691925
event_12408,-162.99091193585915
event_12409,-80.32424526919247
event_12410,-133.99091193585915
event_12411,-73.65757860252577
event_12412,-131.3242452691925
event_12413,-210.3242452691925
event_12414,-167.6575786025258
event_12415,-235.3242452691925
event_12416,-228.32424526919246
event_12417,-158.32424526919243
event_12418,-103.99091193585915
event_12419,-202.32424526919243
event_12420,-206.6575786025258
event_12421,-176.6575786025258
event_12422,-207.65757860252577
event_12423,-146.3242452691925
event_12424,-77.99091193585912
event_12425,-79.99091193585913
event_12426,-217.99091193585915
event_12427,-151.6575786025258
event_12428,-177.3242452691925
event_12429,-158.32424526919246
event_12430,-110.32424526919247
event_12431,-263.9909119358592
event_12432,-197.65757860252583
event_12433,-227.9909119358591
event_12434,-262.6575786025258
event_12435,-229.99091193585915
event_12436,-234.65757860252577
event_12437,-85.99091193585913
event_12438,-220.65757860252577
event_12439,-191.65757860252577
event_12440,-199.32424526919246
event_12441,-168.65757860252577
event_12442,-225.6575786025258
event_12443,-168.65757860252577
event_12444,-103.32424526919247
event_12445,-177.99091193585915
event_12446,-284.99091193585906
event_12447,-119.99091193585913
event_12448,-137.6575786025258
event_12449,-130.65757860252583
event_12450,-120.65757860252583
event_12451,-207.9909119358591
event_12452,-193.99091193585912
event_12453,-178.32424526919252
event_12454,-90.6575786025258
event_12455,-204.65757860252583
event_12456,-93.99091193585913
event_12457,-103.32424526919249
event_12458,-186.65757860252583
event_12459,-138.3242452691925
event_12460,-175.65757860252583
event_12461,-202.99091193585915
event_12462,-189.99091193585912
event_12463,-239.32424526919246
event_12464,-241.9909119358591
event_12465,-210.99091193585912
event_12466,-103.65757860252579
event_12467,-144.99091193585917
event_12468,-197.3242452691925
event_12469,-137.99091193585912
event_12470,-130.32424526919246
event_12471,-184.99091193585915
event_12472,-90.99091193585915
event_12473,-111.65757860252582
event_12474,-231.32424526919246
event_12475,-187.99091193585915
event_12476,-265.9909119358592
event_12477,-115.32424526919246
event_12478,-199.99091193585917
event_12479,-126.32424526919249
event_12480,-229.99091193585915
event_12481,-182.99091193585915
event_12482,-97.65757860252579
event_12483,-165.65757860252583
event_12484,-196.65757860252583
event_12485,-137.3242452691925
event_12486,-97.99091193585916
event_12487,-86.32424526919247
event_12488,-138.32424526919252
event_12489,-93.6575786025258
event_12490,-245.32424526919246
event_12491,-165.99091193585917
event_12492,-100.65757860252582
event_12493,-131.65757860252583
event_12494,-101.32424526919246
event_12495,-177.99091193585915
event_12496,-254.9909119358591
event_12497,-65.6575786025258
event_12498,-239.99091193585912
event_12499,-201.99091193585915
event_12500,-246.99091193585912
event_12501,-357.32424526919255
event_12502,-112.32424526919246
event_12503,-360.32424526919243
event_12504,-208.99091193585915
event_12505,-284.6575786025258
event_12506,-111.32424526919247
event_12507,-252.32424526919243
event_12508,-324.65757860252575
event_12509,-341.9909119358591
event_12510,-201.3242452691925
event_12511,-199.3242452691925
event_12512,-109.6575786025258
event_12513,-207.32424526919246
event_12514,-68.99091193585913
event_12515,-158.99091193585915
event_12516,-158.99091193585912
event_12517,-221.99091193585912
event_12518,-159.6575786025258
event_12519,-190.32424526919246
event_12520,-309.99091193585906
event_12521,-128.99091193585912
event_12522,-156.65757860252583
event_12523,-230.65757860252583
event_12524,-119.99091193585913
event_12525,-263.9909119358591
event_12526,-134.99091193585917
event_12527,-238.3242452691925
event_12528,-131.99091193585917
event_12529,-235.99091193585915
event_12530,-87.32424526919246
event_12531,-171.32424526919246
event_12532,-247.6575786025258
event_12533,-216.3242452691925
event_12534,-89.32424526919247
event_12535,-152.99091193585917
event_12536,-99.99091193585916
event_12537,-212.32424526919243
event_12538,-125.6575786025258
event_12539,-279.6575786025258
event_12540,-77.99091193585912
event_12541,-78.32424526919246
event_12542,-323.9909119358591
event_12543,-278.32424526919243
event_12544,-231.99091193585912
event_12545,-205.99091193585912
event_12546,-164.99091193585915
event_12547,-248.32424526919243
event_12548,-248.99091193585912
event_12549,-146.99091193585915
event_12550,-143.6575786025258
event_12551,-183.32424526919246
event_12552,-72.65757860252582
event_12553,-76.32424526919246
event_12554,-206.65757860252577
event_12555,-81.32424526919247
event_12556,-199.9909119358591
event_12557,-160.32424526919246
event_12558,-144.32424526919246
event_12559,-257.32424526919243
event_12560,-278.9909119358591
event_12561,-264.3242452691924
event_12562,-154.32424526919252
event_12563,-90.32424526919246
event_12564,-119.65757860252582
event_12565,-207.99091193585915
event_12566,-206.99091193585917
event_12567,-171.3242452691925
event_12568,-60.99091193585912
event_12569,-114.99091193585912
event_12570,-176.32424526919246
event_12571,-88.32424526919247
event_12572,-98.32424526919247
event_12573,-51.990911935859124
event_12574,-245.32424526919246
event_12575,-197.6575786025258
event_12576,-161.3242452691925
event_12577,-254.9909119358591
event_12578,-90.32424526919247
event_12579,-219.99091193585912
event_12580,-106.99091193585913
event_12581,-165.3242452691925
event_12582,-132.3242452691925
event_12583,-161.32424526919246
event_12584,-202.99091193585915
event_12585,-236.32424526919246
event_12586,-176.9909119358591
event_12587,-277.6575786025258
event_12588,-147.99091193585912
event_12589,-119.99091193585913
event_12590,-122.99091193585913
event_12591,-145.32424526919246
event_12592,-133.99091193585917
event_12593,-232.99091193585915
event_12594,-239.65757860252577
event_12595,-127.65757860252582
event_12596,-221.3242452691925
event_12597,-227.3242452691925
event_12598,-113.3242452691925
event_12599,-267.6575786025258
event_12600,-221.65757860252577
event_12601,-100.32424526919246
event_12602,-116.65757860252582
event_12603,-212.32424526919243
event_12604,-78.32424526919249
event_12605,-175.32424526919252
event_12606,-66.99091193585913
event_12607,-266.3242452691925
event_12608,-288.3242452691925
event_12609,-310.3242452691925
event_12610,-89.99091193585916
event_12611,-223.99091193585917
event_12612,-77.99091193585912
event_12613,-290.9909119358591
event_12614,-273.32424526919243
event_12615,-124.65757860252582
event_12616,-115.99091193585916
event_12617,-185.65757860252583
event_12618,-73.99091193585913
event_12619,-291.9909119358591
event_12620,-302.32424526919243
event_12621,-174.32424526919246
event_12622,-71.65757860252579
event_12623,-339.6575786025258
event_12624,-159.99091193585915
event_12625,-176.99091193585912
event_12626,-248.9909119358591
event_12627,-229.3242452691925
event_12628,-265.9909119358591
event_12629,-161.9909119358591
event_12630,-278.9909119358591
event_12631,-204.32424526919243
event_12632,-79.32424526919246
event_12633,-185.99091193585915
event_12634,-203.99091193585912
event_12635,-107.99091193585916
event_12636,-82.99091193585915
event_12637,-64.32424526919247
event_12638,-174.6575786025258
event_12639,-153.99091193585915
event_12640,-107.99091193585913
event_12641,-78.65757860252582
event_12642,-198.99091193585915
event_12643,-193.99091193585912
event_12644,-245.32424526919246
event_12645,-153.6575786025258
event_12646,-241.65757860252586
event_12647,-167.3242452691925
event_12648,-134.3242452691925
event_12649,-123.32424526919249
event_12650,-104.32424526919247
event_12651,-265.6575786025258
event_12652,-119.65757860252582
event_12653,-164.99091193585912
event_12654,-73.32424526919246
event_12655,-110.99091193585915
event_12656,-106.99091193585913
event_12657,-91.32424526919249
event_12658,-111.3242452691925
event_12659,-165.99091193585915
event_12660,-209.3242452691925
event_12661,-144.99091193585915
event_12662,-190.65757860252577
event_12663,-201.6575786025258
event_12664,-190.99091193585915
event_12665,-161.3242452691925
event_12666,-108.6575786025258
event_12667,-143.6575786025258
event_12668,-123.6575786025258
event_12669,-103.32424526919249
event_12670,-190.3242452691925
event_12671,-194.6575786025258
event_12672,-102.32424526919246
event_12673,-251.32424526919243
event_12674,-233.32424526919243
event_12675,-214.3242452691925
event_12676,-114.6575786025258
event_12677,-141.99091193585915
event_12678,-95.65757860252579
event_12679,-201.3242452691925
event_12680,-99.32424526919247
event_12681,-153.65757860252586
event_12682,-261.9909119358591
event_12683,-156.32424526919243
event_12684,-192.3242452691925
event_12685,-289.3242452691925
event_12686,-236.3242452691925
event_12687,-102.99091193585915
event_12688,-166.32424526919246
event_12689,-313.9909119358592
event_12690,-217.6575786025258
event_12691,-217.99091193585915
event_12692,-220.99091193585912
event_12693,-86.99091193585915
event_12694,-210.65757860252577
event_12695,-66.99091193585915
event_12696,-217.99091193585917
event_12697,-107.65757860252582
event_12698,-77.32424526919246
event_12699,-212.99091193585915
event_12700,-108.65757860252582
event_12701,-139.3242452691925
event_12702,-243.9909119358591
event_12703,-260.6575786025258
event_12704,-208.9909119358592
event_12705,-189.99091193585915
event_12706,-207.99091193585915
event_12707,-365.65757860252575
event_12708,-94.6575786025258
event_12709,-185.65757860252583
event_12710,-138.32424526919246
event_12711,-149.99091193585915
event_12712,-96.32424526919246
event_12713,-118.99091193585913
event_12714,-101.65757860252579
event_12715,-170.6575786025258
event_12716,-99.6575786025258
event_12717,-159.99091193585912
event_12718,-301.6575786025258
event_12719,-149.32424526919243
event_12720,-245.65757860252577
event_12721,-145.3242452691925
event_12722,-286.3242452691925
event_12723,-174.3242452691925
event_12724,-143.3242452691925
event_12725,-114.6575786025258
event_12726,-77.99091193585913
event_12727,-267.9909119358591
event_12728,-146.6575786025258
event_12729,-137.65757860252586
event_12730,-81.99091193585912
event_12731,-157.32424526919246
event_12732,-308.6575786025258
event_12733,-296.65757860252586
event_12734,-93.99091193585913
event_12735,-126.99091193585915
event_12736,-223.99091193585915
event_12737,-156.99091193585915
event_12738,-124.99091193585915
event_12739,-207.32424526919246
event_12740,-159.65757860252583
event_12741,-144.3242452691925
event_12742,-258.6575786025258
event_12743,-80.6575786025258
event_12744,-299.3242452691924
event_12745,-164.65757860252577
event_12746,-84.65757860252579
event_12747,-75.32424526919247
event_12748,-175.6575786025258
event_12749,-61.32424526919246
event_12750,-265.65757860252575
event_12751,-261.65757860252575
event_12752,-312.32424526919243
event_12753,-245.6575786025258
event_12754,-174.99091193585912
event_12755,-215.65757860252575
event_12756,-325.9909119358592
event_12757,-186.99091193585915
event_12758,-325.6575786025258
event_12759,-111.99091193585915
event_12760,-248.99091193585906
event_12761,-166.32424526919246
event_12762,-171.6575786025258
event_12763,-171.99091193585915
event_12764,-124.32424526919249
event_12765,-236.65757860252577
event_12766,-153.99091193585915
event_12767,-97.32424526919247
event_12768,-245.65757860252577
event_12769,-230.32424526919255
event_12770,-129.32424526919246
event_12771,-136.65757860252586
event_12772,-107.32424526919246
event_12773,-81.99091193585913
event_12774,-74.32424526919249
event_12775,-168.99091193585915
event_12776,-103.99091193585915
event_12777,-141.65757860252583
event_12778,-120.32424526919247
event_12779,-125.99091193585917
event_12780,-97.99091193585915
event_12781,-105.32424526919246
event_12782,-326.9909119358591
event_12783,-173.99091193585915
event_12784,-133.3242452691925
event_12785,-113.3242452691925
event_12786,-178.65757860252577
event_12787,-111.99091193585913
event_12788,-90.32424526919247
event_12789,-61.990911935859124
event_12790,-163.99091193585915
event_12791,-78.99091193585915
event_12792,-145.6575786025258
event_12793,-84.99091193585915
event_12794,-133.6575786025258
event_12795,-138.99091193585915
event_12796,-300.3242452691924
event_12797,-148.99091193585912
event_12798,-79.99091193585913
event_12799,-160.6575786025258
event_12800,-196.99091193585917
event_12801,-180.99091193585915
event_12802,-74.99091193585913
event_12803,-184.99091193585912
event_12804,-159.6575786025258
event_12805,-196.6575786025258
event_12806,-168.99091193585915
event_12807,-130.65757860252583
event_12808,-311.990911935859
event_12809,-276.3242452691925
event_12810,-276.32424526919243
event_12811,-246.9909119358591
event_12812,-114.6575786025258
event_12813,-122.6575786025258
event_12814,-261.32424526919243
event_12815,-251.99091193585915
event_12816,-292.9909119358591
event_12817,-175.99091193585917
event_12818,-252.6575786025258
event_12819,-139.6575786025258
event_12820,-193.32424526919246
event_12821,-203.65757860252583
event_12822,-65.65757860252582
event_12823,-127.65757860252582
event_12824,-129.6575786025258
event_12825,-231.3242452691925
event_12826,-186.6575786025258
event_12827,-108.32424526919246
event_12828,-329.32424526919243
event_12829,-212.3242452691924
event_12830,-231.9909119358591
event_12831,-142.6575786025258
event_12832,-289.3242452691924
event_12833,-124.99091193585913
event_12834,-97.99091193585916
event_12835,-229.99091193585915
event_12836,-115.99091193585915
event_12837,-176.32424526919252
event_12838,-86.99091193585913
event_12839,-254.32424526919246
event_12840,-165.99091193585915
event_12841,-174.32424526919246
event_12842,-284.99091193585906
event_12843,-160.6575786025258
event_12844,-264.9909119358591
event_12845,-147.99091193585915
event_12846,-94.65757860252582
event_12847,-289.3242452691925
event_12848,-148.32424526919243
event_12849,-164.32424526919252
event_12850,-147.6575786025258
event_12851,-260.32424526919243
event_12852,-177.3242452691925
event_12853,-317.32424526919243
event_12854,-88.65757860252579
event_12855,-242.99091193585912
event_12856,-252.6575786025258
event_12857,-80.99091193585913
event_12858,-90.65757860252579
event_12859,-247.6575786025258
event_12860,-254.65757860252583
event_12861,-204.99091193585917
event_12862,-209.32424526919246
event_12863,-74.99091193585915
event_12864,-133.32424526919246
event_12865,-300.9909119358591
event_12866,-173.3242452691925
event_12867,-291.6575786025258
event_12868,-154.32424526919246
event_12869,-168.32424526919243
event_12870,-317.65757860252575
event_12871,-196.32424526919246
event_12872,-223.99091193585915
event_12873,-185.6575786025258
event_12874,-179.32424526919246
event_12875,-128.65757860252583
event_12876,-111.65757860252582
event_12877,-147.32424526919246
event_12878,-348.65757860252586
event_12879,-279.3242452691925
event_12880,-165.6575786025258
event_12881,-225.99091193585912
event_12882,-95.6575786025258
event_12883,-270.9909119358591
event_12884,-288.6575786025258
event_12885,-57.32424526919246
event_12886,-213.65757860252577
event_12887,-273.6575786025258
event_12888,-162.32424526919246
event_12889,-299.65757860252575
event_12890,-187.99091193585912
event_12891,-275.3242452691925
event_12892,-265.9909119358591
event_12893,-103.65757860252582
event_12894,-252.65757860252577
event_12895,-93.32424526919247
event_12896,-122.99091193585915
event_12897,-349.32424526919243
event_12898,-311.99091193585906
event_12899,-251.32424526919246
event_12900,-125.32424526919247
event_12901,-273.32424526919243
event_12902,-105.65757860252579
event_12903,-76.65757860252577
event_12904,-217.6575786025258
event_12905,-129.99091193585915
event_12906,-204.32424526919252
event_12907,-146.6575786025258
event_12908,-337.65757860252575
event_12909,-212.99091193585912
event_12910,-88.99091193585915
event_12911,-337.9909119358591
event_12912,-102.32424526919246
event_12913,-200.99091193585912
event_12914,-168.6575786025258
event_12915,-171.99091193585915
event_12916,-178.99091193585915
event_12917,-150.6575786025258
event_12918,-152.32424526919252
event_12919,-142.99091193585915
event_12920,-115.65757860252582
event_12921,-94.6575786025258
event_12922,-117.65757860252582
event_12923,-224.65757860252577
event_12924,-135.32424526919246
event_12925,-202.32424526919246
event_12926,-136.6575786025258
event_12927,-122.32424526919246
event_12928,-149.3242452691925
event_12929,-95.6575786025258
event_12930,-156.32424526919246
event_12931,-110.99091193585917
event_12932,-251.6575786025258
event_12933,-90.65757860252579
event_12934,-92.65757860252579
event_12935,-105.32424526919246
event_12936,-228.65757860252583
event_12937,-123.32424526919246
event_12938,-171.99091193585915
event_12939,-105.32424526919247
event_12940,-278.3242452691925
event_12941,-245.99091193585912
event_12942,-100.99091193585915
event_12943,-111.99091193585916
event_12944,-148.3242452691925
event_12945,-163.3242452691925
event_12946,-243.99091193585917
event_12947,-183.99091193585912
event_12948,-67.6575786025258
event_12949,-234.99091193585912
event_12950,-182.32424526919246
event_12951,-77.99091193585916
event_12952,-134.65757860252583
event_12953,-182.65757860252583
event_12954,-210.99091193585915
event_12955,-188.6575786025258
event_12956,-176.99091193585912
event_12957,-130.32424526919246
event_12958,-195.99091193585912
event_12959,-278.990911935859
event_12960,-147.3242452691925
event_12961,-148.6575786025258
event_12962,-172.99091193585917
event_12963,-220.99091193585915
event_12964,-185.65757860252583
event_12965,-66.99091193585913
event_12966,-143.3242452691925
event_12967,-147.99091193585915
event_12968,-223.32424526919243
event_12969,-219.99091193585912
event_12970,-341.65757860252575
event_12971,-182.32424526919243
event_12972,-223.65757860252577
event_12973,-252.32424526919243
event_12974,-183.32424526919246
event_12975,-76.32424526919247
event_12976,-82.6575786025258
event_12977,-76.99091193585915
event_12978,-237.3242452691925
event_12979,-84.32424526919247
event_12980,-314.6575786025258
event_12981,-220.6575786025258
event_12982,-283.6575786025258
event_12983,-171.6575786025258
event_12984,-179.99091193585912
event_12985,-290.32424526919243
event_12986,-65.32424526919246
event_12987,-343.6575786025258
event_12988,-280.32424526919243
event_12989,-86.6575786025258
event_12990,-249.9909119358591
event_12991,-206.32424526919246
event_12992,-285.6575786025258
event_12993,-253.65757860252577
event_12994,-155.99091193585912
event_12995,-279.9909119358591
event_12996,-121.32424526919247
event_12997,-83.99091193585913
event_12998,-238.65757860252583
event_12999,-83.32424526919249
event_13000,-313.99091193585906
event_13001,-107.99091193585915
event_13002,-73.32424526919247
event_13003,-178.99091193585915
event_13004,-210.65757860252583
event_13005,-114.65757860252582
event_13006,-80.99091193585915
event_13007,-146.99091193585912
event_13008,-224.32424526919246
event_13009,-123.6575786025258
event_13010,-76.32424526919245
event_13011,-297.3242452691925
event_13012,-254.32424526919246
event_13013,-247.32424526919246
event_13014,-252.65757860252583
event_13015,-165.99091193585915
event_13016,-240.99091193585915
event_13017,-101.99091193585913
event_13018,-245.32424526919243
event_13019,-107.32424526919247
event_13020,-190.99091193585915
event_13021,-212.6575786025258
event_13022,-232.65757860252577
event_13023,-189.32424526919246
event_13024,-330.3242452691925
event_13025,-222.32424526919246
event_13026,-170.99091193585917
event_13027,-70.65757860252582
event_13028,-182.3242452691925
event_13029,-305.9909119358592
event_13030,-187.65757860252583
event_13031,-257.32424526919243
event_13032,-243.65757860252577
event_13033,-351.6575786025258
event_13034,-317.9909119358591
event_13035,-234.6575786025258
event_13036,-178.65757860252583
event_13037,-227.65757860252577
event_13038,-158.6575786025258
event_13039,-141.6575786025258
event_13040,-263.3242452691925
event_13041,-96.65757860252579
event_13042,-356.65757860252575
event_13043,-224.32424526919252
event_13044,-190.6575786025258
event_13045,-272.6575786025258
event_13046,-196.32424526919252
event_13047,-114.99091193585913
event_13048,-229.99091193585912
event_13049,-76.99091193585913
event_13050,-78.6575786025258
event_13051,-224.65757860252577
event_13052,-259.9909119358591
event_13053,-94.32424526919247
event_13054,-109.99091193585916
event_13055,-218.65757860252583
event_13056,-257.9909119358591
event_13057,-95.32424526919247
event_13058,-249.65757860252577
event_13059,-199.99091193585912
event_13060,-215.32424526919252
event_13061,-155.99091193585917
event_13062,-151.32424526919246
event_13063,-72.32424526919247
event_13064,-313.32424526919243
event_13065,-191.99091193585912
event_13066,-155.6575786025258
event_13067,-91.32424526919249
event_13068,-91.6575786025258
event_13069,-248.6575786025258
event_13070,-229.99091193585915
event_13071,-288.32424526919243
event_13072,-146.99091193585915
event_13073,-234.99091193585915
event_13074,-148.32424526919252
event_13075,-276.3242452691925
event_13076,-119.99091193585915
event_13077,-250.65757860252577
event_13078,-174.99091193585912
event_13079,-121.99091193585913
event_13080,-205.99091193585915
event_13081,-184.65757860252577
event_13082,-139.99091193585915
event_13083,-102.32424526919247
event_13084,-193.6575786025258
event_13085,-314.3242452691924
event_13086,-202.6575786025258
event_13087,-72.32424526919246
event_13088,-222.99091193585915
event_13089,-98.99091193585916
event_13090,-96.32424526919246
event_13091,-178.32424526919252
event_13092,-325.32424526919243
event_13093,-92.99091193585912
event_13094,-187.99091193585917
event_13095,-159.6575786025258
event_13096,-94.6575786025258
event_13097,-268.9909119358591
event_13098,-205.99091193585912
event_13099,-237.6575786025258
event_13100,-65.99091193585913
event_13101,-282.65757860252575
event_13102,-201.65757860252577
event_13103,-273.9909119358591
event_13104,-106.99091193585913
event_13105,-64.99091193585913
event_13106,-135.32424526919246
event_13107,-197.9909119358591
event_13108,-327.65757860252586
event_13109,-102.65757860252579
event_13110,-266.65757860252575
event_13111,-157.32424526919246
event_13112,-89.99091193585915
event_13113,-97.99091193585912
event_13114,-147.65757860252577
event_13115,-180.6575786025258
event_13116,-226.99091193585915
event_13117,-166.32424526919246
event_13118,-133.32424526919246
event_13119,-169.6575786025258
event_13120,-132.6575786025258
event_13121,-196.99091193585915
event_13122,-93.6575786025258
event_13123,-177.32424526919243
event_13124,-241.32424526919246
event_13125,-255.32424526919246
event_13126,-134.99091193585912
event_13127,-285.65757860252575
event_13128,-199.6575786025258
event_13129,-166.99091193585915
event_13130,-267.6575786025258
event_13131,-185.32424526919243
event_13132,-323.9909119358591
event_13133,-92.65757860252577
event_13134,-126.32424526919249
event_13135,-70.32424526919246
event_13136,-69.65757860252582
event_13137,-68.32424526919246
event_13138,-167.99091193585915
event_13139,-68.65757860252579
event_13140,-251.99091193585915
event_13141,-274.99091193585906
event_13142,-120.65757860252582
event_13143,-219.6575786025258
event_13144,-195.32424526919255
event_13145,-81.6575786025258
event_13146,-219.6575786025258
event_13147,-286.3242452691925
event_13148,-249.99091193585912
event_13149,-252.65757860252575
event_13150,-57.32424526919246
event_13151,-231.99091193585912
event_13152,-231.9909119358591
event_13153,-300.3242452691924
event_13154,-264.9909119358591
event_13155,-230.32424526919246
event_13156,-213.6575786025258
event_13157,-160.3242452691925
event_13158,-139.3242452691925
event_13159,-216.65757860252577
event_13160,-316.9909119358592
event_13161,-159.65757860252583
event_13162,-321.99091193585906
event_13163,-207.3242452691925
event_13164,-279.65757860252575
event_13165,-141.99091193585915
event_13166,-91.99091193585915
event_13167,-99.65757860252579
event_13168,-72.65757860252582
event_13169,-243.32424526919246
event_13170,-81.32424526919247
event_13171,-126.65757860252583
event_13172,-134.99091193585915
event_13173,-109.65757860252582
event_13174,-234.99091193585915
event_13175,-213.99091193585912
event_13176,-76.65757860252579
event_13177,-139.99091193585915
event_13178,-258.6575786025258
event_13179,-199.99091193585915
event_13180,-98.6575786025258
event_13181,-183.32424526919246
event_13182,-283.6575786025258
event_13183,-301.6575786025258
event_13184,-301.32424526919243
event_13185,-245.99091193585915
event_13186,-83.32424526919245
event_13187,-248.6575786025258
event_13188,-75.32424526919247
event_13189,-178.3242452691925
event_13190,-71.32424526919249
event_13191,-234.99091193585915
event_13192,-215.32424526919246
event_13193,-104.32424526919247
event_13194,-274.32424526919243
event_13195,-182.99091193585912
event_13196,-225.32424526919246
event_13197,-120.65757860252582
event_13198,-77.99091193585913
event_13199,-193.65757860252577
event_13200,-108.65757860252579
event_13201,-226.65757860252583
event_13202,-102.65757860252579
event_13203,-183.99091193585915
event_13204,-96.99091193585913
event_13205,-274.65757860252575
event_13206,-140.65757860252583
event_13207,-262.32424526919243
event_13208,-249.99091193585912
event_13209,-156.32424526919246
event_13210,-180.65757860252577
event_13211,-299.99091193585906
event_13212,-37.32424526919246
event_13213,-74.32424526919247
event_13214,-93.32424526919246
event_13215,-176.99091193585917
event_13216,-216.32424526919246
event_13217,-185.6575786025258
event_13218,-243.3242452691925
event_13219,-228.65757860252577
event_13220,-212.99091193585915
event_13221,-80.32424526919249
event_13222,-194.32424526919246
event_13223,-80.99091193585913
event_13224,-165.3242452691925
event_13225,-186.32424526919246
event_13226,-171.3242452691925
event_13227,-196.65757860252575
event_13228,-175.6575786025258
event_13229,-81.32424526919246
event_13230,-323.9909119358591
event_13231,-129.32424526919246
event_13232,-175.32424526919246
event_13233,-92.32424526919245
event_13234,-177.99091193585912
event_13235,-213.32424526919246
event_13236,-215.32424526919246
event_13237,-168.3242452691925
event_13238,-57.32424526919247
event_13239,-332.9909119358591
event_13240,-227.32424526919246
event_13241,-213.32424526919246
event_13242,-153.6575786025258
event_13243,-242.65757860252575
event_13244,-128.3242452691925
event_13245,-236.32424526919246
event_13246,-186.6575786025258
event_13247,-93.99091193585912
event_13248,-123.32424526919247
event_13249,-138.99091193585915
event_13250,-220.32424526919243
event_13251,-67.32424526919245
event_13252,-210.65757860252577
event_13253,-294.3242452691925
event_13254,-158.6575786025258
event_13255,-143.3242452691925
event_13256,-206.65757860252583
event_13257,-90.65757860252579
event_13258,-233.99091193585917
event_13259,-252.3242452691924
event_13260,-89.99091193585912
event_13261,-142.99091193585917
event_13262,-169.65757860252577
event_13263,-106.32424526919249
event_13264,-204.99091193585912
event_13265,-162.65757860252577
event_13266,-130.32424526919246
event_13267,-296.65757860252575
event_13268,-197.3242452691925
event_13269,-79.99091193585913
event_13270,-150.32424526919246
event_13271,-316.9909119358592
event_13272,-103.99091193585913
event_13273,-100.65757860252582
event_13274,-175.99091193585912
event_13275,-109.32424526919247
event_13276,-79.99091193585916
event_13277,-161.65757860252577
event_13278,-74.99091193585913
event_13279,-180.32424526919246
event_13280,-235.65757860252577
event_13281,-163.65757860252583
event_13282,-81.65757860252582
event_13283,-132.32424526919252
event_13284,-209.65757860252577
event_13285,-227.99091193585912
event_13286,-264.3242452691925
event_13287,-100.32424526919246
event_13288,-290.32424526919243
event_13289,-229.6575786025258
event_13290,-330.3242452691924
event_13291,-91.99091193585913
event_13292,-131.3242452691925
event_13293,-213.3242452691925
event_13294,-74.99091193585913
event_13295,-162.99091193585915
event_13296,-261.9909119358591
event_13297,-185.99091193585917
event_13298,-84.65757860252579
event_13299,-225.99091193585912
event_13300,-228.99091193585917
event_13301,-211.3242452691925
event_13302,-160.32424526919246
event_13303,-99.99091193585915
event_13304,-249.99091193585915
event_13305,-227.32424526919246
event_13306,-206.32424526919252
event_13307,-86.65757860252577
event_13308,-241.3242452691925
event_13309,-396.32424526919243
event_13310,-82.32424526919247
event_13311,-240.9909119358591
event_13312,-130.65757860252583
event_13313,-85.99091193585913
event_13314,-153.3242452691925
event_13315,-198.6575786025258
event_13316,-70.99091193585912
event_13317,-315.9909119358591
event_13318,-120.32424526919246
event_13319,-234.99091193585915
event_13320,-287.6575786025258
event_13321,-208.32424526919246
event_13322,-147.32424526919252
event_13323,-80.32424526919247
event_13324,-77.32424526919245
event_13325,-85.65757860252582
event_13326,-311.32424526919243
event_13327,-140.99091193585912
event_13328,-87.99091193585913
event_13329,-265.3242452691925
event_13330,-253.65757860252577
event_13331,-348.65757860252575
event_13332,-259.32424526919243
event_13333,-354.6575786025257
event_13334,-133.32424526919246
event_13335,-139.65757860252583
event_13336,-270.6575786025258
event_13337,-197.99091193585917
event_13338,-191.99091193585915
event_13339,-338.9909119358591
event_13340,-106.32424526919247
event_13341,-89.3242452691925
event_13342,-112.99091193585913
event_13343,-318.6575786025258
event_13344,-131.99091193585915
event_13345,-106.65757860252582
event_13346,-116.6575786025258
event_13347,-233.6575786025258
event_13348,-229.99091193585912
event_13349,-82.6575786025258
event_13350,-239.99091193585912
event_13351,-57.990911935859124
event_13352,-107.99091193585913
event_13353,-84.32424526919249
event_13354,-174.99091193585915
event_13355,-166.99091193585915
event_13356,-155.32424526919243
event_13357,-123.65757860252579
event_13358,-81.99091193585915
event_13359,-89.32424526919246
event_13360,-239.99091193585912
event_13361,-161.99091193585915
event_13362,-90.99091193585913
event_13363,-179.6575786025258
event_13364,-172.3242452691925
event_13365,-141.99091193585917
event_13366,-100.32424526919247
event_13367,-265.6575786025258
event_13368,-100.65757860252579
event_13369,-273.32424526919243
event_13370,-94.99091193585915
event_13371,-180.99091193585912
event_13372,-213.6575786025258
event_13373,-72.65757860252579
event_13374,-243.3242452691925
event_13375,-70.99091193585913
event_13376,-206.65757860252577
event_13377,-286.32424526919243
event_13378,-66.32424526919246
event_13379,-152.99091193585915
event_13380,-103.99091193585915
event_13381,-219.99091193585915
event_13382,-230.6575786025258
event_13383,-118.65757860252579
event_13384,-190.99091193585912
event_13385,-62.32424526919247
event_13386,-171.3242452691925
event_13387,-157.99091193585915
event_13388,-113.6575786025258
event_13389,-235.6575786025258
event_13390,-82.99091193585915
event_13391,-292.3242452691924
event_13392,-192.99091193585917
event_13393,-220.6575786025258
event_13394,-75.99091193585915
event_13395,-200.99091193585912
event_13396,-344.32424526919243
event_13397,-218.3242452691925
event_13398,-199.32424526919252
event_13399,-244.3242452691925
event_13400,-257.32424526919243
event_13401,-234.65757860252577
event_13402,-122.6575786025258
event_13403,-176.99091193585912
event_13404,-244.65757860252583
event_13405,-118.6575786025258
event_13406,-325.9909119358591
event_13407,-199.32424526919243
event_13408,-77.99091193585913
event_13409,-133.99091193585915
event_13410,-122.32424526919246
event_13411,-92.65757860252582
event_13412,-282.32424526919243
event_13413,-136.65757860252583
event_13414,-140.99091193585915
event_13415,-72.32424526919246
event_13416,-115.6575786025258
event_13417,-252.6575786025258
event_13418,-242.99091193585912
event_13419,-250.6575786025258
event_13420,-122.65757860252579
event_13421,-207.99091193585915
event_13422,-133.65757860252583
event_13423,-350.65757860252586
event_13424,-270.65757860252575
event_13425,-260.6575786025258
event_13426,-245.99091193585912
event_13427,-54.990911935859124
event_13428,-93.65757860252582
event_13429,-100.65757860252577
event_13430,-220.65757860252577
event_13431,-198.32424526919246
event_13432,-184.3242452691925
event_13433,-137.3242452691925
event_13434,-59.990911935859124
event_13435,-212.3242452691925
event_13436,-244.65757860252577
event_13437,-91.65757860252582
event_13438,-142.99091193585915
event_13439,-156.32424526919243
event_13440,-317.9909119358591
event_13441,-225.99091193585915
event_13442,-200.99091193585912
event_13443,-98.99091193585912
event_13444,-177.32424526919243
event_13445,-174.3242452691925
event_13446,-199.99091193585912
event_13447,-65.6575786025258
event_13448,-153.99091193585912
event_13449,-143.3242452691925
event_13450,-333.3242452691924
event_13451,-194.99091193585912
event_13452,-182.32424526919243
event_13453,-129.6575786025258
event_13454,-132.65757860252577
event_13455,-65.32424526919245
event_13456,-183.65757860252583
event_13457,-135.9909119358592
event_13458,-197.99091193585915
event_13459,-81.32424526919246
event_13460,-201.3242452691925
event_13461,-192.3242452691925
event_13462,-367.9909119358591
event_13463,-213.99091193585917
event_13464,-161.99091193585917
event_13465,-290.9909119358591
event_13466,-189.99091193585912
event_13467,-67.99091193585913
event_13468,-284.3242452691925
event_13469,-168.32424526919246
event_13470,-354.65757860252586
event_13471,-85.32424526919247
event_13472,-53.99091193585911
event_13473,-140.6575786025258
event_13474,-271.3242452691925
event_13475,-248.32424526919246
event_13476,-60.99091193585913
event_13477,-118.65757860252582
event_13478,-144.99091193585915
event_13479,-279.9909119358592
event_13480,-331.9909119358592
event_13481,-98.99091193585913
event_13482,-311.65757860252575
event_13483,-59.657578602525795
event_13484,-149.99091193585915
event_13485,-53.32424526919247
event_13486,-90.32424526919247
event_13487,-207.99091193585917
event_13488,-110.99091193585915
event_13489,-145.99091193585915
event_13490,-202.6575786025258
event_13491,-215.32424526919252
event_13492,-257.9909119358591
event_13493,-216.6575786025258
event_13494,-111.6575786025258
event_13495,-301.9909119358591
event_13496,-98.3242452691925
event_13497,-217.6575786025258
event_13498,-207.99091193585912
event_13499,-136.65757860252577
event_13500,-242.32424526919246
event_13501,-128.32424526919246
event_13502,-128.99091193585915
event_13503,-94.65757860252579
event_13504,-68.65757860252579
event_13505,-190.3242452691925
event_13506,-83.32424526919247
event_13507,-72.6575786025258
event_13508,-66.99091193585915
event_13509,-226.99091193585915
event_13510,-176.99091193585912
event_13511,-147.6575786025258
event_13512,-156.6575786025258
event_13513,-140.6575786025258
event_13514,-126.65757860252582
event_13515,-202.9909119358591
event_13516,-213.99091193585915
event_13517,-207.99091193585915
event_13518,-105.99091193585913
event_13519,-235.99091193585915
event_13520,-163.99091193585912
event_13521,-149.6575786025258
event_13522,-159.99091193585912
event_13523,-249.99091193585915
event_13524,-140.3242452691925
event_13525,-183.6575786025258
event_13526,-269.32424526919243
event_13527,-262.32424526919243
event_13528,-275.6575786025258
event_13529,-216.65757860252583
event_13530,-108.32424526919249
event_13531,-249.65757860252575
event_13532,-119.6575786025258
event_13533,-245.65757860252577
event_13534,-98.32424526919247
event_13535,-122.32424526919247
event_13536,-343.9909119358591
event_13537,-237.65757860252577
event_13538,-298.65757860252586
event_13539,-184.65757860252577
event_13540,-153.99091193585917
event_13541,-211.65757860252577
event_13542,-239.99091193585912
event_13543,-219.65757860252577
event_13544,-283.32424526919243
event_13545,-108.65757860252582
event_13546,-304.32424526919243
event_13547,-168.6575786025258
event_13548,-244.99091193585917
event_13549,-203.99091193585912
event_13550,-78.65757860252579
event_13551,-185.32424526919246
event_13552,-242.32424526919246
event_13553,-112.65757860252582
event_13554,-134.65757860252577
event_13555,-255.32424526919246
event_13556,-160.3242452691925
event_13557,-260.9909119358591
event_13558,-283.9909119358591
event_13559,-75.32424526919247
event_13560,-341.32424526919243
event_13561,-275.9909119358591
event_13562,-129.6575786025258
event_13563,-140.6575786025258
event_13564,-232.32424526919243
event_13565,-221.32424526919246
event_13566,-137.32424526919243
event_13567,-92.99091193585913
event_13568,-186.65757860252583
event_13569,-206.99091193585915
event_13570,-260.6575786025258
event_13571,-254.99091193585912
event_13572,-242.32424526919246
event_13573,-235.3242452691925
event_13574,-69.99091193585913
event_13575,-144.99091193585915
event_13576,-144.99091193585915
event_13577,-265.3242452691925
event_13578,-122.32424526919247
event_13579,-109.99091193585915
event_13580,-71.65757860252579
event_13581,-367.32424526919243
event_13582,-155.32424526919252
event_13583,-263.6575786025258
event_13584,-130.32424526919246
event_13585,-112.99091193585912
event_13586,-236.99091193585912
event_13587,-78.32424526919249
event_13588,-75.99091193585915
event_13589,-249.6575786025258
event_13590,-257.99091193585906
event_13591,-83.6575786025258
event_13592,-158.6575786025258
event_13593,-179.65757860252575
event_13594,-240.6575786025258
event_13595,-84.99091193585915
event_13596,-98.6575786025258
event_13597,-332.3242452691925
event_13598,-238.99091193585912
event_13599,-180.99091193585915
event_13600,-77.6575786025258
event_13601,-85.99091193585913
event_13602,-182.3242452691925
event_13603,-225.32424526919246
event_13604,-126.32424526919249
event_13605,-224.3242452691925
event_13606,-245.32424526919246
event_13607,-258.65757860252575
event_13608,-190.99091193585915
event_13609,-224.3242452691925
event_13610,-263.65757860252575
event_13611,-151.65757860252583
event_13612,-189.3242452691925
event_13613,-87.32424526919245
event_13614,-246.9909119358591
event_13615,-207.65757860252577
event_13616,-106.65757860252582
event_13617,-115.32424526919247
event_13618,-214.32424526919246
event_13619,-118.32424526919247
event_13620,-82.65757860252582
event_13621,-249.3242452691925
event_13622,-114.32424526919246
event_13623,-115.99091193585913
event_13624,-255.99091193585915
event_13625,-52.324245269192474
event_13626,-153.6575786025258
event_13627,-208.65757860252583
event_13628,-134.65757860252583
event_13629,-279.6575786025258
event_13630,-215.65757860252583
event_13631,-223.32424526919246
event_13632,-210.9909119358591
event_13633,-160.99091193585915
event_13634,-178.99091193585912
event_13635,-74.32424526919249
event_13636,-100.65757860252579
event_13637,-75.99091193585912
event_13638,-311.65757860252586
event_13639,-186.3242452691925
event_13640,-181.65757860252583
event_13641,-251.65757860252583
event_13642,-134.6575786025258
event_13643,-162.6575786025258
event_13644,-132.6575786025258
event_13645,-221.65757860252583
event_13646,-112.99091193585913
event_13647,-136.99091193585917
event_13648,-178.3242452691925
event_13649,-175.6575786025258
event_13650,-329.6575786025258
event_13651,-264.9909119358592
event_13652,-339.9909119358591
event_13653,-119.65757860252582
event_13654,-268.6575786025258
event_13655,-222.32424526919246
event_13656,-142.32424526919243
event_13657,-147.99091193585915
event_13658,-201.99091193585915
event_13659,-172.99091193585915
event_13660,-79.65757860252579
event_13661,-75.99091193585913
event_13662,-73.99091193585912
event_13663,-240.65757860252577
event_13664,-207.99091193585915
event_13665,-294.3242452691925
event_13666,-232.99091193585915
event_13667,-257.32424526919243
event_13668,-274.32424526919243
event_13669,-260.9909119358591
event_13670,-105.65757860252582
event_13671,-167.32424526919246
event_13672,-218.32424526919243
event_13673,-265.32424526919243
event_13674,-175.99091193585912
event_13675,-75.32424526919247
event_13676,-120.99091193585915
event_13677,-240.32424526919243
event_13678,-200.32424526919252
event_13679,-308.65757860252586
event_13680,-141.99091193585915
event_13681,-65.32424526919246
event_13682,-217.32424526919252
event_13683,-118.99091193585917
event_13684,-100.32424526919247
event_13685,-189.3242452691925
event_13686,-290.65757860252575
event_13687,-73.65757860252579
event_13688,-209.65757860252583
event_13689,-65.99091193585913
event_13690,-240.32424526919246
event_13691,-163.99091193585917
event_13692,-199.99091193585915
event_13693,-99.32424526919246
event_13694,-149.65757860252583
event_13695,-110.32424526919249
event_13696,-134.99091193585917
event_13697,-271.6575786025258
event_13698,-256.65757860252575
event_13699,-106.32424526919249
event_13700,-93.65757860252579
event_13701,-67.65757860252582
event_13702,-241.99091193585915
event_13703,-81.65757860252579
event_13704,-233.32424526919246
event_13705,-133.6575786025258
event_13706,-224.99091193585917
event_13707,-75.65757860252582
event_13708,-162.65757860252586
event_13709,-91.99091193585913
event_13710,-171.65757860252583
event_13711,-200.65757860252586
event_13712,-113.6575786025258
event_13713,-125.32424526919246
event_13714,-207.99091193585917
event_13715,-192.65757860252577
event_13716,-117.65757860252582
event_13717,-104.99091193585913
event_13718,-84.6575786025258
event_13719,-249.6575786025258
event_13720,-198.6575786025258
event_13721,-182.99091193585915
event_13722,-159.32424526919246
event_13723,-251.6575786025258
event_13724,-168.6575786025258
event_13725,-145.65757860252583
event_13726,-232.99091193585912
event_13727,-99.99091193585913
event_13728,-168.99091193585912
event_13729,-84.99091193585913
event_13730,-92.65757860252579
event_13731,-109.32424526919247
event_13732,-296.32424526919243
event_13733,-82.99091193585913
event_13734,-210.6575786025258
event_13735,-240.3242452691925
event_13736,-157.32424526919252
event_13737,-80.99091193585913
event_13738,-163.99091193585915
event_13739,-174.99091193585917
event_13740,-248.32424526919246
event_13741,-349.65757860252586
event_13742,-174.32424526919246
event_13743,-294.6575786025258
event_13744,-180.3242452691925
event_13745,-174.3242452691925
event_13746,-141.99091193585915
event_13747,-245.32424526919246
event_13748,-299.65757860252575
event_13749,-113.65757860252579
event_13750,-117.99091193585915
event_13751,-58.99091193585913
event_13752,-301.9909119358591
event_13753,-80.99091193585913
event_13754,-289.32424526919243
event_13755,-225.99091193585915
event_13756,-128.3242452691925
event_13757,-213.32424526919243
event_13758,-101.99091193585916
event_13759,-227.65757860252577
event_13760,-235.6575786025258
event_13761,-219.6575786025258
event_13762,-155.99091193585915
event_13763,-228.65757860252577
event_13764,-205.99091193585912
event_13765,-334.3242452691923
event_13766,-238.65757860252583
event_13767,-82.99091193585913
event_13768,-110.65757860252579
event_13769,-192.65757860252583
event_13770,-212.99091193585912
event_13771,-207.65757860252583
event_13772,-225.6575786025258
event_13773,-222.3242452691925
event_13774,-185.99091193585915
event_13775,-206.99091193585915
event_13776,-98.65757860252579
event_13777,-172.99091193585917
event_13778,-181.32424526919246
event_13779,-148.3242452691925
event_13780,-247.32424526919246
event_13781,-148.99091193585915
event_13782,-207.32424526919252
event_13783,-204.99091193585915
event_13784,-144.3242452691925
event_13785,-89.65757860252582
event_13786,-197.99091193585912
event_13787,-161.99091193585915
event_13788,-119.3242452691925
event_13789,-109.32424526919246
event_13790,-103.99091193585916
event_13791,-188.99091193585915
event_13792,-128.65757860252583
event_13793,-291.32424526919243
event_13794,-136.65757860252583
event_13795,-101.65757860252582
event_13796,-166.99091193585917
event_13797,-139.6575786025258
event_13798,-119.99091193585916
event_13799,-122.32424526919247
event_13800,-171.32424526919246
event_13801,-137.3242452691925
event_13802,-272.9909119358591
event_13803,-328.32424526919243
event_13804,-173.6575786025258
event_13805,-180.6575786025258
event_13806,-229.99091193585915
event_13807,-191.32424526919246
event_13808,-204.3242452691925
event_13809,-189.6575786025258
event_13810,-230.99091193585912
event_13811,-294.99091193585906
event_13812,-99.32424526919247
event_13813,-127.99091193585916
event_13814,-167.32424526919246
event_13815,-86.99091193585912
event_13816,-166.6575786025258
event_13817,-129.3242452691925
event_13818,-227.3242452691925
event_13819,-105.6575786025258
event_13820,-330.3242452691924
event_13821,-238.6575786025258
event_13822,-209.99091193585915
event_13823,-147.9909119358592
event_13824,-81.99091193585913
event_13825,-357.3242452691924
event_13826,-174.9909119358592
event_13827,-281.9909119358591
event_13828,-223.65757860252583
event_13829,-142.99091193585912
event_13830,-291.32424526919243
event_13831,-85.32424526919247
event_13832,-169.6575786025258
event_13833,-287.3242452691925
event_13834,-276.32424526919243
event_13835,-87.32424526919246
event_13836,-88.65757860252577
event_13837,-215.65757860252583
event_13838,-287.32424526919243
event_13839,-357.9909119358591
event_13840,-296.32424526919255
event_13841,-157.65757860252583
event_13842,-171.99091193585915
event_13843,-121.32424526919247
event_13844,-301.9909119358591
event_13845,-162.6575786025258
event_13846,-149.99091193585912
event_13847,-371.32424526919243
event_13848,-214.99091193585915
event_13849,-176.6575786025258
event_13850,-103.32424526919249
event_13851,-139.99091193585917
event_13852,-120.99091193585915
event_13853,-143.6575786025258
event_13854,-79.32424526919247
event_13855,-202.9909119358591
event_13856,-172.32424526919243
event_13857,-156.65757860252583
event_13858,-214.32424526919246
event_13859,-269.9909119358591
event_13860,-172.6575786025258
event_13861,-210.32424526919243
event_13862,-226.65757860252583
event_13863,-206.99091193585917
event_13864,-212.3242452691925
event_13865,-227.65757860252577
event_13866,-85.32424526919246
event_13867,-167.99091193585915
event_13868,-144.65757860252586
event_13869,-141.99091193585917
event_13870,-184.99091193585915
event_13871,-87.6575786025258
event_13872,-98.65757860252579
event_13873,-304.65757860252575
event_13874,-91.99091193585912
event_13875,-175.99091193585912
event_13876,-193.65757860252577
event_13877,-110.32424526919246
event_13878,-206.65757860252577
event_13879,-190.99091193585915
event_13880,-120.65757860252582
event_13881,-103.32424526919247
event_13882,-48.32424526919247
event_13883,-311.65757860252575
event_13884,-127.32424526919247
event_13885,-341.65757860252586
event_13886,-152.3242452691925
event_13887,-318.32424526919243
event_13888,-274.3242452691925
event_13889,-229.32424526919246
event_13890,-186.99091193585915
event_13891,-164.99091193585912
event_13892,-261.9909119358592
event_13893,-152.65757860252583
event_13894,-231.32424526919243
event_13895,-136.6575786025258
event_13896,-273.9909119358592
event_13897,-86.6575786025258
event_13898,-93.32424526919247
event_13899,-287.9909119358591
event_13900,-213.9909119358591
event_13901,-100.65757860252579
event_13902,-108.32424526919245
event_13903,-189.99091193585917
event_13904,-200.6575786025258
event_13905,-101.6575786025258
event_13906,-201.3242452691925
event_13907,-199.3242452691925
event_13908,-293.65757860252575
event_13909,-89.32424526919247
event_13910,-77.65757860252582
event_13911,-153.99091193585915
event_13912,-120.32424526919246
event_13913,-187.99091193585915
event_13914,-253.9909119358591
event_13915,-82.99091193585913
event_13916,-87.32424526919247
event_13917,-172.6575786025258
event_13918,-169.6575786025258
event_13919,-118.32424526919249
event_13920,-144.65757860252583
event_13921,-90.6575786025258
event_13922,-194.99091193585915
event_13923,-76.32424526919245
event_13924,-231.32424526919246
event_13925,-192.3242452691925
event_13926,-99.65757860252577
event_13927,-180.99091193585917
event_13928,-220.99091193585912
event_13929,-104.32424526919246
event_13930,-178.65757860252583
event_13931,-235.32424526919243
event_13932,-169.65757860252583
event_13933,-209.99091193585912
event_13934,-165.6575786025258
event_13935,-221.99091193585917
event_13936,-197.99091193585915
event_13937,-119.32424526919246
event_13938,-111.65757860252585
event_13939,-134.99091193585917
event_13940,-338.32424526919243
event_13941,-129.6575786025258
event_13942,-97.32424526919247
event_13943,-349.32424526919243
event_13944,-261.9909119358591
event_13945,-100.65757860252579
event_13946,-149.32424526919246
event_13947,-165.65757860252583
event_13948,-99.32424526919247
event_13949,-222.6575786025258
event_13950,-340.32424526919243
event_13951,-362.9909119358591
event_13952,-78.6575786025258
event_13953,-172.65757860252583
event_13954,-286.9909119358591
event_13955,-100.65757860252582
event_13956,-160.99091193585915
event_13957,-273.32424526919243
event_13958,-196.6575786025258
event_13959,-157.99091193585915
event_13960,-121.99091193585916
event_13961,-222.65757860252575
event_13962,-243.3242452691925
event_13963,-94.65757860252582
event_13964,-183.6575786025258
event_13965,-205.9909119358591
event_13966,-202.99091193585912
event_13967,-88.65757860252582
event_13968,-131.99091193585915
event_13969,-257.65757860252575
event_13970,-76.99091193585915
event_13971,-165.99091193585915
event_13972,-196.3242452691925
event_13973,-301.32424526919243
event_13974,-161.99091193585915
event_13975,-261.9909119358591
event_13976,-290.6575786025258
event_13977,-321.9909119358591
event_13978,-178.99091193585917
event_13979,-124.99091193585915
event_13980,-282.65757860252575
event_13981,-225.32424526919246
event_13982,-206.99091193585915
event_13983,-136.3242452691925
event_13984,-204.3242452691925
event_13985,-262.65757860252575
event_13986,-217.99091193585912
event_13987,-183.6575786025258
event_13988,-163.3242452691925
event_13989,-57.657578602525795
event_13990,-95.99091193585913
event_13991,-79.32424526919246
event_13992,-236.99091193585912
event_13993,-201.6575786025258
event_13994,-200.3242452691925
event_13995,-271.9909119358591
event_13996,-68.65757860252579
event_13997,-196.32424526919243
event_13998,-99.6575786025258
event_13999,-104.99091193585915
event_14000,-97.32424526919247
event_14001,-300.6575786025257
event_14002,-330.3242452691925
event_14003,-234.65757860252583
event_14004,-277.9909119358591
event_14005,-223.32424526919246
event_14006,-276.9909119358591
event_14007,-205.99091193585912
event_14008,-204.6575786025258
event_14009,-128.99091193585915
event_14010,-166.32424526919246
event_14011,-63.65757860252579
event_14012,-81.65757860252582
event_14013,-96.32424526919247
event_14014,-186.32424526919243
event_14015,-164.99091193585912
event_14016,-254.3242452691925
event_14017,-70.32424526919246
event_14018,-309.9909119358591
event_14019,-101.99091193585912
event_14020,-244.32424526919246
event_14021,-106.6575786025258
event_14022,-155.99091193585915
event_14023,-251.32424526919246
event_14024,-274.32424526919243
event_14025,-255.99091193585903
event_14026,-225.9909119358591
event_14027,-148.99091193585912
event_14028,-58.99091193585914
event_14029,-153.32424526919252
event_14030,-96.65757860252582
event_14031,-122.32424526919249
event_14032,-272.6575786025258
event_14033,-214.3242452691925
event_14034,-240.99091193585915
event_14035,-255.99091193585912
event_14036,-128.3242452691925
event_14037,-144.65757860252577
event_14038,-187.99091193585915
event_14039,-108.65757860252582
event_14040,-163.32424526919246
event_14041,-237.65757860252583
event_14042,-68.99091193585915
event_14043,-137.99091193585915
event_14044,-74.99091193585915
event_14045,-228.99091193585915
event_14046,-257.9909119358592
event_14047,-363.9909119358592
event_14048,-93.99091193585913
event_14049,-319.32424526919243
event_14050,-55.32424526919245
event_14051,-91.32424526919247
event_14052,-175.65757860252577
event_14053,-265.3242452691925
event_14054,-198.99091193585912
event_14055,-75.32424526919247
event_14056,-168.32424526919246
event_14057,-124.32424526919247
event_14058,-81.32424526919247
event_14059,-294.9909119358592
event_14060,-88.32424526919247
event_14061,-166.32424526919252
event_14062,-89.99091193585913
event_14063,-243.99091193585912
event_14064,-212.3242452691925
event_14065,-103.6575786025258
event_14066,-114.6575786025258
event_14067,-202.99091193585912
event_14068,-216.99091193585912
event_14069,-108.32424526919249
event_14070,-158.32424526919246
event_14071,-75.6575786025258
event_14072,-161.3242452691925
event_14073,-112.99091193585913
event_14074,-203.99091193585917
event_14075,-188.9909119358591
event_14076,-235.99091193585912
event_14077,-298.65757860252575
event_14078,-131.65757860252583
event_14079,-182.6575786025258
event_14080,-201.99091193585912
event_14081,-130.65757860252577
event_14082,-86.65757860252583
event_14083,-96.99091193585913
event_14084,-147.99091193585915
event_14085,-88.32424526919246
event_14086,-146.32424526919252
event_14087,-163.99091193585917
event_14088,-148.32424526919243
event_14089,-119.99091193585912
event_14090,-221.6575786025258
event_14091,-86.6575786025258
event_14092,-129.6575786025258
event_14093,-104.32424526919246
event_14094,-235.9909119358591
event_14095,-206.99091193585915
event_14096,-142.65757860252577
event_14097,-90.99091193585912
event_14098,-131.32424526919246
event_14099,-187.3242452691925
event_14100,-166.99091193585915
event_14101,-170.99091193585915
event_14102,-175.99091193585912
event_14103,-234.65757860252577
event_14104,-248.6575786025258
event_14105,-235.3242452691925
event_14106,-76.99091193585915
event_14107,-216.32424526919246
event_14108,-154.9909119358592
event_14109,-107.99091193585913
event_14110,-222.65757860252577
event_14111,-324.65757860252575
event_14112,-264.32424526919243
event_14113,-189.99091193585912
event_14114,-103.6575786025258
event_14115,-108.32424526919246
event_14116,-245.32424526919243
event_14117,-235.99091193585912
event_14118,-305.32424526919243
event_14119,-204.6575786025258
event_14120,-178.65757860252577
event_14121,-170.99091193585912
event_14122,-97.32424526919247
event_14123,-309.65757860252575
event_14124,-145.6575786025258
event_14125,-268.9909119358591
event_14126,-159.99091193585915
event_14127,-192.32424526919246
event_14128,-275.99091193585906
event_14129,-369.3242452691924
event_14130,-239.3242452691925
event_14131,-256.32424526919243
event_14132,-243.65757860252577
event_14133,-167.32424526919246
event_14134,-234.99091193585912
event_14135,-165.6575786025258
event_14136,-219.65757860252577
event_14137,-207.99091193585912
event_14138,-260.6575786025258
event_14139,-165.65757860252577
event_14140,-141.65757860252577
event_14141,-283.32424526919243
event_14142,-80.32424526919247
event_14143,-147.99091193585912
event_14144,-295.6575786025258
event_14145,-279.9909119358591
event_14146,-218.32424526919246
event_14147,-144.6575786025258
event_14148,-89.32424526919247
event_14149,-186.65757860252583
event_14150,-212.32424526919246
event_14151,-73.99091193585915
event_14152,-154.99091193585917
event_14153,-140.3242452691925
event_14154,-78.32424526919246
event_14155,-66.65757860252579
event_14156,-207.65757860252577
event_14157,-315.32424526919243
event_14158,-137.3242452691925
event_14159,-280.9909119358591
event_14160,-223.99091193585915
event_14161,-206.99091193585912
event_14162,-130.3242452691925
event_14163,-318.3242452691924
event_14164,-118.65757860252577
event_14165,-275.65757860252586
event_14166,-202.32424526919246
event_14167,-128.99091193585917
event_14168,-111.65757860252582
event_14169,-292.99091193585906
event_14170,-216.65757860252583
event_14171,-234.32424526919246
event_14172,-202.99091193585915
event_14173,-74.99091193585913
event_14174,-145.99091193585917
event_14175,-210.99091193585915
event_14176,-260.32424526919243
event_14177,-146.99091193585917
event_14178,-75.99091193585913
event_14179,-92.99091193585913
event_14180,-147.65757860252583
event_14181,-170.65757860252577
event_14182,-66.6575786025258
event_14183,-276.3242452691924
event_14184,-221.99091193585915
event_14185,-99.6575786025258
event_14186,-157.99091193585915
event_14187,-299.6575786025258
event_14188,-192.6575786025258
event_14189,-154.65757860252583
event_14190,-254.65757860252575
event_14191,-264.3242452691924
event_14192,-150.3242452691925
event_14193,-98.32424526919246
event_14194,-274.6575786025258
event_14195,-94.65757860252579
event_14196,-167.32424526919246
event_14197,-109.32424526919249
event_14198,-196.99091193585912
event_14199,-68.99091193585913
event_14200,-200.32424526919246
event_14201,-184.3242452691925
event_14202,-181.65757860252583
event_14203,-156.32424526919246
event_14204,-189.6575786025258
event_14205,-109.99091193585915
event_14206,-327.3242452691923
event_14207,-104.6575786025258
event_14208,-289.6575786025258
event_14209,-103.32424526919246
event_14210,-164.3242452691925
event_14211,-240.99091193585912
event_14212,-215.6575786025258
event_14213,-162.65757860252577
event_14214,-254.32424526919243
event_14215,-114.6575786025258
event_14216,-84.32424526919245
event_14217,-72.32424526919246
event_14218,-235.3242452691925
event_14219,-135.3242452691925
event_14220,-159.99091193585912
event_14221,-80.6575786025258
event_14222,-155.6575786025258
event_14223,-221.65757860252577
event_14224,-244.32424526919246
event_14225,-98.6575786025258
event_14226,-147.99091193585915
event_14227,-161.6575786025258
event_14228,-269.9909119358591
event_14229,-184.6575786025258
event_14230,-235.99091193585912
event_14231,-75.32424526919247
event_14232,-121.32424526919247
event_14233,-183.65757860252586
event_14234,-70.65757860252579
event_14235,-145.99091193585912
event_14236,-221.3242452691925
event_14237,-288.65757860252586
event_14238,-135.3242452691925
event_14239,-81.32424526919247
event_14240,-261.9909119358591
event_14241,-121.32424526919249
event_14242,-155.65757860252577
event_14243,-201.99091193585915
event_14244,-169.99091193585917
event_14245,-128.99091193585917
event_14246,-275.6575786025258
event_14247,-175.3242452691925
event_14248,-192.99091193585915
event_14249,-83.65757860252582
event_14250,-77.99091193585913
event_14251,-61.990911935859124
event_14252,-52.990911935859124
event_14253,-87.32424526919247
event_14254,-65.6575786025258
event_14255,-282.9909119358592
event_14256,-69.99091193585915
event_14257,-246.99091193585915
event_14258,-203.32424526919246
event_14259,-243.3242452691925
event_14260,-210.65757860252577
event_14261,-99.99091193585913
event_14262,-74.6575786025258
event_14263,-206.99091193585915
event_14264,-200.6575786025258
event_14265,-107.99091193585915
event_14266,-188.65757860252577
event_14267,-112.32424526919246
event_14268,-235.65757860252583
event_14269,-80.99091193585913
event_14270,-134.6575786025258
event_14271,-278.32424526919243
event_14272,-190.99091193585912
event_14273,-177.99091193585912
event_14274,-250.9909119358591
event_14275,-272.6575786025258
event_14276,-74.6575786025258
event_14277,-113.6575786025258
event_14278,-106.65757860252579
event_14279,-188.6575786025258
event_14280,-115.99091193585913
event_14281,-249.6575786025258
event_14282,-193.65757860252577
event_14283,-99.6575786025258
event_14284,-265.99091193585906
event_14285,-168.6575786025258
event_14286,-79.99091193585912
event_14287,-125.32424526919249
event_14288,-313.9909119358591
event_14289,-166.65757860252577
event_14290,-317.99091193585906
event_14291,-109.99091193585913
event_14292,-278.99091193585906
event_14293,-204.6575786025258
event_14294,-372.3242452691925
event_14295,-225.6575786025258
event_14296,-111.32424526919249
event_14297,-88.32424526919246
event_14298,-168.6575786025258
event_14299,-119.32424526919246
event_14300,-196.65757860252583
event_14301,-192.99091193585912
event_14302,-209.99091193585917
event_14303,-133.3242452691925
event_14304,-157.99091193585912
event_14305,-92.32424526919247
event_14306,-188.99091193585912
event_14307,-175.32424526919246
event_14308,-250.6575786025258
event_14309,-174.6575786025258
event_14310,-240.9909119358591
event_14311,-117.32424526919249
event_14312,-311.65757860252575
event_14313,-238.65757860252583
event_14314,-111.32424526919246
event_14315,-90.32424526919245
event_14316,-208.99091193585915
event_14317,-301.6575786025258
event_14318,-95.32424526919247
event_14319,-223.6575786025258
event_14320,-139.9909119358591
event_14321,-78.6575786025258
event_14322,-154.3242452691925
event_14323,-71.99091193585915
event_14324,-87.32424526919245
event_14325,-240.99091193585915
event_14326,-110.65757860252582
event_14327,-207.32424526919243
event_14328,-61.65757860252579
event_14329,-240.99091193585912
event_14330,-213.32424526919246
event_14331,-256.6575786025258
event_14332,-272.3242452691925
event_14333,-145.99091193585915
event_14334,-124.32424526919247
event_14335,-223.6575786025258
event_14336,-300.32424526919243
event_14337,-172.65757860252577
event_14338,-251.99091193585915
event_14339,-114.99091193585913
event_14340,-111.65757860252583
event_14341,-226.32424526919246
event_14342,-186.99091193585917
event_14343,-120.99091193585916
event_14344,-230.32424526919246
event_14345,-185.32424526919252
event_14346,-287.32424526919243
event_14347,-273.6575786025258
event_14348,-238.65757860252577
event_14349,-142.99091193585915
event_14350,-251.99091193585915
event_14351,-220.32424526919246
event_14352,-346.9909119358592
event_14353,-101.32424526919246
event_14354,-172.32424526919246
event_14355,-139.6575786025258
event_14356,-135.65757860252583
event_14357,-197.65757860252583
event_14358,-218.65757860252583
event_14359,-93.6575786025258
event_14360,-158.3242452691925
event_14361,-267.32424526919243
event_14362,-96.32424526919247
event_14363,-129.3242452691925
event_14364,-204.3242452691925
event_14365,-186.65757860252586
event_14366,-203.99091193585917
event_14367,-264.9909119358591
event_14368,-296.65757860252575
event_14369,-240.32424526919243
event_14370,-177.3242452691925
event_14371,-250.3242452691924
event_14372,-249.32424526919246
event_14373,-288.65757860252575
event_14374,-71.99091193585913
event_14375,-301.9909119358591
event_14376,-137.65757860252583
event_14377,-194.3242452691925
event_14378,-165.65757860252583
event_14379,-136.3242452691925
event_14380,-238.65757860252583
event_14381,-250.9909119358591
event_14382,-250.65757860252575
event_14383,-72.99091193585915
event_14384,-167.99091193585912
event_14385,-311.65757860252586
event_14386,-263.6575786025258
event_14387,-92.6575786025258
event_14388,-228.32424526919246
event_14389,-245.32424526919246
event_14390,-314.32424526919243
event_14391,-211.99091193585912
event_14392,-254.32424526919243
event_14393,-93.65757860252579
event_14394,-101.65757860252579
event_14395,-140.6575786025258
event_14396,-214.99091193585915
event_14397,-176.32424526919255
event_14398,-108.99091193585915
event_14399,-177.6575786025258
event_14400,-83.65757860252582
event_14401,-278.9909119358592
event_14402,-150.32424526919252
event_14403,-90.32424526919246
event_14404,-394.3242452691924
event_14405,-181.99091193585915
event_14406,-85.32424526919247
event_14407,-117.65757860252582
event_14408,-284.9909119358591
event_14409,-272.6575786025258
event_14410,-131.32424526919246
event_14411,-195.65757860252583
event_14412,-293.65757860252575
event_14413,-224.99091193585917
event_14414,-104.65757860252582
event_14415,-196.3242452691925
event_14416,-100.32424526919247
event_14417,-77.99091193585912
event_14418,-231.65757860252577
event_14419,-197.65757860252577
event_14420,-159.9909119358591
event_14421,-73.99091193585915
event_14422,-180.99091193585915
event_14423,-242.99091193585912
event_14424,-287.32424526919243
event_14425,-201.65757860252577
event_14426,-114.32424526919247
event_14427,-149.99091193585915
event_14428,-106.32424526919246
event_14429,-153.99091193585915
event_14430,-255.65757860252577
event_14431,-228.3242452691925
event_14432,-230.32424526919246
event_14433,-90.32424526919249
event_14434,-126.65757860252582
event_14435,-281.6575786025259
event_14436,-192.6575786025258
event_14437,-55.99091193585913
event_14438,-239.99091193585915
event_14439,-114.32424526919247
event_14440,-188.99091193585912
event_14441,-115.32424526919249
event_14442,-82.32424526919245
event_14443,-184.65757860252583
event_14444,-288.9909119358592
event_14445,-140.6575786025258
event_14446,-75.99091193585913
event_14447,-229.99091193585912
event_14448,-230.99091193585912
event_14449,-80.99091193585916
event_14450,-128.3242452691925
event_14451,-257.9909119358591
event_14452,-161.6575786025258
event_14453,-122.99091193585916
event_14454,-138.65757860252583
event_14455,-181.3242452691925
event_14456,-176.3242452691925
event_14457,-210.32424526919252
event_14458,-200.65757860252577
event_14459,-105.32424526919246
event_14460,-163.99091193585915
event_14461,-130.32424526919246
event_14462,-99.99091193585912
event_14463,-108.99091193585913
event_14464,-81.99091193585913
event_14465,-201.32424526919252
event_14466,-209.3242452691925
event_14467,-204.32424526919252
event_14468,-104.99091193585913
event_14469,-199.65757860252583
event_14470,-301.6575786025258
event_14471,-270.9909119358592
event_14472,-145.6575786025258
event_14473,-207.99091193585912
event_14474,-184.9909119358591
event_14475,-136.65757860252583
event_14476,-118.32424526919246
event_14477,-280.32424526919243
event_14478,-108.6575786025258
event_14479,-203.65757860252583
event_14480,-73.99091193585915
event_14481,-113.32424526919246
event_14482,-296.9909119358591
event_14483,-156.3242452691925
event_14484,-108.6575786025258
event_14485,-173.99091193585915
event_14486,-293.9909119358592
event_14487,-149.32424526919246
event_14488,-154.6575786025258
event_14489,-336.32424526919255
event_14490,-194.65757860252583
event_14491,-163.6575786025258
event_14492,-134.6575786025258
event_14493,-110.32424526919249
event_14494,-72.32424526919247
event_14495,-144.3242452691925
event_14496,-70.6575786025258
event_14497,-160.6575786025258
event_14498,-180.3242452691925
event_14499,-125.65757860252582
event_14500,-111.65757860252579
event_14501,-260.32424526919243
event_14502,-356.9909119358591
event_14503,-271.99091193585906
event_14504,-121.65757860252582
event_14505,-175.3242452691925
event_14506,-109.65757860252582
event_14507,-296.6575786025258
event_14508,-342.9909119358592
event_14509,-175.65757860252583
event_14510,-230.32424526919246
event_14511,-196.65757860252583
event_14512,-268.9909119358591
event_14513,-204.6575786025258
event_14514,-187.99091193585912
event_14515,-237.99091193585912
event_14516,-188.32424526919246
event_14517,-196.32424526919246
event_14518,-122.99091193585915
event_14519,-300.6575786025258
event_14520,-273.6575786025258
event_14521,-298.3242452691925
event_14522,-248.6575786025258
event_14523,-225.3242452691925
event_14524,-294.6575786025258
event_14525,-61.65757860252581
event_14526,-252.99091193585912
event_14527,-226.32424526919246
event_14528,-107.65757860252583
event_14529,-184.32424526919246
event_14530,-197.3242452691925
event_14531,-213.65757860252583
event_14532,-166.3242452691925
event_14533,-248.6575786025258
event_14534,-277.99091193585906
event_14535,-125.6575786025258
event_14536,-124.65757860252582
event_14537,-175.3242452691925
event_14538,-102.65757860252582
event_14539,-294.32424526919243
event_14540,-238.65757860252577
event_14541,-210.65757860252583
event_14542,-168.99091193585915
event_14543,-231.65757860252577
event_14544,-229.3242452691925
event_14545,-226.32424526919252
event_14546,-308.65757860252575
event_14547,-193.32424526919246
event_14548,-130.32424526919246
event_14549,-85.65757860252582
event_14550,-206.6575786025258
event_14551,-164.65757860252583
event_14552,-228.3242452691925
event_14553,-300.65757860252575
event_14554,-206.6575786025258
event_14555,-291.32424526919243
event_14556,-254.6575786025258
event_14557,-135.3242452691925
event_14558,-214.99091193585912
event_14559,-307.99091193585906
event_14560,-166.65757860252577
event_14561,-120.65757860252579
event_14562,-276.3242452691924
event_14563,-96.99091193585912
event_14564,-102.99091193585915
event_14565,-352.990911935859
event_14566,-240.32424526919246
event_14567,-289.6575786025258
event_14568,-239.32424526919246
event_14569,-124.6575786025258
event_14570,-183.99091193585912
event_14571,-256.9909119358591
event_14572,-199.99091193585912
event_14573,-265.3242452691925
event_14574,-154.99091193585915
event_14575,-210.6575786025258
event_14576,-63.324245269192474
event_14577,-176.99091193585917
event_14578,-108.99091193585915
event_14579,-84.99091193585913
event_14580,-64.6575786025258
event_14581,-88.99091193585915
event_14582,-111.32424526919247
event_14583,-101.65757860252582
event_14584,-89.32424526919247
event_14585,-143.32424526919243
event_14586,-213.3242452691925
event_14587,-240.6575786025258
event_14588,-147.99091193585917
event_14589,-239.32424526919243
event_14590,-225.65757860252577
event_14591,-247.32424526919246
event_14592,-158.99091193585912
event_14593,-209.99091193585915
event_14594,-160.99091193585915
event_14595,-197.99091193585915
event_14596,-68.32424526919249
event_14597,-184.65757860252583
event_14598,-98.65757860252582
event_14599,-154.65757860252583
event_14600,-163.99091193585912
event_14601,-125.32424526919249
event_14602,-170.99091193585912
event_14603,-254.99091193585915
event_14604,-247.6575786025258
event_14605,-185.32424526919243
event_14606,-179.32424526919246
event_14607,-230.99091193585917
event_14608,-144.32424526919246
event_14609,-112.99091193585915
event_14610,-93.32424526919247
event_14611,-243.3242452691924
event_14612,-291.6575786025257
event_14613,-82.32424526919247
event_14614,-162.32424526919252
event_14615,-202.32424526919246
event_14616,-279.65757860252575
event_14617,-192.32424526919246
event_14618,-206.9909119358591
event_14619,-98.6575786025258
event_14620,-283.9909119358591
event_14621,-126.99091193585913
event_14622,-252.99091193585912
event_14623,-111.65757860252582
event_14624,-277.9909119358591
event_14625,-188.99091193585917
event_14626,-222.99091193585915
event_14627,-151.99091193585917
event_14628,-180.99091193585915
event_14629,-272.3242452691925
event_14630,-194.3242452691925
event_14631,-81.99091193585915
event_14632,-155.6575786025258
event_14633,-86.32424526919247
event_14634,-103.99091193585916
event_14635,-170.99091193585917
event_14636,-269.6575786025258
event_14637,-294.9909119358591
event_14638,-79.99091193585913
event_14639,-210.99091193585912
event_14640,-253.32424526919246
event_14641,-227.32424526919246
event_14642,-122.65757860252579
event_14643,-114.99091193585915
event_14644,-163.6575786025258
event_14645,-83.32424526919245
event_14646,-237.32424526919246
event_14647,-183.3242452691925
event_14648,-234.32424526919243
event_14649,-170.99091193585915
event_14650,-243.6575786025258
event_14651,-113.32424526919247
event_14652,-151.6575786025258
event_14653,-179.32424526919246
event_14654,-246.6575786025258
event_14655,-157.65757860252583
event_14656,-120.32424526919249
event_14657,-84.32424526919249
event_14658,-168.3242452691925
event_14659,-83.32424526919247
event_14660,-76.99091193585913
event_14661,-283.9909119358592
event_14662,-193.99091193585917
event_14663,-80.6575786025258
event_14664,-114.65757860252582
event_14665,-229.32424526919246
event_14666,-195.99091193585915
event_14667,-231.32424526919243
event_14668,-120.32424526919247
event_14669,-55.657578602525774
event_14670,-145.65757860252583
event_14671,-81.65757860252579
event_14672,-247.65757860252577
event_14673,-148.99091193585912
event_14674,-209.6575786025258
event_14675,-70.6575786025258
event_14676,-199.65757860252577
event_14677,-132.6575786025258
event_14678,-169.32424526919252
event_14679,-149.3242452691925
event_14680,-161.6575786025258
event_14681,-125.99091193585912
event_14682,-75.99091193585913
event_14683,-224.99091193585912
event_14684,-268.9909119358591
event_14685,-254.6575786025258
event_14686,-96.32424526919247
event_14687,-78.65757860252579
event_14688,-94.32424526919246
event_14689,-138.6575786025258
event_14690,-233.3242452691924
event_14691,-185.3242452691925
event_14692,-137.3242452691925
event_14693,-201.32424526919252
event_14694,-187.6575786025258
event_14695,-87.65757860252579
event_14696,-137.65757860252583
event_14697,-106.65757860252582
event_14698,-181.32424526919246
event_14699,-161.99091193585917
event_14700,-154.99091193585915
event_14701,-279.9909119358592
event_14702,-192.32424526919246
event_14703,-134.32424526919246
event_14704,-317.32424526919243
event_14705,-186.6575786025258
event_14706,-124.65757860252582
event_14707,-103.99091193585912
event_14708,-269.6575786025258
event_14709,-255.9909119358591
event_14710,-107.32424526919246
event_14711,-161.65757860252583
event_14712,-95.32424526919245
event_14713,-270.32424526919243
event_14714,-82.99091193585915
event_14715,-262.32424526919243
event_14716,-53.32424526919246
event_14717,-95.32424526919246
event_14718,-164.99091193585915
event_14719,-142.65757860252577
event_14720,-282.65757860252575
event_14721,-105.99091193585912
event_14722,-181.32424526919252
event_14723,-81.32424526919246
event_14724,-264.32424526919243
event_14725,-104.32424526919246
event_14726,-65.99091193585913
event_14727,-296.9909119358591
event_14728,-191.99091193585915
event_14729,-69.6575786025258
event_14730,-269.6575786025257
event_14731,-192.99091193585912
event_14732,-77.6575786025258
event_14733,-80.6575786025258
event_14734,-327.9909119358591
event_14735,-97.99091193585913
event_14736,-167.3242452691925
event_14737,-275.9909119358591
event_14738,-248.99091193585917
event_14739,-218.32424526919246
event_14740,-182.99091193585917
event_14741,-92.65757860252582
event_14742,-217.99091193585915
event_14743,-280.32424526919243
event_14744,-120.32424526919247
event_14745,-86.32424526919247
event_14746,-249.65757860252577
event_14747,-97.99091193585913
event_14748,-344.32424526919243
event_14749,-177.3242452691925
event_14750,-237.6575786025258
event_14751,-283.65757860252575
event_14752,-225.65757860252583
event_14753,-109.32424526919247
event_14754,-112.99091193585915
event_14755,-291.3242452691924
event_14756,-182.3242452691925
event_14757,-144.99091193585912
event_14758,-109.32424526919246
event_14759,-120.65757860252582
event_14760,-77.65757860252579
event_14761,-301.99091193585906
event_14762,-188.6575786025258
event_14763,-202.65757860252586
event_14764,-96.99091193585915
event_14765,-195.32424526919252
event_14766,-294.6575786025258
event_14767,-273.65757860252575
event_14768,-313.65757860252575
event_14769,-254.65757860252577
event_14770,-233.65757860252583
event_14771,-310.3242452691925
event_14772,-203.32424526919243
event_14773,-183.32424526919246
event_14774,-115.99091193585913
event_14775,-72.99091193585915
event_14776,-136.99091193585912
event_14777,-223.99091193585915
event_14778,-233.99091193585915
event_14779,-121.65757860252583
event_14780,-160.99091193585917
event_14781,-165.99091193585917
event_14782,-119.32424526919246
event_14783,-126.32424526919247
event_14784,-277.32424526919243
event_14785,-94.65757860252577
event_14786,-226.6575786025258
event_14787,-75.99091193585913
event_14788,-294.32424526919243
event_14789,-223.99091193585915
event_14790,-179.65757860252577
event_14791,-196.6575786025258
event_14792,-222.99091193585912
event_14793,-188.99091193585917
event_14794,-70.65757860252579
event_14795,-188.32424526919246
event_14796,-148.6575786025258
event_14797,-219.6575786025258
event_14798,-139.99091193585912
event_14799,-218.99091193585915
event_14800,-133.99091193585915
event_14801,-99.32424526919246
event_14802,-323.99091193585906
event_14803,-291.32424526919243
event_14804,-97.6575786025258
event_14805,-96.99091193585913
event_14806,-173.6575786025258
event_14807,-160.99091193585915
event_14808,-285.32424526919243
event_14809,-283.6575786025258
event_14810,-96.99091193585913
event_14811,-238.6575786025258
event_14812,-279.6575786025258
event_14813,-213.3242452691925
event_14814,-80.32424526919247
event_14815,-170.9909119358591
event_14816,-265.3242452691925
event_14817,-299.9909119358591
event_14818,-122.65757860252579
event_14819,-140.99091193585915
event_14820,-208.99091193585915
event_14821,-125.99091193585913
event_14822,-164.32424526919246
event_14823,-248.9909119358591
event_14824,-312.6575786025258
event_14825,-104.32424526919249
event_14826,-275.3242452691925
event_14827,-128.32424526919246
event_14828,-233.3242452691925
event_14829,-69.6575786025258
event_14830,-107.32424526919246
event_14831,-112.32424526919249
event_14832,-193.6575786025258
event_14833,-161.99091193585915
event_14834,-253.32424526919243
event_14835,-143.32424526919246
event_14836,-261.65757860252575
event_14837,-170.6575786025258
event_14838,-165.32424526919246
event_14839,-296.9909119358591
event_14840,-69.32424526919246
event_14841,-146.32424526919243
event_14842,-224.3242452691925
event_14843,-150.3242452691925
event_14844,-81.32424526919246
event_14845,-67.32424526919247
event_14846,-77.99091193585913
event_14847,-185.99091193585915
event_14848,-54.65757860252579
event_14849,-260.65757860252575
event_14850,-265.99091193585906
event_14851,-235.99091193585912
event_14852,-135.6575786025258
event_14853,-216.3242452691925
event_14854,-184.65757860252583
event_14855,-75.99091193585915
event_14856,-146.32424526919246
event_14857,-272.65757860252575
event_14858,-225.6575786025258
event_14859,-118.32424526919247
event_14860,-120.32424526919246
event_14861,-94.99091193585915
event_14862,-211.99091193585917
event_14863,-282.99091193585906
event_14864,-242.32424526919246
event_14865,-175.99091193585915
event_14866,-120.99091193585913
event_14867,-68.99091193585915
event_14868,-177.32424526919246
event_14869,-135.32424526919246
event_14870,-232.6575786025258
event_14871,-333.65757860252575
event_14872,-292.9909119358592
event_14873,-171.3242452691925
event_14874,-101.6575786025258
event_14875,-110.9909119358591
event_14876,-167.65757860252577
event_14877,-185.99091193585915
event_14878,-248.65757860252583
event_14879,-193.65757860252583
event_14880,-89.32424526919247
event_14881,-194.99091193585912
event_14882,-219.65757860252577
event_14883,-151.6575786025258
event_14884,-113.6575786025258
event_14885,-71.99091193585912
event_14886,-200.65757860252577
event_14887,-196.99091193585915
event_14888,-217.32424526919252
event_14889,-203.3242452691925
event_14890,-234.65757860252577
event_14891,-152.32424526919246
event_14892,-172.3242452691925
event_14893,-78.32424526919249
event_14894,-89.6575786025258
event_14895,-81.65757860252583
event_14896,-94.6575786025258
event_14897,-159.99091193585917
event_14898,-162.65757860252583
event_14899,-140.6575786025258
event_14900,-151.6575786025258
event_14901,-103.32424526919247
event_14902,-187.6575786025258
event_14903,-94.6575786025258
event_14904,-227.3242452691925
event_14905,-270.32424526919243
event_14906,-190.65757860252583
event_14907,-70.99091193585915
event_14908,-110.99091193585913
event_14909,-178.99091193585917
event_14910,-165.65757860252577
event_14911,-90.32424526919246
event_14912,-152.65757860252577
event_14913,-94.99091193585913
event_14914,-252.3242452691925
event_14915,-99.99091193585915
event_14916,-130.99091193585917
event_14917,-135.6575786025258
event_14918,-82.65757860252582
event_14919,-162.6575786025258
event_14920,-104.32424526919246
event_14921,-238.99091193585912
event_14922,-163.65757860252583
event_14923,-95.99091193585913
event_14924,-190.6575786025258
event_14925,-92.32424526919246
event_14926,-266.9909119358591
event_14927,-191.32424526919246
event_14928,-319.3242452691925
event_14929,-209.3242452691925
event_14930,-85.6575786025258
event_14931,-228.6575786025258
event_14932,-256.65757860252575
event_14933,-209.99091193585912
event_14934,-119.6575786025258
event_14935,-119.32424526919246
event_14936,-92.65757860252582
event_14937,-267.3242452691924
event_14938,-168.6575786025258
event_14939,-265.6575786025258
event_14940,-241.99091193585915
event_14941,-291.3242452691925
event_14942,-137.65757860252583
event_14943,-133.99091193585917
event_14944,-262.9909119358591
event_14945,-101.32424526919247
event_14946,-252.32424526919246
event_14947,-134.99091193585917
event_14948,-114.65757860252579
event_14949,-161.32424526919252
event_14950,-325.9909119358591
event_14951,-101.65757860252579
event_14952,-266.9909119358591
event_14953,-88.99091193585915
event_14954,-188.65757860252583
event_14955,-199.99091193585912
event_14956,-101.32424526919246
event_14957,-150.99091193585917
event_14958,-149.3242452691925
event_14959,-256.9909119358591
event_14960,-158.3242452691925
event_14961,-196.6575786025258
event_14962,-89.32424526919247
event_14963,-203.99091193585912
event_14964,-266.6575786025258
event_14965,-192.6575786025258
event_14966,-68.65757860252579
event_14967,-345.65757860252575
event_14968,-200.99091193585915
event_14969,-166.32424526919246
event_14970,-128.99091193585915
event_14971,-229.3242452691924
event_14972,-208.6575786025258
event_14973,-95.32424526919247
event_14974,-202.99091193585912
event_14975,-227.32424526919246
event_14976,-99.99091193585915
event_14977,-194.99091193585912
event_14978,-185.65757860252583
event_14979,-185.32424526919246
event_14980,-102.65757860252582
event_14981,-89.32424526919245
event_14982,-188.32424526919246
event_14983,-118.6575786025258
event_14984,-167.65757860252583
event_14985,-69.6575786025258
event_14986,-113.32424526919246
event_14987,-167.32424526919246
event_14988,-73.32424526919247
event_14989,-128.99091193585915
event_14990,-132.6575786025258
event_14991,-173.99091193585915
event_14992,-244.99091193585915
event_14993,-305.9909119358591
event_14994,-276.65757860252575
event_14995,-202.99091193585915
event_14996,-225.3242452691925
event_14997,-203.99091193585915
event_14998,-279.9909119358591
event_14999,-302.65757860252575
event_15000,-79.32424526919246
event_15001,-143.65757860252577
event_15002,-158.99091193585915
event_15003,-127.32424526919249
event_15004,-208.3242452691925
event_15005,-75.32424526919247
event_15006,-298.3242452691925
event_15007,-234.6575786025258
event_15008,-162.32424526919252
event_15009,-84.65757860252582
event_15010,-105.6575786025258
event_15011,-253.99091193585912
event_15012,-294.9909119358591
event_15013,-150.65757860252583
event_15014,-172.6575786025258
event_15015,-175.99091193585915
event_15016,-306.9909119358591
event_15017,-185.65757860252577
event_15018,-189.32424526919246
event_15019,-182.32424526919246
event_15020,-137.99091193585915
event_15021,-205.99091193585915
event_15022,-237.6575786025258
event_15023,-223.99091193585912
event_15024,-122.6575786025258
event_15025,-179.32424526919252
event_15026,-182.6575786025258
event_15027,-146.65757860252586
event_15028,-153.32424526919252
event_15029,-138.32424526919246
event_15030,-163.65757860252583
event_15031,-204.6575786025258
event_15032,-175.99091193585915
event_15033,-326.3242452691925
event_15034,-197.65757860252577
event_15035,-154.99091193585917
event_15036,-62.99091193585913
event_15037,-172.32424526919246
event_15038,-85.99091193585913
event_15039,-217.3242452691925
event_15040,-112.99091193585913
event_15041,-169.99091193585917
event_15042,-474.3242452691925
event_15043,-179.6575786025258
event_15044,-110.65757860252577
event_15045,-266.9909119358591
event_15046,-137.65757860252577
event_15047,-177.99091193585915
event_15048,-208.32424526919246
event_15049,-322.32424526919243
event_15050,-188.3242452691925
event_15051,-269.6575786025258
event_15052,-211.65757860252583
event_15053,-82.32424526919247
event_15054,-252.65757860252577
event_15055,-193.6575786025258
event_15056,-228.3242452691925
event_15057,-291.9909119358591
event_15058,-261.65757860252575
event_15059,-289.3242452691925
event_15060,-304.3242452691925
event_15061,-282.65757860252575
event_15062,-101.32424526919247
event_15063,-340.6575786025258
event_15064,-341.65757860252586
event_15065,-222.65757860252577
event_15066,-95.6575786025258
event_15067,-108.99091193585913
event_15068,-96.99091193585912
event_15069,-248.99091193585912
event_15070,-182.65757860252586
event_15071,-130.6575786025258
event_15072,-227.65757860252583
event_15073,-206.99091193585917
event_15074,-174.32424526919246
event_15075,-135.6575786025258
event_15076,-149.6575786025258
event_15077,-129.99091193585915
event_15078,-121.32424526919246
event_15079,-231.65757860252577
event_15080,-218.9909119358591
event_15081,-90.32424526919247
event_15082,-176.3242452691925
event_15083,-244.32424526919243
event_15084,-158.32424526919246
event_15085,-305.3242452691925
event_15086,-125.99091193585915
event_15087,-88.32424526919247
event_15088,-299.6575786025258
event_15089,-198.9909119358591
event_15090,-288.9909119358591
event_15091,-126.65757860252582
event_15092,-246.6575786025258
event_15093,-113.99091193585915
event_15094,-203.32424526919246
event_15095,-337.6575786025258
event_15096,-167.99091193585915
event_15097,-147.65757860252583
event_15098,-246.99091193585915
event_15099,-236.3242452691925
event_15100,-139.6575786025258
event_15101,-86.32424526919247
event_15102,-122.99091193585915
event_15103,-83.6575786025258
event_15104,-172.3242452691925
event_15105,-149.32424526919246
event_15106,-181.65757860252577
event_15107,-227.6575786025258
event_15108,-203.99091193585912
event_15109,-78.32424526919246
event_15110,-134.32424526919246
event_15111,-124.32424526919249
event_15112,-145.99091193585915
event_15113,-282.32424526919243
event_15114,-165.65757860252583
event_15115,-128.6575786025258
event_15116,-207.6575786025258
event_15117,-163.32424526919252
event_15118,-239.32424526919246
event_15119,-271.6575786025258
event_15120,-220.9909119358592
event_15121,-132.99091193585917
event_15122,-172.99091193585915
event_15123,-82.32424526919246
event_15124,-126.99091193585916
event_15125,-208.6575786025258
event_15126,-313.32424526919243
event_15127,-233.32424526919246
event_15128,-160.32424526919246
event_15129,-81.32424526919247
event_15130,-185.99091193585915
event_15131,-234.9909119358591
event_15132,-276.65757860252575
event_15133,-94.6575786025258
event_15134,-253.65757860252577
event_15135,-203.99091193585915
event_15136,-200.6575786025258
event_15137,-145.99091193585915
event_15138,-246.99091193585915
event_15139,-109.99091193585915
event_15140,-260.6575786025258
event_15141,-181.6575786025258
event_15142,-138.9909119358591
event_15143,-197.6575786025258
event_15144,-193.3242452691925
event_15145,-102.99091193585913
event_15146,-145.32424526919246
event_15147,-368.9909119358591
event_15148,-85.99091193585915
event_15149,-208.6575786025258
event_15150,-243.6575786025258
event_15151,-204.32424526919243
event_15152,-209.6575786025258
event_15153,-144.6575786025258
event_15154,-131.3242452691925
event_15155,-279.65757860252575
event_15156,-228.32424526919246
event_15157,-232.32424526919246
event_15158,-88.32424526919246
event_15159,-69.65757860252582
event_15160,-215.32424526919246
event_15161,-268.99091193585906
event_15162,-201.99091193585915
event_15163,-199.6575786025258
event_15164,-298.6575786025258
event_15165,-151.3242452691925
event_15166,-73.65757860252579
event_15167,-270.9909119358591
event_15168,-294.6575786025258
event_15169,-204.99091193585915
event_15170,-290.65757860252575
event_15171,-329.32424526919243
event_15172,-73.32424526919247
event_15173,-256.9909119358591
event_15174,-138.65757860252583
event_15175,-164.6575786025258
event_15176,-263.6575786025258
event_15177,-214.65757860252583
event_15178,-96.6575786025258
event_15179,-148.65757860252583
event_15180,-298.6575786025258
event_15181,-212.99091193585917
event_15182,-147.3242452691925
event_15183,-90.99091193585913
event_15184,-335.6575786025258
event_15185,-170.99091193585915
event_15186,-227.65757860252577
event_15187,-290.6575786025258
event_15188,-126.65757860252579
event_15189,-185.99091193585912
event_15190,-214.65757860252577
event_15191,-191.32424526919246
event_15192,-189.6575786025258
event_15193,-228.32424526919246
event_15194,-339.3242452691925
event_15195,-205.65757860252577
event_15196,-83.6575786025258
event_15197,-154.99091193585915
event_15198,-112.99091193585913
event_15199,-72.99091193585915
event_15200,-183.6575786025258
event_15201,-290.3242452691925
event_15202,-271.9909119358591
event_15203,-79.6575786025258
event_15204,-295.9909119358591
event_15205,-171.3242452691925
event_15206,-226.6575786025258
event_15207,-191.6575786025258
event_15208,-132.6575786025258
event_15209,-98.65757860252582
event_15210,-103.99091193585913
event_15211,-104.99091193585915
event_15212,-366.32424526919243
event_15213,-157.99091193585912
event_15214,-185.99091193585912
event_15215,-59.99091193585911
event_15216,-146.32424526919246
event_15217,-212.6575786025258
event_15218,-123.32424526919249
event_15219,-180.99091193585917
event_15220,-126.32424526919247
event_15221,-212.32424526919246
event_15222,-85.32424526919249
event_15223,-147.99091193585915
event_15224,-199.6575786025258
event_15225,-198.32424526919243
event_15226,-310.65757860252575
event_15227,-274.32424526919243
event_15228,-213.99091193585912
event_15229,-292.32424526919243
event_15230,-140.99091193585912
event_15231,-68.65757860252579
event_15232,-209.9909119358591
event_15233,-245.99091193585915
event_15234,-296.99091193585906
event_15235,-223.32424526919246
event_15236,-218.3242452691925
event_15237,-98.6575786025258
event_15238,-170.32424526919246
event_15239,-309.3242452691923
event_15240,-302.6575786025258
event_15241,-209.6575786025258
event_15242,-150.9909119358591
